#!ascii label  , from subject sub-v2s18x29513_ses-1 vox2ras=TkReg
530
68469  -21.555  -2.516  -4.558 0.0000000000
65057  -18.351  -6.009  -0.751 0.0000000000
120586  -26.066  -6.394  -3.579 0.0000000000
60891  -22.602  -11.590  -2.269 0.0000000000
78068  -27.574  9.620  -4.271 0.0000000000
75795  -28.992  6.077  -3.407 0.0000000000
126656  -18.195  1.764  -2.865 0.0000000000
56631  -21.801  -16.626  0.936 0.0000000000
63421  -20.415  -8.704  -1.747 0.0000000000
60876  -19.455  -11.408  -0.483 0.0000000000
76566  -27.960  7.482  -3.627 0.0000000000
75077  -23.399  5.425  -4.751 0.0000000000
70050  -17.422  -0.591  -0.048 0.0000000000
112484  -14.687  3.970  0.497 0.0000000000
123110  -18.787  -0.035  -3.472 0.0000000000
71867  -23.504  1.159  -5.072 0.0000000000
70140  -24.123  -1.277  -5.687 0.0000000000
68472  -26.865  -2.551  -4.720 0.0000000000
68394  -15.231  -2.705  0.633 0.0000000000
67609  -18.425  -3.388  -1.533 0.0000000000
66755  -23.829  -4.357  -5.370 0.0000000000
64308  -21.878  -6.745  -3.136 0.0000000000
62619  -24.414  -9.022  -3.145 0.0000000000
60893  -26.566  -11.622  -2.253 0.0000000000
73569  -19.504  3.191  -4.814 0.0000000000
73591  -22.972  3.786  -5.417 0.0000000000
73550  -29.029  3.816  -3.428 0.0000000000
59104  -19.008  -13.818  0.807 0.0000000000
58296  -22.088  -14.254  -0.273 0.0000000000
60875  -18.351  -10.560  -0.205 0.0000000000
114698  -18.204  -11.768  0.565 0.0000000000
75806  -22.522  6.888  -4.056 0.0000000000
108286  -21.529  5.302  -4.797 0.0000000000
69257  -17.862  -1.653  -1.872 0.0000000000
70923  -17.405  -0.057  -0.376 0.0000000000
119327  -19.470  -1.429  -3.703 0.0000000000
70137  -22.457  -1.129  -5.365 0.0000000000
69294  -23.316  -2.089  -5.495 0.0000000000
69287  -26.012  -2.120  -5.594 0.0000000000
68479  -23.413  -2.844  -5.474 0.0000000000
66693  -16.914  -4.568  1.028 0.0000000000
67582  -17.486  -2.991  0.186 0.0000000000
66695  -18.203  -4.448  -0.534 0.0000000000
65911  -20.677  -5.099  -2.813 0.0000000000
65088  -19.399  -6.059  -1.982 0.0000000000
61801  -21.905  -10.091  -2.229 0.0000000000
63438  -22.329  -8.802  -2.864 0.0000000000
121886  -23.212  -10.262  -2.840 0.0000000000
61805  -25.795  -10.736  -2.868 0.0000000000
60047  -24.670  -11.770  -2.224 0.0000000000
76565  -25.400  7.854  -3.885 0.0000000000
77317  -25.849  9.248  -4.287 0.0000000000
111578  -26.782  10.120  -4.495 0.0000000000
81093  -27.959  13.197  -4.850 0.0000000000
118644  -29.395  11.342  -4.604 0.0000000000
117565  -28.600  6.831  -3.528 0.0000000000
72667  -17.058  2.646  0.158 0.0000000000
73506  -17.456  3.408  0.221 0.0000000000
72708  -18.773  2.433  -3.810 0.0000000000
72725  -20.906  3.411  -5.504 0.0000000000
111070  -21.055  2.221  -5.245 0.0000000000
71871  -26.975  1.373  -4.660 0.0000000000
72729  -26.315  2.391  -4.880 0.0000000000
115790  -29.015  2.999  -3.465 0.0000000000
125586  -24.708  -5.371  -4.843 0.0000000000
121768  -26.032  -4.365  -4.726 0.0000000000
56628  -19.646  -16.400  1.697 0.0000000000
58268  -20.110  -15.020  0.642 0.0000000000
59126  -20.384  -13.763  -0.148 0.0000000000
57414  -21.653  -15.493  0.445 0.0000000000
64250  -18.197  -6.946  -0.177 0.0000000000
64277  -19.007  -7.198  -1.463 0.0000000000
63410  -19.068  -8.765  -0.985 0.0000000000
61780  -19.743  -10.075  -1.026 0.0000000000
60889  -20.874  -11.381  -1.407 0.0000000000
119765  -26.189  7.804  -4.260 0.0000000000
78060  -28.356  9.092  -3.873 0.0000000000
116612  -24.856  6.295  -4.237 0.0000000000
128444  -26.401  6.149  -4.229 0.0000000000
75080  -26.203  5.515  -4.345 0.0000000000
71795  -13.988  1.580  1.263 0.0000000000
72654  -15.483  2.115  0.564 0.0000000000
72655  -16.410  2.330  0.448 0.0000000000
71839  -17.791  1.213  -2.410 0.0000000000
126260  -21.235  0.993  -5.299 0.0000000000
122639  -21.011  0.214  -5.124 0.0000000000
70993  -24.322  -0.443  -5.666 0.0000000000
110095  -26.597  0.458  -4.805 0.0000000000
118600  -27.578  -0.835  -3.881 0.0000000000
55031  -22.811  -18.260  1.192 0.0000000000
55860  -23.263  -16.982  0.568 0.0000000000
70048  -14.704  -0.473  0.661 0.0000000000
125948  -17.902  -2.499  -1.017 0.0000000000
67646  -19.908  -3.262  -3.329 0.0000000000
67656  -22.502  -3.537  -4.800 0.0000000000
66745  -21.829  -4.258  -4.213 0.0000000000
65913  -22.398  -5.018  -4.188 0.0000000000
109239  -23.931  -6.631  -3.944 0.0000000000
64296  -21.250  -7.558  -2.652 0.0000000000
63452  -23.002  -8.211  -3.239 0.0000000000
63454  -25.818  -8.238  -3.122 0.0000000000
62607  -26.646  -9.831  -3.118 0.0000000000
115090  -27.754  -10.670  -2.504 0.0000000000
110577  -30.368  10.007  -4.346 0.0000000000
128012  -21.161  4.527  -5.335 0.0000000000
74374  -22.974  4.291  -5.449 0.0000000000
128458  -25.872  4.432  -4.536 0.0000000000
117910  -23.694  2.103  -4.524 0.0000000000
73574  -25.817  3.180  -4.677 0.0000000000
75067  -29.585  5.377  -3.236 0.0000000000
67658  -25.392  -4.275  -6.291 0.0000000000
67649  -27.291  -3.938  -3.448 0.0000000000
59972  -18.239  -12.385  0.962 0.0000000000
121364  -19.448  -12.611  0.015 0.0000000000
60014  -20.665  -12.553  -0.881 0.0000000000
59158  -22.040  -13.093  -1.314 0.0000000000
57426  -22.934  -15.273  0.218 0.0000000000
59143  -23.487  -13.888  -0.632 0.0000000000
111674  -24.209  -12.838  -1.459 0.0000000000
75064  -20.455  5.627  -4.498 0.0000000000
68444  -18.457  -2.070  -2.783 0.0000000000
69258  -18.104  -1.400  -2.499 0.0000000000
116981  -20.322  -1.999  -3.985 0.0000000000
69285  -21.379  -1.668  -4.666 0.0000000000
69286  -22.312  -2.173  -5.034 0.0000000000
68478  -22.887  -2.507  -5.346 0.0000000000
113274  -22.391  -2.899  -4.970 0.0000000000
65056  -18.101  -5.730  -0.260 0.0000000000
65863  -17.267  -5.141  1.126 0.0000000000
65864  -17.981  -5.192  -0.067 0.0000000000
66694  -17.746  -4.489  0.230 0.0000000000
65865  -18.353  -5.291  -0.744 0.0000000000
65898  -18.638  -5.209  -1.295 0.0000000000
65069  -18.576  -5.865  -1.198 0.0000000000
61783  -22.182  -10.899  -2.217 0.0000000000
61802  -22.527  -10.385  -2.555 0.0000000000
60912  -22.801  -10.933  -2.605 0.0000000000
60914  -24.413  -11.156  -2.580 0.0000000000
60892  -23.152  -11.877  -2.260 0.0000000000
77309  -26.380  8.648  -4.272 0.0000000000
77318  -26.598  9.398  -4.371 0.0000000000
78868  -27.650  10.398  -4.441 0.0000000000
113539  -28.310  11.801  -4.605 0.0000000000
118954  -29.207  10.545  -4.397 0.0000000000
120712  -28.360  6.342  -3.584 0.0000000000
76568  -30.034  7.582  -3.364 0.0000000000
76569  -30.867  7.517  -3.420 0.0000000000
75797  -30.382  6.782  -3.336 0.0000000000
120334  -17.615  1.667  -1.932 0.0000000000
72676  -17.700  2.004  -1.871 0.0000000000
72692  -18.373  2.258  -3.029 0.0000000000
72709  -19.422  2.455  -4.655 0.0000000000
71865  -20.276  1.919  -5.062 0.0000000000
71855  -27.912  1.647  -4.019 0.0000000000
72713  -28.135  2.649  -4.038 0.0000000000
108178  -26.303  -5.804  -3.720 0.0000000000
65105  -26.866  -6.680  -3.493 0.0000000000
121171  -21.721  -17.162  1.365 0.0000000000
55853  -20.419  -16.889  1.779 0.0000000000
56629  -20.386  -16.245  1.239 0.0000000000
57400  -20.425  -15.654  0.840 0.0000000000
56641  -21.153  -16.041  0.793 0.0000000000
57413  -20.872  -15.288  0.441 0.0000000000
121386  -21.870  -16.112  0.601 0.0000000000
63393  -18.361  -7.958  -0.070 0.0000000000
111406  -18.854  -7.974  -0.883 0.0000000000
106959  -18.665  -8.697  -0.447 0.0000000000
123869  -19.045  -10.871  -0.431 0.0000000000
61772  -19.121  -10.221  -0.658 0.0000000000
61773  -19.660  -10.735  -0.806 0.0000000000
61781  -20.409  -10.491  -1.314 0.0000000000
60877  -20.132  -11.355  -0.969 0.0000000000
76575  -23.899  7.298  -2.972 0.0000000000
75792  -25.686  7.231  -4.222 0.0000000000
76576  -24.170  6.698  -3.513 0.0000000000
115218  -22.490  5.999  -4.556 0.0000000000
75808  -24.260  5.889  -4.378 0.0000000000
116207  -25.107  5.591  -4.565 0.0000000000
75078  -24.287  5.137  -4.932 0.0000000000
70904  -14.917  0.336  0.416 0.0000000000
71797  -15.142  1.159  0.409 0.0000000000
70101  -17.965  -0.559  -2.436 0.0000000000
71809  -17.353  0.551  -0.145 0.0000000000
70950  -17.583  0.107  -2.004 0.0000000000
71820  -17.451  0.982  -1.639 0.0000000000
70951  -18.236  0.306  -2.856 0.0000000000
117757  -20.291  0.052  -4.687 0.0000000000
70129  -19.422  0.029  -4.054 0.0000000000
70139  -23.612  -1.292  -5.650 0.0000000000
70991  -23.214  -0.726  -5.629 0.0000000000
70983  -25.761  0.123  -5.327 0.0000000000
70131  -26.227  -0.514  -5.045 0.0000000000
70120  -27.069  -0.194  -4.364 0.0000000000
68471  -26.606  -2.823  -5.812 0.0000000000
69277  -27.229  -1.719  -4.210 0.0000000000
68461  -27.481  -2.445  -3.248 0.0000000000
111289  -23.449  -19.202  0.849 0.0000000000
69204  -14.479  -1.236  0.944 0.0000000000
70047  -13.956  -0.489  1.396 0.0000000000
68412  -18.058  -3.011  -0.757 0.0000000000
68411  -17.744  -2.584  -0.535 0.0000000000
109903  -18.187  -2.866  -1.271 0.0000000000
68421  -18.266  -2.694  -1.841 0.0000000000
67630  -18.543  -3.134  -2.169 0.0000000000
67647  -21.087  -3.710  -3.895 0.0000000000
66743  -20.064  -3.969  -3.006 0.0000000000
65100  -21.076  -5.670  -2.946 0.0000000000
65912  -21.645  -4.914  -3.568 0.0000000000
65101  -21.811  -5.739  -3.363 0.0000000000
65103  -23.243  -6.023  -4.208 0.0000000000
65102  -22.579  -5.794  -3.805 0.0000000000
126007  -19.902  -8.132  -1.571 0.0000000000
122467  -19.739  -7.436  -1.760 0.0000000000
63436  -20.833  -8.158  -2.190 0.0000000000
63439  -23.085  -9.271  -3.043 0.0000000000
107920  -23.863  -8.196  -3.301 0.0000000000
62620  -25.345  -9.101  -3.066 0.0000000000
62621  -26.262  -9.140  -3.180 0.0000000000
108561  -26.407  -10.932  -2.729 0.0000000000
124795  -26.287  -10.407  -3.013 0.0000000000
60917  -27.136  -11.196  -2.486 0.0000000000
60918  -27.891  -11.527  -2.154 0.0000000000
77310  -28.168  8.290  -3.670 0.0000000000
78070  -29.601  9.941  -4.256 0.0000000000
77311  -29.061  8.548  -3.644 0.0000000000
74290  -14.113  4.131  0.904 0.0000000000
107147  -19.281  3.309  -3.168 0.0000000000
73570  -19.871  3.662  -5.172 0.0000000000
123558  -20.472  4.177  -5.389 0.0000000000
113231  -22.113  3.568  -5.477 0.0000000000
73572  -22.332  4.094  -5.621 0.0000000000
73592  -23.699  4.112  -5.303 0.0000000000
74358  -24.334  4.498  -5.105 0.0000000000
110756  -24.395  3.887  -5.019 0.0000000000
71866  -22.686  1.186  -5.206 0.0000000000
126602  -21.868  1.422  -5.259 0.0000000000
73576  -27.570  3.291  -4.328 0.0000000000
73575  -26.724  3.201  -4.616 0.0000000000
74340  -27.693  4.179  -4.008 0.0000000000
74342  -29.289  4.600  -3.291 0.0000000000
74343  -30.185  4.732  -3.032 0.0000000000
66754  -23.222  -4.110  -4.983 0.0000000000
66763  -23.313  -3.586  -5.267 0.0000000000
66765  -24.267  -4.176  -5.707 0.0000000000
58267  -19.293  -14.671  1.019 0.0000000000
58266  -18.527  -14.200  1.513 0.0000000000
59103  -18.220  -13.247  1.359 0.0000000000
59125  -18.863  -12.963  0.580 0.0000000000
124562  -19.624  -13.397  0.218 0.0000000000
58295  -21.266  -13.980  -0.370 0.0000000000
59141  -21.519  -13.392  -0.864 0.0000000000
60015  -21.346  -12.831  -1.156 0.0000000000
117542  -21.894  -13.686  -0.775 0.0000000000
56643  -23.271  -16.057  0.320 0.0000000000
59160  -23.479  -13.182  -1.056 0.0000000000
62579  -18.642  -9.577  -0.434 0.0000000000
61757  -17.746  -10.099  0.156 0.0000000000
60854  -18.612  -11.435  -0.033 0.0000000000
75805  -21.466  6.487  -4.273 0.0000000000
75076  -22.535  5.183  -4.895 0.0000000000
70071  -17.548  -0.990  -0.570 0.0000000000
70906  -17.297  0.040  0.015 0.0000000000
69235  -17.661  -1.411  -1.310 0.0000000000
70100  -17.684  -0.952  -1.905 0.0000000000
70118  -18.424  -0.690  -3.029 0.0000000000
124626  -20.095  -0.974  -4.410 0.0000000000
119577  -22.186  -1.538  -5.095 0.0000000000
113972  -23.854  -1.647  -5.615 0.0000000000
69297  -24.794  -1.701  -5.622 0.0000000000
69296  -24.257  -1.867  -5.617 0.0000000000
114519  -24.442  -2.446  -5.660 0.0000000000
119332  -26.464  -3.216  -6.097 0.0000000000
66692  -15.662  -4.811  0.168 0.0000000000
67596  -16.243  -4.122  0.363 0.0000000000
67581  -16.970  -3.548  0.866 0.0000000000
67597  -17.403  -3.749  0.602 0.0000000000
67598  -17.993  -3.710  -0.357 0.0000000000
67608  -18.262  -3.594  -0.949 0.0000000000
66728  -19.357  -4.434  -2.196 0.0000000000
66727  -18.800  -4.612  -1.616 0.0000000000
65089  -20.266  -5.924  -2.457 0.0000000000
62590  -20.995  -9.656  -1.849 0.0000000000
62601  -21.096  -8.849  -2.152 0.0000000000
62602  -21.734  -9.265  -2.431 0.0000000000
62603  -22.467  -9.681  -2.694 0.0000000000
62604  -23.905  -9.678  -3.089 0.0000000000
62605  -24.811  -9.852  -3.066 0.0000000000
61803  -24.154  -10.453  -2.863 0.0000000000
60915  -25.210  -11.237  -2.531 0.0000000000
106788  -24.710  8.291  -2.753 0.0000000000
79661  -27.478  11.148  -4.587 0.0000000000
80360  -30.060  12.035  -4.974 0.0000000000
76567  -29.025  7.668  -3.539 0.0000000000
117906  -29.767  8.740  -3.668 0.0000000000
77312  -30.495  8.382  -3.519 0.0000000000
106001  -17.399  5.371  0.671 0.0000000000
114272  -18.321  3.053  -1.170 0.0000000000
73527  -18.168  2.315  -2.576 0.0000000000
73543  -18.542  2.564  -3.211 0.0000000000
72724  -20.066  2.883  -5.249 0.0000000000
72741  -22.977  2.883  -5.025 0.0000000000
71869  -25.156  1.463  -5.155 0.0000000000
122784  -26.514  1.805  -4.967 0.0000000000
125607  -29.420  3.472  -3.216 0.0000000000
122844  -23.852  -4.717  -5.296 0.0000000000
66756  -24.613  -4.679  -5.779 0.0000000000
65926  -25.620  -4.970  -4.570 0.0000000000
65915  -26.556  -5.183  -3.745 0.0000000000
57399  -19.629  -15.594  1.224 0.0000000000
58282  -19.828  -14.229  0.405 0.0000000000
58283  -20.632  -14.534  0.143 0.0000000000
58284  -21.477  -14.745  0.163 0.0000000000
65036  -18.142  -6.221  -0.246 0.0000000000
112519  -18.385  -6.564  -0.667 0.0000000000
106878  -18.624  -6.545  -1.143 0.0000000000
64268  -18.566  -7.191  -0.784 0.0000000000
63419  -19.377  -8.013  -1.349 0.0000000000
63420  -19.685  -8.744  -1.328 0.0000000000
62580  -19.370  -9.473  -0.999 0.0000000000
62589  -20.111  -9.514  -1.360 0.0000000000
61782  -21.360  -10.689  -1.781 0.0000000000
60890  -21.747  -11.586  -1.800 0.0000000000
76563  -23.406  9.159  -2.874 0.0000000000
76564  -24.229  7.972  -2.624 0.0000000000
78059  -27.384  8.838  -4.068 0.0000000000
119738  -27.198  8.074  -3.913 0.0000000000
121778  -27.109  7.361  -3.917 0.0000000000
75807  -23.408  6.528  -4.042 0.0000000000
75809  -25.652  6.417  -4.342 0.0000000000
75793  -26.535  6.790  -4.126 0.0000000000
75794  -27.685  6.642  -3.740 0.0000000000
75065  -27.129  5.847  -4.036 0.0000000000
115929  -28.125  5.859  -3.666 0.0000000000
125853  -14.334  3.611  0.746 0.0000000000
73493  -15.413  3.125  0.458 0.0000000000
109380  -17.361  1.292  -0.614 0.0000000000
119825  -17.472  1.555  -1.295 0.0000000000
71840  -18.319  1.216  -3.071 0.0000000000
71864  -19.678  1.626  -4.696 0.0000000000
70978  -19.552  0.904  -4.393 0.0000000000
70981  -22.462  0.226  -5.428 0.0000000000
70130  -21.368  -0.778  -4.984 0.0000000000
70980  -21.894  -0.207  -5.354 0.0000000000
71879  -23.984  0.318  -5.555 0.0000000000
70982  -25.464  0.796  -5.407 0.0000000000
71870  -26.218  1.094  -5.179 0.0000000000
125871  -28.563  1.381  -3.368 0.0000000000
70968  -28.187  0.788  -3.566 0.0000000000
70122  -28.606  0.173  -3.227 0.0000000000
117677  -26.766  -1.090  -4.647 0.0000000000
64314  -27.157  -7.482  -3.286 0.0000000000
55030  -21.999  -17.770  1.619 0.0000000000
55855  -22.471  -17.277  1.037 0.0000000000
56642  -22.489  -16.488  0.617 0.0000000000
70903  -14.166  0.262  0.970 0.0000000000
70049  -15.841  -0.467  0.548 0.0000000000
68395  -16.552  -2.088  0.709 0.0000000000
69206  -16.870  -1.237  0.657 0.0000000000
118977  -17.533  -1.402  -0.248 0.0000000000
106130  -17.922  -2.181  -1.488 0.0000000000
116786  -18.401  -2.546  -2.352 0.0000000000
68460  -20.756  -2.928  -3.986 0.0000000000
67655  -21.780  -3.288  -4.540 0.0000000000
66729  -20.175  -4.606  -2.677 0.0000000000
65921  -22.298  -4.540  -4.391 0.0000000000
65922  -22.772  -4.552  -4.685 0.0000000000
65114  -23.487  -5.146  -4.864 0.0000000000
65115  -23.768  -5.801  -4.624 0.0000000000
65104  -25.375  -6.623  -3.595 0.0000000000
121255  -19.388  -6.766  -1.804 0.0000000000
64294  -19.979  -6.715  -2.131 0.0000000000
65090  -20.902  -6.584  -2.704 0.0000000000
63437  -21.571  -8.435  -2.569 0.0000000000
64297  -22.113  -7.826  -2.978 0.0000000000
64310  -23.474  -7.243  -3.518 0.0000000000
109922  -24.702  -7.054  -3.539 0.0000000000
64312  -25.413  -7.464  -3.304 0.0000000000
63455  -26.711  -8.262  -3.163 0.0000000000
62622  -27.116  -9.035  -3.137 0.0000000000
62606  -25.771  -10.015  -3.185 0.0000000000
61806  -26.927  -10.463  -2.844 0.0000000000
78870  -30.000  10.616  -4.477 0.0000000000
78071  -31.080  9.718  -4.245 0.0000000000
74355  -20.446  4.799  -4.813 0.0000000000
73571  -21.476  4.133  -5.676 0.0000000000
74356  -22.164  4.592  -5.276 0.0000000000
74357  -22.965  4.790  -5.144 0.0000000000
75094  -23.641  4.678  -5.227 0.0000000000
75079  -25.625  4.900  -4.557 0.0000000000
75081  -27.039  4.886  -4.169 0.0000000000
72726  -22.117  2.407  -5.115 0.0000000000
72727  -24.573  2.267  -4.580 0.0000000000
127461  -24.880  3.155  -4.577 0.0000000000
119258  -26.179  3.952  -4.516 0.0000000000
115653  -27.847  5.062  -3.784 0.0000000000
75066  -28.719  5.230  -3.478 0.0000000000
117994  -30.695  6.013  -3.365 0.0000000000
68470  -22.900  -3.198  -5.214 0.0000000000
67667  -24.518  -3.767  -5.894 0.0000000000
68482  -25.708  -3.487  -6.207 0.0000000000
66758  -25.440  -4.624  -6.012 0.0000000000
67659  -26.195  -3.734  -5.993 0.0000000000
117280  -27.017  -3.173  -4.067 0.0000000000
59991  -18.771  -12.200  0.317 0.0000000000
59992  -19.260  -11.964  -0.137 0.0000000000
59139  -20.176  -12.956  -0.317 0.0000000000
60013  -19.934  -12.135  -0.579 0.0000000000
116979  -20.522  -11.931  -1.093 0.0000000000
60025  -21.151  -12.129  -1.364 0.0000000000
126426  -22.198  -11.995  -1.932 0.0000000000
57415  -22.393  -15.753  0.414 0.0000000000
57425  -22.283  -14.957  0.255 0.0000000000
58297  -23.019  -14.521  -0.201 0.0000000000
59142  -22.688  -13.610  -0.738 0.0000000000
59159  -22.849  -12.853  -1.240 0.0000000000
114083  -24.218  -12.207  -1.871 0.0000000000
56630  -21.114  -16.738  1.317 0.0000000000
59140  -20.882  -13.267  -0.646 0.0000000000
60026  -22.567  -12.301  -1.798 0.0000000000
60046  -23.899  -11.748  -2.210 0.0000000000
60913  -23.427  -11.191  -2.616 0.0000000000
60916  -25.908  -11.373  -2.457 0.0000000000
61804  -25.061  -10.560  -2.850 0.0000000000
62618  -23.624  -8.906  -3.210 0.0000000000
63453  -24.826  -8.082  -3.165 0.0000000000
64295  -20.451  -7.398  -2.221 0.0000000000
64309  -22.733  -6.913  -3.374 0.0000000000
64311  -24.116  -7.501  -3.503 0.0000000000
64313  -26.246  -7.313  -3.318 0.0000000000
65070  -18.939  -6.385  -1.611 0.0000000000
65087  -18.872  -5.783  -1.607 0.0000000000
65113  -22.901  -5.121  -4.605 0.0000000000
65842  -17.663  -5.622  0.487 0.0000000000
65899  -19.085  -5.246  -1.800 0.0000000000
65900  -19.784  -5.252  -2.258 0.0000000000
65914  -25.294  -5.636  -4.181 0.0000000000
65923  -23.328  -4.594  -4.964 0.0000000000
65924  -24.263  -5.193  -5.097 0.0000000000
65925  -25.031  -5.085  -5.649 0.0000000000
66705  -18.467  -4.337  -1.163 0.0000000000
66744  -20.907  -4.435  -3.410 0.0000000000
66753  -22.561  -4.096  -4.659 0.0000000000
66757  -25.139  -4.700  -6.215 0.0000000000
66764  -23.703  -3.984  -5.364 0.0000000000
66766  -24.911  -4.443  -6.257 0.0000000000
67631  -19.193  -3.543  -2.529 0.0000000000
67645  -18.989  -2.709  -2.841 0.0000000000
67648  -22.025  -3.829  -4.502 0.0000000000
67657  -22.921  -3.725  -4.957 0.0000000000
67660  -26.588  -3.757  -4.493 0.0000000000
67666  -23.869  -3.576  -5.536 0.0000000000
68443  -18.131  -2.113  -2.136 0.0000000000
68459  -19.201  -2.045  -3.332 0.0000000000
68480  -24.106  -2.960  -5.635 0.0000000000
68481  -24.813  -3.206  -5.919 0.0000000000
68483  -25.703  -2.574  -5.860 0.0000000000
69205  -15.340  -1.295  0.462 0.0000000000
69227  -17.604  -2.184  -0.287 0.0000000000
69228  -17.651  -1.903  -0.818 0.0000000000
69276  -18.707  -1.436  -3.177 0.0000000000
69288  -26.544  -1.973  -5.108 0.0000000000
69293  -22.846  -1.816  -5.421 0.0000000000
69295  -23.812  -2.154  -5.567 0.0000000000
69298  -25.435  -1.811  -5.582 0.0000000000
69299  -26.006  -1.404  -5.322 0.0000000000
70082  -17.519  -0.538  -1.202 0.0000000000
70119  -19.141  -0.767  -3.639 0.0000000000
70121  -27.914  0.002  -3.693 0.0000000000
70138  -23.155  -1.366  -5.571 0.0000000000
70141  -24.614  -0.988  -5.626 0.0000000000
70142  -25.297  -0.965  -5.510 0.0000000000
70905  -16.341  0.426  0.614 0.0000000000
70931  -17.414  0.250  -1.186 0.0000000000
70966  -18.812  0.865  -3.684 0.0000000000
70967  -27.410  0.693  -4.150 0.0000000000
70979  -20.346  0.970  -4.924 0.0000000000
70990  -22.729  -0.732  -5.510 0.0000000000
70992  -23.743  -0.635  -5.705 0.0000000000
70994  -24.972  -0.196  -5.586 0.0000000000
71798  -16.522  1.320  0.489 0.0000000000
71810  -17.359  0.786  -0.782 0.0000000000
71853  -18.570  1.756  -3.471 0.0000000000
71854  -19.055  1.718  -4.206 0.0000000000
71868  -24.298  1.290  -5.002 0.0000000000
71880  -24.714  0.525  -5.512 0.0000000000
72653  -14.592  2.939  0.667 0.0000000000
72668  -17.489  1.775  -1.099 0.0000000000
72691  -17.906  2.007  -2.417 0.0000000000
72728  -25.465  2.362  -4.799 0.0000000000
72730  -27.230  2.351  -4.595 0.0000000000
73494  -16.438  3.174  0.453 0.0000000000
73507  -18.191  3.334  -0.192 0.0000000000
73544  -19.138  2.960  -4.271 0.0000000000
73549  -28.314  3.533  -3.820 0.0000000000
73573  -23.861  3.233  -4.750 0.0000000000
74341  -28.466  4.402  -3.612 0.0000000000
74359  -26.338  4.643  -4.398 0.0000000000
74360  -26.945  4.029  -4.345 0.0000000000
75068  -30.936  5.268  -3.309 0.0000000000
75796  -29.919  6.095  -3.218 0.0000000000
76577  -25.022  7.142  -3.778 0.0000000000
78061  -29.269  9.280  -3.865 0.0000000000
78062  -30.253  9.301  -3.971 0.0000000000
78069  -28.591  9.966  -4.215 0.0000000000
78871  -30.944  10.537  -4.564 0.0000000000
79662  -30.430  11.275  -4.755 0.0000000000
80369  -30.610  12.532  -5.618 0.0000000000
106707  -21.839  -12.386  -1.636 0.0000000000
108958  -17.768  -3.165  -0.261 0.0000000000
110385  -23.471  -12.395  -1.678 0.0000000000
113781  -25.092  -2.742  -5.870 0.0000000000
115029  -25.085  -3.943  -6.323 0.0000000000
115159  -19.770  -2.589  -3.497 0.0000000000
115370  -23.289  0.135  -5.493 0.0000000000
115500  -29.709  3.951  -3.058 0.0000000000
116605  -14.414  1.014  0.732 0.0000000000
117875  -29.516  6.836  -3.355 0.0000000000
118287  -18.749  -3.886  -1.819 0.0000000000
118721  -23.534  -1.705  -5.560 0.0000000000
118729  -14.912  -2.029  0.644 0.0000000000
119043  -29.702  8.194  -3.506 0.0000000000
119222  -26.742  -3.137  -5.717 0.0000000000
120370  -24.493  -6.039  -4.269 0.0000000000
121814  -25.927  1.665  -5.197 0.0000000000
123069  -24.869  4.892  -4.848 0.0000000000
123178  -20.261  -7.938  -1.860 0.0000000000
123255  -23.025  1.972  -4.818 0.0000000000
126333  -24.806  -2.221  -5.677 0.0000000000
126675  -23.276  -1.744  -5.523 0.0000000000
128308  -25.223  4.122  -4.729 0.0000000000
