#!ascii label  , from subject sub-v2s18x29513_ses-1 vox2ras=TkReg
1264
50673  -22.667  -24.110  2.892 0.4285714328
51533  -23.484  -23.350  1.986 0.2857142985
50686  -23.402  -24.768  1.741 0.4285714328
51534  -24.035  -23.518  1.847 0.4285714328
51535  -24.836  -22.708  2.279 0.4285714328
52420  -24.062  -21.925  0.588 0.2857142985
123108  -24.343  -22.234  1.428 0.4285714328
53298  -25.399  -20.878  1.511 0.4285714328
54183  -24.671  -19.382  0.421 0.4285714328
54184  -25.196  -19.410  0.498 0.4285714328
112540  -24.842  -18.033  0.019 0.4285714328
55868  -25.634  -17.066  -0.109 0.4285714328
57428  -24.475  -15.396  -0.279 0.5714285970
56652  -25.422  -16.452  -0.353 0.5714285970
108147  -26.574  -15.702  -0.555 0.2857142985
58300  -25.627  -15.210  -0.607 0.7142857313
120054  -26.286  -15.148  -0.723 0.7142857313
58316  -27.828  -14.904  -1.287 0.7142857313
58315  -26.478  -14.203  -1.023 0.7142857313
58301  -27.114  -15.135  -0.907 0.5714285970
105902  -28.420  -14.284  -1.869 0.5714285970
107367  -26.919  -13.492  -1.407 0.5714285970
106806  -28.468  -13.077  -1.868 0.5714285970
116228  -29.366  -14.814  -2.923 0.5714285970
60030  -27.357  -12.927  -1.670 0.5714285970
59177  -30.349  -14.981  -3.940 0.4285714328
60896  -30.109  -11.927  -1.345 0.5714285970
124890  -31.771  -12.077  -2.698 0.5714285970
61807  -28.555  -11.026  -2.025 0.7142857313
110609  -30.993  -11.464  -1.604 0.7142857313
60897  -32.018  -11.129  -2.021 0.7142857313
60920  -32.765  -11.789  -3.325 0.5714285970
61784  -29.510  -11.376  -1.382 0.5714285970
124795  -26.287  -10.407  -3.013 0.5714285970
108226  -29.753  -10.557  -1.355 0.8571428657
60898  -32.953  -10.951  -2.639 0.5714285970
61808  -29.086  -10.561  -1.831 0.7142857313
62608  -27.597  -9.753  -2.832 0.5714285970
63425  -32.585  -8.821  -1.410 0.7142857313
61788  -33.092  -10.246  -2.266 0.5714285970
113318  -30.297  -9.846  -1.404 0.7142857313
62591  -31.380  -9.529  -1.351 0.7142857313
64280  -32.788  -8.209  -1.451 0.5714285970
64281  -33.520  -8.084  -1.935 0.5714285970
119886  -29.715  -8.940  -1.971 0.5714285970
63422  -30.568  -8.785  -1.667 0.7142857313
126028  -32.217  -8.292  -1.378 0.7142857313
116200  -32.827  -6.482  -1.512 0.7142857313
64300  -30.273  -7.302  -2.232 0.7142857313
64278  -31.101  -7.459  -1.618 0.7142857313
65072  -31.743  -6.753  -1.532 0.7142857313
65884  -32.945  -5.568  -1.512 0.7142857313
118047  -33.637  -6.205  -1.802 0.5714285970
65071  -30.754  -6.607  -1.818 0.7142857313
64298  -28.986  -7.306  -2.797 0.5714285970
66737  -33.867  -4.627  -2.198 0.5714285970
115152  -34.070  -3.924  -2.630 0.5714285970
65881  -30.399  -5.906  -2.168 0.8571428657
65092  -29.702  -6.056  -2.555 0.8571428657
115150  -33.313  -3.891  -1.862 0.7142857313
113773  -32.381  -4.070  -1.581 0.7142857313
117521  -30.766  -5.191  -1.853 0.8571428657
66714  -31.362  -4.471  -1.629 0.7142857313
69242  -32.110  -1.908  -1.633 0.8571428657
68430  -33.313  -2.573  -2.053 0.5714285970
67616  -31.519  -3.520  -1.605 0.8571428657
68427  -30.806  -2.869  -1.692 0.8571428657
66713  -30.451  -4.451  -1.952 0.8571428657
67615  -30.838  -3.775  -1.740 0.8571428657
70109  -31.085  -0.348  -1.899 0.8571428657
70959  -32.448  0.403  -2.120 0.8571428657
71845  -32.638  1.250  -2.598 0.8571428657
68428  -31.712  -2.699  -1.580 0.8571428657
113386  -31.723  0.239  -1.935 0.8571428657
70107  -29.319  -0.006  -2.640 1.0000000000
114492  -31.081  0.408  -2.092 1.0000000000
69266  -30.680  -1.271  -1.780 0.8571428657
70957  -30.630  0.952  -2.307 1.0000000000
70108  -30.291  0.197  -2.260 1.0000000000
72698  -30.507  2.362  -2.655 1.0000000000
115790  -29.015  2.999  -3.465 0.7142857313
71844  -31.040  1.665  -2.379 1.0000000000
112049  -29.184  1.516  -2.927 1.0000000000
73532  -31.094  3.098  -2.796 1.0000000000
75799  -31.859  6.495  -3.822 1.0000000000
117994  -30.695  6.013  -3.365 0.8571428657
77313  -31.353  8.173  -3.656 0.8571428657
76570  -32.004  7.940  -4.181 1.0000000000
79675  -31.600  11.378  -6.253 0.8571428657
113790  -31.613  10.063  -4.621 0.8571428657
78076  -32.238  9.928  -5.122 1.0000000000
81112  -30.657  13.424  -6.663 0.8571428657
81117  -31.214  12.874  -7.006 0.8571428657
81111  -30.060  13.995  -6.395 0.7142857313
80368  -29.656  12.883  -5.250 0.5714285970
82507  -29.236  15.233  -6.758 0.7142857313
82521  -29.304  15.156  -7.432 0.5714285970
81810  -27.926  14.609  -5.459 0.5714285970
80367  -28.906  13.347  -5.094 0.5714285970
82490  -27.128  15.084  -5.467 0.4285714328
83157  -26.317  16.482  -5.882 0.4285714328
83802  -27.089  17.216  -6.663 0.4285714328
82488  -24.136  14.616  -5.047 0.2857142985
83136  -23.470  14.913  -5.423 0.2857142985
82489  -25.461  14.330  -5.073 0.2857142985
82478  -24.326  14.591  -4.864 0.2857142985
126131  -23.965  -22.470  1.596 0.2857142985
60032  -29.711  -13.071  -2.154 0.5714285970
61787  -32.308  -10.183  -1.666 0.5714285970
67639  -33.672  -3.236  -2.292 0.5714285970
115837  -31.481  -5.255  -1.579 0.7142857313
66716  -33.076  -4.732  -1.621 0.7142857313
68429  -32.615  -2.622  -1.711 0.8571428657
69268  -32.725  -1.180  -1.868 0.8571428657
70111  -33.007  -0.281  -2.122 0.8571428657
73552  -30.506  3.866  -2.903 0.8571428657
83125  -26.580  15.843  -3.807 0.1428571492
52418  -23.234  -21.755  1.862 0.2857142985
53307  -23.830  -21.327  0.493 0.2857142985
52434  -24.333  -21.439  0.389 0.2857142985
53308  -24.971  -21.044  0.553 0.4285714328
55033  -25.711  -19.039  0.969 0.4285714328
124076  -24.011  -19.085  0.569 0.2857142985
55862  -24.922  -17.232  -0.182 0.4285714328
53315  -24.764  -20.521  0.420 0.4285714328
123501  -25.907  -18.289  0.937 0.4285714328
56644  -24.092  -16.675  0.209 0.5714285970
57429  -25.194  -15.712  -0.486 0.5714285970
58313  -25.024  -13.979  -0.816 0.2857142985
58314  -25.689  -14.468  -0.762 0.7142857313
124284  -27.196  -14.395  -1.221 0.7142857313
59162  -27.587  -14.019  -1.476 0.4285714328
60029  -26.590  -12.503  -1.733 0.5714285970
59182  -31.171  -14.906  -5.060 0.4285714328
60894  -27.239  -11.981  -1.983 0.7142857313
60918  -27.891  -11.527  -2.154 0.7142857313
60050  -30.393  -13.791  -3.225 0.7142857313
60919  -30.707  -12.477  -2.255 0.5714285970
60051  -31.455  -13.252  -3.578 0.4285714328
61786  -31.270  -10.553  -1.366 0.7142857313
61806  -26.927  -10.463  -2.844 0.5714285970
62609  -28.454  -10.165  -2.390 0.5714285970
64301  -34.002  -7.651  -2.404 0.5714285970
121297  -28.472  -9.307  -2.580 0.5714285970
62594  -33.685  -9.878  -2.745 0.5714285970
63423  -30.628  -7.993  -1.799 0.7142857313
63424  -31.562  -8.475  -1.437 0.7142857313
65074  -33.578  -7.118  -1.831 0.5714285970
107397  -29.151  -8.106  -2.598 0.8571428657
65882  -31.134  -5.895  -1.661 0.7142857313
69243  -32.894  -2.023  -1.872 0.5714285970
68450  -29.950  -2.567  -2.126 1.0000000000
72701  -32.339  2.134  -2.767 1.0000000000
118673  -28.550  -0.613  -3.139 1.0000000000
72714  -28.687  2.104  -3.439 0.8571428657
73550  -29.029  3.816  -3.428 0.7142857313
74344  -31.164  4.483  -3.197 1.0000000000
74345  -32.457  4.910  -3.798 1.0000000000
127419  -30.261  5.493  -3.187 0.7142857313
116204  -31.784  5.067  -3.509 1.0000000000
74342  -29.289  4.600  -3.291 0.7142857313
76571  -32.202  7.095  -4.250 0.8571428657
78872  -31.646  10.645  -5.077 0.8571428657
78073  -32.543  9.238  -4.907 1.0000000000
77324  -32.737  8.620  -5.264 1.0000000000
81102  -30.342  13.345  -5.902 0.7142857313
82504  -26.637  15.702  -5.553 0.7142857313
81101  -29.478  13.866  -5.611 0.5714285970
81819  -28.774  15.050  -6.024 0.7142857313
82506  -28.524  15.616  -6.476 0.7142857313
109292  -27.151  13.679  -5.069 0.4285714328
83145  -23.386  14.998  -5.544 0.2857142985
83156  -24.792  16.305  -5.633 0.4285714328
83159  -28.200  16.276  -6.789 0.4285714328
83801  -26.000  17.290  -6.286 0.4285714328
83135  -22.995  15.374  -5.183 0.2857142985
60028  -25.680  -12.702  -1.694 0.4285714328
127485  -26.031  -11.954  -2.017 0.4285714328
82505  -27.756  15.821  -6.042 0.7142857313
82503  -25.038  15.297  -5.268 0.2857142985
83144  -22.819  15.208  -5.739 0.2857142985
50674  -22.981  -24.985  2.112 0.4285714328
51532  -22.893  -22.753  2.360 0.2857142985
111711  -24.712  -23.786  2.298 0.4285714328
52419  -23.812  -21.776  0.681 0.2857142985
52435  -24.651  -21.586  0.763 0.4285714328
55037  -24.406  -18.530  0.385 0.2857142985
55038  -25.020  -18.638  0.222 0.4285714328
55039  -25.434  -18.489  0.470 0.4285714328
55861  -24.065  -17.649  0.376 0.4285714328
56651  -24.741  -16.275  -0.275 0.4285714328
58299  -24.945  -14.780  -0.548 0.2857142985
57430  -25.905  -15.839  -0.548 0.4285714328
121717  -26.287  -13.264  -1.397 0.5714285970
106018  -27.905  -12.452  -1.889 0.5714285970
60895  -28.634  -11.961  -1.752 0.5714285970
59178  -30.991  -14.367  -5.016 0.4285714328
60052  -32.549  -12.788  -3.945 0.5714285970
115090  -27.754  -10.670  -2.504 0.7142857313
60917  -27.136  -11.196  -2.486 0.7142857313
62610  -29.245  -9.728  -2.019 0.5714285970
62593  -32.896  -9.553  -1.712 0.5714285970
65073  -32.804  -7.392  -1.497 0.7142857313
63441  -29.106  -8.856  -2.424 0.7142857313
64299  -29.609  -7.528  -2.558 0.8571428657
65883  -32.016  -5.832  -1.472 0.7142857313
65091  -29.638  -6.875  -2.648 0.8571428657
67618  -33.047  -3.199  -1.798 0.8571428657
115688  -30.471  -2.050  -1.788 0.8571428657
69267  -31.647  -1.148  -1.677 0.8571428657
67637  -29.231  -3.794  -2.523 0.8571428657
118515  -30.061  -0.634  -2.182 1.0000000000
72715  -29.530  2.300  -2.966 1.0000000000
125607  -29.420  3.472  -3.216 0.8571428657
80370  -31.285  12.083  -5.885 0.8571428657
80375  -30.960  12.778  -6.300 0.8571428657
81826  -29.787  14.553  -7.086 0.7142857313
81820  -29.447  14.597  -6.222 0.5714285970
82491  -28.098  15.306  -5.858 0.5714285970
81100  -28.464  13.914  -5.282 0.5714285970
81809  -26.401  14.094  -5.148 0.4285714328
83158  -27.414  16.475  -6.329 0.4285714328
126332  -25.248  14.200  -4.399 0.2857142985
83123  -24.217  15.751  -4.527 0.2857142985
53314  -24.097  -21.127  0.361 0.2857142985
59161  -25.691  -13.646  -1.149 0.2857142985
74343  -30.185  4.732  -3.032 1.0000000000
85751  -22.796  20.830  -7.833 0.2857142985
86369  -22.632  21.446  -7.696 0.1428571492
85107  -24.824  19.331  -6.943 0.2857142985
85756  -24.412  20.636  -8.308 0.2857142985
85105  -22.540  20.189  -7.371 0.1428571492
86360  -22.774  21.503  -7.201 0.1428571492
121151  -22.598  16.529  -6.211 0.1428571492
84452  -24.640  18.278  -6.575 0.2857142985
107124  -22.568  18.451  -6.399 0.1428571492
85124  -26.255  19.224  -8.253 0.2857142985
85117  -24.966  19.935  -7.559 0.2857142985
81857  -27.345  14.171  -10.364 0.2857142985
110179  -26.569  16.985  -9.574 0.2857142985
86352  -23.387  21.028  -6.253 0.1428571492
109412  -25.720  18.055  -6.555 0.2857142985
120217  -28.281  15.381  -9.169 0.2857142985
84460  -26.842  18.179  -7.900 0.2857142985
84453  -25.865  18.821  -6.884 0.2857142985
128481  -29.568  11.918  -9.756 0.1428571492
83191  -27.390  16.795  -9.072 0.2857142985
107797  -22.420  19.620  -6.881 0.1428571492
83820  -27.410  17.430  -8.269 0.2857142985
84459  -26.393  18.815  -7.490 0.2857142985
77355  -28.440  8.341  -10.528 0.1428571492
79690  -29.128  10.817  -10.259 0.1428571492
108915  -28.733  13.796  -9.517 0.4285714328
107256  -28.476  16.054  -8.378 0.2857142985
122214  -30.814  9.422  -8.800 0.2857142985
80384  -30.590  12.229  -8.639 0.4285714328
81838  -29.401  14.503  -8.148 0.2857142985
75852  -30.571  6.751  -9.247 0.1428571492
78891  -30.258  9.948  -9.383 0.2857142985
81119  -29.668  13.648  -8.588 0.4285714328
79681  -31.374  11.418  -7.881 0.5714285970
81116  -30.658  13.359  -7.380 0.7142857313
113460  -31.508  6.143  -8.320 0.1428571492
76601  -30.821  7.612  -8.858 0.1428571492
80379  -30.901  12.637  -7.782 0.7142857313
78089  -31.584  9.321  -8.133 0.4285714328
74395  -31.269  4.370  -8.969 0.2857142985
75117  -32.098  5.789  -7.850 0.7142857313
79677  -31.582  11.410  -7.106 0.7142857313
76578  -32.621  7.730  -4.842 0.8571428657
76593  -32.610  8.004  -6.848 0.8571428657
78884  -32.142  10.059  -7.092 0.5714285970
128304  -31.770  2.714  -8.844 0.2857142985
73614  -31.696  3.545  -8.722 0.2857142985
78083  -32.131  9.272  -7.353 0.7142857313
110577  -30.368  10.007  -4.346 0.5714285970
78080  -32.469  9.495  -6.476 0.8571428657
114298  -32.208  2.001  -8.622 0.1428571492
75110  -32.646  5.608  -7.235 0.7142857313
69297  -24.794  -1.701  -5.622 0.5714285970
70968  -28.187  0.788  -3.566 0.8571428657
125871  -28.563  1.381  -3.368 0.8571428657
110095  -26.597  0.458  -4.805 0.4285714328
71855  -27.912  1.647  -4.019 0.5714285970
75070  -32.158  5.689  -3.809 0.8571428657
74362  -33.130  4.162  -4.544 0.8571428657
75816  -32.573  6.779  -4.732 0.8571428657
72759  -33.175  2.239  -7.085 0.2857142985
75095  -32.935  5.098  -5.591 0.8571428657
75824  -32.768  6.197  -6.655 0.8571428657
77326  -32.745  8.707  -6.152 0.8571428657
111357  -33.185  1.143  -7.392 0.4285714328
74389  -32.910  3.946  -6.932 0.7142857313
74381  -32.791  4.790  -7.110 0.7142857313
69296  -24.257  -1.867  -5.617 0.2857142985
118600  -27.578  -0.835  -3.881 0.5714285970
70131  -26.227  -0.514  -5.045 0.5714285970
70956  -29.677  0.849  -2.547 0.8571428657
73553  -32.032  3.354  -3.128 0.8571428657
105796  -32.127  4.176  -3.450 0.8571428657
74361  -32.808  4.795  -4.253 0.8571428657
75083  -32.813  5.317  -4.775 0.8571428657
72753  -33.442  2.376  -6.403 0.4285714328
73593  -33.429  3.444  -5.131 0.8571428657
74375  -33.144  4.284  -5.416 0.8571428657
71000  -33.622  0.624  -6.838 0.4285714328
108178  -26.303  -5.804  -3.720 0.7142857313
66756  -24.613  -4.679  -5.779 0.4285714328
65106  -27.249  -6.087  -3.532 0.7142857313
67649  -27.291  -3.938  -3.448 0.8571428657
67659  -26.195  -3.734  -5.993 0.5714285970
119332  -26.464  -3.216  -6.097 0.5714285970
68479  -23.413  -2.844  -5.474 0.4285714328
122294  -27.665  -3.381  -3.044 0.8571428657
68472  -26.865  -2.551  -4.720 0.5714285970
69287  -26.012  -2.120  -5.594 0.5714285970
69265  -29.755  -1.555  -2.155 0.8571428657
69278  -28.006  -1.437  -3.314 0.7142857313
69277  -27.229  -1.719  -4.210 0.5714285970
71846  -33.380  1.024  -3.244 0.7142857313
71857  -33.529  1.470  -3.813 0.7142857313
72717  -33.197  2.776  -3.712 0.7142857313
70995  -34.151  -0.230  -5.944 0.2857142985
71873  -33.857  0.691  -5.228 0.4285714328
71881  -33.681  1.504  -5.400 0.5714285970
63456  -27.513  -8.185  -3.096 0.4285714328
120586  -26.066  -6.394  -3.579 0.4285714328
125586  -24.708  -5.371  -4.843 0.4285714328
65903  -29.907  -5.148  -2.334 0.7142857313
66734  -28.622  -4.924  -3.023 0.7142857313
66735  -29.194  -4.607  -2.695 0.7142857313
68463  -28.962  -2.274  -2.234 0.8571428657
70123  -33.687  -0.395  -2.787 0.7142857313
70971  -34.082  -0.144  -4.271 0.2857142985
70970  -33.789  0.180  -3.410 0.5714285970
70960  -33.215  0.405  -2.615 0.5714285970
62622  -27.116  -9.035  -3.137 0.4285714328
63454  -25.818  -8.238  -3.122 0.5714285970
121987  -27.798  -7.506  -3.197 0.5714285970
65105  -26.866  -6.680  -3.493 0.5714285970
65902  -29.143  -5.450  -2.795 0.7142857313
68452  -33.897  -2.604  -2.706 0.4285714328
125512  -34.244  -1.604  -3.737 0.4285714328
70132  -34.340  -0.886  -4.987 0.4285714328
70124  -34.175  -0.796  -3.795 0.4285714328
108561  -26.407  -10.932  -2.729 0.5714285970
61809  -33.762  -10.857  -3.384 0.4285714328
63443  -33.875  -8.982  -2.735 0.4285714328
66748  -34.530  -4.879  -4.390 0.4285714328
65904  -33.692  -5.393  -1.894 0.4285714328
109649  -34.561  -4.213  -4.690 0.4285714328
67640  -34.190  -3.302  -3.151 0.4285714328
56632  -26.546  -16.959  1.012 0.1428571492
65093  -34.227  -6.855  -2.555 0.4285714328
65108  -34.531  -6.657  -4.656 0.4285714328
65927  -34.674  -5.900  -5.396 0.4285714328
56654  -26.740  -16.077  -0.194 0.1428571492
57432  -27.759  -15.365  -0.404 0.1428571492
58324  -29.744  -16.266  -3.123 0.2857142985
60931  -34.922  -12.103  -4.190 0.2857142985
62624  -35.818  -9.420  -4.449 0.2857142985
118800  -35.014  -10.391  -4.613 0.2857142985
60058  -33.062  -13.334  -4.457 0.4285714328
62630  -35.435  -8.803  -5.051 0.2857142985
62623  -34.935  -9.559  -4.823 0.2857142985
61822  -34.515  -11.593  -4.271 0.2857142985
63463  -34.963  -8.734  -5.372 0.2857142985
63457  -34.808  -8.667  -5.127 0.4285714328
56646  -26.911  -16.280  0.654 0.1428571492
57416  -27.418  -15.693  0.320 0.1428571492
56645  -26.284  -16.738  0.130 0.1428571492
58303  -28.296  -15.212  -1.016 0.2857142985
106887  -28.803  -15.512  -2.036 0.2857142985
126458  -32.222  -15.141  -2.810 0.2857142985
60053  -34.286  -13.494  -4.145 0.2857142985
59185  -33.479  -14.300  -4.316 0.2857142985
58332  -32.365  -15.248  -5.213 0.2857142985
60060  -34.567  -12.828  -4.193 0.2857142985
57401  -27.460  -15.897  1.188 0.1428571492
59145  -29.652  -14.498  -0.727 0.2857142985
58285  -28.322  -15.085  0.052 0.2857142985
58319  -29.515  -15.458  -1.897 0.2857142985
58304  -28.911  -15.067  -1.027 0.2857142985
58302  -27.803  -15.195  -0.986 0.2857142985
59165  -30.905  -15.260  -2.183 0.2857142985
52421  -25.083  -21.775  1.903 0.2857142985
55034  -26.235  -18.507  1.542 0.1428571492
54176  -25.411  -20.087  0.915 0.2857142985
55845  -26.704  -17.887  2.186 0.1428571492
49821  -23.402  -25.446  2.344 0.2857142985
49802  -23.916  -24.534  3.934 0.2857142985
50661  -22.834  -24.352  3.233 0.2857142985
54169  -25.800  -19.974  1.857 0.2857142985
49822  -24.288  -26.125  2.082 0.1428571492
50643  -23.267  -23.954  4.659 0.2857142985
50633  -23.116  -23.827  5.612 0.1428571492
57417  -27.994  -15.301  0.409 0.1428571492
58286  -28.734  -14.806  -0.197 0.2857142985
60035  -34.842  -12.715  -4.030 0.2857142985
58327  -32.720  -15.247  -3.974 0.2857142985
60932  -35.420  -11.351  -4.048 0.2857142985
60921  -33.744  -11.711  -3.970 0.4285714328
62611  -34.488  -9.806  -3.866 0.4285714328
62628  -35.078  -9.249  -5.113 0.2857142985
64328  -35.657  -7.454  -5.553 0.2857142985
121768  -26.032  -4.365  -4.726 0.7142857313
65116  -34.763  -7.129  -5.838 0.4285714328
66738  -34.384  -4.711  -3.166 0.4285714328
69270  -34.137  -2.020  -3.202 0.4285714328
69289  -34.398  -1.823  -4.872 0.2857142985
70143  -34.407  -0.969  -5.918 0.2857142985
70985  -34.131  -0.101  -5.088 0.5714285970
77319  -31.186  8.963  -3.873 0.7142857313
126618  -33.602  2.065  -4.777 0.7142857313
123072  -32.792  7.096  -5.325 0.8571428657
80360  -30.060  12.035  -4.974 0.4285714328
79671  -30.905  11.740  -5.315 0.5714285970
78877  -31.926  10.539  -5.862 0.7142857313
75825  -32.846  6.752  -5.989 0.8571428657
78881  -32.224  10.135  -6.430 0.8571428657
74396  -32.030  4.492  -8.267 0.5714285970
83171  -28.259  16.518  -7.624 0.2857142985
77339  -31.169  8.500  -8.517 0.4285714328
85717  -23.517  20.185  -4.815 0.1428571492
81122  -28.698  13.205  -9.851 0.2857142985
79684  -29.797  11.300  -9.761 0.1428571492
83819  -26.588  18.288  -8.683 0.2857142985
49839  -24.401  -25.755  1.393 0.1428571492
51510  -22.298  -23.253  3.162 0.2857142985
51522  -25.584  -23.143  2.857 0.1428571492
54177  -26.032  -19.302  1.625 0.1428571492
56634  -27.876  -15.984  1.921 0.1428571492
57383  -28.608  -15.536  2.216 0.1428571492
59164  -28.810  -15.509  -2.314 0.2857142985
58320  -31.526  -15.880  -3.311 0.2857142985
108395  -34.588  -13.023  -3.505 0.2857142985
58325  -30.385  -15.649  -3.747 0.2857142985
60922  -35.270  -11.953  -3.670 0.2857142985
63455  -26.711  -8.262  -3.163 0.5714285970
60057  -32.096  -13.894  -4.498 0.2857142985
59188  -32.977  -14.363  -4.610 0.2857142985
65115  -23.768  -5.801  -4.624 0.2857142985
64324  -36.058  -8.132  -5.019 0.2857142985
65122  -35.399  -6.693  -5.920 0.2857142985
65915  -26.556  -5.183  -3.745 0.7142857313
65901  -28.379  -5.569  -3.189 0.5714285970
66763  -23.313  -3.586  -5.267 0.4285714328
66758  -25.440  -4.624  -6.012 0.5714285970
124675  -34.869  -7.291  -6.060 0.4285714328
113972  -23.854  -1.647  -5.615 0.2857142985
114519  -24.442  -2.446  -5.660 0.5714285970
65120  -34.966  -6.435  -6.162 0.2857142985
118250  -34.160  -5.992  -2.304 0.4285714328
117280  -27.017  -3.173  -4.067 0.7142857313
70140  -24.123  -1.277  -5.687 0.2857142985
66767  -34.803  -4.593  -6.381 0.1428571492
112834  -34.532  -3.233  -5.239 0.4285714328
68453  -34.267  -2.712  -3.666 0.4285714328
114772  -34.646  -2.317  -5.992 0.1428571492
72700  -31.956  2.753  -2.831 0.8571428657
69300  -34.610  -1.716  -6.102 0.1428571492
70984  -33.813  0.690  -4.205 0.5714285970
71001  -34.040  -0.489  -6.687 0.2857142985
106985  -33.608  1.589  -6.189 0.5714285970
73601  -33.132  3.072  -6.776 0.7142857313
76581  -32.850  7.738  -5.887 0.8571428657
71022  -32.421  -0.868  -9.342 0.2857142985
71910  -32.050  0.690  -9.171 0.1428571492
83155  -22.870  15.768  -6.158 0.2857142985
73607  -32.720  3.300  -7.575 0.4285714328
71901  -32.668  0.985  -8.179 0.4285714328
72773  -31.347  1.917  -9.491 0.1428571492
76592  -32.079  7.807  -7.555 0.5714285970
72772  -31.301  2.890  -9.305 0.1428571492
113948  -31.515  5.294  -8.500 0.1428571492
75116  -30.946  5.976  -8.901 0.1428571492
106214  -22.675  18.315  -5.391 0.1428571492
77340  -31.781  8.527  -7.855 0.5714285970
75126  -30.833  5.091  -9.269 0.1428571492
76610  -30.214  7.538  -9.471 0.1428571492
81123  -29.290  13.375  -9.312 0.2857142985
80389  -30.014  12.054  -9.383 0.2857142985
78099  -30.094  9.037  -9.457 0.2857142985
77346  -29.849  8.239  -9.663 0.1428571492
78110  -29.069  9.013  -10.250 0.1428571492
78902  -29.074  9.901  -10.242 0.1428571492
81858  -28.120  13.871  -10.030 0.2857142985
81127  -27.534  13.505  -10.493 0.2857142985
80394  -28.022  12.083  -10.620 0.1428571492
50676  -26.348  -23.696  3.383 0.1428571492
70147  -34.472  -1.184  -6.608 0.2857142985
78108  -27.792  9.816  -10.843 0.1428571492
81126  -26.756  13.584  -10.866 0.2857142985
50660  -22.251  -23.582  3.734 0.2857142985
49838  -23.610  -25.483  1.544 0.2857142985
50687  -24.044  -25.149  1.357 0.1428571492
52406  -25.626  -21.996  2.938 0.1428571492
53283  -25.691  -21.077  2.852 0.1428571492
55864  -25.871  -17.618  0.438 0.1428571492
59163  -28.223  -14.727  -1.668 0.4285714328
58317  -28.478  -15.191  -1.561 0.2857142985
57431  -27.191  -15.559  -0.551 0.1428571492
59176  -29.406  -15.978  -3.190 0.2857142985
110655  -28.290  -7.047  -3.134 0.5714285970
64315  -28.317  -7.925  -2.916 0.4285714328
113024  -34.434  -4.048  -3.665 0.4285714328
118418  -28.882  -6.379  -2.907 0.7142857313
117034  -29.387  -3.068  -2.312 0.7142857313
71856  -33.094  1.952  -3.288 0.7142857313
70122  -28.606  0.173  -3.227 0.8571428657
69279  -28.785  -1.405  -2.550 0.8571428657
118890  -29.299  -0.829  -2.507 0.8571428657
72716  -32.623  2.748  -3.185 0.8571428657
73551  -29.920  3.161  -2.883 0.8571428657
79663  -31.160  11.146  -5.004 0.5714285970
80380  -31.298  12.103  -7.414 0.7142857313
81115  -30.056  13.897  -7.756 0.5714285970
82520  -28.766  15.782  -7.376 0.2857142985
82527  -28.894  15.278  -8.244 0.2857142985
83808  -26.618  18.060  -7.009 0.2857142985
69280  -34.014  -1.229  -2.954 0.4285714328
55857  -26.364  -17.727  1.323 0.1428571492
60893  -26.566  -11.622  -2.253 0.5714285970
57445  -30.784  -16.157  -3.459 0.2857142985
64302  -34.378  -7.910  -3.621 0.4285714328
75811  -32.615  5.997  -4.662 0.8571428657
83800  -24.439  17.149  -6.189 0.2857142985
83809  -27.338  17.478  -7.422 0.2857142985
84451  -23.138  17.166  -6.425 0.2857142985
85116  -23.102  19.794  -7.511 0.2857142985
85746  -22.484  20.724  -7.256 0.1428571492
85106  -23.087  18.446  -6.945 0.2857142985
85123  -25.659  19.863  -8.030 0.2857142985
123603  -22.549  18.989  -7.061 0.1428571492
84450  -22.692  17.736  -6.481 0.1428571492
85118  -25.874  19.429  -7.453 0.2857142985
126212  -27.491  15.272  -9.699 0.2857142985
83830  -26.869  17.520  -8.961 0.2857142985
85734  -23.011  20.266  -5.941 0.1428571492
82537  -28.092  16.284  -8.996 0.2857142985
81848  -28.481  14.421  -9.397 0.2857142985
81849  -29.113  14.115  -9.024 0.2857142985
127421  -26.965  17.866  -8.425 0.2857142985
80383  -29.923  12.854  -9.006 0.2857142985
80387  -28.644  12.543  -10.164 0.1428571492
80395  -29.039  11.766  -10.181 0.1428571492
83181  -28.020  16.752  -8.412 0.2857142985
78109  -28.424  9.373  -10.557 0.1428571492
78890  -29.696  10.354  -9.841 0.1428571492
79689  -28.353  11.128  -10.557 0.1428571492
81128  -28.081  13.027  -10.361 0.1428571492
77347  -30.493  8.384  -9.153 0.1428571492
80385  -31.088  11.981  -8.079 0.5714285970
79680  -31.011  11.424  -8.538 0.4285714328
75851  -29.860  6.731  -9.785 0.1428571492
75842  -31.204  6.833  -8.567 0.1428571492
111488  -30.295  10.740  -9.462 0.2857142985
78098  -29.612  9.504  -9.829 0.2857142985
78886  -30.858  10.585  -8.896 0.4285714328
78887  -31.408  10.149  -8.281 0.5714285970
78883  -31.694  10.653  -7.629 0.7142857313
75843  -31.869  6.847  -7.825 0.4285714328
126303  -32.045  5.151  -8.088 0.5714285970
75835  -32.514  6.464  -7.283 0.7142857313
75834  -32.450  7.245  -7.260 0.7142857313
77330  -32.251  8.505  -7.299 0.7142857313
73615  -32.353  3.737  -8.138 0.5714285970
127178  -32.923  2.731  -7.297 0.4285714328
75102  -32.854  5.346  -6.516 0.8571428657
117677  -26.766  -1.090  -4.647 0.5714285970
70120  -27.069  -0.194  -4.364 0.5714285970
71870  -26.218  1.094  -5.179 0.4285714328
73555  -33.244  3.493  -4.111 0.8571428657
116627  -33.208  3.733  -6.097 0.8571428657
113492  -33.478  3.047  -5.995 0.4285714328
72731  -33.491  2.748  -4.485 0.7142857313
65926  -25.620  -4.970  -4.570 0.4285714328
66746  -26.869  -4.550  -3.686 0.7142857313
67658  -25.392  -4.275  -6.291 0.4285714328
68482  -25.708  -3.487  -6.207 0.5714285970
68471  -26.606  -2.823  -5.812 0.5714285970
67667  -24.518  -3.767  -5.894 0.4285714328
68470  -22.900  -3.198  -5.214 0.2857142985
68461  -27.481  -2.445  -3.248 0.7142857313
68462  -28.260  -2.101  -2.590 0.8571428657
71872  -33.658  1.439  -4.566 0.5714285970
64314  -27.157  -7.482  -3.286 0.5714285970
64312  -25.413  -7.464  -3.304 0.5714285970
117258  -34.334  -2.211  -4.105 0.4285714328
61810  -34.587  -10.774  -4.098 0.2857142985
63444  -34.425  -8.913  -3.834 0.4285714328
65917  -34.524  -5.618  -3.879 0.4285714328
66759  -34.641  -4.844  -5.538 0.4285714328
67651  -34.450  -3.428  -4.353 0.4285714328
64316  -34.589  -7.688  -5.127 0.4285714328
58318  -29.265  -16.213  -2.889 0.2857142985
57441  -30.591  -16.323  -3.004 0.2857142985
61823  -35.034  -11.232  -4.379 0.2857142985
60930  -34.352  -12.399  -4.341 0.2857142985
61831  -35.125  -9.871  -4.748 0.2857142985
60059  -33.848  -13.438  -4.392 0.2857142985
64322  -34.912  -8.016  -5.817 0.4285714328
55858  -26.916  -17.141  1.895 0.1428571492
59166  -33.211  -14.470  -3.003 0.2857142985
57402  -28.073  -15.435  1.255 0.1428571492
59146  -30.434  -14.214  -1.055 0.2857142985
49803  -24.656  -25.784  3.270 0.1428571492
48876  -25.243  -25.993  2.621 0.1428571492
125629  -34.417  -2.363  -4.728 0.2857142985
85077  -23.425  19.386  -4.637 0.1428571492
48892  -25.329  -25.722  2.553 0.1428571492
122416  -26.391  -22.421  3.454 0.1428571492
108027  -23.054  18.333  -4.606 0.1428571492
117906  -29.767  8.740  -3.668 0.5714285970
120712  -28.360  6.342  -3.584 0.4285714328
117565  -28.600  6.831  -3.528 0.4285714328
77312  -30.495  8.382  -3.519 0.5714285970
75795  -28.992  6.077  -3.407 0.4285714328
76568  -30.034  7.582  -3.364 0.5714285970
73576  -27.570  3.291  -4.328 0.4285714328
75067  -29.585  5.377  -3.236 0.4285714328
115653  -27.847  5.062  -3.784 0.4285714328
75066  -28.719  5.230  -3.478 0.5714285970
75797  -30.382  6.782  -3.336 0.5714285970
76569  -30.867  7.517  -3.420 0.5714285970
72713  -28.135  2.649  -4.038 0.5714285970
63445  -36.694  -8.492  -3.056 0.1428571492
63458  -36.262  -8.674  -4.246 0.1428571492
64317  -36.626  -7.861  -3.909 0.1428571492
57427  -23.674  -15.241  0.056 0.2857142985
124792  -35.221  -10.654  -4.423 0.1428571492
106409  -37.277  -9.113  -1.086 0.1428571492
62595  -37.047  -9.548  -1.703 0.1428571492
63414  -36.748  -8.596  -0.486 0.1428571492
115917  -37.145  -8.821  -1.904 0.1428571492
64274  -36.328  -7.711  -0.284 0.1428571492
56650  -24.091  -15.900  0.128 0.2857142985
60900  -35.434  -11.552  -2.293 0.1428571492
61789  -36.046  -11.036  -2.037 0.1428571492
60923  -35.673  -11.362  -3.094 0.1428571492
105898  -36.611  -10.422  -1.595 0.1428571492
111759  -36.415  -9.132  0.991 0.1428571492
62584  -37.080  -9.868  -0.874 0.1428571492
64997  -36.556  -6.342  2.959 0.1428571492
64244  -35.825  -7.395  1.791 0.1428571492
65014  -35.995  -6.584  2.082 0.1428571492
55860  -23.263  -16.982  0.568 0.2857142985
60016  -31.819  -13.041  -1.031 0.1428571492
60857  -33.330  -12.176  -0.953 0.1428571492
60034  -34.061  -12.657  -2.197 0.1428571492
60899  -34.888  -12.228  -2.728 0.1428571492
60880  -36.267  -10.960  -0.254 0.1428571492
60878  -34.805  -11.724  -1.270 0.1428571492
61762  -36.448  -10.745  0.488 0.1428571492
60879  -35.686  -11.284  -0.974 0.1428571492
62557  -36.353  -9.753  1.550 0.1428571492
63370  -35.872  -8.712  3.082 0.1428571492
107980  -36.289  -7.697  3.368 0.1428571492
110076  -35.883  -7.962  2.429 0.1428571492
55856  -23.205  -17.718  0.766 0.2857142985
55031  -22.811  -18.260  1.192 0.2857142985
59127  -30.292  -13.562  -0.131 0.1428571492
59994  -31.694  -12.603  -0.078 0.1428571492
60017  -32.456  -12.413  -0.541 0.1428571492
59995  -32.976  -11.942  -0.018 0.1428571492
60860  -35.864  -11.474  0.181 0.1428571492
60858  -33.937  -11.872  -0.397 0.1428571492
128256  -36.297  -11.024  1.562 0.1428571492
62531  -35.953  -9.636  2.470 0.1428571492
61736  -36.212  -10.412  1.971 0.1428571492
64998  -37.308  -6.310  3.439 0.1428571492
64209  -36.778  -6.949  3.519 0.1428571492
59105  -29.482  -14.067  0.205 0.1428571492
59106  -30.406  -13.474  0.864 0.1428571492
59980  -32.025  -12.636  0.986 0.1428571492
59107  -31.375  -13.280  1.402 0.1428571492
59982  -34.999  -12.528  1.067 0.1428571492
120117  -32.361  -12.291  0.278 0.1428571492
123567  -35.653  -12.590  1.494 0.1428571492
59997  -34.491  -12.106  0.470 0.1428571492
60848  -36.114  -11.976  0.951 0.1428571492
122633  -36.161  -9.137  3.960 0.1428571492
61722  -35.816  -10.466  2.839 0.1428571492
63337  -37.077  -7.548  4.072 0.1428571492
63354  -36.504  -8.349  4.039 0.1428571492
58271  -29.806  -13.945  1.412 0.1428571492
58270  -28.976  -14.497  0.836 0.1428571492
58251  -32.390  -14.449  2.639 0.1428571492
59087  -31.843  -13.758  2.266 0.1428571492
58272  -30.754  -13.731  1.928 0.1428571492
59108  -33.007  -12.950  1.530 0.1428571492
108881  -32.239  -13.293  1.741 0.1428571492
59128  -31.102  -13.040  0.412 0.1428571492
59091  -35.497  -13.386  1.992 0.1428571492
59090  -34.879  -13.879  2.067 0.1428571492
59966  -35.818  -12.798  2.064 0.1428571492
60819  -35.762  -11.291  3.088 0.1428571492
114219  -35.976  -12.317  1.586 0.1428571492
62532  -35.842  -9.743  3.403 0.1428571492
60849  -36.178  -11.704  1.536 0.1428571492
57385  -31.994  -15.089  3.140 0.1428571492
58250  -31.345  -14.397  2.686 0.1428571492
118448  -30.948  -15.091  3.253 0.1428571492
58252  -33.941  -14.970  2.525 0.1428571492
57386  -33.055  -15.232  2.803 0.1428571492
59089  -33.970  -14.216  2.265 0.1428571492
115587  -35.621  -13.411  2.577 0.1428571492
59088  -32.941  -13.771  2.197 0.1428571492
59981  -33.957  -12.529  1.190 0.1428571492
59167  -34.053  -13.686  -3.280 0.1428571492
64210  -37.671  -6.979  3.837 0.1428571492
65799  -37.916  -5.690  3.233 0.1428571492
112795  -36.721  -9.358  -0.070 0.1428571492
63385  -36.076  -8.902  1.979 0.1428571492
61824  -35.806  -10.658  -3.966 0.1428571492
64303  -36.817  -7.636  -2.899 0.1428571492
111289  -23.449  -19.202  0.849 0.2857142985
61723  -35.835  -10.633  3.766 0.1428571492
62533  -36.326  -9.909  4.459 0.1428571492
65816  -38.508  -5.057  2.962 0.1428571492
65815  -37.593  -4.989  2.804 0.1428571492
64229  -36.168  -7.117  2.737 0.1428571492
65798  -37.001  -5.612  3.038 0.1428571492
65043  -35.781  -6.853  0.441 0.1428571492
113602  -36.377  -5.778  2.308 0.1428571492
65109  -36.813  -7.114  -3.576 0.1428571492
108107  -36.529  -7.314  -4.520 0.1428571492
77311  -29.061  8.548  -3.644 0.4285714328
78870  -30.000  10.616  -4.477 0.4285714328
80392  -26.630  12.795  -11.231 0.1428571492
78071  -31.080  9.718  -4.245 0.4285714328
55032  -23.602  -18.402  0.672 0.2857142985
109568  -26.636  14.451  -10.638 0.1428571492
122152  -36.360  -9.182  -3.651 0.1428571492
118133  -32.082  -14.097  -1.927 0.1428571492
59147  -31.228  -13.818  -1.294 0.1428571492
117112  -35.259  -6.036  -6.102 0.1428571492
65936  -34.909  -4.910  -6.524 0.1428571492
61811  -35.984  -10.915  -3.109 0.1428571492
61790  -36.401  -10.235  -2.731 0.1428571492
63427  -36.864  -8.186  -1.340 0.1428571492
126264  -36.286  -10.666  -2.341 0.1428571492
63400  -36.383  -8.456  0.383 0.1428571492
64282  -36.724  -7.454  -2.012 0.1428571492
65065  -36.093  -6.728  -0.557 0.1428571492
64256  -35.917  -7.595  0.820 0.1428571492
61774  -36.303  -10.887  -1.084 0.1428571492
119707  -36.030  -8.267  1.403 0.1428571492
108652  -36.657  -10.280  -0.127 0.1428571492
59993  -31.098  -13.300  -0.528 0.1428571492
60033  -33.016  -13.141  -1.769 0.1428571492
120701  -34.154  -12.059  -1.400 0.1428571492
60859  -35.035  -11.691  -0.229 0.1428571492
60861  -36.207  -11.324  0.473 0.1428571492
62568  -36.575  -9.956  0.690 0.1428571492
59996  -33.592  -12.092  0.451 0.1428571492
120443  -32.948  -12.320  0.814 0.1428571492
59998  -35.609  -12.099  0.698 0.1428571492
60835  -36.060  -11.164  2.211 0.1428571492
58248  -29.410  -14.538  1.811 0.1428571492
58249  -30.180  -14.480  2.513 0.1428571492
59110  -34.958  -13.136  1.566 0.1428571492
59109  -33.982  -13.425  1.799 0.1428571492
60834  -35.911  -12.040  2.322 0.1428571492
122221  -35.727  -11.994  3.284 0.1428571492
111614  -33.246  -14.524  2.502 0.1428571492
50631  -21.015  -23.830  6.056 0.1428571492
50642  -22.469  -23.576  4.778 0.1428571492
51491  -20.314  -22.915  5.110 0.1428571492
50659  -21.584  -23.276  4.486 0.1428571492
121740  -21.681  -23.162  3.845 0.1428571492
52405  -22.483  -21.574  2.900 0.1428571492
53282  -21.937  -20.694  3.150 0.1428571492
53295  -22.108  -19.974  2.632 0.1428571492
53296  -22.726  -20.762  2.449 0.1428571492
54168  -22.816  -20.010  1.912 0.1428571492
53281  -20.986  -20.667  3.512 0.1428571492
54152  -21.250  -19.948  3.027 0.1428571492
54174  -22.850  -19.204  1.459 0.1428571492
55020  -21.554  -18.104  2.094 0.1428571492
55854  -21.169  -17.452  1.864 0.1428571492
56642  -22.489  -16.488  0.617 0.1428571492
55855  -22.471  -17.277  1.037 0.1428571492
57415  -22.393  -15.753  0.414 0.2857142985
56643  -23.271  -16.057  0.320 0.1428571492
57426  -22.934  -15.273  0.218 0.1428571492
58298  -24.053  -14.526  -0.428 0.1428571492
57425  -22.283  -14.957  0.255 0.2857142985
108202  -24.943  -13.269  -1.444 0.2857142985
62605  -24.811  -9.852  -3.066 0.4285714328
62607  -26.646  -9.831  -3.118 0.4285714328
62621  -26.262  -9.140  -3.180 0.4285714328
71871  -26.975  1.373  -4.660 0.2857142985
72729  -26.315  2.391  -4.880 0.2857142985
116207  -25.107  5.591  -4.565 0.2857142985
75794  -27.685  6.642  -3.740 0.2857142985
76567  -29.025  7.668  -3.539 0.2857142985
76566  -27.960  7.482  -3.627 0.4285714328
57414  -21.653  -15.493  0.445 0.1428571492
58297  -23.019  -14.521  -0.201 0.2857142985
127169  -24.558  -14.234  -0.650 0.1428571492
51520  -21.529  -22.655  3.726 0.1428571492
109121  -21.508  -18.742  2.382 0.1428571492
121171  -21.721  -17.162  1.365 0.1428571492
56631  -21.801  -16.626  0.936 0.1428571492
121386  -21.870  -16.112  0.601 0.1428571492
58296  -22.088  -14.254  -0.273 0.2857142985
59143  -23.487  -13.888  -0.632 0.2857142985
59142  -22.688  -13.610  -0.738 0.2857142985
59160  -23.479  -13.182  -1.056 0.2857142985
60027  -24.856  -12.475  -1.882 0.2857142985
60915  -25.210  -11.237  -2.531 0.4285714328
62604  -23.905  -9.678  -3.089 0.2857142985
70983  -25.761  0.123  -5.327 0.2857142985
71869  -25.156  1.463  -5.155 0.2857142985
122784  -26.514  1.805  -4.967 0.2857142985
72727  -24.573  2.267  -4.580 0.2857142985
73575  -26.724  3.201  -4.616 0.2857142985
74340  -27.693  4.179  -4.008 0.2857142985
75079  -25.625  4.900  -4.557 0.2857142985
75094  -23.641  4.678  -5.227 0.2857142985
75065  -27.129  5.847  -4.036 0.2857142985
111674  -24.209  -12.838  -1.459 0.2857142985
70982  -25.464  0.796  -5.407 0.2857142985
71879  -23.984  0.318  -5.555 0.2857142985
127461  -24.880  3.155  -4.577 0.2857142985
110756  -24.395  3.887  -5.019 0.2857142985
73574  -25.817  3.180  -4.677 0.2857142985
119258  -26.179  3.952  -4.516 0.2857142985
74358  -24.334  4.498  -5.105 0.2857142985
75081  -27.039  4.886  -4.169 0.2857142985
117910  -23.694  2.103  -4.524 0.2857142985
72741  -22.977  2.883  -5.025 0.2857142985
61805  -25.795  -10.736  -2.868 0.4285714328
62606  -25.771  -10.015  -3.185 0.4285714328
53297  -23.361  -20.962  1.372 0.1428571492
54175  -23.535  -20.260  0.922 0.1428571492
60048  -25.392  -11.898  -2.145 0.4285714328
111241  -22.150  -22.360  3.201 0.1428571492
115929  -28.125  5.859  -3.666 0.2857142985
128458  -25.872  4.432  -4.536 0.2857142985
55030  -21.999  -17.770  1.619 0.1428571492
55021  -22.161  -18.526  1.871 0.1428571492
50641  -20.939  -23.297  5.177 0.1428571492
52392  -20.782  -22.072  4.063 0.1428571492
52404  -21.519  -21.593  3.555 0.1428571492
54166  -21.547  -19.405  2.623 0.1428571492
54165  -20.741  -19.095  2.852 0.1428571492
58284  -21.477  -14.745  0.163 0.2857142985
61803  -24.154  -10.453  -2.863 0.4285714328
75080  -26.203  5.515  -4.345 0.2857142985
60047  -24.670  -11.770  -2.224 0.4285714328
73591  -22.972  3.786  -5.417 0.2857142985
107920  -23.863  -8.196  -3.301 0.2857142985
62620  -25.345  -9.101  -3.066 0.2857142985
65104  -25.375  -6.623  -3.595 0.2857142985
84487  -23.548  18.980  -12.414 0.1428571492
83849  -23.592  17.913  -12.286 0.1428571492
83850  -24.404  18.129  -11.451 0.1428571492
83200  -26.212  16.595  -10.292 0.1428571492
110406  -26.339  15.837  -10.342 0.1428571492
85135  -23.498  19.829  -12.764 0.1428571492
124203  -26.126  17.352  -10.223 0.1428571492
125436  -25.795  19.499  -8.978 0.1428571492
106557  -23.879  22.122  -9.281 0.1428571492
109922  -24.702  -7.054  -3.539 0.2857142985
109239  -23.931  -6.631  -3.944 0.2857142985
82546  -25.840  15.398  -10.895 0.1428571492
83209  -23.580  17.014  -12.148 0.1428571492
82547  -26.507  15.162  -10.473 0.1428571492
83840  -25.409  17.210  -10.930 0.1428571492
83199  -25.673  16.204  -10.915 0.1428571492
121980  -26.895  15.544  -9.918 0.1428571492
84472  -25.956  18.966  -9.448 0.1428571492
85131  -24.201  20.698  -11.089 0.1428571492
85759  -24.396  21.290  -10.288 0.1428571492
85127  -25.298  20.085  -9.791 0.1428571492
114186  -24.703  20.945  -9.312 0.1428571492
85755  -23.538  21.673  -8.567 0.1428571492
108175  -25.520  19.986  -8.766 0.1428571492
108927  -26.366  17.862  -9.569 0.1428571492
85136  -23.857  20.812  -12.145 0.1428571492
115812  -24.326  17.369  -11.581 0.1428571492
83841  -25.589  18.316  -10.542 0.1428571492
84478  -25.155  19.554  -10.702 0.1428571492
111438  -23.967  20.567  -12.486 0.1428571492
83210  -24.678  16.599  -11.476 0.1428571492
71866  -22.686  1.186  -5.206 0.1428571492
71867  -23.504  1.159  -5.072 0.1428571492
73592  -23.699  4.112  -5.303 0.1428571492
128012  -21.161  4.527  -5.335 0.1428571492
75076  -22.535  5.183  -4.895 0.1428571492
70993  -24.322  -0.443  -5.666 0.1428571492
74374  -22.974  4.291  -5.449 0.1428571492
115218  -22.490  5.999  -4.556 0.1428571492
75806  -22.522  6.888  -4.056 0.1428571492
66765  -24.267  -4.176  -5.707 0.2857142985
66754  -23.222  -4.110  -4.983 0.1428571492
119577  -22.186  -1.538  -5.095 0.1428571492
70139  -23.612  -1.292  -5.650 0.1428571492
70980  -21.894  -0.207  -5.354 0.1428571492
71015  -33.360  -0.280  -7.944 0.1428571492
126602  -21.868  1.422  -5.259 0.1428571492
75078  -24.287  5.137  -4.932 0.1428571492
75809  -25.652  6.417  -4.342 0.1428571492
75807  -23.408  6.528  -4.042 0.1428571492
76576  -24.170  6.698  -3.513 0.2857142985
119765  -26.189  7.804  -4.260 0.2857142985
79660  -26.486  11.282  -4.707 0.2857142985
78867  -26.184  10.703  -4.594 0.2857142985
81099  -26.533  12.656  -4.935 0.2857142985
121335  -22.455  15.836  -5.894 0.1428571492
81080  -26.487  13.369  -3.477 0.1428571492
77310  -28.168  8.290  -3.670 0.2857142985
75792  -25.686  7.231  -4.222 0.2857142985
78059  -27.384  8.838  -4.068 0.2857142985
118644  -29.395  11.342  -4.604 0.2857142985
78868  -27.650  10.398  -4.441 0.2857142985
111578  -26.782  10.120  -4.495 0.2857142985
80359  -28.670  12.671  -4.784 0.2857142985
128020  -26.894  10.714  -4.595 0.2857142985
78067  -25.994  9.993  -4.437 0.2857142985
81093  -27.959  13.197  -4.850 0.2857142985
81808  -25.521  13.742  -4.938 0.1428571492
79659  -25.788  11.460  -4.501 0.2857142985
106911  -25.291  16.931  -3.838 0.1428571492
77316  -25.498  9.020  -3.696 0.1428571492
77307  -25.052  8.599  -2.881 0.1428571492
76562  -23.072  7.745  -3.462 0.2857142985
78866  -25.782  10.705  -4.371 0.2857142985
81098  -25.832  12.714  -4.993 0.1428571492
79669  -25.869  11.939  -4.837 0.2857142985
80354  -25.668  12.676  -4.421 0.1428571492
75790  -20.520  6.383  -4.262 0.2857142985
117129  -25.595  10.204  -2.776 0.1428571492
80351  -27.294  12.705  -2.949 0.1428571492
79654  -25.942  11.484  -3.492 0.1428571492
75056  -18.742  4.690  -3.014 0.1428571492
114994  -32.794  -0.229  -8.637 0.1428571492
113214  -34.666  -1.504  -6.566 0.1428571492
69294  -23.316  -2.089  -5.495 0.1428571492
70130  -21.368  -0.778  -4.984 0.1428571492
70156  -33.311  -1.753  -8.778 0.1428571492
122639  -21.011  0.214  -5.124 0.1428571492
71865  -20.276  1.919  -5.062 0.1428571492
111070  -21.055  2.221  -5.245 0.1428571492
73571  -21.476  4.133  -5.676 0.1428571492
74357  -22.965  4.790  -5.144 0.1428571492
75805  -21.466  6.487  -4.273 0.1428571492
75077  -23.399  5.425  -4.751 0.1428571492
75791  -22.173  7.611  -3.573 0.2857142985
76565  -25.400  7.854  -3.885 0.1428571492
77309  -26.380  8.648  -4.272 0.2857142985
77308  -25.697  8.510  -4.066 0.1428571492
77318  -26.598  9.398  -4.371 0.1428571492
78862  -25.547  10.343  -3.833 0.2857142985
79657  -25.635  11.534  -4.093 0.1428571492
80349  -25.700  12.128  -3.920 0.1428571492
111979  -26.522  12.103  -3.274 0.1428571492
81800  -25.662  13.996  -3.937 0.1428571492
71008  -33.850  -0.667  -7.320 0.1428571492
70157  -33.938  -1.601  -8.067 0.1428571492
124829  -29.238  12.165  -4.771 0.2857142985
82485  -25.021  14.249  -4.875 0.1428571492
82479  -25.231  14.441  -4.129 0.1428571492
80366  -25.908  12.320  -4.984 0.2857142985
122993  -25.926  13.233  -5.042 0.2857142985
81088  -25.650  13.325  -4.222 0.1428571492
126258  -24.646  16.832  -4.029 0.1428571492
78070  -29.601  9.941  -4.256 0.2857142985
68478  -22.887  -2.507  -5.346 0.1428571492
113274  -22.391  -2.899  -4.970 0.1428571492
118954  -29.207  10.545  -4.397 0.2857142985
128444  -26.401  6.149  -4.229 0.1428571492
75793  -26.535  6.790  -4.126 0.1428571492
121778  -27.109  7.361  -3.917 0.1428571492
70981  -22.462  0.226  -5.428 0.1428571492
72726  -22.117  2.407  -5.115 0.1428571492
113231  -22.113  3.568  -5.477 0.1428571492
126260  -21.235  0.993  -5.299 0.1428571492
73572  -22.332  4.094  -5.621 0.1428571492
74356  -22.164  4.592  -5.276 0.1428571492
70991  -23.214  -0.726  -5.629 0.1428571492
75808  -24.260  5.889  -4.378 0.1428571492
70137  -22.457  -1.129  -5.365 0.1428571492
116612  -24.856  6.295  -4.237 0.2857142985
76575  -23.899  7.298  -2.972 0.2857142985
78060  -28.356  9.092  -3.873 0.2857142985
119738  -27.198  8.074  -3.913 0.2857142985
79670  -26.097  11.887  -4.925 0.2857142985
80358  -27.035  11.874  -4.758 0.2857142985
78066  -25.623  9.818  -4.097 0.1428571492
81791  -26.849  14.001  -3.387 0.1428571492
78068  -27.574  9.620  -4.271 0.2857142985
78869  -28.452  10.861  -4.478 0.2857142985
113539  -28.310  11.801  -4.605 0.2857142985
77317  -25.849  9.248  -4.287 0.1428571492
79661  -27.478  11.148  -4.587 0.2857142985
81092  -25.757  13.177  -4.847 0.1428571492
119375  -25.630  11.018  -4.138 0.2857142985
84418  -24.504  18.196  -4.042 0.1428571492
80353  -25.710  12.057  -4.489 0.2857142985
80350  -26.057  12.760  -3.658 0.1428571492
59126  -20.384  -13.763  -0.148 0.1428571492
117542  -21.894  -13.686  -0.775 0.1428571492
59158  -22.040  -13.093  -1.314 0.1428571492
59139  -20.176  -12.956  -0.317 0.1428571492
60877  -20.132  -11.355  -0.969 0.1428571492
61781  -20.409  -10.491  -1.314 0.1428571492
60025  -21.151  -12.129  -1.364 0.1428571492
60890  -21.747  -11.586  -1.800 0.1428571492
60892  -23.152  -11.877  -2.260 0.1428571492
62590  -20.995  -9.656  -1.849 0.1428571492
61802  -22.527  -10.385  -2.555 0.1428571492
60914  -24.413  -11.156  -2.580 0.1428571492
62603  -22.467  -9.681  -2.694 0.1428571492
121886  -23.212  -10.262  -2.840 0.1428571492
62589  -20.111  -9.514  -1.360 0.1428571492
62601  -21.096  -8.849  -2.152 0.1428571492
63439  -23.085  -9.271  -3.043 0.1428571492
63452  -23.002  -8.211  -3.239 0.1428571492
65103  -23.243  -6.023  -4.208 0.1428571492
65114  -23.487  -5.146  -4.864 0.1428571492
76555  -22.219  8.383  -3.258 0.1428571492
126426  -22.198  -11.995  -1.932 0.1428571492
114083  -24.218  -12.207  -1.871 0.1428571492
58283  -20.632  -14.534  0.143 0.1428571492
124562  -19.624  -13.397  0.218 0.1428571492
116979  -20.522  -11.931  -1.093 0.1428571492
78058  -25.394  9.567  -3.267 0.1428571492
122844  -23.852  -4.717  -5.296 0.1428571492
62619  -24.414  -9.022  -3.145 0.1428571492
59141  -21.519  -13.392  -0.864 0.1428571492
58295  -21.266  -13.980  -0.370 0.1428571492
59159  -22.849  -12.853  -1.240 0.1428571492
60015  -21.346  -12.831  -1.156 0.1428571492
60014  -20.665  -12.553  -0.881 0.1428571492
60876  -19.455  -11.408  -0.483 0.1428571492
60889  -20.874  -11.381  -1.407 0.1428571492
61782  -21.360  -10.689  -1.781 0.1428571492
61801  -21.905  -10.091  -2.229 0.1428571492
61783  -22.182  -10.899  -2.217 0.1428571492
60891  -22.602  -11.590  -2.269 0.1428571492
62602  -21.734  -9.265  -2.431 0.1428571492
63421  -20.415  -8.704  -1.747 0.1428571492
60912  -22.801  -10.933  -2.605 0.1428571492
63438  -22.329  -8.802  -2.864 0.1428571492
62580  -19.370  -9.473  -0.999 0.1428571492
58267  -19.293  -14.671  1.019 0.1428571492
48891  -24.847  -25.968  1.968 0.1428571492
49840  -24.644  -25.609  1.752 0.1428571492
51521  -22.924  -24.044  2.332 0.4285714328
52433  -24.006  -21.659  0.281 0.2857142985
54167  -22.182  -19.271  2.204 0.1428571492
54182  -24.121  -19.978  0.567 0.2857142985
55863  -25.251  -17.883  0.002 0.4285714328
56630  -21.114  -16.738  1.317 0.1428571492
56633  -27.214  -16.462  1.528 0.1428571492
56653  -26.105  -16.339  -0.337 0.4285714328
57440  -29.931  -16.191  -2.781 0.2857142985
57449  -30.356  -16.142  -3.428 0.2857142985
57450  -31.031  -15.665  -4.340 0.2857142985
58269  -28.421  -14.999  0.857 0.2857142985
58326  -31.749  -15.607  -4.377 0.2857142985
58331  -31.829  -15.102  -5.519 0.4285714328
58333  -33.030  -14.850  -4.485 0.2857142985
58335  -32.313  -14.859  -5.643 0.2857142985
58336  -32.684  -14.802  -4.933 0.2857142985
59140  -20.882  -13.267  -0.646 0.1428571492
59144  -24.249  -13.700  -0.913 0.1428571492
59179  -33.722  -14.463  -4.019 0.2857142985
59183  -31.851  -14.928  -5.620 0.2857142985
59184  -32.727  -14.196  -4.670 0.2857142985
60026  -22.567  -12.301  -1.798 0.1428571492
60031  -27.956  -13.558  -1.729 0.5714285970
60046  -23.899  -11.748  -2.210 0.1428571492
60049  -28.942  -13.929  -2.085 0.5714285970
60913  -23.427  -11.191  -2.616 0.1428571492
60916  -25.908  -11.373  -2.457 0.5714285970
60929  -33.525  -12.543  -4.334 0.4285714328
61751  -36.440  -10.530  1.205 0.1428571492
61785  -30.289  -10.991  -1.149 0.8571428657
61804  -25.061  -10.560  -2.850 0.4285714328
61812  -36.120  -9.877  -3.726 0.1428571492
61825  -35.466  -10.081  -4.490 0.2857142985
62592  -32.226  -9.351  -1.386 0.7142857313
62612  -36.657  -9.349  -2.735 0.1428571492
62618  -23.624  -8.906  -3.210 0.1428571492
62629  -35.162  -9.448  -4.976 0.2857142985
63426  -33.254  -8.918  -1.804 0.5714285970
63440  -27.913  -8.799  -2.899 0.4285714328
63442  -29.951  -8.131  -2.257 0.7142857313
63453  -24.826  -8.082  -3.165 0.5714285970
64279  -31.999  -7.742  -1.414 0.7142857313
64311  -24.116  -7.501  -3.503 0.2857142985
64313  -26.246  -7.313  -3.318 0.5714285970
64323  -35.057  -8.176  -5.777 0.2857142985
65094  -34.480  -6.250  -3.210 0.4285714328
65107  -28.037  -6.252  -3.347 0.7142857313
65121  -34.940  -6.545  -6.165 0.1428571492
65905  -34.292  -5.396  -2.680 0.4285714328
65914  -25.294  -5.636  -4.181 0.4285714328
65916  -27.567  -5.457  -3.464 0.5714285970
65924  -24.263  -5.193  -5.097 0.1428571492
65925  -25.031  -5.085  -5.649 0.4285714328
65931  -34.902  -5.427  -6.201 0.1428571492
65932  -34.949  -5.771  -6.234 0.1428571492
66715  -32.209  -4.971  -1.465 0.7142857313
66736  -29.770  -4.322  -2.321 0.8571428657
66747  -27.882  -4.790  -3.303 0.7142857313
66753  -22.561  -4.096  -4.659 0.1428571492
66757  -25.139  -4.700  -6.215 0.5714285970
66764  -23.703  -3.984  -5.364 0.4285714328
66766  -24.911  -4.443  -6.257 0.4285714328
66772  -34.906  -4.362  -6.645 0.1428571492
67617  -32.362  -3.299  -1.618 0.8571428657
67636  -28.308  -4.085  -2.868 0.8571428657
67638  -30.075  -3.557  -2.109 0.8571428657
67650  -28.371  -3.009  -2.423 0.8571428657
67660  -26.588  -3.757  -4.493 0.5714285970
67666  -23.869  -3.576  -5.536 0.4285714328
68451  -31.200  -1.975  -1.576 0.8571428657
68464  -34.409  -2.757  -4.572 0.4285714328
68473  -34.542  -2.688  -5.458 0.4285714328
68480  -24.106  -2.960  -5.635 0.4285714328
68481  -24.813  -3.206  -5.919 0.5714285970
68483  -25.703  -2.574  -5.860 0.5714285970
69269  -33.535  -1.777  -2.384 0.5714285970
69288  -26.544  -1.973  -5.108 0.5714285970
69293  -22.846  -1.816  -5.421 0.1428571492
69295  -23.812  -2.154  -5.567 0.2857142985
69298  -25.435  -1.811  -5.582 0.5714285970
69299  -26.006  -1.404  -5.322 0.5714285970
70110  -32.146  -0.344  -1.806 0.8571428657
70121  -27.914  0.002  -3.693 0.8571428657
70138  -23.155  -1.366  -5.571 0.1428571492
70141  -24.614  -0.988  -5.626 0.2857142985
70142  -25.297  -0.965  -5.510 0.2857142985
70958  -31.662  0.965  -2.188 1.0000000000
70967  -27.410  0.693  -4.150 0.4285714328
70969  -28.884  0.800  -2.972 0.8571428657
70979  -20.346  0.970  -4.924 0.1428571492
70990  -22.729  -0.732  -5.510 0.1428571492
70992  -23.743  -0.635  -5.705 0.1428571492
70994  -24.972  -0.196  -5.586 0.2857142985
71843  -30.073  1.610  -2.594 1.0000000000
71868  -24.298  1.290  -5.002 0.1428571492
71880  -24.714  0.525  -5.512 0.2857142985
71882  -33.822  0.646  -6.068 0.2857142985
71895  -32.738  2.241  -7.773 0.4285714328
72699  -31.489  2.302  -2.589 0.8571428657
72728  -25.465  2.362  -4.799 0.2857142985
72730  -27.230  2.351  -4.595 0.2857142985
72742  -33.586  2.429  -5.489 0.4285714328
72765  -32.323  2.973  -8.300 0.4285714328
73549  -28.314  3.533  -3.820 0.4285714328
73554  -32.751  3.456  -3.562 0.8571428657
73573  -23.861  3.233  -4.750 0.2857142985
74341  -28.466  4.402  -3.612 0.7142857313
74346  -32.828  4.174  -3.880 0.8571428657
74359  -26.338  4.643  -4.398 0.2857142985
74360  -26.945  4.029  -4.345 0.2857142985
74382  -32.981  4.525  -6.299 0.8571428657
74388  -32.589  4.229  -7.654 0.5714285970
75068  -30.936  5.268  -3.309 1.0000000000
75069  -31.469  5.864  -3.554 0.8571428657
75082  -32.546  5.492  -4.172 1.0000000000
75103  -32.833  5.907  -5.875 0.8571428657
75796  -29.919  6.095  -3.218 0.5714285970
75798  -31.165  6.670  -3.513 0.8571428657
75810  -32.337  6.253  -4.217 0.8571428657
75817  -32.772  6.376  -5.271 0.8571428657
76577  -25.022  7.142  -3.778 0.1428571492
76584  -32.745  7.080  -6.700 0.8571428657
76602  -31.493  7.690  -8.221 0.1428571492
77320  -31.779  8.620  -4.130 0.8571428657
77321  -32.378  8.625  -4.590 1.0000000000
77331  -32.487  8.817  -6.831 0.7142857313
77356  -29.231  8.230  -10.134 0.1428571492
78061  -29.269  9.280  -3.865 0.2857142985
78062  -30.253  9.301  -3.971 0.4285714328
78069  -28.591  9.966  -4.215 0.2857142985
78072  -31.912  9.344  -4.439 1.0000000000
78077  -32.632  9.354  -5.584 1.0000000000
78859  -25.667  10.851  -3.676 0.1428571492
78871  -30.944  10.537  -4.564 0.5714285970
78876  -25.943  11.357  -4.719 0.2857142985
78878  -32.395  9.914  -5.881 0.8571428657
78880  -31.867  10.685  -6.744 0.7142857313
78900  -27.879  10.560  -10.782 0.1428571492
78901  -28.444  10.275  -10.533 0.1428571492
79662  -30.430  11.275  -4.755 0.4285714328
79672  -31.458  11.269  -5.559 0.8571428657
79685  -30.514  11.401  -9.198 0.4285714328
80357  -25.817  12.484  -4.867 0.2857142985
80369  -30.610  12.532  -5.618 0.4285714328
80376  -31.387  12.175  -6.631 0.7142857313
80388  -29.336  12.540  -9.677 0.1428571492
81120  -30.365  13.142  -8.223 0.7142857313
81806  -25.448  13.940  -4.700 0.1428571492
81811  -28.913  14.487  -5.656 0.7142857313
81827  -30.344  13.926  -7.026 0.7142857313
81837  -28.819  14.715  -8.814 0.2857142985
81847  -27.799  14.667  -9.800 0.2857142985
82536  -27.126  14.889  -10.160 0.2857142985
83122  -23.057  16.504  -4.687 0.1428571492
83170  -27.805  16.901  -7.074 0.4285714328
83190  -26.737  16.249  -9.716 0.2857142985
83763  -24.837  17.651  -3.724 0.1428571492
83810  -27.836  17.041  -7.741 0.2857142985
84427  -22.574  17.312  -5.106 0.1428571492
85095  -22.810  19.380  -5.677 0.1428571492
85750  -22.516  20.993  -7.643 0.1428571492
106707  -21.839  -12.386  -1.636 0.1428571492
107386  -24.026  16.642  -4.370 0.1428571492
109087  -34.083  -8.303  -2.778 0.5714285970
109227  -23.676  -22.332  1.470 0.2857142985
109645  -31.866  1.682  -2.433 1.0000000000
109673  -27.501  15.944  -9.442 0.1428571492
109937  -31.846  9.921  -7.713 0.4285714328
110385  -23.471  -12.395  -1.678 0.2857142985
110727  -31.395  3.799  -3.084 0.8571428657
111644  -32.421  5.017  -7.719 0.5714285970
111662  -34.488  -7.092  -3.801 0.4285714328
112543  -27.602  -6.855  -3.367 0.5714285970
112758  -36.889  -8.101  -2.236 0.1428571492
113455  -36.329  -11.331  0.930 0.1428571492
113781  -25.092  -2.742  -5.870 0.5714285970
113824  -33.446  -0.951  -2.353 0.4285714328
115029  -25.085  -3.943  -6.323 0.4285714328
115277  -29.527  8.796  -9.873 0.1428571492
115370  -23.289  0.135  -5.493 0.2857142985
115500  -29.709  3.951  -3.058 0.8571428657
116936  -36.622  -10.531  -0.764 0.1428571492
117670  -31.337  10.867  -8.299 0.5714285970
117875  -29.516  6.836  -3.355 0.4285714328
118357  -31.582  7.337  -3.745 1.0000000000
118721  -23.534  -1.705  -5.560 0.2857142985
119043  -29.702  8.194  -3.506 0.5714285970
119222  -26.742  -3.137  -5.717 0.7142857313
120298  -33.495  2.111  -4.033 0.7142857313
120370  -24.493  -6.039  -4.269 0.2857142985
120626  -21.365  7.282  -3.789 0.2857142985
121078  -29.468  -8.488  -2.345 0.8571428657
121480  -30.165  -6.555  -2.367 0.8571428657
121510  -29.264  -12.505  -1.685 0.5714285970
121814  -25.927  1.665  -5.197 0.2857142985
121876  -29.998  -16.330  -3.128 0.2857142985
122021  -26.058  14.784  -10.906 0.1428571492
123069  -24.869  4.892  -4.848 0.2857142985
123255  -23.025  1.972  -4.818 0.2857142985
125089  -24.502  19.033  -11.405 0.1428571492
125104  -32.144  -14.942  -5.701 0.2857142985
125405  -32.994  4.726  -4.879 0.8571428657
125808  -33.424  1.649  -6.792 0.5714285970
126333  -24.806  -2.221  -5.677 0.5714285970
126377  -35.749  -6.895  1.291 0.1428571492
126675  -23.276  -1.744  -5.523 0.2857142985
127065  -32.812  5.735  -5.228 0.8571428657
127620  -28.574  -8.582  -2.672 0.7142857313
127621  -27.747  12.480  -4.711 0.2857142985
128255  -33.481  0.235  -7.363 0.1428571492
128308  -25.223  4.122  -4.729 0.2857142985
128331  -32.797  -3.615  -1.675 0.7142857313
