#!ascii label  , from subject sub-v2s18x29513_ses-1 vox2ras=TkReg
1038
11282  28.912  -70.807  4.570 0.3000000119
13761  35.326  -66.793  0.124 0.6000000238
109106  33.317  -61.714  0.323 0.6999999881
19371  32.597  -60.390  0.651 0.6999999881
11281  29.528  -70.536  4.206 0.4000000060
120653  32.963  -71.521  -1.709 0.4000000060
11280  30.130  -70.046  4.443 0.5000000000
107712  30.824  -69.442  4.718 0.5000000000
14576  35.931  -65.798  -0.235 0.6999999881
15384  35.121  -64.709  0.920 0.6999999881
15383  35.742  -64.810  0.050 0.5000000000
18545  34.474  -61.344  0.003 0.6000000238
17744  34.090  -62.181  0.072 0.6000000238
117891  33.782  -60.646  0.347 0.6999999881
21074  33.111  -58.485  0.830 0.6999999881
11292  30.776  -70.441  2.886 0.5000000000
116047  33.367  -71.630  -1.094 0.4000000060
11293  30.043  -70.616  3.428 0.6000000238
12121  34.172  -70.159  -1.649 0.4000000060
12908  34.562  -69.336  -1.352 0.5000000000
12074  31.492  -69.922  3.178 0.6000000238
12897  34.304  -68.458  -1.101 0.6000000238
13775  35.085  -67.724  -0.741 0.6000000238
12073  32.378  -69.414  3.482 0.6000000238
14585  36.425  -65.934  -0.455 0.6000000238
16953  35.355  -63.206  -0.032 0.6000000238
18544  35.205  -61.290  -0.058 0.6000000238
20202  34.400  -59.138  0.919 0.6999999881
20206  34.565  -59.881  0.707 0.6999999881
21068  34.158  -58.366  0.929 0.6999999881
21073  33.989  -58.059  0.746 0.6999999881
22860  33.536  -56.821  0.562 0.6999999881
21953  34.263  -57.355  0.718 0.6999999881
21952  34.361  -56.828  0.606 0.6999999881
23708  34.236  -55.966  0.604 0.6999999881
117844  34.503  -56.115  0.841 0.6999999881
120940  30.787  -70.800  2.139 0.5000000000
107406  32.035  -70.782  0.450 0.5000000000
11332  31.879  -70.854  -0.388 0.5000000000
11368  34.139  -71.162  -1.684 0.4000000060
11303  31.388  -70.415  2.278 0.5000000000
12895  36.042  -69.109  -0.767 0.5000000000
13774  36.007  -67.678  -0.827 0.6000000238
12072  33.387  -69.101  3.393 0.6000000238
107345  32.996  -69.525  2.525 0.5000000000
109522  34.999  -69.740  1.786 0.5000000000
15391  36.290  -64.941  -0.413 0.6999999881
16952  36.220  -63.143  -0.219 0.6000000238
19366  35.272  -60.900  0.416 0.6000000238
18543  35.548  -61.564  0.164 0.6000000238
20199  34.713  -59.745  0.895 0.6000000238
19370  34.881  -60.658  0.253 0.6000000238
21065  34.233  -58.299  1.121 0.6000000238
114184  34.329  -56.971  1.259 0.6999999881
23704  33.480  -55.821  0.593 0.6999999881
128041  34.034  -56.674  1.839 0.6000000238
23702  34.416  -55.578  0.832 0.6999999881
117562  34.130  -55.198  0.632 0.6999999881
22851  34.360  -56.259  1.338 0.6999999881
11348  34.373  -71.357  -1.185 0.4000000060
11302  32.016  -70.477  1.420 0.5000000000
11313  33.448  -71.349  -0.209 0.4000000060
12110  36.487  -70.282  -0.326 0.5000000000
127613  36.738  -68.329  -0.488 0.6000000238
12097  33.624  -70.576  0.860 0.4000000060
107909  36.472  -66.755  -0.594 0.6000000238
12084  33.473  -69.786  1.779 0.4000000060
12096  34.841  -70.719  0.652 0.4000000060
12094  37.150  -70.408  1.428 0.4000000060
15390  37.118  -65.184  -0.389 0.6999999881
17747  36.442  -62.895  0.062 0.6000000238
17742  35.943  -62.156  0.269 0.6000000238
20200  34.362  -59.525  1.455 0.6000000238
18540  35.267  -60.658  0.888 0.6000000238
21946  33.537  -57.929  2.297 0.6000000238
25239  33.581  -53.883  0.638 0.6999999881
118162  34.492  -54.100  0.947 0.6999999881
24485  34.415  -54.783  1.336 0.6000000238
24490  34.523  -54.771  0.947 0.6000000238
11312  34.805  -71.313  -0.115 0.4000000060
12103  37.229  -70.149  0.278 0.4000000060
13773  37.088  -67.291  -0.443 0.6999999881
11309  37.230  -70.433  0.806 0.4000000060
15389  37.762  -65.228  0.019 0.8000000119
12082  36.946  -70.176  2.158 0.5000000000
16954  37.009  -63.626  -0.076 0.6999999881
17741  36.480  -62.788  0.512 0.6000000238
19363  34.088  -60.045  2.185 0.5000000000
18539  35.589  -61.463  0.741 0.6000000238
25234  32.917  -53.306  0.806 0.6999999881
22849  32.791  -56.721  3.114 0.6000000238
21950  33.650  -57.125  2.269 0.6000000238
25238  34.289  -53.707  0.707 0.8000000119
25933  33.906  -53.039  0.577 0.8000000119
23699  33.142  -55.416  2.684 0.6000000238
23698  34.095  -55.499  1.824 0.6000000238
12884  37.702  -68.422  0.619 0.5000000000
12894  37.415  -68.386  -0.036 0.6000000238
12872  37.841  -69.281  1.174 0.5000000000
124839  38.089  -68.747  2.402 0.6999999881
12093  37.640  -70.019  1.579 0.4000000060
16950  37.493  -64.073  0.269 0.6999999881
17737  36.113  -62.338  0.899 0.6999999881
18536  34.116  -60.825  2.400 0.6000000238
18534  35.425  -62.128  1.566 0.6000000238
109754  32.836  -58.981  3.488 0.6000000238
26643  33.621  -51.669  0.916 0.6000000238
21947  32.895  -57.557  3.164 0.6000000238
25232  34.643  -53.263  0.927 0.6999999881
26645  34.836  -51.926  0.738 0.6999999881
24483  32.739  -54.638  2.993 0.6999999881
24486  33.701  -54.745  2.263 0.6999999881
25226  34.813  -52.969  1.055 0.6999999881
13758  37.763  -67.748  1.152 0.5000000000
14574  37.824  -66.812  0.786 0.6000000238
14575  37.835  -66.670  0.373 0.6000000238
14554  37.702  -66.945  2.118 0.6999999881
13746  37.812  -68.055  1.638 0.6000000238
14582  37.893  -65.944  0.198 0.6999999881
14540  37.736  -67.330  3.349 0.6999999881
13715  38.121  -68.261  3.063 0.6999999881
16940  37.326  -63.831  0.699 0.6999999881
112506  35.922  -62.769  1.537 0.6999999881
19359  33.420  -60.418  2.998 0.5000000000
17732  34.783  -62.141  2.318 0.6000000238
26638  32.509  -51.265  1.650 0.5000000000
107963  32.408  -58.153  3.909 0.6000000238
20194  32.870  -59.921  3.593 0.6000000238
27458  33.963  -50.832  1.112 0.6000000238
27452  32.993  -50.309  2.044 0.5000000000
22843  32.072  -56.215  3.726 0.6000000238
21061  33.010  -58.254  3.129 0.6000000238
26641  35.154  -51.243  0.923 0.6000000238
27457  34.867  -50.510  0.812 0.5000000000
28334  34.729  -49.337  1.828 0.5000000000
23696  32.339  -55.387  3.396 0.6999999881
25222  33.413  -53.138  2.759 0.6999999881
25923  34.431  -52.665  1.958 0.6999999881
26636  35.306  -51.210  1.514 0.5000000000
25223  32.462  -53.743  3.418 0.6999999881
26637  34.758  -51.835  2.147 0.6000000238
15375  37.896  -65.336  0.779 0.6000000238
114283  37.704  -65.909  1.862 0.6999999881
14565  37.877  -66.020  1.243 0.6000000238
15358  36.667  -65.773  3.660 0.6999999881
16194  37.165  -64.011  1.274 0.6999999881
17731  35.276  -62.859  2.428 0.6999999881
16929  35.978  -63.402  1.953 0.6999999881
18530  33.524  -61.270  3.340 0.6000000238
28330  32.668  -49.489  2.887 0.4000000060
19356  32.910  -60.766  3.875 0.5000000000
28329  33.713  -48.913  2.619 0.4000000060
23690  31.684  -55.425  4.080 0.6000000238
21940  32.132  -57.159  3.911 0.6000000238
27455  35.247  -50.480  0.994 0.5000000000
28336  34.998  -50.027  1.028 0.5000000000
27442  35.517  -50.092  2.148 0.4000000060
24477  31.975  -54.636  3.717 0.6000000238
25918  32.663  -52.679  3.630 0.6999999881
25917  33.669  -52.290  2.937 0.6000000238
26628  34.005  -51.469  3.131 0.5000000000
121878  36.443  -64.958  2.981 0.6000000238
15367  37.166  -65.309  2.283 0.6999999881
16182  37.369  -64.655  1.517 0.6999999881
16154  35.523  -64.819  4.861 0.6999999881
16153  36.039  -64.892  3.907 0.6999999881
16184  36.131  -63.927  2.333 0.6000000238
17724  34.481  -62.541  3.178 0.6000000238
19357  32.533  -60.183  4.465 0.6000000238
21051  32.302  -58.859  4.364 0.6000000238
22844  31.564  -56.158  4.470 0.6000000238
21052  31.812  -57.832  4.707 0.6000000238
28335  35.380  -50.001  1.522 0.4000000060
29172  35.206  -48.856  2.361 0.5000000000
29173  34.649  -48.502  2.628 0.4000000060
29171  35.410  -48.703  2.670 0.4000000060
26629  33.060  -51.872  3.699 0.5000000000
16907  35.320  -64.151  3.927 0.6999999881
16167  35.939  -64.378  2.985 0.6000000238
16899  34.945  -64.174  4.989 0.6999999881
16908  34.740  -63.625  4.384 0.6000000238
16916  34.882  -63.326  3.498 0.6000000238
16892  34.854  -63.918  5.965 0.6999999881
17719  33.555  -62.286  4.817 0.5000000000
21043  31.540  -58.167  5.592 0.6000000238
121955  32.164  -59.493  5.032 0.6000000238
21042  31.903  -58.635  4.986 0.6000000238
22835  31.235  -56.308  5.337 0.5000000000
24478  31.442  -54.681  4.501 0.6000000238
25217  31.867  -53.221  4.171 0.6000000238
127228  32.524  -52.140  4.015 0.5000000000
17706  33.836  -62.931  6.457 0.6999999881
17711  33.926  -62.920  5.436 0.6999999881
18523  33.041  -61.674  5.252 0.6000000238
19352  32.350  -60.382  5.353 0.5000000000
21917  31.240  -57.682  6.412 0.6000000238
20180  31.695  -58.993  5.742 0.6000000238
23683  30.890  -55.492  5.650 0.6000000238
24469  30.962  -54.733  5.295 0.6000000238
25910  32.066  -52.399  4.327 0.5000000000
12835  35.935  -68.751  4.456 0.5000000000
12068  38.050  -69.503  3.565 0.5000000000
12834  37.185  -69.236  4.731 0.5000000000
12054  37.820  -69.476  4.114 0.5000000000
12850  38.412  -69.002  3.518 0.6999999881
13686  38.614  -68.319  5.050 0.6999999881
12833  38.619  -69.152  4.545 0.5000000000
122242  38.972  -69.167  5.349 0.5000000000
14531  37.683  -67.358  4.473 0.6999999881
13699  38.330  -68.258  4.119 0.6999999881
14541  37.218  -66.644  3.817 0.6999999881
11273  29.510  -70.239  5.153 0.3000000119
20208  33.609  -58.946  0.780 0.6999999881
17743  34.782  -62.570  -0.015 0.6000000238
21957  34.179  -57.156  0.580 0.6999999881
24496  33.458  -54.742  0.632 0.6999999881
124728  37.420  -70.083  2.142 0.6000000238
21060  33.533  -58.656  2.438 0.6000000238
25227  34.240  -53.492  1.802 0.6999999881
26642  34.761  -51.241  0.731 0.6000000238
25922  35.121  -52.046  1.153 0.6999999881
27456  35.078  -50.617  0.818 0.6000000238
27451  34.418  -50.072  1.290 0.5000000000
113520  33.704  -49.602  2.099 0.5000000000
27444  34.432  -50.693  3.338 0.5000000000
17725  33.799  -62.095  3.772 0.5000000000
16900  34.468  -63.497  5.191 0.6999999881
18524  32.725  -60.960  4.814 0.5000000000
23691  31.263  -55.469  4.882 0.6000000238
25218  31.299  -53.812  4.934 0.6000000238
21930  31.395  -57.281  5.482 0.6000000238
18515  32.977  -61.730  6.148 0.5000000000
15309  38.346  -66.512  6.541 0.6000000238
17684  39.351  -62.591  8.084 0.6000000238
19316  39.359  -60.988  8.108 0.4000000060
16882  38.618  -64.153  7.611 0.5000000000
14495  38.389  -67.291  6.050 0.6000000238
13776  34.221  -68.166  -0.694 0.5000000000
19332  39.492  -60.318  7.443 0.4000000060
13747  34.601  -67.193  1.014 0.5000000000
16873  39.041  -63.456  7.867 0.5000000000
20167  38.479  -59.122  6.285 0.4000000060
13762  34.512  -67.642  0.033 0.5000000000
15376  34.723  -65.501  1.586 0.5000000000
125113  38.454  -62.094  8.459 0.6000000238
14566  35.381  -65.697  0.740 0.5000000000
16126  38.114  -64.820  7.382 0.5000000000
14516  37.707  -67.218  5.432 0.6000000238
20179  39.192  -59.124  4.967 0.4000000060
21040  38.804  -58.363  4.158 0.4000000060
19317  38.402  -60.759  8.397 0.4000000060
15369  33.590  -65.685  2.714 0.5000000000
109218  38.034  -63.419  8.158 0.5000000000
16185  34.379  -64.477  1.592 0.5000000000
16930  33.249  -63.563  2.191 0.5000000000
15299  37.591  -65.416  7.006 0.6000000238
15310  36.921  -65.760  6.502 0.6000000238
14517  36.808  -66.364  5.518 0.6000000238
16942  34.164  -62.897  0.472 0.5000000000
17745  32.344  -62.008  0.791 0.5000000000
121604  32.676  -63.272  2.464 0.4000000060
16875  36.805  -63.476  8.365 0.5000000000
126655  37.416  -63.427  8.297 0.5000000000
16883  36.353  -64.049  7.861 0.6000000238
16135  35.935  -64.476  7.134 0.6000000238
15325  36.422  -65.798  5.936 0.6000000238
122804  35.460  -64.369  6.450 0.6000000238
15326  35.839  -65.205  5.614 0.6000000238
20156  38.689  -59.692  7.286 0.4000000060
123633  38.370  -58.637  5.371 0.4000000060
18546  32.485  -61.250  0.572 0.5000000000
17746  31.724  -61.471  0.987 0.5000000000
18541  31.206  -61.404  1.515 0.4000000060
17738  33.201  -62.546  0.793 0.6000000238
115128  31.867  -62.349  1.983 0.4000000060
17686  37.381  -62.874  8.579 0.6000000238
16876  35.889  -63.438  8.336 0.6000000238
16877  34.943  -63.226  8.110 0.6000000238
21928  38.598  -57.649  3.746 0.4000000060
19372  31.742  -60.190  0.980 0.5000000000
18542  30.709  -60.807  1.624 0.4000000060
20205  29.721  -59.562  1.793 0.4000000060
114162  37.805  -60.248  8.519 0.6000000238
20140  38.241  -59.903  8.038 0.4000000060
18474  36.454  -61.468  9.340 0.6000000238
18489  38.048  -61.473  8.620 0.6000000238
17687  36.402  -62.858  8.791 0.5000000000
17675  35.042  -62.210  9.410 0.6000000238
17674  35.975  -62.214  9.288 0.5000000000
17700  34.268  -63.149  7.359 0.6000000238
21050  39.260  -57.998  2.352 0.4000000060
21029  37.710  -58.480  6.278 0.4000000060
21070  31.898  -58.731  1.181 0.6000000238
21071  30.582  -58.813  1.396 0.5000000000
21072  29.835  -58.313  1.637 0.5000000000
21066  29.441  -58.701  2.033 0.5000000000
20141  37.556  -59.609  8.306 0.4000000060
20157  37.843  -59.169  7.333 0.4000000060
20142  36.916  -59.362  8.747 0.5000000000
19299  36.061  -60.681  9.589 0.5000000000
107215  35.178  -60.737  9.969 0.5000000000
17689  34.593  -62.617  8.786 0.6000000238
17690  33.829  -62.301  8.469 0.6000000238
22820  37.057  -56.922  5.675 0.4000000060
21041  37.961  -58.115  5.059 0.4000000060
21929  37.725  -57.354  4.831 0.4000000060
21939  38.488  -56.785  3.455 0.4000000060
22856  32.675  -56.401  0.792 0.6000000238
21916  36.779  -57.268  6.484 0.4000000060
21915  37.325  -57.713  5.857 0.4000000060
116444  31.068  -57.233  1.537 0.6000000238
113107  29.759  -56.043  1.998 0.5000000000
21951  29.452  -57.714  2.023 0.4000000060
21015  36.819  -58.232  7.610 0.4000000060
20120  36.535  -59.942  9.331 0.5000000000
18476  34.643  -61.469  9.747 0.5000000000
18477  33.809  -61.225  9.566 0.6000000238
17701  33.634  -62.481  7.418 0.6000000238
18508  33.059  -61.798  7.012 0.6000000238
23682  37.210  -55.610  5.186 0.4000000060
23705  32.223  -55.675  1.027 0.6000000238
22857  31.623  -56.412  1.284 0.6000000238
124657  30.425  -56.409  1.681 0.5000000000
23701  29.091  -55.444  2.822 0.5000000000
21904  36.611  -57.526  7.299 0.4000000060
21000  36.615  -58.569  8.479 0.4000000060
20983  36.237  -59.065  9.253 0.5000000000
20121  35.571  -59.796  9.769 0.5000000000
18490  33.438  -61.634  8.867 0.5000000000
23681  37.900  -55.473  4.062 0.4000000060
118912  31.776  -54.878  1.266 0.6000000238
24493  30.727  -54.673  1.676 0.5000000000
25237  30.094  -54.158  2.115 0.5000000000
116671  35.431  -58.765  9.672 0.5000000000
115585  34.773  -60.085  10.093 0.4000000060
19302  32.777  -59.703  9.759 0.4000000060
18491  32.821  -61.184  8.298 0.4000000060
19333  32.246  -60.690  7.540 0.6000000238
19345  32.229  -60.643  6.053 0.4000000060
120056  37.498  -54.955  4.624 0.4000000060
22834  36.885  -56.227  5.611 0.4000000060
24491  32.532  -54.202  0.935 0.6000000238
22821  36.554  -56.415  6.376 0.4000000060
26644  32.581  -52.027  1.287 0.5000000000
24492  31.491  -54.193  1.381 0.5000000000
25229  30.303  -53.366  2.198 0.5000000000
25230  29.599  -53.756  2.638 0.4000000060
25931  31.097  -52.959  1.679 0.4000000060
20985  34.681  -58.425  10.125 0.5000000000
20968  33.899  -58.942  10.343 0.6000000238
106424  32.167  -59.829  9.091 0.4000000060
20143  31.881  -59.909  8.104 0.4000000060
20158  31.713  -59.955  7.059 0.4000000060
20123  32.133  -59.104  9.622 0.5000000000
25924  31.504  -52.071  1.798 0.6000000238
112384  31.499  -51.411  2.277 0.4000000060
21016  31.333  -58.389  7.975 0.5000000000
20169  31.573  -59.167  6.598 0.5000000000
21869  32.188  -57.799  10.194 0.5000000000
20102  32.891  -58.927  10.243 0.5000000000
20987  31.642  -58.407  9.405 0.5000000000
20144  31.614  -59.065  8.708 0.5000000000
24460  36.508  -54.886  6.333 0.4000000060
113382  31.461  -58.490  6.260 0.4000000060
21030  31.375  -58.421  7.026 0.5000000000
21888  31.250  -57.718  9.195 0.5000000000
21870  31.706  -57.758  9.799 0.5000000000
27453  31.846  -50.756  2.484 0.4000000060
23674  30.683  -55.503  6.405 0.4000000060
22823  30.765  -56.174  6.716 0.4000000060
22822  31.023  -56.760  6.149 0.5000000000
22809  30.904  -56.928  7.029 0.5000000000
115980  30.862  -56.969  7.986 0.5000000000
122970  31.145  -57.679  7.445 0.5000000000
123343  31.106  -57.685  8.398 0.5000000000
22797  30.743  -56.210  8.536 0.5000000000
20209  32.543  -59.451  0.875 0.6000000238
16195  34.688  -63.693  0.686 0.6000000238
21069  32.510  -58.021  1.047 0.6000000238
12898  33.372  -68.474  -1.076 0.5000000000
125374  33.368  -62.253  6.554 0.6000000238
18509  32.497  -61.161  6.636 0.4000000060
15368  34.098  -65.225  2.246 0.5000000000
16943  33.775  -63.449  1.423 0.5000000000
125654  31.202  -61.027  1.171 0.4000000060
19369  30.161  -60.209  1.674 0.4000000060
18473  37.281  -61.472  8.999 0.6000000238
20203  31.266  -59.569  1.210 0.6000000238
110900  29.821  -59.051  1.571 0.4000000060
21903  37.039  -57.980  6.770 0.4000000060
21954  32.384  -57.222  1.007 0.6000000238
21955  31.485  -57.998  1.382 0.6000000238
21956  30.006  -57.408  1.658 0.5000000000
20201  29.491  -59.457  2.489 0.5000000000
22852  29.285  -56.157  2.470 0.5000000000
23706  31.134  -55.569  1.500 0.5000000000
23700  29.596  -55.422  2.324 0.5000000000
24494  29.984  -54.857  2.130 0.5000000000
19301  33.445  -60.338  9.809 0.5000000000
24487  29.454  -54.639  2.608 0.5000000000
21001  36.000  -58.164  9.010 0.5000000000
25930  32.174  -52.722  1.299 0.6000000238
22810  30.701  -56.203  7.596 0.4000000060
9296  34.051  -73.835  8.428 0.3000000119
9277  32.639  -73.574  9.469 0.3000000119
9276  33.562  -73.482  9.203 0.3000000119
9263  32.132  -73.071  10.212 0.3000000119
10553  32.824  -71.728  11.398 0.3000000119
9873  30.478  -72.633  10.986 0.3000000119
9862  31.493  -72.407  10.972 0.3000000119
11942  34.854  -69.061  13.203 0.3000000119
10540  32.975  -71.071  12.046 0.3000000119
11206  32.257  -70.586  12.363 0.3000000119
10554  31.282  -71.509  11.663 0.3000000119
120814  33.716  -69.736  12.848 0.3000000119
123156  34.197  -67.133  14.157 0.3000000119
12712  33.830  -68.238  13.631 0.3000000119
11944  33.046  -69.201  13.211 0.4000000060
11958  31.992  -69.943  12.697 0.4000000060
113340  30.846  -69.906  12.480 0.4000000060
111515  29.725  -70.569  12.132 0.3000000119
14384  33.525  -66.136  14.184 0.3000000119
13556  32.991  -67.834  13.632 0.4000000060
13557  32.241  -67.831  13.400 0.4000000060
11959  31.376  -69.574  12.673 0.4000000060
15220  34.605  -65.429  14.559 0.3000000119
11960  30.596  -69.272  12.541 0.4000000060
127344  35.904  -62.889  14.474 0.4000000060
106511  34.875  -64.634  14.561 0.4000000060
11220  29.346  -69.855  12.180 0.4000000060
12728  29.654  -68.629  12.007 0.3000000119
16058  34.202  -64.820  14.395 0.4000000060
14395  33.033  -66.448  13.816 0.3000000119
14396  32.364  -66.991  13.442 0.4000000060
16057  34.386  -64.153  14.156 0.4000000060
13566  31.175  -67.165  12.616 0.5000000000
12726  31.074  -67.950  12.794 0.4000000060
12056  32.269  -69.013  4.443 0.5000000000
17622  35.907  -62.288  14.273 0.4000000060
12727  30.396  -68.482  12.410 0.4000000060
11264  29.263  -70.165  5.933 0.3000000119
12031  30.234  -69.452  6.242 0.4000000060
12764  28.576  -68.648  9.984 0.3000000119
12910  32.937  -69.259  -1.785 0.4000000060
12899  32.394  -68.509  -1.395 0.4000000060
12070  36.276  -69.340  2.886 0.4000000060
12851  36.724  -69.246  3.806 0.4000000060
12071  35.155  -69.184  2.731 0.4000000060
16061  33.643  -64.770  13.975 0.4000000060
15232  33.156  -65.627  13.815 0.3000000119
122408  31.978  -66.371  13.013 0.5000000000
12853  34.409  -68.876  3.452 0.4000000060
12055  32.912  -68.899  4.065 0.4000000060
17623  35.300  -62.622  13.853 0.4000000060
122497  30.922  -69.016  5.698 0.4000000060
13567  30.584  -67.644  12.284 0.4000000060
12824  31.824  -68.686  5.689 0.5000000000
13576  29.636  -68.117  11.522 0.5000000000
107975  31.261  -68.562  7.084 0.4000000060
12032  29.543  -69.843  6.588 0.4000000060
12745  29.148  -68.164  10.380 0.3000000119
12016  29.474  -69.589  7.349 0.4000000060
12885  33.683  -68.172  -0.120 0.4000000060
12069  37.460  -69.688  3.011 0.4000000060
16060  34.264  -63.602  13.557 0.4000000060
16062  33.052  -65.039  13.404 0.4000000060
12836  34.791  -68.600  4.295 0.4000000060
12838  33.021  -68.575  4.823 0.5000000000
110622  33.321  -64.473  13.178 0.4000000060
14406  32.120  -65.738  12.667 0.4000000060
12822  33.485  -68.196  5.500 0.5000000000
16834  34.228  -63.261  12.786 0.4000000060
16071  33.271  -64.254  12.296 0.4000000060
16072  32.707  -64.944  12.613 0.4000000060
15248  32.136  -65.312  11.873 0.5000000000
14419  30.699  -66.783  11.328 0.5000000000
107843  34.062  -68.349  4.884 0.4000000060
106179  33.032  -68.022  6.178 0.5000000000
18441  35.623  -61.740  12.136 0.4000000060
13588  30.298  -67.173  10.905 0.5000000000
12806  32.209  -68.359  6.274 0.4000000060
13606  29.734  -67.736  9.808 0.4000000060
13633  30.780  -67.841  8.484 0.4000000060
12779  30.370  -68.497  8.108 0.4000000060
12778  31.086  -68.250  7.784 0.4000000060
12820  36.367  -68.747  5.209 0.4000000060
12819  37.635  -69.125  5.641 0.3000000119
16082  33.537  -64.199  11.546 0.4000000060
16083  32.890  -64.716  11.475 0.4000000060
12804  34.875  -67.892  5.953 0.4000000060
19360  30.240  -60.739  2.825 0.4000000060
17650  36.128  -62.311  11.506 0.4000000060
16847  34.618  -63.450  11.517 0.4000000060
15259  32.359  -65.366  10.899 0.5000000000
119050  31.425  -66.545  9.932 0.5000000000
13674  34.519  -67.593  6.659 0.5000000000
13675  33.526  -67.597  6.776 0.4000000060
109806  35.339  -63.431  11.164 0.4000000060
13605  30.453  -67.506  9.250 0.4000000060
13676  32.516  -67.856  6.912 0.4000000060
13632  31.657  -67.464  8.249 0.4000000060
13657  32.318  -67.503  7.646 0.4000000060
12817  39.159  -69.098  5.980 0.4000000060
12803  36.106  -68.361  5.997 0.3000000119
16081  34.166  -64.010  11.168 0.4000000060
16092  33.690  -64.536  10.822 0.4000000060
13673  36.242  -68.047  6.839 0.3000000119
16855  35.008  -63.961  10.782 0.4000000060
16091  34.574  -64.529  10.462 0.4000000060
15276  32.773  -65.784  10.031 0.4000000060
14446  32.348  -66.511  9.334 0.5000000000
16854  36.852  -62.975  10.943 0.4000000060
120306  35.970  -63.873  10.514 0.4000000060
14445  33.325  -66.200  9.342 0.4000000060
13631  32.614  -67.008  8.314 0.4000000060
13656  33.122  -67.329  7.516 0.4000000060
13672  39.120  -68.248  5.911 0.4000000060
15275  33.706  -65.652  9.763 0.4000000060
126259  24.915  -73.779  9.656 0.3000000119
13554  35.582  -67.810  13.816 0.3000000119
14382  35.276  -66.252  14.471 0.3000000119
109372  35.974  -63.373  14.579 0.4000000060
17625  35.648  -61.834  13.671 0.4000000060
17637  35.123  -62.207  13.212 0.4000000060
19259  36.709  -60.714  12.962 0.4000000060
18440  36.412  -61.489  11.860 0.4000000060
12802  37.336  -68.618  6.492 0.3000000119
17649  37.042  -62.193  11.273 0.4000000060
12788  39.114  -68.771  6.650 0.4000000060
13653  37.491  -67.998  7.431 0.4000000060
108932  36.410  -67.705  7.425 0.4000000060
114317  37.421  -63.590  10.553 0.4000000060
15257  35.010  -65.088  9.897 0.4000000060
15274  34.612  -65.591  9.542 0.4000000060
113827  33.770  -66.445  8.818 0.4000000060
13629  34.776  -66.928  7.911 0.3000000119
13654  35.301  -67.460  7.240 0.4000000060
16089  37.002  -64.150  10.331 0.4000000060
12045  31.573  -68.986  4.955 0.4000000060
14494  39.576  -67.617  6.641 0.4000000060
8713  32.225  -74.202  9.061 0.3000000119
9886  33.088  -72.975  9.900 0.3000000119
9264  31.117  -73.164  10.410 0.3000000119
8145  25.145  -75.036  9.341 0.3000000119
9283  25.926  -73.726  10.140 0.3000000119
10541  32.162  -71.302  11.838 0.3000000119
12711  34.481  -68.540  13.515 0.3000000119
128217  32.873  -70.549  12.425 0.4000000060
11219  30.734  -70.621  12.191 0.4000000060
123444  33.278  -68.572  13.447 0.3000000119
14383  34.249  -66.342  14.380 0.3000000119
12713  32.556  -68.508  13.362 0.4000000060
116680  31.191  -68.787  12.800 0.4000000060
15219  35.515  -65.325  14.614 0.3000000119
17621  36.837  -62.027  14.437 0.4000000060
14407  31.492  -66.415  12.436 0.4000000060
12763  29.280  -68.315  9.418 0.3000000119
13575  30.241  -67.481  11.597 0.5000000000
18424  36.170  -61.240  12.598 0.4000000060
127355  32.040  -66.948  8.697 0.4000000060
13630  33.718  -66.850  8.166 0.4000000060
16124  40.785  -65.579  7.482 0.4000000060
15297  40.200  -66.280  7.228 0.4000000060
17699  40.706  -63.025  7.627 0.4000000060
18500  39.932  -61.892  7.896 0.3000000119
106847  39.864  -64.459  7.379 0.5000000000
16125  39.439  -65.156  7.197 0.4000000060
15298  38.926  -65.786  6.933 0.4000000060
21897  44.712  -57.386  7.523 0.3000000119
21009  44.655  -58.039  7.030 0.3000000119
21055  42.227  -58.863  2.732 0.3000000119
20186  41.371  -59.543  3.128 0.3000000119
20178  40.263  -59.416  3.910 0.3000000119
20155  39.338  -59.662  6.398 0.3000000119
21024  44.144  -58.158  5.827 0.3000000119
21037  43.466  -58.392  4.670 0.3000000119
21047  42.746  -58.624  3.698 0.3000000119
21898  44.608  -56.864  7.703 0.3000000119
123241  43.950  -57.078  7.278 0.3000000119
20187  40.526  -58.912  2.652 0.3000000119
21025  43.701  -58.085  5.270 0.3000000119
21925  41.623  -57.966  3.189 0.3000000119
20198  41.367  -58.923  2.324 0.3000000119
21027  41.171  -58.366  6.015 0.3000000119
21026  42.502  -58.088  5.328 0.3000000119
21927  40.625  -57.090  2.956 0.3000000119
21913  40.709  -57.923  5.399 0.3000000119
106351  40.446  -57.372  4.781 0.3000000119
21011  41.773  -58.217  6.780 0.3000000119
21057  40.648  -58.067  1.902 0.3000000119
22848  39.873  -56.550  0.977 0.3000000119
21938  39.236  -57.222  1.828 0.3000000119
21028  40.385  -58.121  6.411 0.3000000119
21936  40.787  -57.716  1.864 0.3000000119
115828  39.975  -55.386  0.705 0.3000000119
22818  39.969  -56.812  4.766 0.3000000119
22832  40.447  -55.978  2.201 0.3000000119
21937  40.264  -56.777  1.174 0.3000000119
22842  38.408  -55.988  3.370 0.3000000119
22841  39.263  -55.999  1.452 0.3000000119
23689  38.769  -55.221  2.409 0.3000000119
24468  36.966  -54.898  5.470 0.3000000119
24467  37.512  -54.305  4.651 0.3000000119
25205  36.940  -54.056  5.856 0.3000000119
111365  40.456  -61.175  7.557 0.3000000119
16872  40.281  -63.721  7.540 0.4000000060
16123  41.560  -65.201  7.811 0.5000000000
21912  44.157  -57.993  6.027 0.3000000119
124975  41.872  -58.089  3.106 0.3000000119
20185  42.181  -59.294  2.818 0.3000000119
20177  41.165  -59.796  4.524 0.3000000119
20166  40.166  -59.688  5.432 0.3000000119
21038  42.816  -58.238  4.010 0.3000000119
21010  43.095  -57.846  6.103 0.3000000119
21058  39.973  -58.124  1.759 0.3000000119
21039  41.717  -58.089  4.484 0.3000000119
23680  40.154  -55.225  3.476 0.3000000119
21914  39.185  -57.001  6.434 0.3000000119
22840  40.256  -55.562  0.776 0.3000000119
13628  35.768  -67.160  7.947 0.3000000119
112681  36.253  -66.677  8.511 0.4000000060
16866  39.780  -64.367  9.556 0.4000000060
15271  38.437  -65.596  9.202 0.4000000060
13626  37.939  -67.640  7.824 0.3000000119
16102  40.771  -65.088  9.116 0.4000000060
16865  40.532  -64.029  9.436 0.3000000119
122141  37.333  -67.081  8.270 0.4000000060
15269  40.300  -65.750  8.855 0.4000000060
16863  42.155  -63.912  8.533 0.3000000119
14457  39.604  -67.120  8.307 0.3000000119
15286  39.632  -66.331  8.699 0.4000000060
16101  41.492  -65.164  8.584 0.4000000060
117177  40.517  -66.793  7.652 0.3000000119
15285  40.588  -66.480  8.135 0.4000000060
16122  41.984  -64.739  7.987 0.4000000060
113221  38.950  -67.886  7.693 0.3000000119
14476  40.164  -67.229  7.240 0.3000000119
13670  39.896  -67.867  7.055 0.3000000119
13651  39.560  -68.155  7.175 0.3000000119
15268  41.142  -65.648  8.408 0.4000000060
15287  38.472  -66.442  8.730 0.4000000060
107573  36.831  -63.596  14.724 0.3000000119
14442  36.262  -65.869  9.172 0.3000000119
111278  40.575  -63.120  14.480 0.3000000119
112433  38.932  -64.173  14.489 0.3000000119
110670  38.458  -62.488  14.648 0.3000000119
16822  36.461  -62.797  14.569 0.3000000119
117829  37.387  -65.717  9.140 0.3000000119
15273  35.846  -65.161  9.697 0.3000000119
18404  41.506  -61.672  14.622 0.3000000119
17619  38.835  -61.703  14.510 0.3000000119
17618  40.002  -62.127  14.583 0.3000000119
18407  37.998  -61.141  14.318 0.3000000119
18409  36.321  -61.510  14.017 0.3000000119
16105  37.455  -64.874  9.690 0.3000000119
19235  43.946  -60.512  14.757 0.3000000119
19237  41.364  -60.690  14.564 0.3000000119
20055  42.726  -60.305  14.596 0.3000000119
18406  39.634  -61.051  14.452 0.3000000119
19240  38.459  -59.990  13.848 0.3000000119
20056  42.271  -59.180  14.446 0.3000000119
114811  41.509  -59.825  14.458 0.3000000119
19239  39.181  -60.131  14.203 0.3000000119
128422  39.903  -60.289  14.387 0.3000000119
19250  37.344  -60.316  13.209 0.3000000119
19267  36.834  -60.847  12.265 0.3000000119
18439  37.231  -61.298  11.596 0.3000000119
117136  43.613  -59.452  14.578 0.3000000119
20068  38.616  -59.523  13.349 0.3000000119
20059  39.037  -59.632  13.835 0.3000000119
20077  37.681  -59.947  12.869 0.3000000119
16088  37.928  -64.205  10.149 0.3000000119
20924  42.804  -58.355  14.363 0.3000000119
20923  44.024  -58.363  14.509 0.3000000119
20925  41.773  -58.374  14.122 0.3000000119
20926  40.900  -58.524  13.932 0.3000000119
20075  39.011  -59.147  12.735 0.3000000119
19265  38.181  -60.201  11.583 0.3000000119
17662  37.663  -62.875  10.742 0.3000000119
16853  38.263  -63.555  10.355 0.3000000119
16852  39.267  -63.502  9.976 0.3000000119
14443  35.209  -66.091  8.951 0.3000000119
21802  42.286  -57.748  13.858 0.3000000119
20935  39.775  -58.630  13.060 0.3000000119
20086  38.485  -59.558  12.090 0.3000000119
18455  38.645  -61.823  10.729 0.3000000119
16821  37.563  -62.838  14.703 0.3000000119
110915  39.421  -62.770  14.664 0.3000000119
8720  25.444  -74.239  9.757 0.3000000119
8721  24.514  -74.259  9.296 0.3000000119
9861  32.084  -71.920  11.347 0.3000000119
9872  32.653  -72.380  10.728 0.3000000119
10542  31.580  -70.874  12.120 0.3000000119
11205  33.516  -70.530  12.409 0.3000000119
11207  31.470  -70.262  12.437 0.4000000060
11208  30.095  -69.884  12.439 0.4000000060
11274  28.803  -70.588  5.515 0.3000000119
11294  29.723  -71.271  2.754 0.5000000000
11310  36.634  -70.636  0.621 0.4000000060
11311  35.779  -71.198  0.156 0.4000000060
11314  32.754  -70.821  0.500 0.5000000000
11315  31.240  -70.731  1.463 0.5000000000
11327  36.447  -70.825  0.135 0.4000000060
11328  35.725  -71.167  -0.336 0.4000000060
11329  35.001  -71.292  -0.537 0.4000000060
11330  34.098  -71.518  -0.724 0.4000000060
11331  32.711  -71.346  -0.693 0.4000000060
11346  35.931  -70.975  -0.451 0.4000000060
11347  35.138  -71.157  -0.965 0.4000000060
11349  33.624  -71.487  -1.528 0.4000000060
11367  34.859  -70.452  -1.376 0.4000000060
11943  33.951  -68.990  13.266 0.3000000119
11945  32.080  -69.224  13.063 0.4000000060
11956  34.462  -69.510  12.882 0.3000000119
11957  32.775  -69.987  12.775 0.4000000060
11961  29.818  -69.227  12.317 0.4000000060
11970  29.150  -69.213  11.901 0.3000000119
12015  30.168  -69.437  7.046 0.4000000060
12044  38.254  -69.393  4.944 0.5000000000
12046  30.208  -69.621  5.360 0.4000000060
12047  29.747  -69.817  5.861 0.3000000119
12053  38.366  -69.383  4.409 0.5000000000
12057  31.555  -69.464  4.104 0.5000000000
12058  30.784  -69.951  3.789 0.5000000000
12067  38.322  -69.273  3.873 0.6999999881
12080  38.115  -69.270  3.057 0.6999999881
12081  37.761  -69.633  2.570 0.6000000238
12083  35.882  -69.597  2.125 0.5000000000
12085  32.790  -70.150  1.585 0.4000000060
12086  32.143  -69.931  2.409 0.5000000000
12092  37.957  -69.378  2.062 0.6000000238
12095  36.109  -70.330  1.184 0.4000000060
12109  37.082  -69.340  -0.253 0.5000000000
12111  35.634  -70.390  -0.828 0.5000000000
12122  33.473  -70.393  -1.954 0.4000000060
12714  31.762  -68.302  13.171 0.4000000060
12735  29.116  -68.651  11.452 0.5000000000
12762  30.007  -68.034  8.866 0.4000000060
12789  38.176  -68.658  6.928 0.3000000119
12790  37.104  -68.215  7.053 0.4000000060
12791  31.759  -67.996  7.383 0.4000000060
12792  30.613  -68.860  7.412 0.4000000060
12793  29.947  -69.103  7.725 0.4000000060
12801  38.644  -69.131  6.246 0.4000000060
12805  33.954  -67.783  6.051 0.5000000000
12807  31.439  -68.640  6.374 0.4000000060
12808  30.765  -69.002  6.654 0.4000000060
12818  38.800  -69.293  5.551 0.4000000060
12821  35.184  -68.341  5.175 0.4000000060
12823  32.629  -68.435  5.611 0.5000000000
12837  33.740  -68.697  4.157 0.4000000060
12852  35.529  -68.876  3.597 0.4000000060
12883  37.882  -68.675  1.570 0.6000000238
12886  32.797  -68.421  -0.399 0.4000000060
12896  35.148  -68.496  -1.092 0.5000000000
12907  35.234  -69.513  -1.144 0.5000000000
13543  33.614  -66.786  14.101 0.4000000060
13555  34.559  -67.854  13.867 0.3000000119
13558  31.690  -67.505  13.098 0.4000000060
13589  29.696  -67.658  10.835 0.3000000119
13624  40.217  -67.230  7.879 0.3000000119
13625  39.620  -67.613  7.765 0.3000000119
13627  36.816  -67.355  7.913 0.3000000119
13650  39.944  -67.632  7.408 0.3000000119
13652  38.703  -68.364  7.314 0.3000000119
13655  34.153  -67.283  7.382 0.4000000060
13671  39.301  -68.449  6.514 0.4000000060
13685  38.907  -68.965  4.826 0.5000000000
13698  38.551  -68.850  4.060 0.6999999881
13734  37.835  -67.857  2.020 0.6999999881
13759  37.745  -67.552  0.723 0.6000000238
13760  35.920  -66.800  -0.562 0.6000000238
13772  37.643  -67.448  0.172 0.6000000238
14408  30.803  -66.881  12.068 0.5000000000
14418  31.210  -66.294  11.718 0.5000000000
14430  31.929  -65.999  10.382 0.5000000000
14431  31.234  -66.303  10.851 0.5000000000
14432  30.755  -66.794  10.469 0.5000000000
14444  34.197  -66.082  9.170 0.4000000060
14447  30.904  -67.020  9.586 0.4000000060
14458  38.518  -67.269  8.252 0.3000000119
14459  37.330  -66.492  8.670 0.4000000060
14460  35.278  -66.635  8.365 0.3000000119
14461  34.494  -66.479  8.547 0.4000000060
14462  33.151  -66.599  8.801 0.4000000060
14463  31.573  -66.949  9.078 0.4000000060
14496  37.241  -66.546  6.036 0.6000000238
14532  36.909  -66.540  4.733 0.6000000238
14555  34.243  -66.137  2.142 0.5000000000
14564  37.769  -67.044  1.306 0.6999999881
14567  34.792  -66.470  1.347 0.5000000000
14583  37.676  -66.532  -0.098 0.6999999881
14584  37.099  -66.232  -0.470 0.6000000238
15221  33.822  -65.489  14.328 0.4000000060
15233  32.669  -65.468  13.212 0.4000000060
15240  31.646  -65.839  12.046 0.5000000000
15249  31.693  -65.790  11.302 0.5000000000
15258  34.118  -65.061  10.116 0.4000000060
15270  39.326  -65.515  9.235 0.4000000060
15272  36.638  -65.245  9.536 0.3000000119
15295  41.165  -65.788  8.001 0.4000000060
15296  40.691  -66.260  7.740 0.3000000119
15308  39.719  -66.730  6.822 0.3000000119
15311  36.020  -65.065  6.374 0.6000000238
15343  36.240  -65.629  4.950 0.6000000238
15357  37.386  -66.281  2.822 0.6999999881
15366  37.738  -65.250  1.317 0.6000000238
15374  37.934  -66.081  0.796 0.6000000238
15382  37.904  -65.559  0.457 0.6999999881
16055  36.174  -64.127  14.677 0.3000000119
16056  35.299  -63.871  14.451 0.4000000060
16087  38.859  -64.225  9.859 0.3000000119
16090  35.472  -64.565  10.205 0.4000000060
16100  41.891  -64.700  8.413 0.4000000060
16103  39.621  -64.998  9.449 0.4000000060
16104  38.582  -64.859  9.619 0.4000000060
16106  36.388  -64.649  10.000 0.3000000119
16115  41.666  -65.270  8.155 0.4000000060
16127  36.955  -64.640  7.403 0.6000000238
16134  36.594  -65.060  6.870 0.6000000238
16141  35.379  -64.584  5.730 0.6999999881
16183  36.684  -64.421  2.147 0.6999999881
16186  33.671  -64.375  2.304 0.5000000000
16193  37.673  -64.516  0.812 0.6999999881
16204  37.765  -64.815  0.341 0.6999999881
16205  35.969  -63.991  -0.319 0.6000000238
16206  35.389  -64.036  0.193 0.6999999881
16209  37.477  -64.415  -0.064 0.6999999881
16210  36.740  -64.142  -0.357 0.6999999881
16819  39.986  -63.869  14.310 0.3000000119
16820  38.699  -63.335  14.725 0.3000000119
16823  35.532  -63.067  14.309 0.4000000060
16824  34.899  -63.368  14.009 0.4000000060
16835  33.706  -63.834  12.941 0.4000000060
16846  36.026  -63.139  11.089 0.4000000060
16848  33.883  -63.640  12.030 0.4000000060
16864  41.619  -64.050  9.059 0.3000000119
16871  42.239  -64.293  8.126 0.3000000119
16874  37.464  -63.994  7.896 0.5000000000
16884  35.524  -63.788  7.652 0.6000000238
16885  34.881  -63.525  7.331 0.6000000238
16893  34.516  -63.489  6.645 0.6000000238
16915  35.538  -63.697  2.846 0.6000000238
16928  36.574  -63.766  1.724 0.6999999881
16941  36.726  -63.212  1.071 0.6999999881
16944  32.939  -62.943  1.701 0.5000000000
16951  36.993  -63.433  0.366 0.6999999881
17620  37.805  -61.875  14.487 0.3000000119
17626  34.725  -62.940  13.419 0.4000000060
17638  34.704  -62.628  12.624 0.4000000060
17651  35.151  -62.637  11.781 0.4000000060
17673  36.894  -62.187  9.054 0.5000000000
17676  34.186  -62.015  9.285 0.6000000238
17685  38.321  -62.726  8.362 0.5000000000
17688  35.453  -62.822  8.853 0.6000000238
17698  41.883  -63.415  7.499 0.4000000060
17712  33.417  -62.324  5.780 0.6999999881
17718  34.257  -62.905  4.322 0.6000000238
17739  32.353  -62.404  1.347 0.5000000000
17740  31.746  -61.956  1.358 0.4000000060
17748  35.889  -62.323  -0.072 0.6000000238
17749  35.497  -62.403  -0.134 0.6000000238
17750  34.954  -61.884  -0.221 0.6000000238
18405  40.528  -61.646  14.573 0.3000000119
18408  37.208  -61.256  14.175 0.4000000060
18413  36.865  -60.882  13.601 0.3000000119
18414  36.151  -61.261  13.337 0.4000000060
18425  35.527  -61.610  12.931 0.4000000060
18438  37.983  -61.061  11.254 0.3000000119
18456  37.857  -62.035  11.013 0.3000000119
18475  35.560  -61.494  9.612 0.5000000000
18488  38.898  -61.609  8.313 0.4000000060
18501  33.213  -61.819  7.938 0.6000000238
18502  32.738  -61.348  7.474 0.6000000238
18516  32.589  -61.118  5.695 0.6000000238
18529  34.211  -61.722  2.784 0.6000000238
18535  34.890  -61.289  1.699 0.6000000238
18537  31.303  -61.849  2.115 0.4000000060
18538  30.696  -61.229  2.267 0.4000000060
18547  31.675  -60.881  0.873 0.5000000000
18548  35.499  -61.845  -0.124 0.6000000238
19238  40.578  -60.039  14.417 0.3000000119
19241  37.720  -60.512  13.865 0.3000000119
19249  37.950  -59.910  13.331 0.3000000119
19257  37.832  -59.943  12.315 0.3000000119
19258  37.303  -60.333  12.617 0.3000000119
19266  37.479  -60.498  11.906 0.3000000119
19281  34.107  -59.838  10.223 0.4000000060
19298  36.891  -60.723  9.215 0.6000000238
19300  34.304  -60.654  10.020 0.5000000000
19318  37.611  -60.793  8.786 0.6000000238
19319  37.260  -60.104  8.914 0.5000000000
19320  33.057  -60.922  9.164 0.5000000000
19321  32.445  -60.505  8.619 0.4000000060
19350  42.125  -59.780  3.773 0.3000000119
19361  29.753  -60.112  3.051 0.5000000000
19362  34.743  -60.236  1.352 0.6000000238
19364  30.251  -60.625  2.065 0.4000000060
19365  29.783  -60.166  2.189 0.4000000060
19367  35.002  -60.286  0.687 0.6000000238
19368  30.938  -60.376  1.291 0.4000000060
20057  40.623  -59.182  14.231 0.3000000119
20058  39.763  -59.525  14.124 0.3000000119
20066  40.105  -58.815  13.728 0.3000000119
20067  39.343  -59.160  13.486 0.3000000119
20076  38.208  -59.619  12.793 0.3000000119
20085  39.209  -59.189  11.863 0.3000000119
20101  33.430  -59.566  10.157 0.5000000000
20122  34.735  -59.325  10.104 0.5000000000
20159  31.542  -59.165  7.568 0.5000000000
20168  31.867  -59.913  6.051 0.5000000000
20184  42.729  -59.065  3.482 0.3000000119
20190  41.682  -58.789  2.335 0.3000000119
20191  41.333  -59.000  2.403 0.3000000119
20192  40.750  -58.415  2.147 0.3000000119
20193  33.567  -59.492  2.584 0.6000000238
20197  41.513  -58.712  2.272 0.3000000119
20204  30.280  -59.627  1.442 0.4000000060
20207  34.224  -59.067  0.844 0.6999999881
20970  32.711  -58.128  10.348 0.5000000000
20984  35.305  -57.815  9.538 0.5000000000
20986  32.153  -58.387  10.026 0.5000000000
20999  37.170  -58.913  7.946 0.4000000060
21002  31.334  -58.279  8.788 0.5000000000
21014  37.305  -58.544  7.189 0.4000000060
21023  44.393  -58.152  6.350 0.3000000119
21048  42.141  -58.486  2.924 0.3000000119
21049  39.614  -58.653  3.244 0.3000000119
21056  41.663  -58.623  2.371 0.3000000119
21059  39.683  -57.511  1.366 0.3000000119
21064  40.956  -58.529  2.122 0.3000000119
21854  32.574  -57.549  10.357 0.5000000000
21911  44.419  -57.902  6.601 0.3000000119
21926  41.036  -57.582  3.781 0.3000000119
21935  41.067  -57.944  2.169 0.3000000119
21941  31.635  -56.899  4.688 0.6000000238
21944  41.272  -58.456  2.241 0.3000000119
21945  40.023  -57.414  1.255 0.3000000119
21949  34.127  -57.581  1.380 0.6000000238
21958  33.450  -57.619  0.689 0.6999999881
22796  30.880  -57.012  8.915 0.5000000000
22833  37.597  -56.391  4.721 0.4000000060
22854  34.389  -56.377  0.692 0.6999999881
22855  34.455  -56.660  0.724 0.6999999881
22858  29.607  -56.791  1.976 0.4000000060
22859  34.204  -56.548  0.528 0.6999999881
23672  36.621  -55.624  5.939 0.4000000060
23673  30.882  -56.063  6.029 0.5000000000
23703  34.542  -55.512  1.043 0.6999999881
23707  30.219  -55.480  1.860 0.5000000000
24461  30.641  -54.821  6.106 0.4000000060
24489  34.378  -54.629  0.798 0.6999999881
24495  34.060  -54.415  0.628 0.6999999881
25204  37.582  -53.606  4.850 0.3000000119
25228  33.405  -53.971  2.543 0.6999999881
25233  34.585  -53.960  1.065 0.6999999881
25235  31.810  -53.512  1.315 0.6000000238
25236  30.835  -53.769  1.668 0.5000000000
25927  34.903  -52.323  0.892 0.6999999881
25928  34.301  -52.185  0.657 0.8000000119
25929  33.313  -52.506  0.814 0.6000000238
25932  34.545  -52.713  0.719 0.6999999881
26621  32.441  -51.642  4.362 0.5000000000
26627  34.952  -51.012  2.451 0.5000000000
26635  35.391  -50.608  1.428 0.5000000000
27445  32.063  -50.122  2.817 0.4000000060
28333  35.266  -49.397  1.875 0.5000000000
106296  34.039  -69.328  2.452 0.5000000000
106338  31.077  -67.339  8.888 0.4000000060
108282  35.640  -64.553  14.621 0.4000000060
108921  41.000  -64.778  7.405 0.4000000060
109482  33.192  -61.548  4.299 0.5000000000
109600  34.143  -69.922  1.506 0.4000000060
110299  44.357  -57.519  6.972 0.3000000119
110524  30.273  -67.276  10.152 0.4000000060
110542  37.725  -62.134  8.697 0.6000000238
110558  33.205  -65.133  10.484 0.4000000060
111170  34.211  -62.811  8.066 0.6000000238
111547  34.300  -68.068  5.491 0.4000000060
112078  37.591  -65.797  -0.176 0.8000000119
112934  38.592  -60.683  14.246 0.3000000119
113926  39.171  -68.945  5.658 0.4000000060
114052  35.205  -63.905  6.863 0.6000000238
114128  41.339  -58.938  14.305 0.3000000119
114916  34.166  -71.233  0.092 0.4000000060
115083  30.243  -70.982  2.467 0.5000000000
115085  35.740  -61.923  -0.001 0.6000000238
115328  44.778  -59.321  14.771 0.3000000119
115657  31.725  -53.997  4.102 0.6000000238
115977  32.029  -60.511  6.642 0.4000000060
116052  33.576  -56.250  2.382 0.6000000238
116325  33.711  -67.509  13.894 0.3000000119
116328  30.587  -55.509  7.199 0.4000000060
116339  33.661  -59.689  0.618 0.6999999881
116747  39.861  -55.934  4.493 0.3000000119
117193  36.684  -63.553  10.672 0.4000000060
117381  42.962  -57.581  7.062 0.3000000119
117555  37.614  -69.342  0.437 0.5000000000
117701  32.690  -55.043  0.819 0.6000000238
117706  40.562  -60.901  14.526 0.3000000119
118124  35.144  -62.073  12.522 0.4000000060
118369  41.401  -64.739  8.946 0.4000000060
118372  30.528  -57.957  1.555 0.5000000000
118463  37.654  -69.953  0.852 0.5000000000
119063  29.126  -56.994  2.578 0.5000000000
119871  34.261  -63.393  5.952 0.6999999881
119940  32.511  -66.085  13.370 0.5000000000
120426  34.161  -54.192  1.779 0.6999999881
121076  34.066  -58.987  1.644 0.6000000238
121662  43.842  -57.678  6.403 0.3000000119
121751  31.697  -66.859  12.956 0.5000000000
122306  41.634  -64.296  7.555 0.5000000000
122409  39.889  -57.570  6.085 0.3000000119
122739  37.916  -66.149  0.524 0.6000000238
122870  32.242  -68.711  5.105 0.4000000060
123022  32.489  -59.485  4.187 0.6000000238
123115  35.382  -65.559  9.454 0.4000000060
123148  32.704  -56.000  3.055 0.6000000238
123758  30.078  -68.074  12.005 0.4000000060
124144  35.384  -67.821  6.541 0.3000000119
124841  35.236  -68.506  13.527 0.3000000119
124929  43.896  -58.262  5.349 0.3000000119
125593  38.855  -60.298  7.931 0.4000000060
125982  38.706  -69.316  5.035 0.5000000000
126064  41.938  -60.498  14.582 0.3000000119
126463  32.743  -60.292  9.331 0.4000000060
126480  40.173  -66.945  8.226 0.3000000119
126805  31.816  -68.302  6.797 0.4000000060
126993  34.711  -63.070  0.233 0.6000000238
127253  33.680  -65.053  2.591 0.5000000000
127487  30.562  -61.260  2.963 0.4000000060
127597  37.797  -68.362  1.068 0.5000000000
127652  32.076  -58.388  4.490 0.6000000238
127737  31.801  -56.620  4.185 0.6000000238
128007  34.436  -63.071  12.112 0.4000000060
128210  33.120  -67.113  13.805 0.4000000060
128377  32.383  -62.714  2.013 0.4000000060
128535  33.838  -64.146  13.638 0.4000000060
