#!ascii label  , from subject sub-v2s18x29513_ses-1 vox2ras=TkReg
1392
29807  25.890  -47.157  13.344 0.8999999762
115856  26.320  -47.967  13.288 0.8000000119
29821  26.783  -47.328  12.909 0.8000000119
29068  27.326  -48.725  12.545 0.6999999881
112264  24.991  -47.094  13.502 0.8999999762
30634  26.377  -46.505  12.982 1.0000000000
30649  27.214  -46.710  12.458 1.0000000000
125656  27.632  -46.790  12.082 0.8999999762
29820  27.562  -47.545  12.226 0.8000000119
29079  27.773  -48.368  11.610 0.8000000119
29834  27.938  -47.538  11.213 0.8999999762
114392  27.794  -48.904  11.045 0.8000000119
29107  27.389  -48.233  9.894 0.6999999881
107795  27.542  -48.960  10.315 0.6999999881
29809  24.141  -47.226  13.377 0.8000000119
30635  25.384  -46.266  13.244 0.8999999762
127278  25.381  -45.482  13.133 0.8999999762
30636  24.391  -46.396  13.247 0.8999999762
29810  22.896  -46.788  12.757 0.8999999762
31466  26.871  -45.899  12.553 1.0000000000
30665  27.872  -46.792  11.589 0.8999999762
109974  27.965  -46.003  11.139 1.0000000000
30680  27.915  -46.747  10.727 0.8999999762
29850  27.712  -47.492  10.302 0.8000000119
28268  26.997  -48.985  9.559 0.6999999881
31455  24.655  -45.600  13.171 0.8999999762
110129  24.156  -44.960  13.214 0.8999999762
31456  23.647  -45.644  13.024 0.8999999762
30650  22.749  -45.966  12.608 0.8999999762
31453  26.067  -45.702  13.006 0.8999999762
117914  27.290  -45.220  12.205 1.0000000000
30688  27.541  -46.715  9.808 0.8000000119
29864  27.109  -47.465  9.488 0.8000000119
29108  26.594  -48.212  9.193 0.8000000119
29873  26.357  -47.407  8.781 0.8000000119
29115  25.769  -48.152  8.404 0.8000000119
29875  25.154  -47.837  7.752 0.8000000119
31467  22.816  -45.267  12.754 0.8999999762
31468  22.186  -45.259  12.294 0.8999999762
114498  25.023  -44.924  13.162 0.8999999762
32331  22.431  -44.764  12.734 0.8999999762
32332  21.730  -44.804  12.479 0.8000000119
31469  21.514  -45.424  11.933 0.8000000119
31454  25.821  -44.983  13.039 0.8999999762
32320  21.708  -44.340  13.271 0.6999999881
31470  20.939  -45.284  12.247 0.6999999881
32315  26.333  -44.387  12.927 0.8999999762
120725  20.466  -45.742  11.879 0.6999999881
31471  20.133  -45.717  12.714 0.6999999881
32329  27.017  -44.466  12.458 1.0000000000
31458  19.676  -45.673  13.743 0.6000000238
32328  27.526  -44.496  11.874 1.0000000000
31483  27.732  -45.241  11.515 1.0000000000
31495  27.809  -45.167  10.630 1.0000000000
108361  27.749  -45.948  10.204 0.8999999762
31507  27.557  -45.126  9.639 0.8999999762
117355  27.388  -45.925  9.230 0.8000000119
30695  26.177  -46.610  8.346 0.8000000119
29874  25.660  -47.261  8.107 0.8000000119
119797  24.861  -47.016  7.456 0.8000000119
122063  25.550  -46.546  7.813 0.8000000119
32317  24.636  -44.247  13.467 0.8999999762
32330  23.256  -44.876  13.064 0.8999999762
32318  23.716  -44.407  13.492 0.8999999762
32319  22.838  -44.322  13.240 0.8999999762
117569  22.177  -44.365  12.946 0.8999999762
32316  25.553  -44.289  13.236 0.8999999762
32321  21.234  -44.866  12.891 0.6999999881
108123  20.939  -44.779  13.768 0.6000000238
31457  20.524  -45.295  13.261 0.6000000238
33215  26.763  -43.770  12.707 1.0000000000
31459  18.786  -45.971  14.129 0.5000000000
115353  27.308  -43.822  12.198 1.0000000000
31436  18.254  -45.468  14.635 0.5000000000
33226  27.596  -43.787  11.568 1.0000000000
32344  27.780  -44.424  11.116 1.0000000000
33237  27.690  -43.625  10.823 1.0000000000
32357  27.632  -44.235  10.124 1.0000000000
32368  27.262  -44.329  9.134 0.8999999762
119628  26.698  -45.878  8.503 0.8000000119
32376  26.615  -44.348  8.449 0.8999999762
31514  26.343  -45.101  8.163 0.8000000119
32377  25.872  -44.404  7.889 0.8999999762
31516  25.101  -45.339  7.466 0.8000000119
31526  24.255  -45.621  7.097 0.8000000119
32388  23.387  -45.026  6.776 0.8000000119
115346  23.234  -45.968  6.694 0.8000000119
33204  24.583  -43.638  13.857 0.8999999762
126454  21.915  -43.999  13.801 0.6999999881
33202  26.125  -43.649  13.188 0.8999999762
33203  25.308  -43.489  13.597 0.8999999762
32294  20.544  -44.725  14.743 0.6999999881
31434  20.130  -45.227  14.259 0.6000000238
125204  19.833  -45.028  14.999 0.6000000238
31435  19.206  -45.402  14.693 0.5000000000
124511  27.072  -43.261  12.449 1.0000000000
32296  18.521  -44.989  15.085 0.5000000000
118436  27.421  -43.159  11.950 1.0000000000
118878  27.486  -42.746  10.599 1.0000000000
33250  27.508  -43.408  10.133 1.0000000000
33264  26.809  -43.596  8.767 0.8999999762
34152  27.239  -42.855  9.727 0.8999999762
33251  27.274  -43.573  9.467 0.8999999762
124831  26.950  -43.028  9.109 0.8999999762
125952  25.861  -42.927  8.120 0.8999999762
115875  25.223  -43.835  7.619 0.8999999762
32378  25.117  -44.609  7.515 0.8999999762
34165  26.347  -42.810  8.582 0.8999999762
33266  25.382  -43.043  7.764 0.8999999762
32379  24.186  -44.183  7.222 0.8999999762
34167  24.785  -42.425  7.639 0.8999999762
109462  24.086  -43.938  13.820 0.8999999762
33205  23.314  -43.824  13.799 0.8999999762
33180  22.987  -43.413  14.456 0.8999999762
33157  22.394  -43.374  15.217 1.0000000000
121553  22.116  -43.713  14.344 0.8000000119
34105  24.883  -43.104  14.208 0.8999999762
32293  21.400  -44.203  14.322 0.6999999881
34113  26.632  -43.043  12.914 0.8999999762
34103  26.025  -42.850  13.455 0.8999999762
33182  20.844  -44.192  15.326 0.6999999881
32275  19.997  -44.508  15.503 0.6999999881
32295  19.177  -44.755  15.378 0.5000000000
32277  18.259  -44.142  15.426 0.5000000000
32297  17.787  -44.754  14.848 0.5000000000
34112  27.113  -42.539  12.420 1.0000000000
34122  27.392  -42.390  11.539 1.0000000000
35891  27.078  -40.966  12.018 1.0000000000
35015  27.248  -41.559  11.517 1.0000000000
34136  27.169  -42.045  9.987 1.0000000000
35031  27.312  -41.787  10.814 1.0000000000
35059  26.119  -41.927  8.830 0.8999999762
35060  25.462  -41.439  8.433 0.8999999762
112830  23.729  -43.108  5.233 0.6999999881
34204  23.315  -42.337  5.253 0.8000000119
34215  22.432  -43.251  5.104 0.8000000119
34205  22.253  -42.261  5.216 0.8000000119
34088  24.533  -42.700  14.838 1.0000000000
34089  23.743  -42.927  15.070 1.0000000000
34090  23.081  -43.077  15.329 1.0000000000
33181  21.621  -43.756  15.174 0.6999999881
34104  25.469  -42.767  13.913 0.8999999762
33159  20.275  -43.878  16.025 0.6999999881
32276  19.224  -43.887  16.026 0.6000000238
127968  27.005  -41.950  12.623 1.0000000000
108012  26.695  -42.159  13.128 0.8999999762
34997  25.967  -42.015  13.921 0.8999999762
123689  17.401  -43.950  14.862 0.4000000060
35004  27.174  -41.771  12.140 1.0000000000
35016  27.110  -40.949  11.180 1.0000000000
35940  26.302  -40.727  9.897 1.0000000000
35926  26.545  -40.441  10.720 1.0000000000
34178  21.319  -42.058  6.233 0.8999999762
34201  25.904  -42.776  5.874 0.6000000238
115589  24.590  -43.105  5.373 0.6000000238
35102  24.226  -41.632  5.421 0.8000000119
35103  23.130  -41.474  5.302 0.8000000119
34216  21.522  -42.867  5.080 0.8999999762
34191  21.060  -42.674  5.829 0.8999999762
34087  25.261  -42.405  14.512 0.8999999762
33158  21.858  -43.392  15.979 0.8000000119
113700  21.109  -43.689  15.926 0.6999999881
33141  19.109  -42.974  16.380 0.6000000238
34069  17.694  -42.337  15.522 0.4000000060
34996  26.595  -41.419  13.553 0.8999999762
35005  26.956  -41.288  12.833 1.0000000000
35892  26.592  -40.364  12.745 1.0000000000
35906  26.411  -40.136  11.753 1.0000000000
35907  25.953  -39.771  11.077 1.0000000000
35063  22.334  -41.405  7.236 0.8999999762
35958  21.472  -40.134  7.450 0.8999999762
35969  20.996  -40.519  6.981 0.8999999762
35998  21.594  -40.869  5.823 0.8999999762
35091  21.254  -41.746  6.117 0.8999999762
120295  27.011  -41.412  6.422 0.6000000238
35090  26.477  -42.067  6.245 0.6000000238
34202  25.059  -42.345  5.514 0.6000000238
35104  21.564  -42.271  5.402 0.8999999762
34065  24.241  -42.374  15.560 0.8999999762
34066  23.471  -42.625  15.801 0.8999999762
34067  22.663  -42.920  16.114 0.6999999881
34964  23.858  -42.063  16.281 0.8999999762
34041  23.202  -42.370  16.445 0.8999999762
33139  20.639  -43.285  16.481 0.6000000238
34984  25.597  -41.585  14.771 1.0000000000
34044  20.259  -42.623  16.890 0.6000000238
33140  19.807  -43.206  16.454 0.6000000238
34046  18.803  -42.179  16.513 0.5000000000
34983  26.281  -40.996  14.319 1.0000000000
109014  26.594  -40.683  13.557 1.0000000000
36767  25.910  -39.339  12.539 1.0000000000
36784  25.642  -39.226  11.721 1.0000000000
36803  25.354  -39.230  10.885 1.0000000000
36819  25.055  -39.567  10.105 1.0000000000
35942  24.728  -39.886  9.361 1.0000000000
36835  24.152  -39.532  9.211 1.0000000000
36836  23.611  -39.573  8.809 0.8999999762
35955  24.283  -40.097  8.655 0.8999999762
35957  22.430  -40.437  7.764 0.8999999762
35983  21.191  -40.799  6.567 0.8999999762
36870  22.434  -40.209  5.928 0.8999999762
121522  27.928  -41.022  6.283 0.6000000238
35089  27.501  -42.077  6.384 0.6000000238
35981  26.135  -41.214  6.252 0.6000000238
35100  25.748  -41.977  5.897 0.6000000238
35997  23.039  -40.774  5.525 0.8000000119
34963  24.621  -41.711  15.979 0.8999999762
34949  23.296  -41.759  17.063 0.6999999881
34068  21.912  -42.877  16.735 0.6000000238
34043  21.118  -42.755  16.970 0.6000000238
35870  25.807  -40.776  15.134 0.8999999762
34024  19.907  -41.922  17.180 0.6000000238
120293  19.327  -41.819  16.941 0.5000000000
35884  26.254  -40.084  14.202 1.0000000000
35869  26.084  -40.260  14.806 0.8999999762
108259  26.205  -39.748  13.433 1.0000000000
36768  25.579  -38.993  12.082 1.0000000000
37605  25.481  -38.929  11.475 1.0000000000
36804  24.839  -39.071  10.406 1.0000000000
36820  24.379  -39.174  9.854 1.0000000000
37633  23.385  -38.482  9.341 1.0000000000
36823  22.243  -38.812  8.557 0.8999999762
107757  22.010  -39.557  7.998 0.8999999762
35959  20.889  -39.750  7.097 0.8999999762
37671  21.009  -38.806  6.719 0.8999999762
36867  27.737  -40.015  6.271 0.6000000238
35980  26.976  -40.592  6.452 0.6000000238
115191  26.081  -40.185  6.413 0.6000000238
35982  25.143  -39.822  6.253 0.6999999881
36868  24.301  -39.959  6.009 0.6999999881
35996  23.846  -40.756  5.560 0.6999999881
36859  22.168  -39.094  6.331 0.8999999762
118781  28.572  -40.281  5.724 0.6000000238
36857  23.970  -39.094  6.367 0.6999999881
36869  23.511  -40.013  5.949 0.8000000119
36858  23.118  -39.108  6.308 0.8999999762
34022  21.703  -42.085  17.357 0.6999999881
34023  20.706  -42.025  17.331 0.6000000238
35847  25.000  -41.026  16.424 0.8999999762
34948  24.228  -41.401  16.792 0.8000000119
35832  23.736  -40.932  17.537 0.6999999881
35846  25.591  -40.577  15.974 0.8000000119
36736  26.249  -39.445  14.859 0.8000000119
37560  26.533  -38.659  14.432 0.8999999762
111132  25.948  -39.010  13.243 1.0000000000
37590  25.887  -38.819  12.533 1.0000000000
112186  25.981  -38.575  11.790 1.0000000000
37604  25.978  -38.343  11.018 1.0000000000
38508  25.106  -37.958  10.146 1.0000000000
37619  24.641  -38.558  10.094 1.0000000000
37632  24.023  -38.517  9.685 1.0000000000
37634  22.701  -38.351  9.000 0.8999999762
37645  21.433  -38.143  8.286 0.8999999762
124028  21.390  -39.454  7.579 0.8999999762
38555  20.737  -38.010  6.813 0.8999999762
36854  26.858  -39.660  6.456 0.6000000238
125417  25.108  -38.855  6.486 0.6999999881
37660  21.541  -38.177  6.572 0.8999999762
36865  29.339  -39.047  5.343 0.6000000238
36866  28.430  -39.392  5.808 0.6000000238
120723  24.499  -38.136  6.592 0.6999999881
37658  23.606  -38.173  6.566 0.6999999881
34950  22.475  -41.721  17.424 0.6999999881
34933  21.961  -41.205  17.752 0.6000000238
35830  25.300  -40.260  16.761 0.8000000119
35831  24.602  -40.635  17.191 0.8000000119
35815  23.166  -40.305  18.100 0.6999999881
36717  25.849  -39.841  16.286 0.6999999881
37552  26.583  -38.646  15.323 0.6999999881
37559  27.078  -38.151  13.867 0.8000000119
37589  27.162  -37.952  13.054 0.8000000119
111227  26.453  -38.506  13.124 0.8000000119
38478  27.695  -37.503  12.564 0.8000000119
38479  26.807  -38.117  12.255 0.8999999762
38491  26.735  -37.913  11.275 1.0000000000
108059  25.714  -38.022  10.502 1.0000000000
38524  24.418  -37.778  9.611 1.0000000000
116640  23.717  -37.962  9.438 1.0000000000
38523  25.927  -37.451  9.945 1.0000000000
106953  25.256  -37.256  9.483 1.0000000000
38525  23.110  -37.817  9.113 1.0000000000
39380  22.786  -37.103  8.601 1.0000000000
38526  22.392  -37.688  8.732 0.8999999762
38527  21.588  -37.525  8.351 0.8999999762
38536  20.802  -37.471  7.845 0.8999999762
38543  20.572  -36.865  7.195 0.8999999762
111540  28.094  -38.620  6.075 0.6000000238
111058  27.541  -39.158  6.283 0.6000000238
36855  25.957  -39.107  6.520 0.6000000238
38554  20.863  -36.953  6.774 0.8999999762
37659  22.666  -38.159  6.488 0.8999999762
38550  24.922  -37.318  6.339 0.6999999881
125059  24.421  -37.307  6.383 0.6999999881
38552  23.098  -37.282  6.443 0.8999999762
36705  24.855  -39.784  17.386 0.6999999881
36706  24.035  -40.074  17.799 0.6000000238
35817  21.363  -40.475  17.872 0.6000000238
36703  26.040  -39.181  16.512 0.6999999881
36694  24.204  -39.137  17.804 0.6000000238
37545  26.416  -38.605  16.261 0.6999999881
38452  27.101  -38.023  14.848 0.6999999881
38467  27.775  -37.497  13.455 0.8000000119
38490  27.640  -37.349  11.589 0.8000000119
38507  26.430  -37.671  10.538 1.0000000000
38506  27.235  -37.231  10.697 0.8000000119
39377  25.960  -36.684  9.446 1.0000000000
122843  24.657  -37.043  9.048 1.0000000000
39379  23.779  -37.226  8.917 1.0000000000
39378  25.227  -36.532  8.962 1.0000000000
39387  23.142  -36.328  8.229 1.0000000000
40175  23.450  -35.551  7.754 1.0000000000
40176  22.337  -35.640  7.490 1.0000000000
40177  21.386  -35.818  7.305 0.8999999762
127745  26.788  -38.898  6.447 0.6000000238
123688  20.971  -36.196  6.701 0.8999999762
127783  28.658  -38.825  5.752 0.6000000238
37669  27.222  -38.349  6.315 0.6000000238
37656  26.314  -38.199  6.451 0.6999999881
39401  21.456  -36.253  6.495 0.8999999762
38549  25.775  -37.322  6.363 0.6999999881
39398  24.338  -36.629  5.908 0.6999999881
39399  23.530  -36.460  6.029 0.8999999762
36696  22.567  -39.637  18.228 0.5000000000
37547  25.070  -38.890  17.469 0.6000000238
37546  25.902  -38.559  17.068 0.6999999881
38445  26.885  -37.797  15.894 0.6999999881
38444  27.506  -37.223  15.225 0.6999999881
39329  28.316  -36.830  13.896 0.6999999881
38477  28.214  -37.019  12.161 0.8000000119
39350  28.365  -36.551  11.488 0.8000000119
39351  27.868  -36.772  10.932 0.8000000119
39365  28.219  -36.145  10.776 0.8000000119
39366  27.481  -36.309  10.248 0.8000000119
40166  26.630  -35.898  9.544 0.8999999762
40165  27.397  -35.500  9.774 0.8000000119
40167  25.768  -35.883  8.987 1.0000000000
39385  25.075  -35.852  8.587 1.0000000000
39386  24.317  -36.287  8.496 1.0000000000
40185  22.759  -35.150  7.107 1.0000000000
40186  21.818  -35.364  6.948 0.8999999762
40187  21.164  -35.741  6.909 0.8999999762
40192  21.853  -35.537  6.697 0.8999999762
40191  22.786  -35.142  6.500 0.8999999762
106239  22.909  -35.295  6.193 0.8999999762
38559  28.291  -37.185  5.885 0.6000000238
37670  26.729  -37.458  6.316 0.6000000238
38562  25.205  -36.622  5.914 0.6999999881
40203  24.147  -35.429  4.757 0.8000000119
39414  23.132  -35.667  5.964 0.8999999762
121002  28.804  -38.164  5.830 0.6000000238
38561  26.150  -36.632  6.093 0.6999999881
39413  23.875  -35.650  5.299 0.8000000119
40204  23.392  -35.031  5.321 0.8999999762
39412  24.643  -36.028  5.272 0.6999999881
40216  23.483  -34.752  4.318 0.8999999762
38437  25.261  -37.993  17.559 0.5000000000
37537  23.457  -38.406  17.963 0.5000000000
117351  26.400  -37.963  16.699 0.6999999881
38426  24.525  -37.424  17.657 0.5000000000
39322  28.028  -36.765  14.682 0.6999999881
127995  28.316  -36.417  14.380 0.6999999881
39328  28.733  -36.277  13.218 0.6999999881
38466  28.312  -36.982  12.935 0.6999999881
40137  28.904  -35.796  11.649 0.8000000119
40153  28.599  -35.436  10.813 0.8000000119
40154  28.001  -35.526  10.222 0.8000000119
40172  26.174  -35.158  8.908 0.8999999762
40173  25.387  -35.208  8.476 1.0000000000
41090  25.002  -34.745  7.995 1.0000000000
41080  27.761  -34.755  9.685 0.8000000119
41081  26.957  -34.987  9.301 0.8000000119
41089  25.724  -34.607  8.287 0.8999999762
41098  24.279  -34.653  7.236 1.0000000000
40184  23.655  -35.039  7.384 1.0000000000
41097  25.246  -34.391  7.470 0.8999999762
41107  23.661  -34.398  6.160 1.0000000000
41099  23.353  -34.802  6.681 1.0000000000
41108  23.222  -34.638  5.802 1.0000000000
41118  22.924  -34.516  4.884 0.8999999762
41117  22.511  -33.885  4.763 0.8999999762
107008  27.749  -37.754  6.175 0.6000000238
38560  27.189  -36.832  6.053 0.6000000238
41132  22.740  -34.449  3.812 0.8999999762
39410  26.550  -36.119  5.676 0.6999999881
39411  25.551  -36.077  5.498 0.6999999881
40202  24.914  -35.650  4.786 0.6999999881
116614  23.123  -34.637  3.367 0.8000000119
41131  24.271  -34.579  3.909 0.6999999881
125060  22.814  -34.366  3.023 0.8000000119
41144  23.007  -34.479  2.976 0.6999999881
38436  25.934  -37.590  17.219 0.6000000238
39315  27.152  -36.736  16.069 0.6999999881
38435  26.512  -37.141  16.685 0.5000000000
40105  28.208  -36.057  14.820 0.6999999881
39314  27.719  -36.356  15.397 0.6999999881
39321  28.615  -35.921  14.128 0.6999999881
40104  28.405  -35.242  14.800 0.6999999881
40112  29.055  -35.457  13.452 0.6999999881
124415  29.286  -35.051  12.892 0.6999999881
40123  29.079  -35.730  12.596 0.6999999881
40136  29.253  -35.057  12.132 0.6999999881
41056  29.048  -34.914  11.308 0.8000000119
41069  28.749  -34.542  10.630 0.8000000119
41079  28.309  -34.189  10.028 0.8000000119
41087  27.280  -34.219  9.017 0.8000000119
41967  28.322  -33.470  9.838 0.8000000119
41975  27.618  -33.487  8.693 0.8000000119
41976  26.930  -33.827  8.256 0.8000000119
41096  26.100  -34.095  7.876 0.8999999762
41106  24.583  -34.186  6.499 0.8999999762
42873  28.191  -32.779  8.325 0.8000000119
41985  27.469  -33.310  7.768 0.8000000119
42001  23.493  -33.822  5.522 1.0000000000
39409  27.738  -36.299  5.593 0.6000000238
115948  23.104  -34.211  5.310 1.0000000000
40201  25.903  -35.647  5.070 0.6999999881
41130  25.664  -34.724  4.040 0.6999999881
42020  22.673  -33.686  3.770 0.8999999762
41143  24.742  -34.151  3.466 0.6999999881
41021  28.544  -34.295  14.709 0.6999999881
109856  28.936  -34.959  14.211 0.6999999881
40111  29.291  -34.623  13.552 0.6999999881
41040  29.460  -34.287  12.688 0.6999999881
41068  29.254  -34.135  11.104 0.6999999881
41949  29.562  -33.635  11.873 0.6999999881
41959  28.887  -33.630  10.452 0.8000000119
41974  28.106  -33.052  9.319 0.8000000119
42862  28.671  -32.837  9.934 0.8000000119
41986  26.623  -33.667  7.305 0.8999999762
41987  25.674  -33.999  6.817 0.8999999762
41998  27.200  -33.181  6.778 0.8000000119
41999  26.219  -33.559  6.211 0.8999999762
42000  24.972  -33.708  5.917 0.8999999762
40200  26.926  -35.647  5.268 0.6000000238
42901  26.378  -32.492  5.051 0.8999999762
42893  25.615  -33.167  5.406 0.8999999762
121755  27.936  -34.683  4.723 0.6000000238
42903  23.079  -32.809  4.419 0.8999999762
42033  23.874  -33.403  3.096 0.8000000119
42034  22.766  -33.488  2.718 0.8999999762
42910  22.645  -32.541  3.234 0.8000000119
41031  29.149  -34.114  14.174 0.6999999881
41918  29.430  -33.809  13.561 0.6999999881
41932  29.626  -33.357  12.908 0.6999999881
41958  29.468  -33.488  11.018 0.6999999881
42846  29.935  -32.324  11.395 0.6999999881
42855  29.442  -32.815  10.649 0.6999999881
42884  28.029  -32.802  7.268 0.8000000119
42891  27.773  -32.644  6.344 0.8000000119
42900  27.497  -32.342  5.477 0.8000000119
42009  23.904  -33.102  5.222 0.8999999762
41129  26.899  -34.699  4.347 0.6000000238
42892  26.827  -32.957  5.800 0.8000000119
43771  27.161  -31.791  4.796 0.8999999762
42902  24.769  -32.494  4.655 0.8999999762
41128  27.675  -34.025  4.176 0.6000000238
41142  26.261  -34.193  3.664 0.6999999881
42909  23.597  -32.278  4.019 0.8999999762
42032  25.399  -33.550  3.163 0.6999999881
42931  24.177  -32.217  2.001 0.6999999881
42922  22.656  -32.368  2.274 0.8000000119
108676  29.448  -33.133  13.569 0.6999999881
42831  29.877  -32.664  12.333 0.6999999881
43714  30.253  -31.643  12.285 0.6999999881
42883  28.641  -32.398  7.571 0.8000000119
42890  28.588  -32.319  6.733 0.8000000119
115870  28.343  -32.218  5.926 0.8000000119
43772  25.898  -31.842  4.452 0.8999999762
43773  24.560  -31.840  3.960 0.8999999762
42920  26.080  -32.897  2.957 0.6999999881
118949  24.183  -31.203  3.521 0.8999999762
42932  23.081  -32.092  1.912 0.8000000119
120127  23.117  -31.133  3.288 0.8000000119
42939  23.935  -31.629  1.838 0.6999999881
43791  22.779  -31.486  2.294 0.8000000119
43782  22.647  -31.613  2.930 0.8000000119
44620  23.931  -30.392  1.804 0.8000000119
42820  29.651  -32.585  13.253 0.6999999881
43700  29.973  -31.964  12.995 0.6000000238
44592  25.829  -30.290  4.003 0.8999999762
44586  25.376  -31.142  4.019 0.8999999762
42919  27.194  -32.721  3.292 0.6000000238
44593  24.832  -30.526  3.677 0.8999999762
42930  25.705  -32.160  2.424 0.8000000119
44594  23.960  -30.563  3.064 0.8999999762
119536  23.102  -30.969  2.819 0.8000000119
44612  25.525  -30.831  1.796 0.6999999881
44613  23.416  -30.513  2.269 0.8000000119
45410  23.862  -29.668  2.296 0.8000000119
42929  26.686  -32.361  2.837 0.6999999881
45394  26.987  -30.160  4.293 0.8000000119
43800  26.835  -31.754  2.569 0.5000000000
43801  26.132  -31.336  2.172 0.6000000238
46208  24.610  -29.036  3.219 0.8000000119
44611  26.287  -30.563  2.072 0.6000000238
44618  25.319  -30.117  1.718 0.6000000238
46228  24.503  -29.018  1.938 0.6999999881
46221  24.298  -28.961  2.161 0.8000000119
44599  23.668  -30.315  2.664 0.8000000119
45424  25.123  -29.158  1.767 0.6000000238
45402  26.125  -29.469  3.927 0.8000000119
45403  24.927  -29.707  3.540 0.8999999762
44610  27.244  -30.172  2.340 0.6000000238
46220  24.547  -27.913  2.362 0.8000000119
46212  24.378  -28.930  2.610 0.8000000119
46211  24.689  -28.307  3.070 0.8000000119
46206  26.403  -28.555  3.712 0.8000000119
47121  25.317  -28.081  3.331 0.8000000119
45417  26.951  -29.086  2.207 0.6000000238
126104  26.062  -29.100  1.994 0.6000000238
45423  25.937  -28.443  1.904 0.6000000238
119366  24.195  -26.980  2.316 0.6999999881
47124  24.603  -27.438  2.983 0.8000000119
47140  25.285  -26.422  1.238 0.6000000238
48066  23.666  -26.036  1.103 0.6000000238
48065  23.335  -25.667  1.134 0.6999999881
46226  27.078  -28.006  1.934 0.6000000238
47137  25.674  -27.426  1.685 0.6000000238
48049  27.967  -27.126  3.590 0.8000000119
46219  27.857  -28.679  2.271 0.6000000238
47119  27.376  -27.879  3.660 0.8000000119
46225  28.280  -28.000  2.041 0.5000000000
48054  25.690  -26.100  3.082 0.8000000119
47120  25.714  -27.341  3.323 0.8000000119
48866  25.216  -25.015  2.472 0.6000000238
47135  28.613  -27.302  1.742 0.5000000000
110546  27.756  -27.306  1.637 0.6000000238
48064  27.221  -26.541  1.386 0.6000000238
48071  24.027  -25.911  0.767 0.6000000238
48063  27.706  -26.239  1.355 0.6000000238
48069  26.143  -26.172  1.209 0.6000000238
125389  25.283  -24.818  0.776 0.6000000238
113504  25.096  -24.316  0.997 0.6000000238
48053  27.303  -26.254  3.297 0.8000000119
48050  26.802  -26.917  3.441 0.8000000119
48048  28.596  -26.476  3.556 0.8000000119
48860  28.146  -25.567  3.132 0.6999999881
107481  28.632  -26.501  1.571 0.6000000238
49717  25.030  -24.343  1.889 0.6000000238
49716  25.796  -23.919  2.015 0.6000000238
49709  25.982  -24.471  2.434 0.6999999881
49726  28.337  -24.662  1.230 0.5000000000
49727  25.667  -23.927  1.436 0.6000000238
48887  26.487  -24.564  0.894 0.6000000238
49737  25.917  -23.633  1.182 0.6000000238
49699  29.310  -25.149  3.465 0.6999999881
49707  28.293  -24.686  2.841 0.6000000238
49708  27.050  -24.021  2.334 0.6000000238
121435  27.274  -24.844  2.672 0.6000000238
51400  27.014  -22.549  1.986 0.6000000238
121296  28.259  -23.972  2.652 0.6000000238
49735  28.349  -23.718  0.775 0.5000000000
108802  26.372  -22.966  0.933 0.6000000238
50553  26.221  -22.288  1.011 0.6000000238
50545  26.152  -22.826  1.359 0.6000000238
50535  26.276  -23.125  1.700 0.6000000238
50527  27.508  -23.278  2.332 0.6000000238
118291  27.380  -23.191  0.601 0.6000000238
50552  26.934  -22.474  0.644 0.6000000238
50544  29.325  -23.460  0.882 0.5000000000
50551  28.377  -22.878  0.516 0.5000000000
51428  29.044  -22.238  0.501 0.4000000060
52397  28.931  -21.347  0.417 0.5000000000
49706  29.160  -24.241  3.195 0.6000000238
50526  28.799  -23.372  2.819 0.6000000238
51421  26.451  -22.036  1.254 0.6000000238
114358  26.340  -22.373  1.420 0.6000000238
115113  28.690  -22.666  2.558 0.6000000238
51429  26.464  -21.607  0.908 0.6000000238
52390  26.625  -20.935  1.133 0.6000000238
113212  27.666  -21.831  0.474 0.5000000000
51430  26.852  -21.140  0.645 0.6000000238
52401  27.506  -20.874  0.433 0.5000000000
52399  29.314  -20.456  0.292 0.4000000060
53305  28.083  -19.368  -0.151 0.4000000060
51411  26.665  -21.649  1.451 0.6000000238
51410  27.748  -22.180  2.071 0.5000000000
52383  27.638  -21.297  1.676 0.5000000000
53303  26.582  -20.229  0.852 0.6000000238
53306  27.113  -19.863  0.408 0.5000000000
51399  29.799  -22.812  2.904 0.4000000060
52384  26.734  -20.557  1.266 0.6000000238
53286  27.624  -20.274  1.476 0.5000000000
53302  26.951  -19.510  0.737 0.4000000060
53293  26.638  -20.135  1.057 0.6000000238
53291  27.649  -19.355  1.203 0.6000000238
53285  29.378  -20.213  1.757 0.4000000060
54217  27.252  -19.018  0.025 0.4000000060
54216  27.619  -18.728  0.203 0.4000000060
53301  27.146  -19.133  0.830 0.4000000060
54219  27.957  -18.539  -0.155 0.4000000060
52370  31.634  -21.225  3.571 0.4000000060
53276  30.368  -21.030  2.378 0.4000000060
55060  28.417  -17.952  0.180 0.4000000060
54208  27.905  -18.664  0.681 0.4000000060
55054  28.882  -18.125  1.047 0.4000000060
54201  29.122  -19.171  1.404 0.4000000060
53275  31.296  -20.623  2.868 0.4000000060
53284  30.535  -20.311  2.335 0.4000000060
55915  28.913  -17.195  0.488 0.3000000119
110602  30.117  -18.802  1.998 0.4000000060
54200  30.164  -19.722  2.027 0.4000000060
54192  31.731  -19.731  3.168 0.4000000060
54193  30.974  -19.736  2.517 0.4000000060
33311  21.366  -43.823  5.175 0.8000000119
33302  20.939  -43.473  5.642 0.8999999762
33288  21.206  -43.072  6.033 0.8999999762
33287  21.117  -44.179  5.992 0.8999999762
32389  21.990  -44.743  6.199 0.8999999762
35047  26.579  -41.546  9.540 0.8999999762
35927  25.767  -40.009  10.389 1.0000000000
33267  24.497  -43.274  7.457 0.8999999762
34166  25.595  -42.305  8.119 0.8999999762
127582  25.004  -41.132  8.197 0.8999999762
35941  25.474  -40.322  9.589 1.0000000000
33276  23.508  -43.444  7.054 0.8999999762
119099  24.955  -41.623  7.896 0.8999999762
116316  24.160  -41.758  7.590 0.8999999762
35954  25.079  -40.649  8.688 1.0000000000
34176  23.004  -42.817  6.990 0.8999999762
35956  23.519  -40.277  8.205 0.8999999762
52373  28.910  -22.036  2.333 0.4000000060
52382  29.091  -21.164  2.025 0.4000000060
52372  30.140  -21.906  2.567 0.4000000060
51398  30.830  -22.435  3.281 0.4000000060
30648  27.644  -46.100  11.977 1.0000000000
30637  23.520  -46.572  13.056 0.8999999762
118946  26.573  -45.114  12.708 1.0000000000
31508  27.090  -45.125  8.764 0.8000000119
30696  25.853  -45.800  7.861 0.8000000119
30697  25.019  -46.109  7.434 0.8000000119
31515  25.694  -45.039  7.742 0.8999999762
32387  24.424  -44.940  7.225 0.8000000119
123335  23.093  -44.182  6.697 0.8999999762
116991  26.777  -42.363  9.264 0.8999999762
34168  23.865  -42.644  7.348 0.8999999762
33179  24.064  -43.444  14.383 0.8999999762
33161  17.595  -43.213  15.267 0.4000000060
33160  18.367  -43.012  15.934 0.4000000060
35032  26.963  -41.197  10.312 1.0000000000
35048  25.866  -41.086  9.134 0.8999999762
33310  22.221  -44.277  4.991 0.6999999881
112940  22.145  -41.343  5.427 0.8000000119
34985  24.981  -42.059  15.255 0.8999999762
34177  22.127  -42.333  6.641 0.8999999762
119601  25.229  -43.164  5.539 0.6000000238
35105  21.286  -42.164  5.721 0.8999999762
34042  22.576  -42.363  16.943 0.6999999881
128654  18.193  -42.114  16.024 0.4000000060
34169  23.169  -42.023  7.254 0.8999999762
35984  21.096  -40.073  6.595 0.8999999762
36871  21.531  -39.959  6.270 0.8999999762
35101  25.234  -41.430  5.737 0.6999999881
35995  24.707  -40.730  5.768 0.6999999881
34962  25.303  -41.318  15.608 0.8999999762
37618  25.226  -38.676  10.674 1.0000000000
35061  24.418  -40.897  8.002 0.8999999762
36822  23.037  -39.011  9.051 0.8999999762
36837  22.802  -39.611  8.450 0.8999999762
35062  23.401  -41.117  7.648 0.8999999762
36860  20.876  -39.386  6.866 0.8999999762
35845  26.032  -40.056  15.482 0.8000000119
35818  20.630  -40.699  17.677 0.5000000000
36754  26.192  -39.226  13.979 1.0000000000
37652  20.515  -38.330  7.168 0.8999999762
36716  26.268  -39.326  15.804 0.6999999881
37577  26.376  -38.712  13.731 0.8999999762
37657  25.420  -38.133  6.512 0.6999999881
38553  21.993  -37.176  6.478 0.8999999762
38551  23.935  -37.320  6.418 0.8000000119
35816  22.255  -40.387  18.088 0.6000000238
36704  25.560  -39.452  16.984 0.8000000119
36695  23.336  -39.366  18.148 0.6000000238
38451  27.704  -37.445  14.341 0.6999999881
109945  26.689  -36.938  9.986 1.0000000000
39388  22.085  -36.367  8.024 1.0000000000
36697  21.651  -39.439  18.057 0.5000000000
37538  22.423  -38.629  18.090 0.5000000000
39339  28.677  -36.449  12.321 0.8000000119
113273  23.306  -34.773  5.696 0.8999999762
38425  25.298  -37.100  17.524 0.5000000000
41968  27.891  -33.865  9.409 0.8000000119
119418  25.902  -36.692  17.166 0.5000000000
111996  27.240  -35.751  16.034 0.6999999881
41055  29.341  -34.413  11.790 0.6999999881
42921  24.674  -32.856  2.633 0.8000000119
42046  23.109  -32.763  2.117 0.8000000119
43750  28.950  -32.102  8.252 0.8000000119
43781  23.026  -31.629  3.629 0.8999999762
44585  26.585  -31.030  4.360 0.8999999762
42805  29.311  -32.617  13.898 0.6000000238
44619  24.730  -30.598  1.625 0.6999999881
47129  24.188  -27.003  1.710 0.6999999881
46227  24.786  -27.955  1.870 0.6000000238
47138  24.274  -26.762  1.339 0.6000000238
48055  24.480  -26.629  2.773 0.8000000119
49728  24.444  -24.431  0.949 0.6000000238
48865  26.546  -25.358  2.859 0.6999999881
48880  26.468  -25.606  1.054 0.6000000238
49736  27.021  -23.780  0.776 0.6000000238
52371  31.053  -21.585  2.984 0.4000000060
53264  32.019  -20.522  3.738 0.4000000060
55905  29.466  -17.683  1.455 0.4000000060
33277  22.255  -43.529  6.447 0.8999999762
22709  24.230  -56.162  14.211 0.4000000060
120640  23.456  -55.084  14.366 0.4000000060
23568  22.698  -55.245  14.381 0.4000000060
24359  24.842  -54.560  14.185 0.4000000060
25118  23.441  -53.936  14.292 0.4000000060
24383  22.629  -54.366  14.137 0.4000000060
25126  25.898  -53.656  13.621 0.3000000119
25117  24.380  -53.822  14.365 0.4000000060
25816  26.347  -52.989  13.291 0.4000000060
25828  26.918  -52.975  12.530 0.4000000060
25850  27.307  -51.951  11.361 0.4000000060
26573  27.177  -51.005  9.925 0.4000000060
25129  23.125  -53.147  14.020 0.5000000000
25130  22.432  -53.660  13.803 0.4000000060
117802  25.190  -52.283  13.783 0.4000000060
25812  23.938  -53.252  14.270 0.4000000060
26535  26.744  -52.216  13.074 0.5000000000
25827  27.221  -52.039  12.310 0.4000000060
26544  27.358  -51.275  11.744 0.4000000060
27372  27.347  -50.435  10.307 0.5000000000
27386  27.013  -50.413  9.639 0.5000000000
117992  26.707  -49.750  9.307 0.6000000238
27393  26.427  -50.440  9.119 0.5000000000
27394  25.796  -50.498  8.592 0.6000000238
25819  22.301  -52.841  13.580 0.5000000000
25820  21.633  -52.658  13.076 0.5000000000
25138  20.887  -53.662  12.212 0.5000000000
26522  25.548  -51.598  13.605 0.6000000238
25818  23.964  -52.412  13.962 0.6000000238
114847  25.862  -50.944  13.569 0.6000000238
27345  27.024  -50.914  13.029 0.5000000000
27344  27.322  -50.539  12.301 0.5000000000
27356  27.418  -50.526  11.260 0.4000000060
28267  27.318  -49.706  9.926 0.6000000238
28277  26.141  -49.111  8.794 0.6000000238
108776  25.200  -49.034  7.918 0.6000000238
116315  26.139  -49.919  8.815 0.6000000238
28278  25.456  -49.887  8.271 0.6000000238
128474  24.193  -49.309  7.127 0.6000000238
107051  23.011  -52.168  13.686 0.5000000000
26525  22.193  -51.969  13.287 0.5000000000
25829  21.089  -52.664  12.254 0.5000000000
113506  25.124  -50.994  13.678 0.6000000238
113763  24.305  -50.998  13.690 0.6000000238
27335  26.480  -50.416  13.333 0.6000000238
27336  25.571  -50.309  13.590 0.6000000238
28224  27.310  -49.680  12.472 0.5000000000
28225  26.886  -49.546  13.053 0.6000000238
123909  27.482  -49.927  11.750 0.6000000238
28251  27.551  -49.673  10.879 0.6000000238
29116  24.667  -48.497  7.503 0.6000000238
29128  23.503  -48.837  6.698 0.6999999881
117692  22.890  -51.208  13.459 0.6000000238
26537  21.579  -51.871  12.676 0.5000000000
26545  21.068  -51.729  11.967 0.5000000000
27337  24.737  -50.356  13.670 0.6000000238
120262  20.964  -50.921  11.698 0.5000000000
117218  20.213  -51.700  10.635 0.5000000000
28216  25.109  -49.472  13.596 0.6000000238
28237  27.600  -49.210  11.753 0.6000000238
29886  24.252  -47.859  7.141 0.6999999881
27339  23.266  -50.387  13.467 0.6000000238
27346  22.537  -50.362  13.124 0.6000000238
110317  21.493  -51.095  12.313 0.6000000238
116149  24.342  -49.836  13.628 0.6000000238
119620  22.949  -49.625  13.274 0.6000000238
27357  21.381  -50.416  11.975 0.6000000238
26546  20.460  -50.749  11.001 0.6000000238
28217  24.214  -49.079  13.556 0.6000000238
27374  19.918  -50.594  10.003 0.5000000000
28215  26.147  -49.534  13.425 0.6000000238
123376  19.516  -49.966  9.043 0.6000000238
30704  23.103  -46.865  6.527 0.6999999881
28227  21.577  -49.667  11.985 0.6000000238
29063  23.927  -48.130  13.473 0.6000000238
28218  23.407  -48.921  13.362 0.6000000238
28226  22.258  -49.445  12.631 0.6000000238
27358  20.893  -49.890  11.372 0.6000000238
27373  20.304  -49.657  10.485 0.6000000238
29062  24.852  -48.482  13.573 0.6000000238
28239  20.615  -48.644  10.724 0.6000000238
29061  25.789  -48.670  13.457 0.6000000238
29069  27.023  -48.068  12.892 0.6000000238
30705  22.343  -46.284  6.042 0.6999999881
29070  22.284  -48.266  12.387 0.6999999881
124160  21.752  -48.853  12.023 0.6999999881
29808  25.429  -47.846  13.509 0.6000000238
31539  21.909  -45.473  5.752 0.6999999881
29064  23.026  -48.160  13.081 0.6999999881
123173  24.664  -47.751  13.542 0.6999999881
29811  22.634  -47.396  12.581 0.6999999881
29080  21.571  -47.913  11.553 0.6999999881
28238  21.197  -48.814  11.438 0.6000000238
29081  20.901  -47.568  10.837 0.6999999881
29835  21.192  -46.769  11.095 0.6000000238
28252  20.115  -48.317  9.811 0.5000000000
32425  21.588  -44.704  5.285 0.8000000119
115182  23.340  -47.385  13.130 0.6999999881
30651  22.317  -46.550  12.190 0.6999999881
29822  21.978  -47.149  11.776 0.6999999881
29095  19.629  -46.988  9.262 0.5000000000
30667  21.498  -46.169  11.601 0.6999999881
29836  20.328  -46.557  10.526 0.6000000238
29851  19.577  -46.408  9.863 0.6000000238
43765  28.220  -31.757  5.295 0.6999999881
42861  29.341  -32.105  9.893 0.6999999881
43737  28.653  -32.380  9.204 0.6999999881
43758  29.159  -31.798  7.275 0.6999999881
128044  29.762  -32.077  10.648 0.6000000238
43725  29.890  -31.471  10.270 0.6000000238
43764  29.017  -31.705  6.096 0.6999999881
44576  29.290  -30.814  5.915 0.6999999881
44584  27.914  -30.962  4.686 0.6999999881
116692  28.105  -29.989  4.535 0.6999999881
108418  30.140  -31.547  11.201 0.6000000238
121736  29.643  -31.400  9.533 0.6000000238
43749  29.431  -31.295  8.154 0.6999999881
44570  29.383  -31.041  6.879 0.6999999881
43713  30.413  -30.877  11.800 0.6000000238
44583  28.869  -30.463  5.088 0.6999999881
119644  27.591  -28.743  3.900 0.6999999881
43724  30.292  -30.817  10.827 0.6000000238
44536  30.086  -30.765  9.756 0.6000000238
44561  30.186  -29.995  8.707 0.6000000238
44569  29.631  -30.575  7.639 0.6999999881
45393  29.026  -29.642  4.913 0.6999999881
46199  28.293  -29.195  4.341 0.6999999881
46205  28.359  -28.421  4.109 0.6999999881
44535  30.448  -30.068  10.496 0.6000000238
111340  30.513  -29.308  9.172 0.5000000000
45374  29.949  -30.067  8.088 0.6000000238
45386  30.036  -29.446  6.636 0.5000000000
45392  29.766  -29.118  5.582 0.6999999881
117103  29.601  -27.325  4.618 0.6999999881
47117  28.924  -27.261  3.906 0.6999999881
56806  29.999  -16.056  0.003 0.3000000119
116744  29.563  -16.936  -0.137 0.3000000119
55069  28.381  -17.936  -0.063 0.3000000119
23567  23.434  -55.718  14.365 0.4000000060
108807  22.762  -56.021  14.435 0.3000000119
23569  21.965  -55.966  14.318 0.4000000060
23585  24.895  -55.530  13.950 0.3000000119
23586  21.946  -55.028  14.109 0.4000000060
25137  26.533  -53.872  12.908 0.4000000060
24384  21.917  -54.260  13.651 0.4000000060
25143  26.953  -53.779  11.970 0.4000000060
25837  27.181  -52.851  11.471 0.4000000060
25851  27.144  -52.215  10.606 0.4000000060
26561  27.045  -51.676  9.938 0.5000000000
26583  25.954  -51.737  8.919 0.4000000060
24397  21.294  -54.184  12.947 0.4000000060
28279  24.353  -50.143  7.257 0.5000000000
25144  20.613  -53.191  11.436 0.5000000000
28290  22.834  -50.092  6.042 0.6000000238
25838  20.635  -52.267  11.412 0.5000000000
25853  19.850  -52.328  9.882 0.5000000000
29887  22.917  -47.995  6.287 0.6000000238
26562  19.778  -51.502  9.776 0.5000000000
26575  19.436  -50.825  9.080 0.4000000060
29888  22.396  -47.311  5.705 0.6999999881
110857  19.786  -49.308  9.477 0.5000000000
30716  21.973  -46.031  5.419 0.6999999881
28253  19.554  -47.965  8.725 0.5000000000
31550  21.733  -45.421  5.368 0.8000000119
31560  21.955  -45.527  5.091 0.6999999881
29117  18.543  -47.284  7.781 0.5000000000
112466  19.019  -46.485  9.208 0.6000000238
40096  27.853  -35.488  15.403 0.6000000238
40095  27.951  -34.649  15.286 0.6000000238
127767  30.595  -29.494  11.125 0.5000000000
46162  30.812  -28.522  9.606 0.5000000000
122131  30.613  -28.730  8.763 0.5000000000
46183  30.397  -28.628  7.041 0.5000000000
47105  30.477  -27.412  6.155 0.5000000000
47113  30.153  -27.417  5.374 0.5000000000
48859  29.880  -25.710  3.960 0.5000000000
126014  30.138  -15.817  0.052 0.3000000119
55925  28.807  -17.205  -0.048 0.3000000119
29060  26.660  -48.746  13.162 0.6000000238
30666  22.039  -45.825  12.049 0.8000000119
125183  23.926  -47.215  6.911 0.6999999881
114973  22.458  -45.538  6.320 0.6999999881
43736  29.254  -31.688  8.997 0.6999999881
45401  27.272  -29.383  4.095 0.6999999881
112117  29.182  -25.937  3.561 0.6000000238
55926  28.911  -17.532  -0.185 0.3000000119
32415  21.533  -44.659  5.572 0.8000000119
31559  22.958  -45.509  4.705 0.6999999881
127482  29.416  -31.181  7.514 0.6999999881
23566  24.123  -55.276  14.233 0.4000000060
25127  25.200  -53.686  14.161 0.4000000060
125402  26.015  -54.294  13.411 0.3000000119
109808  26.004  -52.236  13.493 0.5000000000
25131  21.764  -53.479  13.343 0.5000000000
118100  26.551  -51.895  9.490 0.3000000119
27395  25.087  -50.671  7.879 0.4000000060
110555  20.531  -54.102  11.436 0.5000000000
29094  20.293  -47.196  10.054 0.6000000238
108230  29.459  -29.960  5.804 0.6999999881
44550  29.687  -31.021  8.964 0.6999999881
121406  30.038  -30.479  9.031 0.6000000238
44562  29.788  -30.559  8.421 0.6999999881
44575  29.617  -30.257  6.753 0.6999999881
44549  30.356  -29.979  9.548 0.6000000238
45373  30.306  -29.386  8.217 0.5000000000
45380  29.954  -29.829  7.486 0.6000000238
46198  29.193  -28.760  4.713 0.6999999881
47114  29.055  -27.967  4.323 0.6999999881
46148  30.641  -29.198  10.276 0.5000000000
46190  30.277  -28.729  6.279 0.5000000000
126761  29.733  -28.571  5.251 0.5000000000
48044  30.144  -26.747  4.984 0.5000000000
48047  29.557  -26.533  4.120 0.6999999881
122106  30.533  -28.446  7.995 0.5000000000
47095  30.613  -27.792  7.377 0.5000000000
112192  30.549  -26.273  5.352 0.5000000000
123070  22.156  -46.666  5.100 0.6000000238
30744  22.229  -46.137  4.956 0.6000000238
32413  24.870  -44.908  5.069 0.5000000000
30743  23.083  -46.270  4.738 0.6000000238
32424  23.209  -44.697  4.751 0.6000000238
32400  26.214  -44.367  6.065 0.5000000000
32414  24.153  -44.341  4.907 0.6000000238
29823  19.479  -46.762  11.844 0.5000000000
33300  23.362  -43.882  5.003 0.6000000238
109547  25.446  -44.401  5.562 0.5000000000
33285  27.196  -43.852  6.441 0.5000000000
30638  19.335  -46.219  13.276 0.4000000060
30654  19.028  -46.847  12.950 0.4000000060
30639  18.416  -46.558  13.730 0.4000000060
33286  26.470  -43.399  6.196 0.5000000000
33284  28.166  -43.524  6.445 0.5000000000
31460  17.852  -46.041  14.243 0.4000000060
34188  28.252  -42.455  6.301 0.5000000000
34189  27.499  -42.997  6.402 0.5000000000
31437  17.403  -45.296  14.399 0.4000000060
34936  19.573  -41.244  17.273 0.4000000060
34951  18.978  -41.309  16.859 0.4000000060
34952  18.428  -41.418  16.291 0.4000000060
38427  23.654  -37.554  17.712 0.4000000060
38428  22.758  -37.642  17.741 0.4000000060
36698  20.583  -39.803  17.693 0.4000000060
35819  19.942  -40.562  17.516 0.4000000060
39291  22.996  -36.778  17.487 0.4000000060
37540  20.902  -38.764  17.631 0.4000000060
35834  19.250  -40.537  17.156 0.4000000060
127838  20.491  -38.165  17.248 0.4000000060
37541  20.119  -38.934  17.332 0.4000000060
35835  18.662  -40.594  16.575 0.4000000060
107519  21.895  -37.705  17.638 0.4000000060
37539  21.561  -38.461  17.802 0.4000000060
39290  23.877  -36.760  17.494 0.4000000060
39292  22.167  -36.890  17.401 0.4000000060
115802  21.524  -37.071  17.297 0.4000000060
38429  21.097  -37.753  17.388 0.4000000060
38438  20.951  -36.898  17.030 0.4000000060
123251  20.410  -37.459  16.973 0.4000000060
36707  18.953  -39.767  16.803 0.4000000060
39309  20.296  -36.705  16.614 0.4000000060
108423  19.306  -38.170  16.257 0.4000000060
39302  26.406  -36.050  16.653 0.4000000060
39305  23.324  -36.011  17.192 0.4000000060
39306  22.457  -36.107  17.090 0.4000000060
126225  25.808  -36.142  17.011 0.4000000060
39303  25.174  -36.181  17.322 0.4000000060
40082  24.631  -35.417  16.836 0.4000000060
40084  22.879  -35.427  16.656 0.4000000060
40085  22.033  -35.551  16.503 0.4000000060
39307  21.585  -36.327  16.944 0.4000000060
39308  20.850  -36.284  16.666 0.4000000060
39316  20.276  -35.891  16.193 0.4000000060
38439  19.782  -37.375  16.468 0.4000000060
107254  27.282  -34.874  15.797 0.5000000000
40081  25.946  -35.240  16.563 0.5000000000
115508  25.556  -35.633  16.835 0.4000000060
40995  24.150  -34.742  16.360 0.4000000060
40996  23.307  -34.766  16.284 0.4000000060
40086  21.160  -35.683  16.371 0.4000000060
40097  26.592  -35.104  16.294 0.5000000000
40994  25.129  -34.824  16.448 0.4000000060
41013  23.686  -34.137  15.734 0.4000000060
111166  22.959  -34.354  15.805 0.4000000060
108451  26.433  -34.245  15.861 0.4000000060
41898  25.584  -33.693  15.662 0.4000000060
128540  24.869  -33.786  15.683 0.4000000060
41012  24.535  -34.204  15.942 0.4000000060
41899  23.579  -33.432  15.133 0.4000000060
42796  26.225  -32.635  15.243 0.4000000060
42809  25.657  -32.146  14.870 0.4000000060
109071  24.818  -32.628  14.889 0.4000000060
42810  24.152  -32.481  14.532 0.4000000060
42807  27.874  -32.692  14.849 0.5000000000
42795  26.997  -32.668  15.194 0.4000000060
43677  25.527  -31.312  14.397 0.4000000060
43678  24.666  -31.906  14.348 0.4000000060
43690  24.181  -31.465  13.810 0.3000000119
41906  29.226  -33.356  14.070 0.5000000000
41897  26.527  -33.370  15.456 0.5000000000
42798  24.858  -33.277  15.333 0.4000000060
107698  24.270  -33.631  15.464 0.4000000060
42797  25.575  -32.939  15.293 0.4000000060
41909  24.174  -33.025  14.978 0.4000000060
109377  27.293  -32.023  14.879 0.5000000000
42808  26.545  -32.158  15.030 0.4000000060
44491  26.177  -30.800  14.403 0.4000000060
43689  24.784  -31.208  13.961 0.3000000119
43674  29.012  -32.073  14.163 0.5000000000
43675  28.257  -31.886  14.530 0.5000000000
119521  27.462  -31.395  14.640 0.4000000060
43676  26.524  -31.482  14.718 0.4000000060
121022  24.323  -30.704  13.465 0.3000000119
43687  28.925  -31.270  14.185 0.5000000000
43686  29.539  -31.780  13.630 0.4000000060
43685  30.167  -31.123  13.135 0.5000000000
43688  28.013  -30.913  14.453 0.3000000119
44490  27.031  -30.759  14.515 0.4000000060
117504  25.399  -30.503  13.893 0.3000000119
44509  23.958  -30.027  12.892 0.3000000119
127250  23.536  -30.607  13.083 0.3000000119
44500  28.632  -30.184  14.166 0.3000000119
44499  29.537  -30.793  13.711 0.4000000060
44498  29.996  -30.275  13.261 0.4000000060
120796  30.323  -30.435  12.843 0.4000000060
44508  30.469  -30.214  12.267 0.4000000060
44523  30.510  -30.130  11.441 0.4000000060
44501  27.463  -30.068  14.303 0.3000000119
44502  26.420  -30.136  14.167 0.3000000119
45312  25.757  -29.558  13.596 0.3000000119
45313  24.806  -29.827  13.285 0.3000000119
44510  23.150  -30.134  12.705 0.3000000119
44511  22.292  -30.295  12.589 0.3000000119
45322  24.358  -29.416  12.681 0.3000000119
45324  22.608  -29.556  12.450 0.3000000119
119808  29.399  -29.988  13.694 0.3000000119
45320  30.279  -29.654  12.770 0.3000000119
45336  30.585  -29.360  11.978 0.4000000060
111224  30.850  -28.020  8.873 0.4000000060
119394  30.470  -28.007  6.576 0.4000000060
46113  22.045  -28.981  12.218 0.3000000119
45310  28.927  -29.184  13.886 0.3000000119
119922  27.846  -29.245  14.131 0.3000000119
46096  30.009  -29.010  12.987 0.3000000119
45352  30.690  -28.787  11.292 0.4000000060
47051  31.010  -27.430  10.858 0.3000000119
107212  30.914  -28.261  10.597 0.4000000060
47071  31.198  -27.634  9.842 0.4000000060
47085  30.861  -27.550  8.158 0.4000000060
48029  30.909  -26.924  7.496 0.4000000060
126276  30.621  -27.348  6.875 0.4000000060
48043  30.487  -26.764  5.785 0.4000000060
45309  29.736  -29.476  13.354 0.3000000119
47050  31.265  -26.836  10.299 0.3000000119
47070  31.375  -26.917  9.605 0.3000000119
48018  31.225  -26.862  8.310 0.4000000060
48028  31.430  -26.080  8.043 0.4000000060
48037  30.706  -26.744  6.612 0.4000000060
49691  31.371  -24.539  5.760 0.4000000060
48852  30.824  -25.632  5.215 0.4000000060
48858  30.539  -25.230  4.376 0.4000000060
126939  30.008  -25.174  3.880 0.5000000000
47999  31.410  -26.381  9.832 0.3000000119
48017  31.475  -26.425  9.053 0.3000000119
48838  31.426  -25.321  7.369 0.4000000060
126212  31.244  -25.479  6.592 0.4000000060
49687  31.468  -24.689  6.621 0.3000000119
50519  31.371  -23.979  5.164 0.4000000060
49697  30.901  -24.388  4.400 0.3000000119
49698  30.120  -24.561  3.782 0.3000000119
51389  30.678  -23.254  3.611 0.3000000119
50525  29.881  -23.701  3.419 0.3000000119
48788  31.096  -25.948  10.522 0.3000000119
117675  31.550  -24.810  9.403 0.3000000119
48829  31.571  -25.091  8.338 0.3000000119
49679  31.639  -24.479  7.663 0.3000000119
50503  31.712  -23.844  7.031 0.3000000119
51369  31.792  -23.213  6.442 0.3000000119
117147  31.631  -23.356  5.685 0.3000000119
50520  31.168  -23.609  4.305 0.3000000119
51388  31.370  -22.820  4.061 0.3000000119
111852  31.583  -23.116  4.924 0.3000000119
109404  31.233  -25.002  10.361 0.3000000119
50494  31.911  -23.684  7.978 0.3000000119
50502  32.017  -23.099  7.331 0.3000000119
51368  32.216  -22.510  6.734 0.3000000119
51380  31.950  -22.590  5.731 0.3000000119
52348  32.299  -21.726  5.363 0.3000000119
114400  31.817  -22.266  4.723 0.3000000119
51397  31.550  -21.985  3.801 0.3000000119
52359  32.531  -21.023  5.154 0.3000000119
54177  32.336  -19.680  3.991 0.3000000119
41010  27.296  -34.072  15.488 0.5000000000
41022  27.965  -33.953  15.158 0.5000000000
128003  22.142  -46.754  5.394 0.6000000238
29914  22.126  -47.560  4.996 0.5000000000
127223  22.325  -46.726  4.963 0.5000000000
30729  24.907  -46.241  4.962 0.5000000000
30742  24.086  -46.473  4.743 0.5000000000
32398  27.215  -44.747  6.392 0.5000000000
31547  25.915  -45.902  5.420 0.5000000000
31548  25.257  -45.723  5.159 0.5000000000
31484  20.856  -45.679  11.574 0.6000000238
30669  19.765  -46.279  10.627 0.6000000238
29837  19.460  -46.386  10.659 0.5000000000
109081  18.913  -46.459  10.182 0.5000000000
29838  19.184  -47.296  11.434 0.5000000000
29071  18.724  -48.258  12.113 0.5000000000
29824  18.612  -47.614  12.701 0.4000000060
29812  17.987  -47.177  13.483 0.4000000060
30640  17.437  -46.544  13.769 0.4000000060
110411  17.002  -45.854  13.970 0.4000000060
34070  17.188  -42.448  14.834 0.3000000119
34965  17.855  -41.509  15.685 0.3000000119
35848  18.128  -40.686  15.848 0.4000000060
37553  18.701  -38.205  15.481 0.4000000060
36708  18.404  -39.842  16.060 0.4000000060
38446  19.191  -37.408  15.790 0.4000000060
40997  22.507  -34.845  16.158 0.4000000060
40099  19.468  -35.924  15.504 0.4000000060
114020  21.605  -34.920  15.849 0.4000000060
40098  20.806  -35.299  15.835 0.4000000060
41900  22.943  -33.809  15.324 0.4000000060
41015  20.837  -34.722  15.320 0.4000000060
42821  23.701  -32.036  14.028 0.4000000060
112882  22.962  -33.318  14.741 0.4000000060
42811  23.452  -32.799  14.490 0.4000000060
43691  23.463  -31.313  13.432 0.3000000119
43701  22.844  -30.850  12.923 0.3000000119
43692  22.628  -31.564  13.197 0.3000000119
126667  27.924  -44.174  6.528 0.5000000000
128546  16.792  -43.811  14.459 0.4000000060
41014  22.306  -34.289  15.501 0.4000000060
41023  21.541  -34.207  15.132 0.4000000060
32298  17.012  -44.487  14.449 0.4000000060
33298  24.880  -43.900  5.393 0.5000000000
41907  28.843  -33.625  14.417 0.5000000000
120987  30.389  -30.863  12.532 0.5000000000
39304  24.211  -36.006  17.253 0.4000000060
48853  30.329  -26.051  4.626 0.4000000060
48846  30.850  -26.021  6.097 0.4000000060
117950  24.041  -45.134  4.551 0.6000000238
32412  25.665  -45.114  5.532 0.5000000000
32399  26.420  -45.315  5.913 0.5000000000
37548  19.932  -38.141  16.857 0.4000000060
37549  19.417  -38.953  16.842 0.4000000060
37550  18.780  -38.995  16.217 0.4000000060
39317  19.633  -36.629  16.013 0.4000000060
127977  25.729  -34.145  15.962 0.4000000060
42806  28.750  -32.823  14.402 0.5000000000
41908  28.284  -33.457  14.798 0.5000000000
41896  27.500  -33.355  15.199 0.5000000000
47084  31.228  -27.261  8.957 0.4000000060
46097  29.512  -28.741  13.383 0.3000000119
48839  31.126  -26.100  7.036 0.4000000060
50512  31.551  -23.926  6.119 0.3000000119
48817  31.462  -25.705  9.699 0.3000000119
111912  31.563  -25.628  8.913 0.3000000119
49666  31.722  -24.252  8.638 0.3000000119
50481  32.170  -22.920  8.230 0.3000000119
53263  32.451  -20.442  4.597 0.3000000119
40106  20.129  -35.299  15.425 0.4000000060
27387  19.055  -49.803  8.031 0.4000000060
115955  19.330  -48.901  8.258 0.4000000060
27396  18.760  -48.629  6.993 0.4000000060
28280  18.406  -48.064  7.043 0.3000000119
28269  19.013  -47.859  7.590 0.4000000060
29118  17.890  -47.631  7.636 0.3000000119
29853  18.757  -46.539  9.267 0.5000000000
117839  17.780  -47.709  8.706 0.3000000119
29129  21.896  -49.406  5.628 0.5000000000
29136  21.364  -49.632  4.934 0.5000000000
28291  21.575  -50.127  5.152 0.5000000000
29852  19.115  -46.236  9.875 0.5000000000
29896  21.830  -48.500  5.289 0.5000000000
28300  21.625  -50.088  4.891 0.5000000000
29151  21.687  -49.428  4.727 0.3000000119
29897  22.057  -47.587  5.077 0.5000000000
29913  21.754  -48.656  4.882 0.4000000060
29925  22.242  -48.293  4.745 0.4000000060
107682  23.989  -49.271  4.790 0.3000000119
120742  22.778  -48.798  4.519 0.3000000119
29150  24.391  -47.958  4.782 0.3000000119
29924  23.587  -47.561  4.775 0.3000000119
29911  25.439  -47.257  5.189 0.3000000119
29912  24.734  -46.948  5.022 0.4000000060
110814  22.945  -47.122  4.868 0.4000000060
29825  17.465  -47.824  13.255 0.3000000119
31546  26.680  -46.118  5.714 0.4000000060
30727  26.117  -46.684  5.391 0.4000000060
30728  25.432  -46.443  5.201 0.4000000060
29813  17.006  -47.124  13.455 0.3000000119
31438  16.577  -45.028  14.007 0.3000000119
36719  17.866  -39.960  15.289 0.3000000119
36718  18.313  -39.150  15.362 0.3000000119
37561  18.157  -38.556  14.741 0.3000000119
38447  18.698  -37.400  15.237 0.3000000119
40107  19.466  -35.298  14.877 0.3000000119
41024  20.143  -34.704  14.811 0.3000000119
126364  18.294  -35.666  14.409 0.3000000119
41910  22.206  -33.614  14.787 0.3000000119
107822  20.847  -34.149  14.663 0.3000000119
41912  20.091  -34.009  14.178 0.3000000119
42812  22.550  -32.898  14.114 0.3000000119
42813  21.696  -33.224  14.067 0.3000000119
41911  20.927  -33.533  14.091 0.3000000119
107524  21.846  -32.581  13.526 0.3000000119
41919  21.096  -32.907  13.535 0.3000000119
127493  23.054  -32.389  13.942 0.3000000119
42822  22.524  -32.229  13.541 0.3000000119
42823  21.215  -32.248  13.021 0.3000000119
30641  16.583  -46.384  13.535 0.3000000119
107988  21.445  -33.726  14.553 0.3000000119
41026  18.762  -35.113  14.403 0.3000000119
29096  18.535  -47.184  9.553 0.3000000119
28240  18.778  -48.140  11.044 0.3000000119
28228  18.276  -48.991  12.193 0.3000000119
112125  20.664  -55.258  12.100 0.4000000060
107991  20.521  -54.961  11.415 0.4000000060
24424  20.306  -54.609  10.618 0.4000000060
23647  19.775  -55.712  9.110 0.4000000060
24437  19.704  -54.740  8.859 0.3000000119
25158  20.255  -53.689  10.646 0.4000000060
24425  19.966  -54.203  9.819 0.4000000060
109327  19.662  -53.699  9.071 0.4000000060
119056  26.093  -50.989  8.892 0.3000000119
25852  20.263  -52.755  10.657 0.4000000060
25170  19.247  -53.175  8.487 0.3000000119
25874  18.756  -52.115  8.153 0.3000000119
113500  19.556  -52.763  9.105 0.4000000060
25893  18.101  -51.951  6.074 0.3000000119
25179  18.366  -51.928  6.771 0.3000000119
108566  18.085  -49.885  6.420 0.3000000119
25866  19.426  -51.792  9.077 0.4000000060
26586  18.735  -50.895  8.150 0.3000000119
114742  18.431  -49.592  6.778 0.3000000119
22786  20.211  -56.220  9.916 0.4000000060
24436  20.103  -55.189  9.799 0.4000000060
27406  17.547  -49.962  6.474 0.3000000119
23601  21.070  -55.174  12.856 0.3000000119
26606  17.207  -50.669  6.442 0.3000000119
22710  23.364  -56.477  14.446 0.4000000060
23587  21.474  -55.563  13.712 0.4000000060
23633  20.391  -55.525  10.639 0.4000000060
24360  23.910  -54.553  14.363 0.4000000060
24361  23.212  -54.637  14.348 0.4000000060
24382  25.528  -54.211  13.889 0.4000000060
24398  20.764  -54.548  12.196 0.4000000060
25128  24.732  -52.980  14.165 0.4000000060
25159  19.903  -53.255  9.881 0.4000000060
25817  25.563  -52.939  13.767 0.5000000000
25865  26.780  -52.414  9.878 0.3000000119
26521  26.438  -51.416  13.338 0.5000000000
26523  24.637  -51.732  13.745 0.6000000238
26524  23.728  -51.564  13.693 0.6000000238
26534  27.214  -51.272  12.514 0.5000000000
26536  22.103  -51.150  12.913 0.5000000000
26560  27.301  -51.302  10.690 0.5000000000
26574  26.643  -51.155  9.429 0.5000000000
26584  25.534  -51.191  8.359 0.4000000060
26587  18.294  -50.817  6.893 0.3000000119
26596  17.961  -50.879  6.398 0.3000000119
26605  17.559  -51.253  6.221 0.3000000119
27338  23.988  -50.390  13.641 0.6000000238
27347  21.910  -50.380  12.501 0.6000000238
27397  18.124  -48.895  6.480 0.3000000119
28219  22.754  -48.878  13.023 0.6000000238
29072  17.833  -48.444  12.773 0.3000000119
29093  27.804  -48.257  10.718 0.8000000119
29109  19.060  -47.104  8.430 0.5000000000
29110  18.278  -46.998  8.550 0.5000000000
29865  18.599  -46.793  8.533 0.5000000000
29866  18.274  -47.136  8.140 0.3000000119
30652  20.256  -45.946  11.305 0.6000000238
30653  19.838  -46.140  12.125 0.6999999881
30668  20.592  -46.106  11.109 0.6000000238
30689  26.919  -46.684  8.999 0.8000000119
30703  24.125  -46.449  7.020 0.8000000119
30730  21.999  -45.898  5.209 0.8000000119
31549  24.562  -45.691  4.769 0.5000000000
31558  23.878  -45.753  4.576 0.6000000238
33206  22.401  -43.937  13.609 0.8999999762
33265  26.046  -43.557  8.129 0.8999999762
33297  25.670  -43.673  5.755 0.5000000000
33299  24.210  -43.641  5.194 0.6999999881
33301  21.033  -44.015  5.461 0.8999999762
33312  21.055  -43.547  5.391 0.8999999762
34045  19.512  -42.457  16.736 0.5000000000
34190  26.726  -42.693  6.280 0.5000000000
34203  24.220  -42.489  5.335 0.8000000119
34206  21.144  -42.967  5.513 0.8999999762
34934  21.109  -41.315  17.630 0.6000000238
34935  20.276  -41.302  17.496 0.5000000000
35064  21.510  -40.910  7.177 0.8999999762
35076  21.229  -41.224  6.653 0.8999999762
35833  22.831  -41.100  17.761 0.6999999881
35970  20.912  -39.981  6.920 0.8999999762
35999  21.328  -40.635  6.239 0.8999999762
36699  19.644  -39.767  17.329 0.4000000060
36821  23.725  -39.061  9.424 1.0000000000
36838  21.503  -38.848  7.968 0.8999999762
36839  20.960  -38.945  7.385 0.8999999762
36847  20.729  -39.157  7.017 0.8999999762
36856  24.591  -39.179  6.390 0.6999999881
37536  24.367  -38.246  17.756 0.5000000000
37635  22.077  -38.122  8.647 0.8999999762
37646  20.813  -38.184  7.719 0.8999999762
37661  20.635  -38.548  6.992 0.8999999762
38537  20.474  -37.671  7.355 0.8999999762
38544  20.478  -37.710  7.033 0.8999999762
39381  21.964  -37.059  8.377 0.8999999762
39389  21.139  -36.654  7.781 0.8999999762
39393  20.800  -36.136  6.864 0.8999999762
39400  22.524  -36.345  6.280 0.8999999762
39402  21.221  -35.887  6.674 0.8999999762
39415  22.037  -35.731  6.327 0.8999999762
40083  23.730  -35.373  16.740 0.4000000060
40174  24.463  -35.272  8.044 1.0000000000
40212  27.412  -35.176  4.963 0.6000000238
40213  26.335  -35.211  4.679 0.6999999881
40214  25.216  -35.246  4.384 0.6999999881
40215  24.094  -35.015  4.322 0.6999999881
40993  25.840  -34.585  16.265 0.4000000060
41011  25.240  -34.182  16.005 0.4000000060
41070  28.315  -34.904  10.235 0.8000000119
41088  26.535  -34.455  8.652 0.8999999762
42010  22.908  -33.421  4.827 1.0000000000
42019  26.798  -33.484  3.465 0.6000000238
43802  24.964  -31.435  1.853 0.6999999881
43803  23.442  -31.224  1.987 0.8000000119
43808  24.176  -31.053  1.719 0.6999999881
44577  28.792  -31.190  5.316 0.6999999881
45323  23.589  -29.351  12.452 0.3000000119
45379  30.282  -29.183  7.467 0.6000000238
45404  24.157  -29.670  2.903 0.8000000119
45418  26.193  -29.705  2.030 0.6000000238
45419  23.931  -29.677  1.940 0.8000000119
45425  24.438  -29.797  1.709 0.6999999881
46197  30.198  -28.251  5.717 0.5000000000
46207  25.309  -28.834  3.551 0.8000000119
47118  28.380  -27.768  3.883 0.6999999881
47136  26.640  -26.985  1.535 0.6000000238
48057  24.406  -25.705  2.300 0.6000000238
48058  23.747  -26.350  1.739 0.6999999881
48070  24.669  -25.366  0.681 0.6000000238
48845  31.203  -25.220  5.876 0.4000000060
48870  23.991  -24.833  1.546 0.6999999881
48879  27.838  -25.557  1.279 0.6000000238
48881  23.692  -25.206  0.653 0.6000000238
49692  31.121  -24.862  5.094 0.4000000060
49738  24.310  -24.640  0.573 0.6000000238
50521  30.606  -23.924  3.888 0.3000000119
52360  32.127  -21.343  4.404 0.3000000119
52398  26.573  -20.847  0.897 0.6000000238
52400  28.207  -20.418  0.264 0.5000000000
53292  26.846  -19.719  1.112 0.6000000238
53307  26.797  -20.563  0.671 0.6000000238
108951  19.823  -46.123  11.160 0.5000000000
112575  28.074  -26.830  1.499 0.6000000238
114054  18.433  -52.718  6.380 0.3000000119
114226  27.036  -31.054  2.362 0.6000000238
114545  21.310  -41.314  5.951 0.8999999762
115039  21.519  -54.832  13.511 0.4000000060
116036  23.631  -50.918  13.600 0.6000000238
116305  20.809  -36.084  7.108 0.8999999762
116351  27.582  -43.148  11.317 1.0000000000
117731  21.526  -41.600  5.628 0.8999999762
117997  23.684  -49.729  13.522 0.6000000238
118622  24.669  -28.162  2.107 0.6999999881
118956  27.949  -22.819  2.362 0.6000000238
119268  27.070  -50.211  12.951 0.5000000000
119717  27.838  -35.659  5.316 0.6000000238
120489  29.699  -33.007  11.415 0.6999999881
121431  21.602  -41.535  6.785 0.8999999762
121863  25.447  -40.691  6.055 0.6999999881
121998  21.169  -39.497  6.571 0.8999999762
122625  26.997  -51.578  12.941 0.5000000000
123298  21.490  -39.104  6.488 0.8999999762
123747  29.691  -28.028  5.001 0.6999999881
124333  17.840  -48.319  6.845 0.3000000119
125358  24.633  -36.704  17.519 0.5000000000
125594  22.255  -45.005  4.935 0.6999999881
125711  22.900  -53.783  14.091 0.5000000000
125853  25.278  -48.353  7.904 0.6000000238
126345  24.630  -52.324  13.900 0.6000000238
126535  20.647  -51.492  11.380 0.5000000000
126976  23.069  -31.920  13.616 0.3000000119
127466  21.325  -53.323  12.791 0.5000000000
128321  28.572  -36.017  11.160 0.8000000119
128734  21.334  -43.259  16.440 0.6999999881
