#!ascii label  , from subject sub-v2s18x29513_ses-1 vox2ras=TkReg
1692
2635  26.937  -86.346  -1.527 0.5000000000
4499  14.063  -82.908  -1.701 0.6000000238
4500  13.047  -83.052  -1.826 0.6000000238
4501  12.008  -83.379  -1.964 0.6000000238
4489  12.732  -82.592  -0.852 0.6999999881
116786  11.531  -82.620  -0.982 0.6000000238
4948  15.010  -81.345  0.286 0.6999999881
4949  14.049  -81.165  0.243 0.6000000238
3914  19.139  -83.700  7.192 0.5000000000
4416  22.385  -82.148  6.147 0.6000000238
4418  20.649  -82.931  6.171 0.6000000238
109820  19.868  -83.550  7.861 0.5000000000
3927  23.910  -83.141  6.081 0.5000000000
4402  23.226  -82.407  6.186 0.4000000060
4392  21.419  -83.021  7.304 0.5000000000
114494  20.679  -83.394  7.560 0.6000000238
4927  14.327  -81.869  2.672 0.5000000000
110382  27.434  -84.705  1.865 0.4000000060
3970  13.684  -83.574  1.168 0.5000000000
118562  13.666  -82.358  2.089 0.5000000000
3980  13.102  -84.219  0.582 0.6000000238
3054  12.794  -85.662  -2.279 0.6000000238
4003  13.067  -84.111  -3.273 0.6000000238
4498  15.054  -82.819  -1.900 0.6999999881
4004  12.556  -84.536  -2.746 0.6000000238
4487  14.777  -82.601  -0.837 0.6999999881
5446  17.257  -80.546  -0.878 0.6000000238
4946  16.661  -81.112  -0.437 0.6999999881
6512  17.849  -79.109  -0.310 0.6000000238
5977  17.047  -80.191  0.050 0.6000000238
5435  16.385  -80.620  0.286 0.6999999881
7095  18.032  -78.644  0.335 0.6999999881
123664  12.347  -81.741  -0.292 0.6000000238
4419  18.283  -83.267  6.208 0.5000000000
3928  19.554  -83.989  5.828 0.6000000238
3929  18.852  -84.334  5.742 0.5000000000
109259  22.624  -82.024  5.347 0.6000000238
4433  21.425  -82.489  4.596 0.6999999881
3926  24.752  -82.709  5.619 0.4000000060
3485  14.562  -84.736  0.344 0.5000000000
3969  14.560  -83.706  1.249 0.5000000000
3477  27.610  -84.914  -1.468 0.5000000000
3979  14.003  -84.186  0.718 0.5000000000
3062  14.083  -85.862  -3.005 0.6999999881
3045  14.132  -85.544  -0.630 0.6000000238
4006  14.786  -83.905  -3.701 0.6999999881
3063  13.202  -85.545  -2.941 0.6000000238
112249  13.314  -85.895  -1.581 0.6000000238
4007  14.189  -84.025  -3.750 0.6999999881
3513  13.014  -84.879  -3.275 0.6000000238
4508  15.287  -82.881  -2.903 0.6999999881
5457  17.088  -81.517  -1.568 0.6000000238
4497  15.983  -82.582  -2.188 0.6000000238
6520  17.920  -79.122  -1.173 0.6000000238
4485  16.449  -82.196  -1.595 0.6000000238
7702  18.967  -77.387  -0.260 0.6000000238
7694  18.927  -77.062  0.780 0.6999999881
5956  14.677  -79.641  1.392 0.6999999881
5439  12.848  -80.018  -0.058 0.5000000000
5953  17.487  -78.960  1.097 0.6999999881
114600  15.955  -80.279  0.875 0.6999999881
5438  13.652  -80.365  0.391 0.6000000238
3454  19.160  -84.381  3.491 0.5000000000
3941  18.336  -84.245  4.617 0.5000000000
3931  18.000  -83.925  5.110 0.5000000000
3948  20.348  -83.536  3.655 0.6999999881
114805  19.152  -84.378  5.130 0.6000000238
4431  23.428  -81.927  4.548 0.5000000000
4432  22.302  -82.136  4.560 0.6999999881
3947  21.313  -83.086  3.255 0.6999999881
4434  20.642  -82.982  5.134 0.6000000238
3939  19.928  -83.770  4.684 0.6000000238
3925  25.456  -82.400  5.222 0.4000000060
4414  24.816  -81.982  5.270 0.4000000060
113860  23.259  -82.059  5.519 0.5000000000
3484  15.509  -84.931  0.486 0.5000000000
3053  15.420  -86.379  -1.850 0.5000000000
3044  15.192  -85.849  -0.962 0.5000000000
3520  14.953  -84.638  -3.657 0.6000000238
112171  14.449  -86.276  -1.695 0.5000000000
4513  15.592  -83.076  -3.405 0.6999999881
4971  17.494  -81.037  -3.370 0.6000000238
4972  16.964  -81.893  -2.914 0.6999999881
5994  18.097  -79.188  -3.296 0.6000000238
106837  17.649  -80.512  -3.389 0.6000000238
4968  16.755  -82.086  -2.508 0.6999999881
7710  19.722  -76.790  -2.380 0.6999999881
5995  17.749  -79.829  -2.842 0.6000000238
5456  17.584  -80.673  -2.180 0.6000000238
8280  20.299  -75.277  -1.156 0.6000000238
120196  19.546  -76.908  -1.734 0.6999999881
6519  18.275  -78.508  -1.658 0.6999999881
8813  21.120  -74.216  0.285 0.6000000238
8273  20.214  -75.271  -0.189 0.6000000238
7701  19.557  -76.752  -0.881 0.6999999881
6480  13.514  -78.405  2.199 0.6000000238
7693  19.465  -76.561  0.115 0.6999999881
6492  16.305  -79.128  2.061 0.6999999881
5957  13.626  -79.371  1.000 0.6000000238
8801  20.964  -74.074  1.575 0.6999999881
8260  20.122  -75.116  0.727 0.6000000238
7683  19.263  -76.270  1.028 0.8000000119
7684  18.672  -76.697  1.609 0.6999999881
7084  17.839  -78.265  1.367 0.6999999881
6491  17.146  -78.843  1.857 0.6999999881
3455  18.571  -84.545  3.352 0.6000000238
3956  21.913  -83.514  2.259 0.6999999881
3957  20.846  -83.926  2.107 0.6999999881
3949  19.901  -83.965  3.040 0.6000000238
118697  23.811  -82.431  2.173 0.5000000000
4441  22.513  -82.810  2.779 0.6999999881
4903  25.035  -81.701  4.595 0.4000000060
4891  24.188  -81.885  5.030 0.5000000000
3483  16.391  -85.248  0.656 0.5000000000
3967  16.444  -84.149  1.664 0.5000000000
3043  16.063  -85.857  -0.978 0.5000000000
3061  15.674  -86.210  -2.642 0.6000000238
3527  17.026  -83.630  -3.993 0.6000000238
113603  15.780  -84.785  -3.535 0.6999999881
119702  14.847  -86.048  -3.001 0.6999999881
128216  17.344  -81.448  -3.426 0.6999999881
4005  16.244  -83.187  -3.730 0.6999999881
5999  18.410  -79.381  -3.980 0.6000000238
4975  17.598  -80.849  -3.582 0.6000000238
4976  17.217  -81.590  -3.238 0.6999999881
7719  20.385  -76.245  -3.146 0.6999999881
7720  19.908  -76.850  -3.021 0.6999999881
7123  19.114  -78.049  -3.500 0.6999999881
7662  14.140  -76.662  3.933 0.6000000238
8832  20.675  -74.432  -2.631 0.6000000238
8290  20.200  -76.065  -2.516 0.6999999881
7117  18.848  -77.971  -2.891 0.6999999881
9980  23.295  -71.865  0.644 0.6000000238
9393  22.265  -73.122  -0.166 0.6000000238
9403  21.563  -73.696  -0.519 0.6000000238
8833  20.574  -74.371  -1.718 0.6000000238
109543  20.307  -75.138  -2.130 0.6999999881
7054  14.593  -77.257  3.432 0.6000000238
9382  22.233  -73.125  0.979 0.6000000238
8824  20.909  -74.275  -0.706 0.6000000238
7658  18.114  -76.240  3.337 0.6999999881
7052  16.713  -77.017  3.193 0.6000000238
6478  15.727  -78.508  2.518 0.6999999881
6479  14.610  -78.552  2.468 0.6000000238
9968  23.302  -71.886  1.680 0.5000000000
9970  22.203  -72.988  2.056 0.6000000238
9384  21.047  -73.865  2.065 0.8000000119
8794  19.855  -74.821  2.536 0.8000000119
8226  19.157  -75.271  3.052 0.8000000119
7674  18.417  -76.476  2.441 0.8000000119
127509  17.649  -77.304  2.430 0.6999999881
110931  17.143  -77.638  2.617 0.6999999881
8247  20.039  -74.954  1.646 0.8000000119
8237  19.442  -75.419  2.195 0.8000000119
3958  19.840  -84.143  2.299 0.6999999881
3468  19.193  -84.449  2.025 0.6999999881
3469  18.351  -84.763  1.672 0.6999999881
3456  17.952  -84.589  3.111 0.6000000238
120928  22.750  -83.588  1.311 0.6999999881
3463  17.814  -84.722  2.322 0.6000000238
3955  23.256  -83.120  1.657 0.6000000238
3464  17.197  -84.519  1.927 0.5000000000
3482  17.102  -85.361  0.810 0.5000000000
12023  16.755  -70.074  7.862 0.6000000238
3042  16.887  -85.636  -0.961 0.5000000000
10597  15.934  -71.172  6.945 0.5000000000
3052  16.313  -86.095  -1.884 0.5000000000
9903  15.733  -72.547  7.500 0.6000000238
3518  18.003  -85.090  -3.829 0.6999999881
3060  16.807  -85.842  -2.658 0.6000000238
119966  18.071  -81.424  -4.127 0.6999999881
115320  17.172  -85.041  -3.530 0.6999999881
8772  14.986  -74.538  6.343 0.6000000238
6004  18.658  -79.414  -4.296 0.6999999881
5468  17.933  -80.224  -3.879 0.6000000238
8297  21.580  -75.536  -3.702 0.6999999881
7121  20.400  -77.482  -4.122 0.6999999881
6534  19.177  -78.432  -4.039 0.6999999881
120475  15.659  -75.664  5.202 0.6000000238
8204  15.071  -75.206  5.836 0.6000000238
121385  21.327  -73.910  -3.136 0.6000000238
7727  20.219  -76.999  -3.491 0.6999999881
8216  16.526  -75.715  4.839 0.6000000238
8218  14.066  -75.603  4.814 0.6000000238
10003  22.388  -71.354  -2.307 0.6000000238
9415  21.215  -73.628  -1.677 0.6000000238
8201  18.079  -75.433  5.150 0.6999999881
7644  16.808  -75.978  4.074 0.6000000238
7661  15.199  -76.627  3.853 0.6000000238
9981  22.812  -72.505  0.267 0.6000000238
8777  20.547  -73.877  4.481 0.6000000238
8778  19.824  -74.500  4.613 0.6000000238
126111  18.176  -75.884  3.795 0.6999999881
121352  17.700  -75.983  3.935 0.6000000238
7053  15.696  -77.134  3.318 0.6000000238
9939  21.725  -72.832  3.675 0.6000000238
8785  19.661  -74.761  3.358 0.8000000119
9365  21.318  -73.394  3.210 0.6000000238
9366  20.718  -73.843  3.512 0.6999999881
8238  18.768  -75.833  2.775 0.8000000119
3479  20.800  -84.337  0.553 0.6999999881
3480  20.157  -84.515  -0.046 0.6999999881
112825  18.952  -84.571  0.274 0.6999999881
108766  22.811  -83.802  0.450 0.6999999881
3966  21.958  -83.907  1.497 0.6999999881
3481  17.949  -84.991  0.758 0.6000000238
3470  17.538  -84.921  1.477 0.6000000238
12786  17.779  -68.975  8.805 0.6000000238
12797  17.412  -68.726  7.985 0.6000000238
127871  17.627  -69.759  8.781 0.6000000238
12022  17.045  -69.330  7.442 0.6000000238
3041  17.801  -85.260  -1.109 0.6000000238
11247  16.692  -70.908  8.181 0.5000000000
3517  19.223  -84.936  -4.052 0.6999999881
3066  17.628  -85.570  -3.304 0.6999999881
115330  17.574  -71.889  8.987 0.4000000060
10590  16.129  -71.642  7.731 0.5000000000
118316  19.169  -81.790  -4.583 0.6999999881
3525  19.136  -84.053  -4.330 0.8000000119
9316  16.775  -73.343  8.260 0.5000000000
4979  18.375  -80.837  -4.289 0.6000000238
4011  17.921  -83.167  -4.162 0.6999999881
120661  16.514  -73.913  7.709 0.6000000238
7129  19.962  -78.246  -4.388 0.6999999881
6539  19.462  -78.970  -4.519 0.6999999881
8762  17.371  -74.847  6.852 0.6999999881
8763  16.596  -74.742  6.905 0.6000000238
125801  22.183  -75.473  -3.833 0.6999999881
7725  21.451  -76.447  -4.054 0.6999999881
8760  19.255  -74.583  6.438 0.5000000000
8190  16.809  -75.102  6.270 0.6000000238
111843  22.649  -72.514  -3.162 0.6000000238
9428  22.204  -73.349  -3.353 0.6000000238
8288  21.037  -74.826  -3.259 0.6999999881
8189  17.768  -75.223  6.077 0.6999999881
126171  22.447  -71.325  -2.984 0.6000000238
9425  21.698  -73.164  -2.997 0.6000000238
8770  20.146  -74.230  5.217 0.5000000000
8188  18.689  -75.094  5.821 0.6000000238
9990  22.623  -72.199  -0.932 0.6000000238
9925  21.590  -72.621  4.423 0.6000000238
9352  21.123  -73.169  4.880 0.5000000000
8779  18.989  -75.098  4.744 0.6999999881
112064  22.375  -71.338  4.289 0.6000000238
107267  21.534  -84.520  -0.474 0.6999999881
3496  19.549  -84.768  -0.688 0.6000000238
3497  18.381  -84.915  -0.335 0.6000000238
13635  18.405  -67.577  8.769 0.4000000060
13661  18.176  -67.387  7.873 0.5000000000
3050  18.280  -85.498  -2.096 0.6000000238
12770  18.528  -68.854  9.391 0.5000000000
13682  17.807  -67.878  6.580 0.6000000238
3057  19.875  -85.457  -3.123 0.6999999881
3516  20.519  -85.042  -4.082 0.6999999881
3051  17.273  -85.680  -1.914 0.6000000238
10585  17.338  -71.071  8.765 0.5000000000
4515  19.818  -82.783  -4.582 0.6999999881
9895  17.922  -72.639  8.971 0.4000000060
7125  24.105  -77.985  -5.121 0.6999999881
6537  22.212  -79.407  -5.025 0.6999999881
6001  21.995  -80.162  -4.689 0.6999999881
9300  18.374  -73.246  8.587 0.6000000238
8300  24.181  -76.263  -4.379 0.6999999881
7730  24.212  -77.246  -4.866 0.6999999881
7128  21.099  -78.280  -4.690 0.6999999881
6002  20.601  -79.736  -4.680 0.6999999881
9299  19.151  -73.083  8.388 0.5000000000
9314  18.131  -73.987  8.216 0.5000000000
8844  23.119  -74.401  -3.663 0.6000000238
8296  23.044  -75.561  -3.933 0.6999999881
8301  23.510  -76.567  -4.509 0.6999999881
7733  21.296  -77.375  -4.440 0.6999999881
9313  19.518  -73.582  7.742 0.5000000000
10002  22.910  -70.478  -2.977 0.5000000000
9423  23.522  -72.650  -3.067 0.6000000238
3504  21.634  -84.891  -2.342 0.6999999881
3505  20.229  -85.029  -1.780 0.6999999881
14452  18.854  -67.021  9.237 0.4000000060
3503  21.673  -84.736  -2.960 0.6999999881
3049  19.436  -85.360  -2.374 0.6999999881
14468  18.698  -66.747  8.248 0.4000000060
3048  20.723  -85.281  -2.819 0.6999999881
116287  18.176  -67.269  6.872 0.6000000238
4008  21.054  -84.109  -4.365 0.8000000119
3515  21.230  -84.914  -3.849 0.6999999881
4973  21.473  -80.999  -4.109 0.6000000238
4977  20.970  -81.744  -4.262 0.6000000238
15347  19.937  -65.549  4.817 0.6000000238
6536  23.137  -79.284  -4.996 0.6999999881
5997  22.812  -80.024  -4.692 0.6999999881
109314  20.802  -81.021  -4.440 0.6000000238
7124  24.406  -77.558  -4.775 0.6000000238
8294  25.819  -75.466  -3.763 0.6000000238
16172  20.985  -64.420  2.811 0.5000000000
9426  24.679  -73.658  -3.323 0.6000000238
114304  24.320  -74.374  -3.675 0.6999999881
10009  24.712  -72.616  -2.071 0.5000000000
3999  21.523  -84.435  -3.491 0.6999999881
15291  19.692  -65.756  8.290 0.4000000060
4000  21.392  -83.857  -3.969 0.8000000119
14481  18.998  -66.253  7.368 0.5000000000
5992  22.302  -80.480  -3.895 0.8000000119
15314  20.257  -65.194  6.179 0.4000000060
110117  20.049  -65.368  6.974 0.4000000060
4974  21.125  -81.942  -4.036 0.6999999881
16145  20.761  -64.733  5.455 0.4000000060
15330  19.704  -65.694  5.647 0.5000000000
119081  25.576  -76.988  -3.536 0.6000000238
7120  24.357  -78.077  -4.598 0.6000000238
6533  23.237  -79.544  -4.581 0.6999999881
16144  21.336  -64.104  5.682 0.4000000060
8293  26.523  -75.730  -3.421 0.6000000238
7729  24.828  -76.838  -4.391 0.6000000238
16171  21.746  -63.800  3.043 0.4000000060
15346  20.273  -65.192  3.739 0.6000000238
8841  26.142  -74.151  -3.053 0.6000000238
9421  25.861  -73.621  -2.570 0.5000000000
10000  25.029  -71.974  -1.189 0.5000000000
15290  20.282  -65.332  8.637 0.4000000060
4970  20.898  -82.394  -3.341 0.8000000119
16131  20.679  -64.775  7.048 0.4000000060
5461  20.845  -81.665  -3.239 0.6999999881
16138  20.847  -64.602  6.211 0.4000000060
7115  23.737  -78.802  -2.948 0.6000000238
5991  22.891  -80.133  -4.338 0.6999999881
7113  24.963  -77.702  -3.512 0.6000000238
7114  24.382  -78.404  -3.274 0.6000000238
108415  22.533  -62.841  5.533 0.4000000060
16912  22.311  -63.323  3.696 0.4000000060
8842  26.606  -75.018  -3.350 0.6000000238
16919  22.381  -62.388  2.321 0.4000000060
9420  26.961  -74.312  -2.438 0.4000000060
16119  20.796  -64.743  8.095 0.4000000060
5984  21.427  -79.858  -2.614 0.6999999881
16130  21.444  -64.185  7.573 0.4000000060
6516  22.723  -78.827  -2.611 0.6999999881
6526  22.555  -79.720  -3.359 0.6000000238
16889  22.125  -63.527  7.087 0.4000000060
7718  25.601  -77.194  -2.797 0.6000000238
7104  24.777  -77.828  -2.502 0.6000000238
16903  22.734  -62.505  4.482 0.4000000060
8287  27.571  -75.322  -2.547 0.6000000238
18533  22.339  -61.265  2.926 0.3000000119
9412  27.140  -74.222  -1.654 0.4000000060
9999  26.414  -73.229  -0.907 0.4000000060
9401  27.050  -74.002  -0.724 0.4000000060
16895  22.830  -62.704  6.506 0.4000000060
17715  23.110  -62.198  5.499 0.4000000060
7706  26.293  -76.493  -2.412 0.6000000238
8277  27.819  -75.214  -1.963 0.6000000238
8270  25.760  -75.287  -1.044 0.6000000238
9400  27.289  -73.752  0.212 0.4000000060
8809  27.294  -74.038  0.556 0.5000000000
9986  27.674  -73.158  0.718 0.4000000060
16898  18.713  -63.625  6.152 0.3000000119
9379  28.070  -73.165  1.393 0.4000000060
117877  22.840  -61.975  9.832 0.4000000060
18514  20.208  -61.626  6.452 0.3000000119
15293  16.608  -65.333  8.236 0.4000000060
18428  22.272  -61.651  12.735 0.4000000060
19305  22.419  -61.321  9.659 0.4000000060
18505  20.230  -61.153  7.851 0.3000000119
19323  21.356  -60.953  7.925 0.3000000119
122004  18.508  -63.795  7.540 0.3000000119
16890  19.530  -62.372  7.102 0.3000000119
16133  17.838  -64.469  7.475 0.3000000119
19270  21.288  -60.352  11.897 0.4000000060
19283  21.813  -60.720  10.251 0.4000000060
19306  21.790  -60.689  9.408 0.4000000060
18506  19.870  -61.645  7.472 0.3000000119
17705  19.039  -63.082  7.746 0.3000000119
16086  14.409  -63.961  11.481 0.4000000060
16851  13.900  -63.086  11.952 0.3000000119
18447  13.738  -61.358  11.568 0.3000000119
126808  18.574  -63.559  8.336 0.3000000119
16120  17.615  -64.325  9.142 0.3000000119
20088  20.903  -59.433  11.669 0.4000000060
19284  21.331  -60.263  9.945 0.4000000060
110520  21.082  -60.561  8.936 0.3000000119
125365  19.972  -60.880  8.546 0.3000000119
18495  19.689  -61.506  8.395 0.3000000119
15265  15.398  -65.201  10.177 0.3000000119
17695  18.878  -62.952  8.736 0.3000000119
17655  14.685  -63.021  11.397 0.3000000119
111353  18.279  -63.651  9.204 0.3000000119
109734  15.026  -61.425  10.674 0.4000000060
17656  14.202  -62.198  11.556 0.3000000119
19289  14.593  -60.643  10.412 0.3000000119
19271  13.890  -60.690  10.959 0.3000000119
20106  20.918  -59.780  10.177 0.4000000060
19308  20.170  -60.457  9.090 0.4000000060
18481  19.413  -61.136  9.215 0.3000000119
16862  15.162  -63.688  11.001 0.4000000060
16861  16.028  -63.341  10.726 0.3000000119
18463  15.020  -62.231  11.016 0.4000000060
17668  15.737  -62.550  10.850 0.4000000060
20130  14.557  -59.681  8.923 0.3000000119
20957  20.665  -58.408  11.278 0.4000000060
106438  19.903  -59.832  9.536 0.4000000060
123698  19.405  -60.423  9.441 0.4000000060
117795  18.811  -60.788  9.818 0.4000000060
18482  18.682  -61.829  9.980 0.3000000119
18460  17.198  -61.891  10.673 0.3000000119
17667  16.556  -62.406  10.726 0.3000000119
113752  16.169  -61.132  10.493 0.3000000119
20110  15.617  -60.118  10.013 0.5000000000
19288  15.428  -60.847  10.376 0.4000000060
19310  14.934  -60.148  9.732 0.4000000060
20147  14.282  -59.625  7.752 0.3000000119
20989  20.119  -58.445  10.025 0.4000000060
20127  18.686  -59.096  9.906 0.4000000060
20107  18.057  -59.556  10.372 0.3000000119
20975  17.188  -58.210  10.070 0.3000000119
21873  17.449  -57.361  9.464 0.3000000119
21890  16.987  -56.998  8.672 0.3000000119
18459  18.194  -61.106  10.392 0.3000000119
19286  17.704  -60.430  10.551 0.3000000119
20109  16.407  -59.947  10.364 0.3000000119
20991  16.232  -58.534  9.598 0.3000000119
21891  16.342  -57.480  8.285 0.3000000119
19287  16.858  -60.634  10.664 0.3000000119
20992  15.377  -59.052  8.704 0.3000000119
20129  15.182  -59.652  9.253 0.3000000119
20161  14.436  -59.365  6.761 0.3000000119
22735  20.777  -56.610  12.823 0.3000000119
22751  20.555  -56.636  11.760 0.3000000119
22770  20.312  -57.024  10.370 0.3000000119
128163  19.444  -57.179  9.554 0.3000000119
22800  19.300  -56.062  8.562 0.3000000119
23656  18.834  -55.576  7.708 0.3000000119
21872  19.616  -57.932  9.794 0.3000000119
106290  18.908  -57.550  9.549 0.3000000119
113706  18.204  -57.134  9.457 0.3000000119
22789  17.847  -56.714  8.867 0.3000000119
22802  17.522  -56.529  7.700 0.3000000119
22815  17.075  -57.155  6.513 0.3000000119
21892  15.909  -58.005  7.660 0.3000000119
21908  15.806  -58.301  6.489 0.3000000119
20146  14.981  -59.348  7.534 0.3000000119
21019  15.165  -58.944  6.678 0.3000000119
23588  21.055  -55.947  13.127 0.3000000119
23616  20.553  -55.768  11.509 0.3000000119
117064  20.450  -56.370  10.807 0.3000000119
22787  19.644  -56.494  9.353 0.3000000119
23655  19.362  -55.369  8.239 0.3000000119
22813  18.293  -56.001  5.662 0.3000000119
22828  17.237  -57.044  5.638 0.3000000119
21932  16.543  -57.382  5.659 0.3000000119
21033  14.526  -58.674  6.123 0.3000000119
24447  19.249  -54.727  7.871 0.3000000119
23667  18.532  -55.379  6.661 0.3000000119
22837  17.933  -56.235  4.958 0.3000000119
22839  16.169  -56.807  5.627 0.3000000119
21933  15.860  -57.655  5.660 0.3000000119
21934  15.189  -57.357  5.791 0.3000000119
25188  18.961  -54.082  7.497 0.3000000119
24455  18.603  -54.597  6.181 0.3000000119
22826  18.164  -55.993  4.969 0.3000000119
107460  19.283  -53.966  8.255 0.3000000119
25178  18.766  -53.129  7.543 0.3000000119
117125  18.426  -53.974  5.890 0.3000000119
24472  18.048  -54.750  5.412 0.3000000119
24473  17.478  -54.778  5.569 0.3000000119
23679  15.842  -55.660  6.176 0.3000000119
22829  15.093  -56.265  6.204 0.3000000119
3031  27.021  -85.672  -1.473 0.5000000000
124261  26.409  -85.755  0.753 0.5000000000
3028  26.926  -85.343  1.244 0.4000000060
4957  15.395  -82.019  -0.313 0.6999999881
5967  15.154  -80.187  1.011 0.6999999881
3938  26.080  -82.918  4.956 0.4000000060
111596  27.954  -84.229  -0.509 0.5000000000
6528  17.967  -79.125  -2.242 0.6000000238
7109  18.659  -77.904  -1.994 0.6000000238
4009  20.202  -83.696  -4.511 0.8000000119
3058  18.712  -85.583  -3.059 0.6999999881
4978  19.855  -81.179  -4.599 0.6000000238
10010  23.637  -71.888  -2.707 0.5000000000
7127  22.305  -78.420  -4.994 0.6999999881
16156  21.409  -64.180  4.507 0.4000000060
10674  24.385  -70.199  -2.043 0.5000000000
7717  26.429  -76.472  -2.995 0.6000000238
9988  25.941  -72.074  -0.413 0.4000000060
7105  24.085  -78.241  -2.388 0.6000000238
7707  25.163  -77.074  -1.980 0.6000000238
17714  22.984  -61.133  4.591 0.3000000119
123702  27.961  -75.048  -1.694 0.4000000060
106683  26.920  -74.455  -0.475 0.4000000060
18445  21.792  -61.217  11.828 0.4000000060
21856  20.446  -57.691  10.753 0.3000000119
23602  20.736  -55.891  12.378 0.3000000119
127949  21.777  -77.170  -0.261 0.5000000000
123892  21.328  -78.493  -1.167 0.5000000000
6518  20.891  -79.188  -1.401 0.6999999881
5985  20.543  -80.203  -1.634 0.6999999881
4496  21.026  -82.964  -2.823 0.6000000238
7098  22.242  -77.482  -0.911 0.5000000000
6517  21.718  -78.929  -2.118 0.6000000238
5993  21.093  -80.784  -3.006 0.6000000238
3989  23.037  -83.817  -0.773 0.6000000238
3478  22.142  -84.265  -0.029 0.6000000238
110720  20.462  -79.666  -0.523 0.6999999881
4954  21.311  -82.047  -0.696 0.6000000238
4483  22.616  -83.017  -1.360 0.6000000238
4955  20.579  -81.596  -1.254 0.6999999881
4484  21.228  -82.656  -1.820 0.6000000238
117872  22.642  -84.215  -1.323 0.6000000238
7700  22.396  -76.727  -0.370 0.5000000000
5952  20.303  -79.960  1.090 0.6999999881
4945  20.816  -81.389  0.306 0.6999999881
4944  21.852  -81.813  0.069 0.6000000238
4476  23.029  -82.399  -0.782 0.6000000238
124039  20.405  -79.333  0.444 0.6000000238
5434  20.446  -80.691  0.350 0.6999999881
7081  21.035  -77.483  1.683 0.6000000238
8259  22.984  -75.613  0.226 0.5000000000
7709  22.973  -77.246  -1.033 0.5000000000
126063  20.381  -78.885  1.994 0.6999999881
5427  21.310  -80.941  1.377 0.6000000238
3965  23.751  -83.226  0.602 0.6000000238
8244  23.271  -75.099  0.860 0.5000000000
7699  23.248  -76.562  -0.781 0.5000000000
8789  25.052  -74.062  1.879 0.5000000000
8258  23.794  -75.211  0.065 0.5000000000
124061  25.608  -73.680  2.415 0.4000000060
4502  10.942  -83.556  -1.807 0.4000000060
3996  11.762  -84.052  -2.201 0.4000000060
3997  10.724  -84.122  -1.783 0.4000000060
3507  11.765  -84.768  -2.077 0.5000000000
3055  12.166  -85.377  -2.077 0.5000000000
3487  11.308  -84.927  -0.274 0.5000000000
8257  24.822  -74.992  -0.137 0.5000000000
3499  11.801  -85.357  -0.816 0.5000000000
4929  12.688  -81.367  2.643 0.6000000238
8798  25.116  -74.368  1.139 0.4000000060
3498  12.797  -85.581  -0.687 0.5000000000
3486  12.342  -85.167  -0.034 0.5000000000
109880  12.958  -81.931  2.214 0.5000000000
3998  9.944  -83.986  -1.318 0.5000000000
3509  10.385  -84.438  -1.374 0.5000000000
3983  9.882  -84.032  0.169 0.5000000000
3982  10.949  -84.185  0.375 0.5000000000
3973  10.601  -83.331  0.980 0.5000000000
3981  12.093  -84.177  0.444 0.5000000000
3972  11.810  -83.341  1.029 0.5000000000
4455  12.191  -81.832  2.078 0.5000000000
118865  25.224  -74.631  0.414 0.5000000000
4465  12.653  -82.548  1.604 0.5000000000
9361  27.113  -73.088  2.998 0.4000000060
8797  25.970  -74.138  1.433 0.4000000060
9372  27.475  -73.425  2.215 0.4000000060
5969  13.238  -79.667  0.380 0.5000000000
3974  9.448  -83.372  0.500 0.5000000000
8811  26.209  -74.430  0.486 0.4000000060
7055  13.513  -77.148  3.346 0.5000000000
7074  12.530  -77.125  1.971 0.5000000000
7685  12.315  -76.621  1.229 0.5000000000
7085  12.755  -77.969  1.665 0.5000000000
8810  26.967  -74.241  0.920 0.4000000060
7663  13.258  -76.233  3.685 0.5000000000
7664  12.713  -75.956  3.035 0.5000000000
8219  13.355  -75.365  4.308 0.5000000000
8786  12.706  -74.564  3.162 0.5000000000
8239  12.458  -75.194  1.854 0.5000000000
7695  12.307  -76.906  0.262 0.4000000060
9343  13.645  -74.088  5.181 0.5000000000
8796  12.696  -74.437  2.213 0.6000000238
8804  12.701  -74.968  1.189 0.6000000238
8773  14.266  -74.505  5.806 0.5000000000
9353  13.812  -73.271  4.951 0.5000000000
9354  13.300  -73.668  4.342 0.5000000000
9959  13.687  -72.825  3.011 0.6000000238
8803  13.254  -74.278  1.404 0.6000000238
8816  13.749  -75.049  0.321 0.6000000238
8275  13.730  -75.850  -1.075 0.5000000000
8283  13.537  -75.526  -1.522 0.5000000000
8836  12.883  -75.018  -1.965 0.5000000000
8765  14.656  -74.051  6.390 0.5000000000
9909  15.239  -72.645  6.775 0.5000000000
9910  14.717  -72.744  6.065 0.5000000000
9927  14.358  -72.592  4.546 0.5000000000
107948  15.028  -72.182  5.116 0.6000000238
9376  13.978  -72.993  2.094 0.6000000238
8802  14.300  -74.356  0.526 0.6000000238
8815  14.762  -75.020  -0.554 0.6000000238
108819  14.237  -75.016  -1.465 0.5000000000
12119  16.439  -70.261  -0.592 0.5000000000
124522  13.033  -73.230  -1.193 0.5000000000
125444  15.912  -73.835  7.387 0.5000000000
10591  15.585  -71.864  6.928 0.5000000000
10598  15.711  -71.276  6.222 0.6000000238
10612  15.757  -71.606  4.379 0.6000000238
109994  16.432  -71.231  3.786 0.6000000238
9957  15.454  -72.288  2.094 0.6000000238
10635  16.059  -71.778  2.550 0.6000000238
9973  14.862  -72.867  1.531 0.6000000238
9956  15.985  -72.030  1.632 0.6000000238
9396  15.144  -74.204  -0.296 0.6000000238
8826  15.300  -74.066  -1.137 0.5000000000
8835  14.215  -74.560  -1.577 0.5000000000
111106  15.092  -73.286  -1.369 0.5000000000
108500  15.899  -71.920  -1.238 0.5000000000
10679  13.502  -72.326  -1.182 0.5000000000
119012  15.410  -71.398  -1.285 0.5000000000
11270  16.173  -70.563  6.391 0.6000000238
11278  16.426  -70.328  5.482 0.6000000238
11285  17.314  -70.187  3.948 0.6000000238
11297  17.426  -70.554  3.153 0.6000000238
10621  17.183  -71.076  2.678 0.6000000238
10634  16.479  -71.620  1.911 0.6000000238
11305  17.704  -70.658  2.082 0.6000000238
9982  16.295  -72.178  0.404 0.5000000000
10644  17.359  -71.209  0.550 0.5000000000
9992  15.719  -72.892  -0.595 0.5000000000
11340  18.038  -70.642  -0.051 0.5000000000
11358  18.586  -69.896  -0.424 0.6000000238
10678  16.490  -71.363  -1.034 0.5000000000
11378  17.277  -70.482  -0.762 0.5000000000
12905  18.795  -69.265  -0.541 0.5000000000
13771  18.104  -67.619  -0.025 0.5000000000
12061  17.378  -69.438  4.489 0.6000000238
12843  17.999  -68.799  3.915 0.6000000238
12089  17.930  -69.973  2.492 0.6000000238
11320  17.921  -70.703  0.962 0.6000000238
12105  19.423  -68.715  -0.159 0.6000000238
12892  18.727  -68.472  -0.452 0.5000000000
12842  18.099  -68.060  4.505 0.6000000238
12099  18.983  -69.159  0.719 0.6000000238
13768  19.480  -67.720  0.155 0.6000000238
13769  19.334  -67.554  -0.015 0.5000000000
14522  19.287  -66.153  5.084 0.6000000238
13693  18.357  -67.404  5.104 0.6000000238
14545  18.977  -66.702  3.514 0.6000000238
13723  18.835  -67.078  2.641 0.6000000238
12869  18.866  -68.534  1.469 0.6000000238
14578  19.290  -67.026  0.465 0.5000000000
14536  19.485  -66.028  4.181 0.6000000238
14559  19.323  -66.348  2.322 0.6000000238
15361  19.676  -65.800  3.055 0.6000000238
111364  19.027  -66.963  1.619 0.6000000238
15370  20.289  -64.708  1.570 0.6000000238
16198  20.035  -64.017  1.108 0.5000000000
16189  20.967  -64.171  1.833 0.4000000060
3993  22.200  -84.423  -2.071 0.6000000238
4966  20.608  -82.054  -2.326 0.6999999881
7708  23.908  -77.321  -1.631 0.5000000000
7698  24.225  -76.368  -1.150 0.5000000000
8790  24.426  -73.883  2.608 0.5000000000
8812  24.197  -74.642  0.770 0.5000000000
4456  11.382  -81.852  2.134 0.6000000238
9941  14.445  -72.460  3.567 0.6000000238
10623  15.918  -71.698  3.473 0.6000000238
9395  15.470  -73.531  -0.426 0.6000000238
10666  16.678  -71.525  -0.634 0.5000000000
110165  18.330  -68.055  3.863 0.6000000238
115987  18.509  -68.675  2.421 0.6000000238
15371  19.866  -65.524  1.912 0.6000000238
15385  19.451  -65.917  0.859 0.6000000238
2634  27.468  -86.264  -1.493 0.4000000060
3962  30.601  -83.781  1.050 0.5000000000
3975  30.562  -83.274  0.029 0.5000000000
3474  30.086  -84.078  -0.282 0.4000000060
3475  29.232  -84.777  -1.091 0.4000000060
3491  28.727  -84.259  -1.781 0.4000000060
3038  27.839  -85.676  -1.760 0.4000000060
4470  31.215  -82.128  0.965 0.5000000000
4458  31.011  -82.888  1.241 0.5000000000
3985  29.467  -83.389  -1.526 0.5000000000
3502  28.782  -84.002  -1.721 0.5000000000
3492  28.447  -84.464  -1.695 0.4000000060
4941  31.369  -81.450  0.136 0.5000000000
4942  30.801  -81.862  -0.774 0.5000000000
4493  29.616  -82.637  -1.523 0.5000000000
4481  28.849  -83.389  -1.558 0.5000000000
3476  28.001  -84.456  -1.499 0.4000000060
3976  28.460  -83.415  -0.893 0.4000000060
4951  31.064  -80.955  -1.050 0.5000000000
4964  30.638  -80.512  -1.675 0.5000000000
5453  30.431  -80.314  -1.777 0.5000000000
4965  29.809  -81.643  -1.630 0.5000000000
4480  29.226  -82.316  -1.331 0.5000000000
3963  28.464  -83.509  0.814 0.4000000060
4451  24.325  -81.865  1.754 0.5000000000
4439  24.150  -81.847  3.130 0.4000000060
4911  25.333  -81.171  3.410 0.4000000060
112210  25.928  -80.830  3.469 0.4000000060
4901  25.958  -81.507  4.321 0.4000000060
3937  26.851  -82.710  4.351 0.4000000060
4953  29.654  -80.926  -1.494 0.5000000000
4438  27.361  -82.063  3.790 0.4000000060
3945  27.645  -82.971  3.564 0.4000000060
3460  27.764  -83.825  2.661 0.4000000060
5433  29.302  -80.102  -0.933 0.4000000060
117049  29.252  -81.207  -0.877 0.5000000000
4472  28.860  -82.344  -0.850 0.4000000060
4925  24.744  -81.419  2.861 0.4000000060
5398  26.434  -80.492  3.077 0.4000000060
4909  27.061  -81.099  3.529 0.4000000060
6510  30.161  -78.923  -1.064 0.4000000060
4449  28.537  -82.199  2.682 0.4000000060
112497  28.772  -82.831  1.899 0.4000000060
5422  28.869  -79.487  -0.104 0.4000000060
5421  29.128  -80.481  0.200 0.4000000060
4448  29.135  -81.865  1.803 0.4000000060
4459  29.242  -81.489  0.539 0.4000000060
4474  24.047  -81.866  0.072 0.5000000000
4450  24.212  -81.337  1.135 0.4000000060
5413  24.416  -80.434  1.750 0.4000000060
125270  25.111  -79.475  2.235 0.4000000060
122100  26.408  -79.499  2.234 0.4000000060
5397  26.989  -80.331  2.837 0.4000000060
5411  27.295  -79.726  2.168 0.4000000060
4922  27.688  -80.716  2.806 0.4000000060
6501  28.655  -78.908  0.485 0.4000000060
5423  27.767  -79.276  1.349 0.4000000060
5410  28.185  -80.277  1.917 0.4000000060
4943  23.401  -81.833  -0.158 0.5000000000
4935  23.645  -81.311  0.375 0.5000000000
4936  22.186  -81.454  0.668 0.6000000238
5414  23.904  -80.456  1.503 0.5000000000
5939  25.587  -78.916  2.111 0.4000000060
118817  26.071  -78.828  1.917 0.4000000060
6473  26.627  -78.613  1.964 0.4000000060
6472  27.524  -78.420  1.928 0.4000000060
5941  23.282  -80.079  2.412 0.4000000060
5416  21.575  -80.414  2.190 0.5000000000
5927  23.738  -79.528  2.935 0.4000000060
6474  25.400  -78.699  2.482 0.4000000060
5911  23.081  -79.163  4.108 0.5000000000
6445  23.738  -78.850  4.692 0.4000000060
6444  24.598  -78.640  4.265 0.4000000060
6443  25.373  -78.381  3.881 0.4000000060
5930  20.948  -79.089  3.104 0.6000000238
5942  20.757  -79.648  2.478 0.6000000238
125253  22.935  -78.793  4.986 0.5000000000
6424  24.211  -78.454  5.312 0.4000000060
121683  20.812  -78.684  -0.335 0.5000000000
126553  16.555  -69.901  6.123 0.5000000000
12050  17.331  -68.894  5.356 0.5000000000
14501  19.035  -66.285  5.859 0.5000000000
12036  17.036  -69.210  6.345 0.5000000000
13694  17.996  -67.699  5.853 0.5000000000
12051  16.863  -69.624  5.396 0.5000000000
4479  30.312  -82.749  -1.103 0.5000000000
108661  30.083  -83.561  -1.016 0.5000000000
4923  25.307  -80.309  2.408 0.4000000060
5412  25.815  -79.824  2.429 0.4000000060
120307  28.477  -79.807  0.816 0.4000000060
5940  24.316  -79.857  2.087 0.4000000060
5926  24.904  -79.112  2.486 0.4000000060
5938  26.846  -78.928  1.710 0.4000000060
5951  27.238  -78.797  1.656 0.4000000060
5415  22.846  -80.533  1.877 0.5000000000
121602  26.131  -78.166  3.407 0.4000000060
5399  22.204  -80.068  2.792 0.5000000000
5912  22.021  -79.091  4.085 0.6000000238
6423  25.102  -78.291  4.982 0.5000000000
6447  21.515  -78.298  4.481 0.5000000000
109201  26.404  -71.159  7.316 0.3000000119
9905  25.452  -72.268  6.816 0.3000000119
9924  25.637  -72.615  5.671 0.3000000119
10594  26.164  -71.633  6.675 0.3000000119
11267  27.068  -70.789  7.003 0.3000000119
12002  29.168  -69.223  8.095 0.3000000119
11253  28.298  -70.146  7.224 0.3000000119
9899  24.697  -72.761  7.384 0.3000000119
9325  24.199  -73.325  6.975 0.4000000060
9340  23.851  -73.855  5.579 0.4000000060
10588  25.711  -71.638  7.608 0.3000000119
8775  23.685  -74.155  4.188 0.4000000060
110290  24.689  -73.466  5.192 0.4000000060
8800  22.860  -75.127  1.545 0.4000000060
7692  22.380  -76.201  0.347 0.4000000060
11255  26.750  -70.672  7.874 0.3000000119
9350  25.479  -73.078  4.925 0.3000000119
128328  24.272  -73.782  3.256 0.4000000060
11275  28.082  -70.827  5.876 0.3000000119
9923  26.340  -72.631  4.733 0.3000000119
8758  22.645  -74.959  6.277 0.4000000060
8199  22.260  -75.487  5.593 0.4000000060
7657  21.337  -76.623  3.718 0.4000000060
7673  21.181  -76.772  2.968 0.4000000060
9311  24.201  -73.300  8.001 0.4000000060
8757  23.225  -74.426  6.003 0.4000000060
8769  22.726  -74.802  5.598 0.4000000060
8225  21.697  -76.061  3.307 0.4000000060
8236  21.789  -76.099  2.458 0.4000000060
10581  25.396  -71.644  8.599 0.3000000119
8768  23.364  -74.409  4.997 0.4000000060
8224  22.307  -75.429  2.796 0.4000000060
7092  21.346  -77.422  0.289 0.4000000060
11245  26.442  -70.620  8.843 0.3000000119
8783  22.931  -74.757  3.102 0.4000000060
7682  21.876  -76.413  1.081 0.4000000060
12004  27.571  -69.698  8.968 0.3000000119
8791  23.595  -74.379  2.448 0.4000000060
9364  24.830  -73.501  3.254 0.4000000060
7615  23.145  -76.701  7.089 0.4000000060
7023  21.656  -77.397  5.443 0.4000000060
8162  23.531  -75.268  8.250 0.4000000060
8176  22.868  -75.344  6.967 0.4000000060
7616  22.480  -76.503  6.508 0.4000000060
117094  21.183  -77.763  3.942 0.4000000060
9887  25.313  -72.659  9.785 0.3000000119
9298  23.832  -74.103  8.456 0.4000000060
114520  26.891  -70.326  10.192 0.3000000119
11234  26.359  -70.730  9.727 0.3000000119
117471  21.337  -77.071  1.037 0.4000000060
11991  27.387  -69.704  9.952 0.3000000119
6426  21.691  -78.038  5.210 0.4000000060
112941  22.678  -77.105  6.546 0.4000000060
9362  26.440  -73.125  3.413 0.3000000119
9937  26.771  -72.853  3.818 0.3000000119
108643  25.980  -73.064  4.110 0.3000000119
6502  20.672  -78.586  0.566 0.4000000060
7067  20.907  -77.590  3.193 0.4000000060
7050  20.889  -78.353  3.239 0.4000000060
7022  22.694  -77.752  6.086 0.4000000060
9906  24.881  -72.916  6.407 0.3000000119
10593  27.319  -71.047  6.219 0.3000000119
11265  28.723  -70.313  6.415 0.3000000119
9312  23.626  -73.852  7.470 0.4000000060
9351  24.114  -73.776  4.661 0.4000000060
8776  22.987  -74.733  4.119 0.4000000060
8782  23.721  -74.183  3.364 0.4000000060
8246  21.994  -76.107  1.720 0.4000000060
121986  24.977  -73.313  4.194 0.4000000060
8740  23.421  -74.546  7.871 0.4000000060
8200  21.676  -76.335  5.116 0.4000000060
8213  21.656  -76.136  4.169 0.4000000060
9890  24.857  -72.388  8.922 0.3000000119
107000  22.212  -75.491  4.613 0.4000000060
10573  25.464  -71.816  9.473 0.3000000119
8739  23.950  -74.838  8.800 0.4000000060
9284  24.750  -73.293  9.362 0.3000000119
10572  25.986  -71.331  9.941 0.3000000119
2581  28.835  -85.730  5.584 0.3000000119
2582  27.869  -86.592  5.470 0.3000000119
107867  29.487  -85.101  5.893 0.3000000119
2572  28.432  -86.219  6.446 0.3000000119
2979  29.542  -85.091  5.137 0.3000000119
2594  28.366  -86.210  4.802 0.3000000119
3923  30.082  -83.995  5.346 0.3000000119
3909  29.613  -84.270  5.991 0.3000000119
2966  29.171  -85.484  6.707 0.3000000119
3922  30.292  -83.732  4.855 0.3000000119
3439  29.965  -84.531  4.725 0.3000000119
107626  28.380  -86.296  3.915 0.3000000119
3027  28.944  -85.917  0.843 0.3000000119
127987  28.725  -82.035  6.001 0.3000000119
3404  29.145  -83.837  6.490 0.3000000119
109192  29.910  -83.261  5.134 0.3000000119
3924  29.506  -83.516  5.773 0.3000000119
3403  29.324  -84.577  6.790 0.3000000119
3451  30.099  -84.479  3.400 0.3000000119
3465  30.607  -84.041  2.088 0.3000000119
111919  29.550  -85.323  1.628 0.3000000119
4428  30.262  -82.907  4.443 0.3000000119
3438  30.362  -84.120  4.119 0.3000000119
4427  30.665  -82.976  3.753 0.3000000119
4907  30.926  -82.242  3.198 0.3000000119
3953  30.823  -83.452  2.758 0.3000000119
3457  30.498  -84.035  3.139 0.3000000119
4447  31.139  -82.755  2.303 0.3000000119
5442  32.187  -79.297  -0.912 0.4000000060
5420  31.945  -80.646  0.638 0.4000000060
2084  27.599  -87.200  10.641 0.3000000119
1663  25.940  -88.400  11.081 0.3000000119
2561  28.687  -86.076  7.316 0.3000000119
128647  28.156  -86.587  7.019 0.3000000119
126843  27.573  -83.721  7.831 0.3000000119
118573  28.769  -84.951  9.088 0.3000000119
2538  28.660  -85.892  9.986 0.3000000119
2099  27.509  -87.138  9.797 0.3000000119
1673  26.448  -88.292  10.675 0.3000000119
4401  27.765  -82.739  6.818 0.3000000119
3377  28.806  -84.762  8.224 0.3000000119
2550  28.766  -85.988  9.114 0.3000000119
108457  26.932  -87.729  9.225 0.3000000119
127832  26.348  -88.264  10.077 0.3000000119
3389  28.785  -84.211  7.322 0.3000000119
2954  29.045  -85.130  7.836 0.3000000119
2551  28.235  -86.567  8.562 0.3000000119
2115  26.864  -87.707  8.337 0.3000000119
2562  28.195  -86.584  7.711 0.3000000119
112570  27.567  -87.158  8.001 0.3000000119
2991  29.529  -85.121  4.328 0.3000000119
3007  29.086  -85.676  3.538 0.3000000119
3910  28.413  -83.446  6.765 0.3000000119
3943  30.626  -83.540  3.601 0.3000000119
116096  27.993  -86.593  10.969 0.3000000119
1710  26.346  -88.042  7.593 0.3000000119
3891  27.748  -83.467  7.349 0.3000000119
3365  28.581  -84.790  9.728 0.3000000119
2942  28.881  -85.401  8.558 0.3000000119
2539  28.206  -86.524  9.488 0.3000000119
1699  26.263  -88.136  8.442 0.3000000119
4932  31.518  -81.565  1.275 0.3000000119
7626  31.687  -76.257  5.229 0.3000000119
7641  32.154  -76.365  4.359 0.3000000119
7046  32.277  -76.979  2.648 0.3000000119
7066  31.634  -77.402  1.955 0.4000000060
7080  32.162  -77.610  0.656 0.4000000060
109212  31.176  -78.627  -1.171 0.3000000119
5975  30.199  -79.335  -1.431 0.3000000119
7627  30.719  -76.551  5.511 0.3000000119
7033  30.642  -77.391  4.145 0.4000000060
6454  30.424  -77.913  2.542 0.4000000060
6455  29.278  -78.039  2.756 0.4000000060
6488  29.625  -78.644  0.728 0.3000000119
6441  27.692  -78.033  3.410 0.4000000060
6471  28.501  -78.322  1.968 0.4000000060
6489  28.018  -78.774  1.284 0.3000000119
6442  27.013  -78.042  3.448 0.3000000119
121795  33.844  -75.220  5.778 0.3000000119
8184  32.920  -75.383  6.182 0.3000000119
123105  32.886  -76.393  3.326 0.4000000060
7065  32.862  -77.013  1.405 0.4000000060
111827  32.217  -78.501  -0.826 0.3000000119
6507  32.285  -78.683  -0.963 0.3000000119
8745  32.570  -75.205  7.001 0.3000000119
8185  31.938  -75.538  6.522 0.3000000119
7610  31.323  -76.060  6.056 0.3000000119
7611  30.315  -76.193  6.275 0.3000000119
7015  30.230  -77.179  4.996 0.3000000119
7048  30.057  -77.875  3.528 0.4000000060
7612  29.421  -76.426  6.440 0.3000000119
7613  28.591  -76.683  6.655 0.3000000119
6995  28.944  -77.027  5.916 0.3000000119
7016  29.331  -77.437  5.195 0.4000000060
7049  29.040  -77.975  3.674 0.4000000060
7614  27.788  -76.860  6.907 0.3000000119
7018  27.471  -77.671  5.393 0.4000000060
7036  27.790  -77.933  4.362 0.4000000060
6980  25.564  -77.063  7.170 0.3000000119
6998  26.067  -77.406  6.409 0.4000000060
113330  26.525  -77.756  5.522 0.4000000060
7037  26.835  -77.982  4.495 0.4000000060
6981  24.639  -77.147  7.313 0.3000000119
7021  24.663  -77.933  5.914 0.4000000060
7000  24.168  -77.589  6.754 0.3000000119
111648  35.752  -76.158  7.837 0.3000000119
7589  35.946  -75.975  7.010 0.3000000119
6993  35.465  -76.926  5.911 0.3000000119
127062  35.551  -76.680  4.171 0.3000000119
8755  34.415  -75.097  6.248 0.3000000119
8754  35.058  -75.117  6.212 0.3000000119
113407  34.990  -75.488  4.510 0.3000000119
7030  35.522  -76.541  3.326 0.3000000119
9297  33.121  -73.969  8.711 0.3000000119
8744  34.070  -74.762  7.181 0.3000000119
125713  34.392  -75.191  5.533 0.3000000119
8210  34.545  -75.608  4.016 0.3000000119
7656  34.778  -76.191  2.727 0.3000000119
7063  34.703  -77.050  1.644 0.3000000119
7078  34.060  -77.528  0.984 0.3000000119
5961  32.933  -78.686  -0.460 0.3000000119
5948  33.227  -78.984  0.263 0.3000000119
5408  32.468  -79.969  1.021 0.3000000119
8734  32.662  -74.497  8.262 0.3000000119
7593  27.480  -76.403  7.532 0.3000000119
6997  27.098  -77.309  6.414 0.3000000119
125169  26.725  -76.478  7.659 0.3000000119
6979  26.432  -76.974  7.104 0.3000000119
7580  25.428  -76.156  8.357 0.3000000119
7596  24.208  -76.710  7.878 0.3000000119
6982  23.830  -77.140  7.368 0.3000000119
7564  35.829  -75.903  8.484 0.3000000119
8168  36.391  -74.835  7.916 0.3000000119
8182  35.712  -75.592  6.594 0.3000000119
7609  35.570  -76.035  5.983 0.3000000119
8743  35.148  -74.762  6.917 0.3000000119
8183  35.254  -75.433  5.980 0.3000000119
5409  31.860  -80.928  1.671 0.3000000119
8126  36.483  -74.957  9.743 0.3000000119
8155  36.416  -75.275  8.485 0.3000000119
8730  36.672  -74.368  8.567 0.3000000119
8731  36.229  -74.327  7.917 0.3000000119
8753  35.628  -75.158  6.657 0.3000000119
8732  34.716  -74.240  7.745 0.3000000119
8712  37.087  -74.332  9.375 0.3000000119
9294  36.434  -73.833  8.415 0.3000000119
9295  35.704  -73.935  8.002 0.3000000119
5431  32.579  -79.609  -0.094 0.3000000119
5443  31.394  -79.938  -1.421 0.3000000119
6508  31.495  -78.821  -1.366 0.3000000119
109529  30.824  -78.273  0.641 0.3000000119
112003  28.752  -78.589  1.236 0.4000000060
7019  25.954  -78.118  4.679 0.4000000060
8161  24.176  -75.544  8.666 0.3000000119
8198  32.299  -75.773  5.721 0.3000000119
7032  31.695  -76.956  3.780 0.3000000119
7640  33.010  -75.896  4.081 0.3000000119
7047  31.112  -77.508  3.183 0.4000000060
6469  30.810  -77.987  1.559 0.4000000060
6470  29.650  -78.313  1.813 0.4000000060
7017  28.404  -77.585  5.285 0.4000000060
124201  33.096  -74.810  7.478 0.3000000119
8211  33.622  -75.534  4.433 0.3000000119
124018  33.916  -76.283  2.710 0.3000000119
7639  33.977  -75.853  3.471 0.3000000119
7064  33.926  -77.023  1.330 0.4000000060
7091  32.901  -77.936  -0.244 0.3000000119
125466  32.220  -74.967  7.773 0.3000000119
116115  31.048  -75.405  7.633 0.3000000119
8171  30.313  -75.593  7.696 0.3000000119
7594  25.931  -76.576  7.732 0.3000000119
7638  35.454  -76.142  3.776 0.3000000119
8209  35.257  -75.946  3.609 0.3000000119
7062  35.144  -76.977  2.107 0.3000000119
8159  25.734  -75.622  8.892 0.3000000119
3971  12.820  -83.462  1.107 0.4000000060
1662  26.599  -88.219  11.478 0.3000000119
2068  25.601  -88.163  11.480 0.3000000119
2100  26.914  -87.876  10.114 0.3000000119
2114  27.530  -87.158  8.906 0.3000000119
2128  27.584  -87.084  7.165 0.3000000119
2511  28.354  -85.986  10.678 0.3000000119
2636  26.703  -86.357  -1.292 0.5000000000
2912  28.209  -85.706  10.889 0.3000000119
2935  28.774  -85.364  9.545 0.3000000119
2955  29.001  -85.509  7.659 0.3000000119
2965  29.492  -84.861  6.335 0.3000000119
2992  28.957  -85.658  4.568 0.3000000119
3006  29.848  -84.702  3.951 0.3000000119
3026  30.037  -84.673  0.872 0.5000000000
3029  28.481  -85.469  -1.407 0.4000000060
3033  17.388  -85.366  -0.017 0.6000000238
3034  16.645  -85.571  0.004 0.5000000000
3035  15.872  -85.453  -0.148 0.5000000000
3036  15.065  -85.237  -0.187 0.5000000000
3037  28.252  -84.964  -1.771 0.4000000060
3039  27.230  -86.000  -1.617 0.5000000000
3040  26.773  -86.170  -1.524 0.5000000000
3046  12.320  -85.575  -1.549 0.6000000238
3047  11.603  -85.182  -1.513 0.5000000000
3056  20.706  -85.250  -3.551 0.6999999881
3059  17.714  -85.732  -2.700 0.6999999881
3064  12.577  -85.214  -2.620 0.6000000238
3065  19.643  -85.369  -3.633 0.6999999881
3067  16.409  -85.462  -3.207 0.6000000238
3068  15.323  -85.545  -3.259 0.6999999881
3069  14.467  -85.351  -3.434 0.6999999881
3378  28.380  -84.489  8.906 0.3000000119
3422  30.293  -84.063  4.898 0.3000000119
3423  29.779  -84.494  5.459 0.3000000119
3424  25.406  -83.230  5.319 0.4000000060
3444  18.754  -84.374  4.040 0.5000000000
3458  30.109  -84.617  2.435 0.3000000119
3459  28.006  -84.208  1.233 0.4000000060
3461  19.169  -84.480  2.836 0.5000000000
3462  18.420  -84.694  2.644 0.6000000238
3466  27.323  -84.940  0.018 0.5000000000
3467  20.214  -84.173  1.523 0.6999999881
3471  16.794  -84.958  1.309 0.5000000000
3488  10.308  -84.483  -0.428 0.5000000000
3489  9.631  -84.043  -0.504 0.5000000000
3490  29.412  -83.990  -1.415 0.4000000060
3493  27.819  -85.197  -1.718 0.4000000060
3494  22.155  -84.536  -1.433 0.6000000238
3495  20.962  -84.746  -1.135 0.6999999881
3500  10.795  -84.886  -1.005 0.5000000000
3501  9.887  -84.269  -0.992 0.5000000000
3506  18.913  -85.128  -1.348 0.6999999881
3508  10.974  -84.717  -1.590 0.5000000000
3510  21.425  -84.728  -3.522 0.6999999881
3511  21.421  -85.029  -3.261 0.6999999881
3512  13.668  -85.136  -3.483 0.6000000238
3514  21.352  -84.386  -3.995 0.6999999881
3519  16.473  -84.337  -3.701 0.6999999881
3521  14.196  -84.501  -3.708 0.6999999881
3522  13.613  -84.412  -3.614 0.6999999881
3523  21.059  -84.651  -4.183 0.6999999881
3524  20.363  -84.544  -4.335 0.6999999881
3526  18.038  -84.342  -4.141 0.6999999881
3869  28.159  -84.158  7.999 0.3000000119
3897  19.103  -83.365  7.836 0.5000000000
3913  19.790  -83.638  7.008 0.5000000000
3930  18.409  -84.024  5.915 0.5000000000
3936  30.437  -83.626  4.334 0.3000000119
3940  19.394  -84.187  4.140 0.6000000238
3942  17.888  -83.798  4.191 0.5000000000
3944  28.219  -82.998  2.752 0.4000000060
3950  18.189  -84.280  3.798 0.6000000238
3951  17.713  -84.109  3.417 0.6000000238
3954  28.338  -83.531  1.957 0.4000000060
3964  24.045  -82.583  0.177 0.5000000000
3977  23.750  -83.176  -0.285 0.6000000238
3978  21.457  -84.133  1.064 0.6999999881
3986  29.136  -84.012  -1.640 0.5000000000
3987  28.592  -83.864  -1.585 0.4000000060
3988  22.725  -83.759  -1.346 0.6000000238
3990  9.614  -83.877  -1.048 0.5000000000
3992  29.097  -83.491  -1.656 0.5000000000
3994  13.450  -83.405  -2.724 0.6000000238
3995  12.627  -83.778  -2.611 0.4000000060
4001  14.683  -83.513  -3.357 0.6999999881
4002  13.857  -83.746  -3.366 0.6999999881
4010  19.106  -83.216  -4.478 0.8000000119
4012  16.898  -82.629  -3.749 0.6999999881
4391  22.020  -82.987  7.287 0.5000000000
4393  20.974  -82.838  6.924 0.6000000238
4400  28.678  -82.875  6.239 0.3000000119
4404  21.866  -82.522  6.840 0.6000000238
4415  24.029  -82.293  5.653 0.5000000000
4417  21.652  -82.259  5.512 0.6999999881
4429  26.592  -81.723  4.183 0.4000000060
4430  26.078  -82.123  4.770 0.4000000060
4436  30.949  -82.930  3.099 0.3000000119
4437  27.959  -82.385  3.287 0.4000000060
4440  22.976  -82.187  3.509 0.5000000000
4442  20.820  -82.889  4.132 0.6000000238
4446  31.270  -82.253  1.664 0.3000000119
4460  28.888  -82.568  0.603 0.4000000060
4461  24.192  -82.021  0.562 0.5000000000
4462  24.116  -82.634  0.999 0.5000000000
4463  14.137  -83.050  1.690 0.5000000000
4464  13.407  -82.961  1.519 0.4000000060
4466  11.495  -82.514  1.602 0.6000000238
4467  10.083  -82.749  1.227 0.5000000000
4471  30.903  -82.413  0.127 0.5000000000
4473  28.733  -82.978  -1.299 0.5000000000
4475  23.729  -82.463  -0.294 0.6000000238
4482  23.355  -83.066  -0.881 0.6000000238
4486  15.725  -82.466  -1.173 0.6000000238
4488  13.795  -82.598  -0.754 0.6000000238
4494  29.330  -82.819  -1.496 0.5000000000
4495  22.038  -83.793  -2.198 0.6000000238
4505  21.507  -83.912  -3.311 0.6000000238
4506  21.264  -83.084  -3.915 0.8000000119
4507  16.205  -82.417  -3.005 0.6999999881
4509  14.355  -83.165  -2.761 0.6000000238
4510  21.106  -82.962  -4.155 0.8000000119
4511  17.462  -82.045  -3.850 0.6999999881
4512  16.586  -82.283  -3.231 0.6999999881
4514  20.887  -83.315  -4.458 0.8000000119
4516  18.507  -82.402  -4.371 0.6999999881
4902  25.475  -81.836  4.827 0.4000000060
4908  27.894  -81.593  3.217 0.4000000060
4910  26.356  -81.149  3.781 0.4000000060
4912  24.612  -81.675  4.003 0.5000000000
4921  28.575  -81.280  2.448 0.4000000060
4924  24.696  -81.067  2.223 0.4000000060
4933  29.074  -80.947  1.483 0.4000000060
4934  24.082  -81.370  0.472 0.4000000060
4937  21.216  -81.341  0.784 0.6000000238
4947  15.906  -81.324  0.038 0.6999999881
4952  30.280  -81.589  -1.555 0.5000000000
4956  16.279  -81.856  -0.754 0.6999999881
4958  14.450  -82.008  -0.168 0.6999999881
4959  13.480  -81.901  -0.225 0.6000000238
4967  17.347  -81.244  -2.784 0.6000000238
5400  21.417  -79.769  2.866 0.5000000000
5417  20.624  -80.243  1.763 0.6000000238
5424  24.042  -80.942  1.008 0.4000000060
5425  23.739  -80.883  0.904 0.5000000000
5426  22.468  -80.966  1.271 0.6000000238
5428  20.633  -80.812  1.034 0.6000000238
5432  31.795  -80.301  -0.471 0.3000000119
5436  15.539  -80.728  0.559 0.6999999881
5437  14.599  -80.598  0.608 0.6999999881
5444  29.799  -79.966  -1.510 0.5000000000
5445  20.389  -80.681  -0.654 0.6999999881
5447  13.097  -80.902  0.050 0.6000000238
5452  30.936  -79.775  -1.764 0.5000000000
5454  30.084  -80.589  -1.831 0.5000000000
5455  20.440  -81.231  -1.936 0.6999999881
5462  18.174  -79.821  -3.988 0.6999999881
5463  17.786  -80.325  -3.661 0.6000000238
5464  22.058  -80.563  -4.382 0.6000000238
5465  21.113  -80.486  -4.531 0.6999999881
5466  20.043  -80.520  -4.565 0.6000000238
5467  18.749  -80.131  -4.445 0.6999999881
5928  22.651  -79.624  3.353 0.4000000060
5929  21.705  -79.452  3.421 0.5000000000
5949  28.398  -79.115  0.674 0.4000000060
5950  27.644  -78.990  1.354 0.4000000060
5954  16.863  -79.438  1.341 0.6999999881
5955  15.869  -79.776  1.449 0.6999999881
5960  33.499  -78.185  0.027 0.3000000119
5962  29.411  -79.309  -0.826 0.4000000060
5963  28.891  -79.112  -0.058 0.4000000060
5964  20.331  -80.085  0.213 0.6999999881
5965  17.380  -79.444  0.425 0.6000000238
5966  16.609  -79.960  0.773 0.6999999881
5968  14.126  -79.968  0.840 0.6000000238
5973  31.536  -79.195  -1.446 0.3000000119
5974  30.697  -79.299  -1.635 0.3000000119
5976  17.515  -79.703  -0.536 0.6000000238
5982  31.023  -79.237  -1.704 0.3000000119
5983  30.491  -79.790  -1.738 0.5000000000
5986  17.717  -79.837  -1.610 0.6000000238
5998  22.508  -80.428  -4.416 0.6000000238
6000  17.983  -79.866  -3.707 0.6000000238
6003  19.692  -79.814  -4.574 0.6999999881
6411  23.713  -78.011  6.122 0.4000000060
6425  23.267  -78.430  5.503 0.5000000000
6427  21.401  -77.574  4.829 0.4000000060
6446  22.210  -78.688  4.786 0.6000000238
6456  28.183  -78.068  2.841 0.4000000060
6457  27.202  -78.166  2.591 0.4000000060
6458  25.907  -78.538  2.299 0.4000000060
6459  25.518  -78.397  3.000 0.4000000060
6460  24.977  -78.624  3.115 0.4000000060
6461  24.186  -79.090  3.637 0.4000000060
6462  21.282  -78.651  3.750 0.6000000238
6475  20.590  -78.832  2.525 0.4000000060
6476  17.321  -78.213  2.127 0.6999999881
6477  16.678  -78.415  2.419 0.6999999881
6486  33.535  -77.902  0.190 0.3000000119
6487  31.767  -78.270  -0.368 0.4000000060
6490  20.394  -78.964  1.373 0.6000000238
6493  15.238  -79.196  2.046 0.6999999881
6494  14.108  -79.077  1.798 0.6000000238
6495  13.178  -78.706  1.277 0.5000000000
6499  32.992  -78.240  -0.448 0.3000000119
6500  29.321  -78.937  -0.325 0.3000000119
6503  18.456  -78.055  -0.199 0.6000000238
6509  30.822  -78.955  -1.547 0.3000000119
6511  18.220  -78.566  -0.682 0.6000000238
6524  23.810  -78.886  -4.063 0.6999999881
6525  23.325  -79.469  -3.779 0.6000000238
6527  18.362  -78.518  -2.674 0.6000000238
6532  23.653  -78.655  -4.855 0.6000000238
6535  18.623  -78.642  -3.621 0.6999999881
6538  20.841  -79.122  -4.804 0.6999999881
6540  18.749  -78.994  -4.178 0.6999999881
6996  28.073  -77.264  6.146 0.3000000119
6999  25.113  -77.477  6.543 0.3000000119
7001  23.355  -77.408  6.699 0.3000000119
7002  22.012  -77.113  6.079 0.4000000060
7014  35.443  -77.252  5.050 0.3000000119
7020  25.593  -77.834  5.675 0.4000000060
7034  29.703  -77.731  4.408 0.4000000060
7035  28.770  -77.878  4.506 0.4000000060
7043  35.334  -76.504  2.712 0.3000000119
7044  35.429  -77.153  2.816 0.3000000119
7045  33.422  -76.628  2.140 0.3000000119
7051  17.625  -76.864  2.849 0.6999999881
7068  20.656  -78.251  2.001 0.6000000238
7069  18.113  -77.084  2.160 0.6999999881
7070  16.208  -77.760  2.854 0.6999999881
7071  15.146  -77.848  2.935 0.6000000238
7072  13.984  -77.906  2.941 0.6000000238
7073  13.017  -77.658  2.615 0.5000000000
7079  33.390  -77.472  0.580 0.4000000060
7082  20.904  -77.957  1.031 0.4000000060
7083  18.334  -77.456  1.434 0.6999999881
7086  12.332  -77.479  0.932 0.5000000000
7093  21.029  -78.069  0.211 0.4000000060
7094  18.458  -77.824  0.586 0.6999999881
7099  21.463  -77.859  -0.534 0.5000000000
7100  19.090  -77.388  -1.346 0.6999999881
7101  18.557  -77.919  -1.032 0.6999999881
7106  23.122  -78.060  -1.802 0.6999999881
7107  22.038  -78.202  -1.512 0.5000000000
7108  19.197  -77.394  -2.250 0.6999999881
7116  19.385  -77.440  -2.977 0.6999999881
7119  24.883  -77.326  -4.233 0.6000000238
7122  19.687  -77.637  -3.678 0.6999999881
7126  23.387  -78.337  -5.084 0.6999999881
7578  27.099  -75.979  8.161 0.3000000119
7579  26.266  -76.092  8.291 0.3000000119
7581  24.603  -76.169  8.344 0.3000000119
7582  23.827  -76.115  8.203 0.3000000119
7590  29.871  -75.889  6.980 0.3000000119
7595  25.082  -76.642  7.809 0.3000000119
7597  23.247  -75.930  7.610 0.4000000060
7598  22.829  -76.048  6.931 0.4000000060
7624  35.558  -76.247  4.850 0.3000000119
7625  32.645  -75.819  4.855 0.3000000119
7628  29.826  -76.815  5.746 0.3000000119
7629  21.966  -76.321  5.939 0.4000000060
7630  21.669  -76.852  5.589 0.4000000060
7642  31.131  -76.742  4.674 0.3000000119
7643  21.290  -76.946  4.415 0.4000000060
7645  15.754  -76.051  4.400 0.6000000238
7646  14.632  -76.169  4.426 0.6000000238
7647  13.842  -76.064  4.305 0.6000000238
7655  35.290  -76.231  2.922 0.3000000119
7659  17.204  -76.420  3.544 0.6000000238
7660  16.254  -76.466  3.703 0.6000000238
7671  35.108  -76.608  2.342 0.3000000119
7672  34.430  -76.612  2.052 0.3000000119
7675  12.785  -76.757  2.907 0.5000000000
7676  12.435  -76.086  2.178 0.5000000000
7703  12.909  -76.242  -1.368 0.5000000000
7705  27.174  -75.787  -2.495 0.6000000238
7716  26.997  -75.818  -2.994 0.6000000238
7724  26.152  -76.346  -3.462 0.6000000238
7726  20.717  -76.689  -3.762 0.6999999881
7728  25.674  -76.239  -3.878 0.6000000238
7731  23.490  -77.408  -4.911 0.6999999881
7732  22.348  -77.354  -4.649 0.6999999881
8139  36.720  -74.948  8.959 0.3000000119
8140  35.999  -75.566  9.208 0.3000000119
8146  24.483  -75.087  9.096 0.3000000119
8154  36.598  -74.838  8.496 0.3000000119
8160  24.896  -75.634  8.869 0.3000000119
8169  36.103  -75.265  7.172 0.3000000119
8175  23.157  -75.096  7.569 0.4000000060
8186  30.904  -75.648  6.888 0.3000000119
8187  22.438  -75.725  6.382 0.4000000060
8191  15.834  -74.832  6.531 0.6000000238
8194  35.281  -75.589  5.101 0.3000000119
8195  34.855  -75.208  5.417 0.3000000119
8196  34.277  -75.228  4.947 0.3000000119
8197  33.288  -75.410  5.305 0.3000000119
8202  17.151  -75.429  5.395 0.6000000238
8203  16.152  -75.405  5.746 0.6000000238
8205  13.715  -74.882  5.084 0.5000000000
8208  35.312  -75.856  4.268 0.3000000119
8212  22.295  -75.418  3.686 0.4000000060
8214  18.990  -75.188  3.825 0.6999999881
8215  17.442  -75.717  4.582 0.6999999881
8217  14.877  -75.713  5.061 0.6000000238
8223  34.949  -75.895  3.258 0.3000000119
8227  18.560  -75.667  3.530 0.8000000119
8228  18.293  -75.610  4.247 0.6999999881
8229  12.847  -75.363  3.501 0.5000000000
8230  12.578  -75.232  2.665 0.5000000000
8235  22.368  -75.531  1.978 0.4000000060
8245  22.511  -75.710  1.109 0.4000000060
8248  19.607  -75.575  1.305 0.8000000119
8249  19.056  -76.051  1.890 0.8000000119
8250  12.409  -75.730  1.187 0.4000000060
8261  19.757  -75.765  0.416 0.6999999881
8262  14.181  -75.482  -0.675 0.6000000238
8263  13.073  -75.678  0.111 0.6000000238
8269  27.405  -75.053  -1.327 0.4000000060
8271  23.521  -75.855  -0.421 0.5000000000
8272  22.827  -76.104  -0.239 0.5000000000
8274  19.918  -75.958  -0.541 0.6999999881
8278  27.009  -75.768  -1.873 0.6000000238
8279  25.399  -75.977  -1.570 0.5000000000
8281  20.003  -76.129  -1.633 0.6999999881
8282  14.523  -75.201  -1.165 0.6000000238
8284  12.824  -75.622  -1.905 0.5000000000
8289  20.504  -75.309  -2.859 0.6999999881
8292  27.168  -75.351  -3.018 0.6000000238
8295  24.121  -75.260  -3.962 0.6999999881
8298  20.890  -75.798  -3.417 0.6999999881
8299  25.024  -75.908  -4.145 0.6000000238
8302  22.460  -76.303  -4.209 0.6999999881
8733  33.609  -74.336  7.950 0.3000000119
8742  36.022  -74.759  7.269 0.3000000119
8746  23.163  -74.534  6.963 0.4000000060
8747  18.836  -74.247  7.457 0.5000000000
8748  17.810  -74.477  7.531 0.5000000000
8749  16.934  -74.457  7.438 0.6000000238
8750  16.175  -74.360  7.189 0.6000000238
8756  33.508  -75.151  6.677 0.3000000119
8761  18.307  -74.810  6.728 0.6999999881
8764  15.371  -74.108  6.892 0.6000000238
8771  19.505  -74.641  5.479 0.5000000000
8774  24.246  -73.750  3.824 0.4000000060
8780  13.238  -74.479  4.476 0.5000000000
8784  20.123  -74.352  3.813 0.8000000119
8792  22.867  -74.877  2.237 0.4000000060
8793  20.296  -74.320  2.975 0.6999999881
8795  13.210  -73.569  2.399 0.6000000238
8799  23.480  -74.661  1.599 0.5000000000
8814  20.579  -74.708  0.087 0.6000000238
8822  27.419  -74.736  -1.334 0.4000000060
8823  26.038  -74.733  -0.362 0.5000000000
8825  20.508  -74.785  -0.731 0.6000000238
8827  15.176  -74.689  -1.036 0.5000000000
8831  27.860  -74.979  -2.059 0.4000000060
8834  14.833  -74.701  -1.315 0.5000000000
8840  27.297  -74.878  -2.798 0.6000000238
8843  25.510  -74.603  -3.574 0.6000000238
8845  21.936  -74.619  -3.604 0.6999999881
9301  17.598  -73.373  8.560 0.6000000238
9310  35.645  -74.393  7.524 0.3000000119
9315  17.282  -74.028  8.060 0.6000000238
9317  16.085  -73.264  7.755 0.5000000000
9326  23.655  -73.847  6.518 0.4000000060
9328  19.847  -74.021  6.934 0.5000000000
9329  15.484  -73.326  7.221 0.5000000000
9330  14.896  -73.409  6.593 0.5000000000
9338  25.013  -73.112  5.609 0.4000000060
9339  24.408  -73.465  6.052 0.3000000119
9341  20.645  -73.721  5.461 0.5000000000
9342  14.211  -73.578  5.875 0.5000000000
9363  25.733  -73.285  3.360 0.3000000119
9367  13.148  -73.437  3.434 0.5000000000
9368  12.775  -73.946  3.001 0.6000000238
9373  26.565  -73.400  2.685 0.4000000060
9374  21.482  -73.472  2.431 0.8000000119
9375  20.885  -73.870  2.698 0.6000000238
9381  26.885  -73.824  1.715 0.4000000060
9383  21.530  -73.627  1.562 0.6999999881
9385  15.283  -73.257  0.468 0.6000000238
9386  14.693  -73.606  0.847 0.6000000238
9387  13.860  -73.606  1.496 0.6000000238
9391  27.628  -73.697  0.924 0.4000000060
9392  27.425  -73.973  1.066 0.4000000060
9394  21.665  -73.686  0.575 0.6000000238
9402  22.015  -72.722  -1.655 0.6000000238
9404  15.520  -73.663  -0.935 0.5000000000
9405  15.429  -74.158  -0.922 0.5000000000
9413  26.127  -73.436  -1.824 0.4000000060
9414  21.767  -72.849  -2.570 0.6000000238
9416  14.758  -73.922  -1.509 0.5000000000
9417  13.882  -73.610  -1.566 0.5000000000
9422  24.803  -73.112  -2.887 0.6000000238
9424  22.284  -72.212  -2.979 0.6000000238
9427  23.362  -73.437  -3.414 0.6000000238
9888  18.318  -71.866  9.192 0.4000000060
9891  24.504  -73.046  8.689 0.3000000119
9896  17.133  -72.622  8.675 0.5000000000
9898  25.011  -72.168  7.958 0.3000000119
9902  16.362  -72.539  8.160 0.6000000238
9917  15.292  -72.020  6.077 0.6000000238
9918  14.340  -72.865  5.382 0.5000000000
9922  27.214  -72.388  4.219 0.3000000119
9926  15.185  -72.111  4.027 0.6000000238
9928  13.626  -72.888  4.005 0.5000000000
9940  15.349  -72.149  3.064 0.6000000238
9958  14.619  -72.534  2.571 0.6000000238
9969  22.792  -72.509  1.334 0.5000000000
9971  16.021  -72.258  0.909 0.5000000000
9972  15.597  -72.565  1.151 0.6000000238
9983  15.810  -72.725  0.232 0.6000000238
9991  16.285  -72.248  -0.307 0.5000000000
10001  23.977  -71.024  -2.451 0.5000000000
10004  16.132  -72.180  -0.937 0.5000000000
10005  15.476  -72.970  -1.065 0.5000000000
10006  15.160  -72.329  -1.401 0.5000000000
10007  14.493  -72.829  -1.487 0.5000000000
10011  22.569  -71.416  -3.048 0.6000000238
10576  18.027  -71.156  9.231 0.5000000000
10580  25.839  -71.136  9.202 0.3000000119
10587  26.039  -71.099  8.249 0.3000000119
10602  26.684  -71.587  5.864 0.3000000119
10605  15.646  -71.473  5.324 0.6000000238
10610  21.877  -71.840  4.756 0.6000000238
10611  16.297  -70.929  4.702 0.6000000238
10620  22.088  -72.158  4.010 0.6000000238
10622  16.580  -71.370  3.063 0.6000000238
10633  17.208  -71.243  1.720 0.6000000238
10645  16.557  -71.728  1.069 0.5000000000
10657  17.334  -71.056  -0.366 0.5000000000
10658  16.771  -71.685  0.114 0.5000000000
10665  17.095  -70.925  -0.889 0.5000000000
10667  14.355  -71.608  -1.221 0.5000000000
11233  26.905  -70.170  9.392 0.3000000119
11244  27.157  -70.203  8.422 0.3000000119
11258  16.335  -70.705  7.362 0.5000000000
11266  27.832  -70.568  6.701 0.3000000119
11271  16.007  -70.873  5.628 0.6000000238
11286  16.889  -70.693  3.897 0.6000000238
11298  16.931  -70.996  3.313 0.6000000238
11319  18.406  -70.031  1.158 0.6000000238
11339  19.022  -69.608  -0.005 0.6000000238
11359  17.747  -70.410  -0.603 0.5000000000
11379  16.802  -70.906  -1.056 0.5000000000
11380  16.259  -71.168  -1.177 0.5000000000
11990  28.068  -69.212  9.504 0.3000000119
11997  18.101  -69.648  9.194 0.5000000000
12008  17.266  -69.512  8.270 0.6000000238
12009  17.232  -70.277  8.491 0.5000000000
12017  28.704  -69.692  7.680 0.3000000119
12033  28.997  -69.952  7.040 0.3000000119
12037  16.575  -69.942  6.948 0.6000000238
12062  16.843  -70.197  4.627 0.6000000238
12076  18.412  -69.281  1.904 0.6000000238
12077  17.710  -69.728  3.516 0.6000000238
12104  19.320  -68.657  -0.335 0.5000000000
12116  19.046  -69.242  -0.398 0.5000000000
12117  18.158  -69.864  -0.708 0.5000000000
12118  17.373  -70.161  -0.710 0.5000000000
12785  18.245  -68.296  9.031 0.4000000060
12827  17.808  -68.153  5.234 0.5000000000
12857  18.433  -68.395  3.190 0.6000000238
12858  18.204  -69.197  2.974 0.6000000238
12880  19.632  -68.164  0.021 0.6000000238
12881  19.366  -68.461  0.494 0.6000000238
12891  19.554  -68.195  -0.195 0.6000000238
12893  17.528  -68.537  -0.174 0.5000000000
12906  18.051  -69.375  -0.696 0.5000000000
13611  18.765  -67.867  9.568 0.4000000060
13636  17.880  -68.149  8.397 0.4000000060
13662  17.749  -67.984  7.482 0.6000000238
13681  18.433  -67.037  5.976 0.5000000000
13707  18.522  -67.421  4.184 0.6000000238
13724  18.606  -67.591  3.327 0.6000000238
13743  18.754  -67.849  2.252 0.6000000238
13755  19.336  -67.765  0.805 0.6000000238
13770  18.989  -67.704  -0.262 0.5000000000
13783  19.391  -68.132  -0.303 0.5000000000
14502  18.738  -66.543  6.649 0.5000000000
14523  18.761  -66.707  5.324 0.5000000000
14537  18.847  -66.721  4.588 0.6000000238
14570  19.290  -66.926  0.721 0.5000000000
14580  18.561  -66.886  0.242 0.5000000000
15292  17.351  -64.719  8.277 0.3000000119
15303  20.182  -65.278  7.719 0.4000000060
15304  19.587  -65.737  7.462 0.4000000060
15315  19.461  -65.828  6.568 0.5000000000
15329  20.589  -64.920  4.661 0.4000000060
15360  20.359  -64.975  2.413 0.6000000238
15377  19.970  -64.735  1.216 0.5000000000
16098  15.758  -64.354  10.529 0.3000000119
16112  20.902  -64.835  9.090 0.4000000060
16132  18.088  -64.155  8.367 0.3000000119
16137  21.352  -64.119  6.631 0.4000000060
16157  21.000  -64.534  3.805 0.4000000060
16188  21.439  -63.383  1.812 0.4000000060
16197  20.691  -63.872  1.523 0.4000000060
16870  17.705  -63.923  9.742 0.3000000119
16888  22.930  -62.944  7.614 0.4000000060
16891  19.040  -63.208  6.738 0.3000000119
16896  21.930  -63.424  6.103 0.4000000060
16904  22.042  -63.453  5.032 0.4000000060
16911  22.638  -62.370  3.192 0.4000000060
16920  22.408  -63.051  2.639 0.4000000060
17666  17.386  -62.516  10.547 0.3000000119
17669  15.343  -62.963  11.060 0.4000000060
17681  19.183  -62.134  9.110 0.3000000119
17682  18.566  -62.776  9.639 0.3000000119
17694  19.428  -62.335  8.142 0.3000000119
17721  22.884  -61.512  3.815 0.4000000060
17727  22.567  -61.640  2.911 0.3000000119
17728  22.205  -61.455  2.647 0.3000000119
17735  22.414  -61.768  2.546 0.3000000119
18430  13.377  -62.063  12.178 0.3000000119
18446  14.417  -61.437  11.021 0.3000000119
18458  22.193  -61.460  10.702 0.4000000060
18461  16.699  -61.508  10.683 0.3000000119
18462  15.773  -61.764  10.699 0.3000000119
18494  20.569  -60.853  8.330 0.3000000119
19285  18.330  -60.325  10.252 0.4000000060
19290  13.933  -60.185  10.350 0.3000000119
19307  20.728  -60.154  9.646 0.4000000060
19309  18.905  -59.856  9.730 0.4000000060
19337  20.825  -61.124  7.359 0.3000000119
20105  21.201  -60.076  10.790 0.4000000060
20108  17.224  -59.752  10.567 0.3000000119
20111  14.244  -59.921  9.676 0.3000000119
20125  20.391  -59.251  10.021 0.4000000060
20126  19.512  -58.981  9.744 0.4000000060
20128  15.862  -59.413  9.791 0.5000000000
20973  20.453  -58.455  10.452 0.3000000119
20976  16.701  -59.073  10.315 0.3000000119
21004  15.888  -58.151  8.607 0.3000000119
21005  15.484  -58.743  7.526 0.3000000119
21032  15.355  -58.428  6.079 0.3000000119
21046  15.223  -58.034  5.779 0.3000000119
21871  20.203  -57.762  10.208 0.4000000060
21874  16.583  -57.657  9.265 0.3000000119
21907  16.385  -57.656  7.074 0.3000000119
21920  16.527  -57.707  5.972 0.3000000119
21921  15.939  -58.033  5.728 0.3000000119
22788  18.919  -56.728  9.044 0.3000000119
22801  18.482  -56.201  8.146 0.3000000119
22814  17.745  -56.546  6.099 0.3000000119
22827  17.851  -56.398  5.152 0.3000000119
22838  17.326  -56.664  5.388 0.3000000119
23647  19.775  -55.712  9.110 0.3000000119
23666  18.943  -55.094  7.383 0.3000000119
23677  18.415  -55.358  5.749 0.3000000119
23678  17.113  -55.867  5.330 0.3000000119
23685  18.132  -55.432  5.285 0.3000000119
23686  18.000  -55.704  4.998 0.3000000119
24454  18.836  -54.582  7.047 0.3000000119
24463  18.311  -54.696  5.637 0.3000000119
25189  18.656  -53.735  6.567 0.3000000119
25210  18.183  -53.817  5.675 0.3000000119
106366  17.670  -68.635  4.692 0.6000000238
106659  16.715  -71.416  2.420 0.6000000238
106907  20.576  -81.273  -0.296 0.6999999881
107341  24.264  -74.253  1.735 0.5000000000
107446  20.518  -74.328  2.071 0.8000000119
107599  20.630  -74.496  1.072 0.6999999881
107887  19.415  -84.382  0.997 0.6999999881
107907  22.642  -74.939  4.982 0.4000000060
107926  30.436  -78.626  -0.346 0.3000000119
108046  20.504  -82.300  -4.535 0.6999999881
108376  22.303  -60.921  3.152 0.3000000119
108777  28.721  -86.036  8.178 0.3000000119
109065  20.428  -61.338  7.078 0.3000000119
109206  18.159  -55.874  7.028 0.3000000119
109208  21.237  -83.801  -4.200 0.8000000119
109989  27.033  -74.154  -0.323 0.4000000060
110009  14.912  -59.525  8.396 0.3000000119
110091  17.876  -61.880  10.495 0.3000000119
110183  17.581  -68.419  6.042 0.5000000000
110992  21.594  -60.780  11.093 0.4000000060
111046  36.191  -75.494  7.783 0.3000000119
111490  18.805  -73.662  8.120 0.5000000000
111622  29.325  -85.079  7.195 0.3000000119
111628  16.113  -60.594  10.341 0.3000000119
111979  13.467  -85.002  0.108 0.6000000238
112446  14.733  -86.373  -2.454 0.5000000000
112592  21.541  -82.391  6.367 0.6000000238
112702  21.173  -73.294  4.017 0.6000000238
112867  18.527  -70.224  0.218 0.6000000238
112889  17.293  -84.499  -3.851 0.6999999881
113054  22.065  -63.151  2.097 0.4000000060
113255  15.563  -83.879  -3.714 0.6000000238
113379  17.749  -77.670  2.039 0.6999999881
113614  35.512  -76.638  6.637 0.3000000119
113647  21.386  -76.740  1.910 0.4000000060
113781  28.298  -78.010  3.796 0.4000000060
114606  18.558  -84.329  5.287 0.5000000000
114779  14.325  -75.203  5.376 0.5000000000
114869  18.931  -84.053  6.416 0.6000000238
115211  18.609  -85.353  -3.633 0.6999999881
115241  19.502  -66.118  1.276 0.6000000238
115836  36.580  -73.424  8.853 0.3000000119
116192  31.685  -75.302  7.269 0.3000000119
116237  22.505  -61.027  3.509 0.3000000119
116273  30.188  -80.873  -1.822 0.5000000000
116563  20.799  -59.214  10.670 0.4000000060
117124  21.778  -76.763  0.328 0.4000000060
117285  17.408  -68.581  7.001 0.5000000000
117502  13.572  -75.075  -1.751 0.5000000000
117511  24.500  -75.598  -0.673 0.5000000000
117548  22.390  -78.273  5.440 0.4000000060
117674  16.795  -71.776  8.503 0.5000000000
118145  12.481  -76.223  0.494 0.4000000060
118447  17.441  -61.237  10.629 0.3000000119
118497  22.810  -72.380  2.125 0.6000000238
118880  20.025  -57.101  9.829 0.3000000119
118998  22.253  -71.701  -2.797 0.6000000238
119064  26.515  -78.236  2.603 0.4000000060
119248  17.452  -59.014  10.415 0.3000000119
119488  13.732  -86.094  -2.358 0.6000000238
119686  20.938  -77.477  2.427 0.4000000060
119741  18.696  -55.005  6.576 0.3000000119
119752  23.116  -61.723  4.728 0.3000000119
119840  19.531  -74.758  4.048 0.8000000119
119855  21.433  -77.033  5.129 0.4000000060
120094  23.658  -76.587  7.702 0.3000000119
120358  12.862  -74.083  3.740 0.5000000000
120455  21.258  -60.105  12.742 0.4000000060
120720  34.951  -73.755  8.349 0.3000000119
121015  22.491  -84.356  -0.886 0.6000000238
121504  21.751  -60.840  8.664 0.4000000060
121586  23.217  -61.615  5.363 0.3000000119
121884  25.731  -79.082  2.029 0.4000000060
121918  18.844  -84.450  4.718 0.6000000238
122269  20.373  -79.413  1.901 0.6999999881
122312  17.059  -81.951  -3.345 0.6999999881
122363  20.260  -65.245  5.371 0.6000000238
122549  25.985  -71.974  6.014 0.3000000119
122560  20.730  -78.111  2.724 0.4000000060
123084  26.728  -71.228  6.584 0.3000000119
123129  12.949  -80.395  3.657 0.6000000238
123149  21.121  -73.704  -2.504 0.6000000238
123150  26.586  -87.957  8.847 0.3000000119
123181  21.803  -82.498  3.787 0.6999999881
123289  27.985  -72.611  0.989 0.4000000060
123727  21.803  -80.872  -4.073 0.8000000119
123889  25.597  -81.479  4.225 0.4000000060
123946  20.473  -57.036  10.986 0.3000000119
123966  18.525  -66.814  7.392 0.6000000238
124179  26.987  -74.254  0.263 0.5000000000
124250  21.986  -77.727  5.699 0.4000000060
124270  13.508  -74.472  -1.674 0.5000000000
124377  30.918  -83.404  1.964 0.3000000119
124399  25.010  -75.107  -3.913 0.6000000238
124651  21.099  -77.115  3.656 0.4000000060
124783  24.615  -72.710  8.198 0.4000000060
124876  21.185  -74.047  1.040 0.6999999881
124961  24.286  -73.576  8.823 0.4000000060
125036  16.752  -57.008  7.750 0.3000000119
125111  19.835  -65.332  1.291 0.6000000238
125830  29.160  -84.831  7.513 0.3000000119
125859  16.847  -80.636  -0.197 0.6000000238
125897  22.584  -60.894  4.280 0.3000000119
125965  13.317  -73.861  -1.490 0.5000000000
126510  21.234  -60.409  9.478 0.4000000060
126517  29.528  -85.154  3.756 0.3000000119
126564  25.394  -76.768  -3.945 0.6000000238
126982  18.631  -84.647  0.936 0.6999999881
127324  21.500  -63.755  2.172 0.4000000060
127369  35.377  -76.222  3.160 0.3000000119
127514  10.745  -82.729  1.500 0.5000000000
127607  14.548  -84.202  0.847 0.5000000000
127746  18.097  -67.458  6.294 0.5000000000
127912  30.216  -78.391  1.305 0.4000000060
128011  21.745  -84.443  -2.814 0.6000000238
128111  27.121  -76.839  7.142 0.3000000119
128144  20.819  -83.567  2.870 0.6999999881
128156  12.905  -74.763  3.889 0.5000000000
128334  18.962  -69.087  9.632 0.5000000000
128577  14.325  -73.242  1.534 0.6000000238
128660  18.700  -69.525  -0.526 0.5000000000
128688  19.229  -66.144  8.015 0.4000000060
128826  23.642  -74.679  8.382 0.4000000060
