#!ascii label  , from subject sub-v2s18x29522_ses-1 vox2ras=TkReg
725
117481  -22.008  -33.176  45.202 0.0000000000
46856  -44.634  -18.476  38.833 0.0000000000
51559  -51.034  -13.785  33.494 0.0000000000
53356  -55.430  -10.568  28.519 0.0000000000
127550  -42.415  -22.613  39.372 0.0000000000
110597  -54.061  -14.733  29.781 0.0000000000
59596  -52.092  -4.848  22.950 0.0000000000
60411  -56.885  -3.960  21.769 0.0000000000
46843  -48.693  -18.798  39.114 0.0000000000
116244  -51.854  -16.912  36.218 0.0000000000
49636  -47.771  -15.319  37.139 0.0000000000
34736  -23.723  -31.387  47.414 0.0000000000
34759  -28.522  -30.473  45.566 0.0000000000
35769  -32.952  -30.175  43.973 0.0000000000
34801  -37.205  -32.072  42.238 0.0000000000
35783  -41.118  -31.051  42.420 0.0000000000
39788  -43.311  -26.445  42.759 0.0000000000
114901  -46.369  -21.664  41.864 0.0000000000
46939  -55.025  -18.050  32.017 0.0000000000
123953  -58.333  -4.480  19.100 0.0000000000
123131  -47.331  -18.216  40.208 0.0000000000
48749  -48.397  -15.981  39.150 0.0000000000
48756  -46.240  -16.705  37.285 0.0000000000
35736  -23.723  -30.692  45.537 0.0000000000
35729  -26.220  -30.649  46.495 0.0000000000
37848  -40.823  -28.958  40.466 0.0000000000
37816  -42.057  -28.794  42.402 0.0000000000
39799  -41.627  -26.611  41.956 0.0000000000
45036  -43.057  -20.247  38.795 0.0000000000
44132  -44.131  -21.744  42.198 0.0000000000
45893  -45.424  -19.139  41.241 0.0000000000
45020  -47.366  -20.471  40.812 0.0000000000
50552  -52.081  -14.800  36.194 0.0000000000
117817  -53.084  -17.454  34.156 0.0000000000
50581  -54.011  -15.168  34.109 0.0000000000
52407  -55.835  -12.682  29.319 0.0000000000
49694  -57.528  -15.442  29.651 0.0000000000
51595  -58.146  -13.280  27.997 0.0000000000
52443  -56.086  -11.826  26.818 0.0000000000
59578  -54.712  -4.816  24.609 0.0000000000
58731  -53.055  -5.858  26.168 0.0000000000
41585  -41.985  -24.785  38.876 0.0000000000
53365  -51.296  -11.821  27.218 0.0000000000
126349  -54.709  -3.830  22.880 0.0000000000
58761  -56.117  -4.946  22.822 0.0000000000
58804  -56.802  -6.156  18.337 0.0000000000
45927  -48.623  -19.158  37.038 0.0000000000
46872  -50.052  -17.771  37.093 0.0000000000
49630  -50.431  -15.078  37.833 0.0000000000
32907  -23.379  -33.061  46.651 0.0000000000
34793  -29.763  -31.252  42.667 0.0000000000
35754  -30.675  -30.101  44.984 0.0000000000
34795  -32.071  -31.087  42.340 0.0000000000
34821  -34.784  -31.571  41.769 0.0000000000
127057  -36.797  -32.418  41.186 0.0000000000
33917  -38.702  -32.924  40.194 0.0000000000
34849  -39.219  -32.138  41.765 0.0000000000
35814  -42.665  -30.540  40.747 0.0000000000
111355  -42.806  -24.309  42.643 0.0000000000
41530  -44.598  -24.135  42.546 0.0000000000
41554  -45.986  -24.386  40.640 0.0000000000
43287  -46.380  -22.213  39.328 0.0000000000
45048  -47.773  -20.365  38.068 0.0000000000
49672  -56.007  -15.703  32.170 0.0000000000
56194  -51.995  -8.188  26.121 0.0000000000
55220  -54.512  -9.171  27.298 0.0000000000
111949  -21.847  -33.144  46.430 0.0000000000
47807  -46.256  -17.692  39.836 0.0000000000
47818  -46.724  -17.046  39.366 0.0000000000
47816  -45.167  -17.931  38.325 0.0000000000
38872  -40.898  -27.715  39.225 0.0000000000
38860  -41.313  -27.359  41.702 0.0000000000
39818  -41.331  -26.992  39.606 0.0000000000
45908  -44.168  -19.175  39.333 0.0000000000
45026  -44.000  -19.810  40.078 0.0000000000
46841  -45.031  -18.679  39.836 0.0000000000
46828  -45.991  -18.770  41.058 0.0000000000
50567  -53.054  -14.904  35.239 0.0000000000
51553  -52.415  -13.822  34.238 0.0000000000
130568  -55.947  -11.468  28.950 0.0000000000
52409  -57.392  -12.285  29.021 0.0000000000
53359  -57.280  -11.535  28.187 0.0000000000
51594  -57.421  -12.708  27.526 0.0000000000
53369  -56.889  -11.061  27.804 0.0000000000
57863  -54.484  -5.837  24.257 0.0000000000
57852  -54.367  -5.644  25.214 0.0000000000
57862  -53.514  -6.466  23.761 0.0000000000
60418  -53.685  -3.720  20.806 0.0000000000
60410  -56.273  -3.664  22.201 0.0000000000
59599  -56.491  -4.045  23.144 0.0000000000
60402  -56.810  -3.999  22.701 0.0000000000
58774  -56.897  -5.193  21.740 0.0000000000
114909  -57.282  -4.916  21.341 0.0000000000
58806  -58.556  -5.664  18.527 0.0000000000
45916  -48.690  -19.354  37.916 0.0000000000
46870  -49.265  -18.575  37.316 0.0000000000
46859  -49.134  -17.917  38.773 0.0000000000
110848  -48.263  -15.202  38.066 0.0000000000
49621  -49.050  -15.543  38.673 0.0000000000
49637  -48.679  -14.849  37.484 0.0000000000
50549  -49.822  -14.332  36.946 0.0000000000
50561  -48.356  -14.626  35.316 0.0000000000
32922  -24.281  -32.841  45.641 0.0000000000
33803  -24.823  -31.706  46.686 0.0000000000
34758  -27.506  -30.625  45.870 0.0000000000
36723  -32.668  -29.071  44.532 0.0000000000
35768  -32.074  -30.401  44.394 0.0000000000
34781  -31.827  -30.728  44.190 0.0000000000
34782  -32.516  -30.639  43.853 0.0000000000
34819  -32.923  -31.170  41.963 0.0000000000
118084  -34.237  -30.929  42.890 0.0000000000
33881  -37.181  -32.376  41.752 0.0000000000
116484  -37.746  -32.775  40.511 0.0000000000
33883  -38.223  -32.625  41.410 0.0000000000
35813  -40.474  -30.734  41.274 0.0000000000
34850  -40.106  -31.623  41.718 0.0000000000
34802  -40.953  -31.851  42.275 0.0000000000
33886  -40.715  -32.460  41.588 0.0000000000
34826  -41.161  -32.124  42.093 0.0000000000
34852  -42.090  -31.421  41.028 0.0000000000
35797  -42.253  -30.614  41.559 0.0000000000
114648  -42.863  -27.143  42.752 0.0000000000
37832  -43.359  -28.372  41.748 0.0000000000
38849  -44.073  -27.677  41.623 0.0000000000
39801  -44.921  -26.244  41.482 0.0000000000
41551  -42.149  -24.578  40.976 0.0000000000
42399  -42.722  -23.233  40.923 0.0000000000
44125  -44.941  -21.502  42.418 0.0000000000
122224  -44.216  -22.854  42.538 0.0000000000
42372  -45.254  -22.842  42.486 0.0000000000
42387  -45.927  -23.846  41.384 0.0000000000
123372  -46.313  -23.123  41.300 0.0000000000
43265  -46.790  -21.859  40.890 0.0000000000
45896  -48.016  -19.558  40.017 0.0000000000
45037  -47.951  -20.555  39.328 0.0000000000
45038  -48.252  -20.078  39.094 0.0000000000
45915  -48.149  -19.719  37.612 0.0000000000
35718  -23.007  -30.924  47.705 0.0000000000
34735  -23.097  -31.183  48.020 0.0000000000
33800  -22.865  -32.394  48.059 0.0000000000
47851  -51.283  -17.482  35.571 0.0000000000
47866  -51.822  -17.591  34.782 0.0000000000
47899  -54.227  -17.749  32.999 0.0000000000
50635  -53.103  -14.989  30.767 0.0000000000
132141  -54.057  -14.661  32.565 0.0000000000
50621  -55.652  -14.648  31.648 0.0000000000
48837  -57.769  -16.453  29.067 0.0000000000
48826  -57.375  -16.583  29.878 0.0000000000
57840  -53.736  -6.639  26.440 0.0000000000
57838  -52.592  -6.594  26.168 0.0000000000
114256  -53.453  -7.615  26.586 0.0000000000
55238  -53.629  -8.217  26.912 0.0000000000
55239  -54.104  -8.790  26.802 0.0000000000
128200  -54.707  -10.019  26.287 0.0000000000
60428  -56.170  -3.561  20.095 0.0000000000
60422  -57.633  -4.360  20.288 0.0000000000
60441  -57.485  -4.025  18.879 0.0000000000
60455  -57.753  -3.967  18.080 0.0000000000
47798  -47.899  -18.086  39.898 0.0000000000
46844  -48.531  -17.800  39.454 0.0000000000
48740  -47.455  -16.846  39.482 0.0000000000
48747  -47.175  -16.385  38.884 0.0000000000
48768  -46.930  -15.961  37.281 0.0000000000
35726  -24.145  -30.922  46.948 0.0000000000
126988  -25.003  -31.095  46.749 0.0000000000
130750  -27.322  -29.831  45.979 0.0000000000
37814  -41.334  -29.483  42.192 0.0000000000
36748  -41.754  -29.874  42.298 0.0000000000
37831  -41.332  -28.643  42.167 0.0000000000
111071  -41.764  -27.312  42.435 0.0000000000
39786  -42.152  -26.446  42.663 0.0000000000
45025  -42.875  -20.995  39.064 0.0000000000
43264  -43.089  -22.433  41.085 0.0000000000
116067  -43.796  -20.631  40.607 0.0000000000
116391  -44.423  -20.401  41.655 0.0000000000
45007  -45.901  -20.510  42.250 0.0000000000
44135  -47.030  -20.842  41.233 0.0000000000
45888  -46.637  -19.740  41.505 0.0000000000
116264  -47.225  -19.019  40.579 0.0000000000
35735  -22.781  -30.859  45.713 0.0000000000
48770  -52.476  -15.847  36.288 0.0000000000
47867  -52.543  -17.311  34.732 0.0000000000
48781  -53.313  -16.152  35.269 0.0000000000
48791  -53.758  -16.303  34.725 0.0000000000
48800  -54.753  -16.499  33.751 0.0000000000
50654  -55.099  -14.139  29.813 0.0000000000
50637  -56.035  -14.413  31.016 0.0000000000
50656  -56.864  -13.767  29.780 0.0000000000
121722  -57.913  -14.554  29.028 0.0000000000
59584  -53.651  -4.682  24.412 0.0000000000
58746  -53.071  -5.011  24.904 0.0000000000
58737  -54.080  -5.272  25.645 0.0000000000
57013  -54.124  -6.167  26.029 0.0000000000
46868  -43.584  -18.568  37.439 0.0000000000
130845  -42.877  -19.466  37.975 0.0000000000
51564  -51.368  -13.896  32.960 0.0000000000
50678  -52.738  -14.867  28.874 0.0000000000
51582  -53.095  -13.682  28.418 0.0000000000
52415  -53.210  -12.619  28.381 0.0000000000
53354  -53.377  -11.550  28.294 0.0000000000
59610  -53.341  -4.202  22.266 0.0000000000
60390  -54.819  -4.188  23.820 0.0000000000
58748  -55.791  -4.773  23.316 0.0000000000
57874  -54.784  -5.766  22.987 0.0000000000
58792  -58.104  -5.194  19.870 0.0000000000
124687  -57.096  -6.198  19.262 0.0000000000
46902  -48.817  -18.445  35.564 0.0000000000
46887  -49.671  -18.153  36.539 0.0000000000
119119  -50.801  -17.165  36.922 0.0000000000
48750  -49.436  -16.228  38.745 0.0000000000
48759  -50.724  -15.970  37.866 0.0000000000
48760  -51.444  -15.984  37.306 0.0000000000
50551  -51.505  -14.744  36.649 0.0000000000
50564  -50.812  -14.177  35.802 0.0000000000
47837  -44.614  -17.541  36.505 0.0000000000
48767  -45.784  -16.572  36.369 0.0000000000
117393  -46.473  -15.334  34.458 0.0000000000
32920  -22.514  -33.208  45.969 0.0000000000
32935  -23.990  -32.954  44.794 0.0000000000
112370  -30.204  -31.236  41.850 0.0000000000
110462  -27.563  -29.160  44.694 0.0000000000
36710  -28.741  -29.234  45.731 0.0000000000
35753  -29.789  -30.008  45.357 0.0000000000
34794  -30.696  -31.142  42.912 0.0000000000
34868  -34.969  -31.772  39.871 0.0000000000
33914  -36.344  -32.357  39.673 0.0000000000
35795  -37.463  -31.407  41.890 0.0000000000
35811  -38.650  -31.348  40.786 0.0000000000
34824  -38.206  -32.167  41.806 0.0000000000
33884  -39.322  -32.283  41.554 0.0000000000
33919  -40.471  -32.511  40.708 0.0000000000
36763  -42.643  -29.641  41.659 0.0000000000
40707  -41.892  -25.327  40.661 0.0000000000
40699  -41.967  -25.188  41.904 0.0000000000
41529  -42.895  -25.020  42.829 0.0000000000
43252  -43.301  -22.866  42.006 0.0000000000
41517  -43.339  -24.145  42.747 0.0000000000
40690  -44.151  -24.951  42.681 0.0000000000
40701  -45.226  -25.281  41.623 0.0000000000
117795  -45.786  -25.237  40.447 0.0000000000
43286  -45.907  -22.139  38.426 0.0000000000
44158  -47.129  -21.366  40.251 0.0000000000
44169  -46.892  -21.490  38.790 0.0000000000
44181  -46.153  -21.508  37.808 0.0000000000
45062  -46.680  -20.308  36.788 0.0000000000
32895  -22.553  -32.894  47.848 0.0000000000
120913  -53.652  -14.567  33.319 0.0000000000
49670  -54.825  -15.085  33.076 0.0000000000
47900  -55.305  -17.443  32.544 0.0000000000
49681  -56.413  -15.514  31.363 0.0000000000
47915  -56.153  -17.497  31.339 0.0000000000
46968  -55.568  -18.563  30.376 0.0000000000
53366  -51.918  -11.080  27.419 0.0000000000
54314  -54.349  -10.014  27.980 0.0000000000
57851  -51.908  -6.186  25.420 0.0000000000
57011  -51.495  -7.120  25.278 0.0000000000
128488  -51.708  -9.142  25.995 0.0000000000
54334  -52.996  -9.234  27.043 0.0000000000
54315  -55.045  -9.691  27.853 0.0000000000
53381  -55.977  -10.922  26.970 0.0000000000
32919  -21.384  -33.166  45.640 0.0000000000
46857  -45.434  -18.047  39.356 0.0000000000
47817  -45.929  -17.457  38.875 0.0000000000
115310  -41.109  -27.389  40.127 0.0000000000
46855  -43.798  -18.809  38.302 0.0000000000
46842  -45.780  -18.341  40.262 0.0000000000
51552  -51.624  -13.726  34.254 0.0000000000
52418  -56.947  -11.439  28.735 0.0000000000
53357  -56.160  -10.616  28.464 0.0000000000
53358  -56.606  -10.775  28.200 0.0000000000
54301  -56.079  -10.281  28.141 0.0000000000
117070  -53.836  -6.126  23.102 0.0000000000
60420  -56.252  -3.594  21.129 0.0000000000
59611  -57.001  -4.412  21.885 0.0000000000
60412  -57.208  -4.334  21.088 0.0000000000
45909  -48.552  -19.480  38.734 0.0000000000
46858  -49.073  -18.772  38.324 0.0000000000
49645  -48.449  -14.787  36.509 0.0000000000
49644  -47.582  -15.155  35.906 0.0000000000
33802  -24.187  -31.884  47.058 0.0000000000
34737  -24.604  -31.373  46.878 0.0000000000
35740  -27.409  -30.055  46.053 0.0000000000
35756  -32.383  -29.715  44.522 0.0000000000
34783  -33.635  -30.523  43.295 0.0000000000
116500  -36.732  -31.554  42.602 0.0000000000
33865  -36.903  -32.067  42.228 0.0000000000
33866  -37.299  -32.319  41.943 0.0000000000
33882  -37.659  -32.510  41.551 0.0000000000
33867  -37.623  -32.340  41.877 0.0000000000
35796  -40.773  -31.431  42.206 0.0000000000
34803  -41.257  -31.428  42.305 0.0000000000
34827  -41.625  -31.576  41.857 0.0000000000
35785  -41.704  -30.781  42.149 0.0000000000
38840  -43.607  -27.027  42.391 0.0000000000
39800  -44.361  -26.908  41.782 0.0000000000
39789  -44.095  -26.350  42.369 0.0000000000
42413  -42.329  -23.203  39.805 0.0000000000
44126  -45.729  -21.342  42.271 0.0000000000
43240  -45.108  -22.168  42.524 0.0000000000
43241  -45.882  -22.233  42.172 0.0000000000
126390  -45.911  -22.991  41.855 0.0000000000
43254  -46.457  -22.329  41.492 0.0000000000
124466  -46.557  -22.758  40.940 0.0000000000
45901  -48.306  -19.543  39.436 0.0000000000
35719  -23.672  -31.005  47.462 0.0000000000
33801  -23.478  -32.113  47.564 0.0000000000
46938  -54.420  -17.947  32.148 0.0000000000
46937  -53.919  -17.865  32.294 0.0000000000
46950  -53.967  -18.026  31.599 0.0000000000
46951  -54.633  -18.221  31.440 0.0000000000
115244  -54.091  -14.795  30.649 0.0000000000
50620  -54.793  -14.629  31.869 0.0000000000
50636  -55.243  -14.432  30.774 0.0000000000
58759  -51.374  -5.249  22.660 0.0000000000
56196  -53.481  -8.102  26.317 0.0000000000
57003  -53.556  -7.243  26.486 0.0000000000
56181  -53.451  -8.149  26.787 0.0000000000
132537  -47.496  -17.562  39.836 0.0000000000
47827  -46.452  -16.904  38.359 0.0000000000
48757  -46.865  -16.307  38.032 0.0000000000
113931  -24.173  -30.717  46.364 0.0000000000
36708  -26.604  -29.742  45.874 0.0000000000
37866  -40.580  -28.656  39.472 0.0000000000
36776  -40.683  -29.900  40.785 0.0000000000
37830  -40.977  -29.234  41.598 0.0000000000
38847  -41.087  -28.209  41.387 0.0000000000
44156  -43.218  -21.126  39.822 0.0000000000
121638  -43.437  -20.456  39.566 0.0000000000
45886  -45.019  -19.693  41.692 0.0000000000
45019  -44.359  -19.879  40.997 0.0000000000
45012  -44.919  -20.405  42.142 0.0000000000
45013  -45.565  -20.046  42.195 0.0000000000
45014  -46.291  -20.063  42.018 0.0000000000
45887  -45.949  -19.432  41.712 0.0000000000
46829  -46.596  -18.389  40.452 0.0000000000
46830  -47.757  -18.909  40.168 0.0000000000
35725  -23.470  -30.840  46.727 0.0000000000
49639  -52.082  -15.322  36.524 0.0000000000
49646  -52.594  -15.269  35.911 0.0000000000
50580  -53.409  -14.683  34.482 0.0000000000
49654  -53.597  -15.441  34.870 0.0000000000
129549  -54.106  -15.801  34.477 0.0000000000
48792  -54.253  -16.454  34.255 0.0000000000
49661  -54.534  -15.772  34.053 0.0000000000
51584  -55.000  -13.423  29.268 0.0000000000
117232  -55.751  -13.505  29.604 0.0000000000
51572  -56.448  -13.226  29.526 0.0000000000
51574  -57.885  -12.877  28.929 0.0000000000
50657  -57.668  -13.688  29.250 0.0000000000
50680  -58.082  -13.721  28.540 0.0000000000
124459  -58.040  -14.659  28.478 0.0000000000
128904  -57.623  -14.688  27.766 0.0000000000
59577  -54.330  -4.924  25.095 0.0000000000
59576  -53.855  -4.964  25.412 0.0000000000
58738  -54.434  -5.152  25.085 0.0000000000
57012  -53.567  -7.003  25.386 0.0000000000
45914  -43.097  -19.059  37.814 0.0000000000
50679  -53.436  -14.435  28.895 0.0000000000
52427  -51.741  -12.515  27.768 0.0000000000
52428  -52.536  -12.108  28.053 0.0000000000
113561  -52.087  -11.588  27.784 0.0000000000
60408  -54.025  -3.764  21.646 0.0000000000
60417  -53.108  -3.996  21.178 0.0000000000
59609  -52.560  -4.377  21.524 0.0000000000
59598  -54.029  -4.290  23.542 0.0000000000
58749  -56.438  -4.340  23.089 0.0000000000
59587  -55.770  -4.327  23.446 0.0000000000
58760  -55.511  -5.268  23.180 0.0000000000
57875  -55.568  -5.697  22.371 0.0000000000
58783  -57.118  -5.557  20.901 0.0000000000
60430  -58.099  -4.357  19.481 0.0000000000
120039  -57.976  -4.935  20.167 0.0000000000
59625  -58.061  -4.671  19.791 0.0000000000
58805  -57.778  -6.087  18.735 0.0000000000
57927  -58.008  -5.804  19.423 0.0000000000
45940  -48.278  -18.828  36.181 0.0000000000
46901  -47.937  -18.505  35.280 0.0000000000
46871  -49.606  -17.914  37.952 0.0000000000
46904  -50.443  -17.659  36.188 0.0000000000
47828  -50.316  -17.008  37.731 0.0000000000
48742  -48.462  -16.719  39.372 0.0000000000
47809  -49.060  -16.910  39.170 0.0000000000
118458  -48.864  -16.198  39.116 0.0000000000
49629  -49.663  -14.930  38.102 0.0000000000
49622  -49.931  -15.585  38.361 0.0000000000
49631  -51.080  -15.398  37.504 0.0000000000
49638  -51.577  -15.340  37.049 0.0000000000
50540  -50.954  -14.744  37.286 0.0000000000
50562  -49.184  -14.406  36.188 0.0000000000
50563  -50.044  -14.239  36.015 0.0000000000
32921  -23.479  -33.090  45.622 0.0000000000
33823  -24.787  -32.411  46.124 0.0000000000
34746  -25.525  -31.284  46.598 0.0000000000
34747  -26.291  -31.102  46.454 0.0000000000
34792  -28.910  -31.361  42.468 0.0000000000
116721  -29.375  -31.251  41.952 0.0000000000
114615  -28.372  -28.979  45.465 0.0000000000
131900  -30.126  -30.375  45.016 0.0000000000
34770  -30.402  -30.674  44.609 0.0000000000
118506  -31.773  -31.016  43.285 0.0000000000
34780  -31.084  -30.891  43.983 0.0000000000
111937  -31.224  -31.144  42.159 0.0000000000
34818  -31.775  -31.087  41.338 0.0000000000
115208  -34.024  -31.197  42.223 0.0000000000
34820  -33.720  -31.320  41.267 0.0000000000
34847  -34.403  -31.563  40.630 0.0000000000
33880  -36.471  -32.097  41.942 0.0000000000
33879  -35.731  -31.870  41.824 0.0000000000
33901  -36.074  -32.148  41.092 0.0000000000
113955  -35.742  -32.153  40.126 0.0000000000
132715  -36.385  -32.352  40.477 0.0000000000
117135  -37.027  -32.557  40.413 0.0000000000
119388  -38.295  -32.882  40.749 0.0000000000
33916  -37.986  -32.827  39.875 0.0000000000
113674  -39.032  -32.641  39.474 0.0000000000
33918  -39.572  -32.704  40.266 0.0000000000
34848  -38.202  -31.918  41.934 0.0000000000
33920  -41.208  -32.390  41.062 0.0000000000
33935  -40.926  -32.275  40.090 0.0000000000
34871  -42.751  -30.743  40.071 0.0000000000
36749  -42.273  -29.295  42.103 0.0000000000
40718  -41.900  -25.620  39.559 0.0000000000
41552  -42.450  -23.967  41.226 0.0000000000
41538  -42.349  -24.434  42.014 0.0000000000
40700  -42.441  -24.904  42.546 0.0000000000
120849  -43.626  -22.042  41.691 0.0000000000
43253  -43.874  -22.350  42.276 0.0000000000
42371  -44.175  -23.321  42.611 0.0000000000
42370  -43.824  -23.473  42.606 0.0000000000
42354  -43.793  -23.890  42.728 0.0000000000
41518  -43.445  -24.494  42.803 0.0000000000
40681  -43.873  -24.337  42.777 0.0000000000
41553  -45.817  -24.822  41.086 0.0000000000
43275  -46.615  -22.287  40.230 0.0000000000
44145  -47.184  -21.102  40.768 0.0000000000
45027  -47.671  -20.688  40.119 0.0000000000
44170  -47.697  -20.841  38.746 0.0000000000
118736  -47.556  -21.104  39.496 0.0000000000
44182  -47.137  -21.011  37.987 0.0000000000
44192  -46.410  -20.935  37.210 0.0000000000
132154  -47.132  -20.518  37.472 0.0000000000
45926  -47.840  -19.381  36.731 0.0000000000
32896  -23.177  -32.776  47.431 0.0000000000
32906  -22.617  -33.105  47.009 0.0000000000
117614  -52.265  -17.610  33.933 0.0000000000
47882  -52.956  -17.599  33.369 0.0000000000
50604  -52.186  -14.205  32.730 0.0000000000
128340  -52.854  -14.052  33.520 0.0000000000
50607  -55.226  -14.860  32.401 0.0000000000
50606  -54.488  -14.822  32.779 0.0000000000
49671  -55.464  -15.517  32.755 0.0000000000
48801  -55.286  -16.524  33.169 0.0000000000
48810  -55.776  -16.501  32.516 0.0000000000
50638  -56.477  -14.364  30.459 0.0000000000
50622  -56.180  -14.722  31.249 0.0000000000
49693  -56.812  -14.919  30.583 0.0000000000
48819  -56.738  -16.738  30.798 0.0000000000
47924  -56.566  -17.819  30.495 0.0000000000
46953  -55.868  -18.172  30.885 0.0000000000
46969  -56.259  -18.463  30.045 0.0000000000
53367  -52.655  -10.816  27.735 0.0000000000
54333  -52.354  -10.278  27.210 0.0000000000
58736  -53.561  -5.334  25.794 0.0000000000
58735  -52.462  -5.575  25.138 0.0000000000
57001  -52.761  -7.276  26.403 0.0000000000
57006  -51.925  -7.406  25.952 0.0000000000
56193  -51.237  -8.041  25.308 0.0000000000
55255  -51.170  -8.967  25.395 0.0000000000
112989  -54.023  -8.599  27.018 0.0000000000
55219  -53.952  -8.957  27.198 0.0000000000
111478  -54.355  -9.459  27.564 0.0000000000
55221  -55.127  -9.714  27.507 0.0000000000
54335  -55.749  -10.241  27.416 0.0000000000
128685  -55.199  -9.877  26.938 0.0000000000
47797  -46.966  -17.524  39.949 0.0000000000
47826  -45.731  -17.411  37.788 0.0000000000
112912  -40.939  -28.051  40.210 0.0000000000
38859  -41.112  -27.513  40.844 0.0000000000
39808  -41.366  -26.761  40.798 0.0000000000
45900  -43.603  -19.840  39.236 0.0000000000
45892  -44.775  -19.267  40.613 0.0000000000
46827  -45.408  -18.794  40.667 0.0000000000
50565  -51.544  -14.341  35.871 0.0000000000
50566  -52.368  -14.544  35.525 0.0000000000
50578  -52.025  -13.966  34.949 0.0000000000
50579  -52.764  -14.285  34.753 0.0000000000
128395  -53.141  -14.099  34.046 0.0000000000
52417  -54.974  -12.398  29.001 0.0000000000
52408  -56.723  -12.249  29.230 0.0000000000
52430  -57.838  -12.336  28.094 0.0000000000
52429  -57.386  -11.802  27.806 0.0000000000
52444  -56.893  -11.803  27.384 0.0000000000
53382  -56.495  -11.228  27.310 0.0000000000
122506  -54.746  -5.308  24.672 0.0000000000
123923  -53.965  -6.251  24.925 0.0000000000
60419  -54.529  -3.534  20.988 0.0000000000
60409  -55.110  -3.552  21.964 0.0000000000
60400  -55.741  -3.691  22.802 0.0000000000
60401  -56.441  -3.881  23.043 0.0000000000
58762  -56.706  -4.668  22.543 0.0000000000
58773  -56.285  -5.495  22.031 0.0000000000
58775  -56.902  -4.646  22.163 0.0000000000
118562  -58.434  -5.080  19.254 0.0000000000
59634  -58.731  -4.889  18.563 0.0000000000
58820  -56.529  -5.989  17.298 0.0000000000
49620  -48.334  -15.532  38.670 0.0000000000
49628  -48.910  -15.061  38.144 0.0000000000
50538  -49.473  -14.635  37.618 0.0000000000
50539  -50.176  -14.548  37.471 0.0000000000
50548  -49.145  -14.528  37.013 0.0000000000
33811  -23.868  -32.549  47.035 0.0000000000
32908  -24.120  -32.812  46.369 0.0000000000
33812  -24.522  -32.220  46.653 0.0000000000
33813  -25.256  -31.882  46.481 0.0000000000
34779  -29.572  -31.091  44.340 0.0000000000
34771  -31.349  -30.520  44.586 0.0000000000
34796  -32.757  -30.888  42.944 0.0000000000
34797  -33.528  -30.948  42.685 0.0000000000
33902  -37.507  -32.614  41.154 0.0000000000
33903  -37.948  -32.760  41.122 0.0000000000
113263  -40.055  -30.859  40.587 0.0000000000
35812  -39.489  -31.290  40.722 0.0000000000
34825  -40.388  -32.120  42.016 0.0000000000
33885  -40.387  -32.341  41.792 0.0000000000
34851  -41.442  -32.124  41.550 0.0000000000
38838  -42.410  -27.892  42.592 0.0000000000
37817  -42.610  -28.492  42.232 0.0000000000
38839  -43.096  -27.741  42.335 0.0000000000
118023  -45.051  -27.260  40.979 0.0000000000
42412  -42.128  -23.947  39.310 0.0000000000
41567  -42.025  -24.683  39.904 0.0000000000
42398  -42.256  -23.917  40.312 0.0000000000
42385  -42.787  -23.719  42.045 0.0000000000
44124  -44.487  -21.644  42.342 0.0000000000
43238  -44.213  -22.294  42.428 0.0000000000
43239  -44.512  -22.223  42.502 0.0000000000
112519  -44.579  -22.792  42.595 0.0000000000
117018  -44.630  -23.340  42.610 0.0000000000
42386  -45.325  -23.576  42.217 0.0000000000
42400  -46.294  -23.583  40.851 0.0000000000
45021  -47.758  -20.063  40.373 0.0000000000
45028  -48.059  -20.122  39.758 0.0000000000
112908  -48.035  -20.394  38.747 0.0000000000
45049  -48.253  -19.935  38.389 0.0000000000
35717  -22.213  -30.956  47.728 0.0000000000
34734  -22.612  -31.154  48.328 0.0000000000
47883  -53.650  -17.497  33.579 0.0000000000
116760  -53.478  -17.717  32.782 0.0000000000
50619  -53.743  -14.640  31.765 0.0000000000
49680  -55.884  -15.007  32.030 0.0000000000
57844  -53.449  -6.281  26.508 0.0000000000
57839  -53.358  -6.704  26.539 0.0000000000
57002  -53.459  -7.135  26.558 0.0000000000
56180  -53.086  -7.813  26.578 0.0000000000
55240  -54.731  -9.393  26.894 0.0000000000
60421  -57.003  -3.939  20.775 0.0000000000
60429  -57.234  -3.934  19.828 0.0000000000
60442  -58.566  -4.261  18.723 0.0000000000
46831  -48.232  -18.831  39.719 0.0000000000
47808  -47.956  -17.228  39.644 0.0000000000
48741  -48.007  -16.479  39.411 0.0000000000
48748  -47.845  -16.020  39.141 0.0000000000
48758  -47.604  -15.706  38.306 0.0000000000
49635  -46.922  -15.709  36.344 0.0000000000
35720  -24.346  -31.086  47.050 0.0000000000
35728  -25.558  -30.714  46.600 0.0000000000
126898  -26.779  -30.147  46.354 0.0000000000
35741  -28.208  -29.836  45.792 0.0000000000
35782  -37.099  -31.488  42.406 0.0000000000
35837  -40.273  -30.341  40.224 0.0000000000
36762  -40.969  -30.305  42.034 0.0000000000
36747  -41.371  -30.137  42.320 0.0000000000
35784  -41.372  -30.694  42.363 0.0000000000
37815  -41.598  -29.152  42.320 0.0000000000
38837  -41.775  -28.121  42.527 0.0000000000
38848  -41.410  -27.921  42.197 0.0000000000
119671  -42.295  -27.250  42.700 0.0000000000
39787  -42.720  -26.522  42.804 0.0000000000
44155  -42.755  -21.848  39.428 0.0000000000
43273  -42.742  -22.493  40.166 0.0000000000
44143  -43.277  -21.668  40.611 0.0000000000
45011  -43.954  -21.223  41.550 0.0000000000
44133  -44.480  -21.045  42.087 0.0000000000
45005  -44.802  -21.033  42.250 0.0000000000
45006  -45.298  -20.738  42.279 0.0000000000
44134  -46.508  -20.865  41.848 0.0000000000
45015  -46.895  -20.285  41.428 0.0000000000
45895  -47.233  -19.774  40.939 0.0000000000
45894  -46.608  -19.203  41.086 0.0000000000
130597  -47.638  -19.517  40.419 0.0000000000
35724  -22.446  -30.911  46.727 0.0000000000
48769  -51.999  -16.076  36.685 0.0000000000
111593  -52.178  -17.184  35.481 0.0000000000
48779  -52.417  -16.465  36.036 0.0000000000
47852  -52.752  -16.669  35.351 0.0000000000
47868  -53.185  -16.870  34.761 0.0000000000
49647  -53.104  -15.542  35.459 0.0000000000
47869  -53.744  -17.058  34.273 0.0000000000
47884  -54.271  -17.181  33.756 0.0000000000
128490  -54.753  -17.737  32.601 0.0000000000
50655  -56.111  -13.980  30.258 0.0000000000
50639  -57.241  -14.424  29.807 0.0000000000
51573  -57.266  -12.978  29.345 0.0000000000
49708  -57.933  -15.430  28.768 0.0000000000
59583  -52.680  -4.851  23.827 0.0000000000
57846  -54.190  -5.673  25.657 0.0000000000
57845  -53.920  -6.030  26.172 0.0000000000
130877  -53.979  -6.528  26.284 0.0000000000
116357  -53.819  -6.885  26.377 0.0000000000
46869  -44.340  -18.265  37.875 0.0000000000
43285  -42.243  -22.376  38.696 0.0000000000
122324  -42.586  -20.779  38.288 0.0000000000
45906  -42.702  -19.970  38.099 0.0000000000
45907  -43.309  -19.481  38.508 0.0000000000
50603  -50.460  -13.909  32.568 0.0000000000
110525  -51.255  -14.129  32.187 0.0000000000
131510  -51.893  -14.513  31.808 0.0000000000
49692  -53.260  -15.219  29.950 0.0000000000
51571  -54.325  -14.157  29.264 0.0000000000
51583  -54.004  -13.351  28.804 0.0000000000
52416  -54.119  -11.992  28.646 0.0000000000
111090  -54.986  -11.334  28.777 0.0000000000
53355  -54.406  -10.797  28.404 0.0000000000
115172  -52.374  -4.616  22.197 0.0000000000
59597  -52.959  -4.529  23.181 0.0000000000
59585  -54.562  -4.570  24.384 0.0000000000
60391  -55.780  -4.000  23.511 0.0000000000
59586  -55.150  -4.528  24.005 0.0000000000
58739  -55.038  -4.795  24.220 0.0000000000
58747  -55.114  -5.241  23.922 0.0000000000
57885  -55.730  -6.165  21.443 0.0000000000
59618  -57.563  -4.705  20.654 0.0000000000
58784  -57.694  -5.210  20.435 0.0000000000
57901  -57.350  -5.757  20.307 0.0000000000
57912  -57.741  -5.635  19.991 0.0000000000
46886  -49.064  -18.583  36.407 0.0000000000
46903  -49.624  -18.129  35.803 0.0000000000
47839  -51.215  -17.211  36.347 0.0000000000
47840  -51.441  -16.627  36.804 0.0000000000
47819  -49.641  -17.062  38.517 0.0000000000
48751  -50.081  -16.354  38.320 0.0000000000
47829  -51.026  -16.528  37.360 0.0000000000
50550  -50.721  -14.351  36.686 0.0000000000
51551  -50.634  -13.870  34.163 0.0000000000
47825  -44.907  -17.767  37.371 0.0000000000
47838  -45.396  -17.177  36.878 0.0000000000
48766  -44.995  -16.863  36.079 0.0000000000
129304  -46.412  -16.224  36.600 0.0000000000
48778  -46.185  -16.016  35.883 0.0000000000
49653  -47.346  -14.967  34.845 0.0000000000
50590  -50.018  -13.814  33.301 0.0000000000
117452  -22.667  -33.170  45.181 0.0000000000
32934  -23.096  -33.110  44.631 0.0000000000
116679  -27.504  -29.402  45.545 0.0000000000
36709  -27.994  -29.478  45.842 0.0000000000
35742  -29.039  -29.823  45.703 0.0000000000
119522  -30.132  -31.048  43.634 0.0000000000
34798  -34.808  -31.327  42.758 0.0000000000
33900  -35.295  -31.856  40.897 0.0000000000
35794  -36.897  -30.712  42.258 0.0000000000
34823  -37.638  -31.980  42.183 0.0000000000
33904  -38.968  -32.826  41.007 0.0000000000
33905  -39.922  -32.531  41.240 0.0000000000
33934  -40.325  -32.323  39.647 0.0000000000
132370  -42.072  -30.051  42.004 0.0000000000
35798  -43.048  -29.863  40.969 0.0000000000
36750  -42.843  -28.976  41.826 0.0000000000
36764  -43.505  -29.068  41.235 0.0000000000
39819  -41.653  -26.377  39.868 0.0000000000
115074  -41.722  -26.011  40.441 0.0000000000
121967  -41.722  -25.960  41.351 0.0000000000
123631  -41.918  -25.943  42.189 0.0000000000
40688  -42.309  -25.560  42.618 0.0000000000
125985  -42.625  -25.884  42.777 0.0000000000
112468  -43.093  -25.803  42.869 0.0000000000
43237  -43.842  -22.915  42.449 0.0000000000
42369  -43.325  -23.608  42.552 0.0000000000
40689  -43.462  -25.070  42.839 0.0000000000
112478  -43.741  -25.729  42.735 0.0000000000
39790  -44.507  -25.589  42.256 0.0000000000
40708  -45.563  -25.703  40.857 0.0000000000
41539  -45.349  -24.414  41.868 0.0000000000
44144  -46.781  -21.452  41.329 0.0000000000
44157  -46.897  -21.631  39.691 0.0000000000
45063  -47.441  -19.946  37.224 0.0000000000
45925  -46.995  -19.616  36.393 0.0000000000
50591  -52.052  -13.752  33.655 0.0000000000
50592  -53.670  -14.635  33.873 0.0000000000
50593  -54.162  -14.924  33.424 0.0000000000
133356  -54.497  -15.272  33.612 0.0000000000
49662  -54.936  -15.706  33.457 0.0000000000
48811  -56.192  -16.517  31.756 0.0000000000
47901  -55.818  -17.249  32.038 0.0000000000
47914  -55.524  -17.887  31.710 0.0000000000
46952  -55.231  -18.277  31.209 0.0000000000
130039  -52.798  -11.343  27.985 0.0000000000
53368  -53.494  -10.700  28.042 0.0000000000
54299  -55.080  -10.076  28.213 0.0000000000
58745  -51.938  -5.318  23.821 0.0000000000
57860  -51.415  -6.022  24.276 0.0000000000
57850  -50.950  -6.771  24.463 0.0000000000
113944  -51.844  -9.801  26.442 0.0000000000
55237  -52.592  -8.793  26.456 0.0000000000
54313  -53.465  -9.856  27.604 0.0000000000
54300  -55.614  -10.116  28.167 0.0000000000
54316  -55.687  -9.996  27.955 0.0000000000
54336  -56.347  -10.717  27.536 0.0000000000
115955  -55.326  -10.508  26.662 0.0000000000
116053  -55.324  -11.341  26.479 0.0000000000
52442  -55.156  -12.265  26.350 0.0000000000
34760  -29.239  -30.477  45.441 0.0000000000
37792  -32.198  -28.788  44.506 0.0000000000
40691  -44.800  -24.877  42.252 0.0000000000
47885  -54.808  -17.300  33.222 0.0000000000
47925  -57.100  -17.387  30.026 0.0000000000
48780  -52.862  -15.991  35.812 0.0000000000
49727  -57.889  -15.246  28.326 0.0000000000
50653  -53.207  -15.003  29.402 0.0000000000
51585  -58.044  -12.859  28.441 0.0000000000
52419  -57.607  -12.229  28.586 0.0000000000
53380  -51.461  -10.838  26.815 0.0000000000
54317  -56.294  -10.410  27.927 0.0000000000
59600  -56.768  -4.239  22.750 0.0000000000
123759  -44.152  -23.729  42.683 0.0000000000
133177  -52.652  -13.824  33.914 0.0000000000
