#!ascii label  , from subject sub-v2s18x29495_ses-1 vox2ras=TkReg
1407
119092  -41.242  1.497  32.930 0.0000000000
117721  -48.210  1.120  17.981 0.0000000000
87052  -47.806  6.198  38.864 0.0000000000
82216  -48.474  0.524  27.143 0.0000000000
78631  -50.552  -3.499  35.654 0.0000000000
86415  -46.037  5.555  26.236 0.0000000000
90725  -54.763  11.236  28.998 0.0000000000
91352  -45.758  13.070  35.076 0.0000000000
77730  -43.245  -3.510  40.954 0.0000000000
82169  -44.097  -0.015  30.021 0.0000000000
133054  -45.094  1.123  25.427 0.0000000000
85645  -42.980  4.772  30.139 0.0000000000
133977  -51.862  8.821  42.511 0.0000000000
87842  -52.661  7.381  34.613 0.0000000000
88562  -52.303  8.707  37.446 0.0000000000
90688  -49.487  11.609  32.471 0.0000000000
141008  -49.761  14.145  38.214 0.0000000000
83265  -44.898  2.506  17.432 0.0000000000
83961  -40.757  2.068  37.963 0.0000000000
84821  -44.455  3.584  35.961 0.0000000000
131332  -54.304  1.910  30.296 0.0000000000
81251  -48.913  -0.739  32.102 0.0000000000
78664  -44.359  -3.285  32.579 0.0000000000
76927  -44.556  -5.603  36.563 0.0000000000
84134  -46.139  2.943  19.686 0.0000000000
87213  -47.039  7.116  19.997 0.0000000000
87867  -47.111  7.908  32.302 0.0000000000
89353  -50.366  9.384  27.532 0.0000000000
89383  -49.860  9.325  22.784 0.0000000000
90745  -47.766  11.553  26.448 0.0000000000
92085  -44.243  13.511  28.795 0.0000000000
82153  -42.445  0.592  31.210 0.0000000000
84008  -42.581  2.307  29.434 0.0000000000
131403  -41.662  3.602  31.991 0.0000000000
91287  -52.598  12.524  42.545 0.0000000000
132257  -53.338  7.774  39.867 0.0000000000
90623  -52.475  11.616  40.101 0.0000000000
123354  -49.651  10.735  38.326 0.0000000000
82318  -46.554  1.483  17.477 0.0000000000
84794  -39.828  3.359  39.473 0.0000000000
130888  -42.021  3.314  39.485 0.0000000000
79477  -49.405  -2.405  33.537 0.0000000000
79508  -46.875  -1.945  31.830 0.0000000000
78651  -47.418  -3.664  33.357 0.0000000000
76908  -43.986  -5.130  38.322 0.0000000000
78628  -38.625  -3.726  35.637 0.0000000000
81217  -37.960  -1.142  35.762 0.0000000000
79448  -36.624  -2.459  36.690 0.0000000000
82260  -49.268  0.833  24.722 0.0000000000
85679  -44.616  3.730  25.665 0.0000000000
83210  -45.894  1.690  22.541 0.0000000000
84931  -45.444  3.792  22.822 0.0000000000
85714  -45.950  4.610  19.482 0.0000000000
86438  -46.629  5.757  23.504 0.0000000000
85603  -46.466  4.557  36.864 0.0000000000
87091  -45.118  6.143  34.168 0.0000000000
87079  -48.027  6.303  35.307 0.0000000000
88620  -55.348  9.082  31.900 0.0000000000
89305  -51.935  9.208  30.918 0.0000000000
89345  -53.324  10.019  28.410 0.0000000000
88673  -51.321  8.857  24.266 0.0000000000
90757  -52.845  11.066  25.477 0.0000000000
89369  -48.772  9.907  24.651 0.0000000000
91446  -50.886  12.502  27.313 0.0000000000
91385  -47.097  12.309  34.080 0.0000000000
91417  -47.406  13.270  30.804 0.0000000000
117911  -45.972  12.732  31.916 0.0000000000
91413  -42.998  13.004  30.403 0.0000000000
91382  -44.093  12.507  33.536 0.0000000000
82185  -46.479  -0.271  28.851 0.0000000000
82230  -46.498  0.226  26.284 0.0000000000
82213  -44.447  0.585  27.374 0.0000000000
84883  -43.641  2.851  27.601 0.0000000000
86406  -44.847  4.957  27.854 0.0000000000
87020  -50.046  6.481  42.172 0.0000000000
117419  -50.335  6.640  37.187 0.0000000000
116851  -53.223  6.485  38.504 0.0000000000
88565  -55.161  7.636  36.359 0.0000000000
89986  -54.448  10.118  33.168 0.0000000000
90702  -51.663  11.148  31.393 0.0000000000
89279  -51.094  9.721  34.930 0.0000000000
89952  -48.425  10.810  36.356 0.0000000000
131348  -47.541  13.914  37.352 0.0000000000
131134  -43.839  4.097  18.999 0.0000000000
83076  -41.397  1.349  35.910 0.0000000000
84828  -41.754  3.194  34.158 0.0000000000
83967  -42.531  2.274  36.904 0.0000000000
84799  -44.432  3.679  38.771 0.0000000000
86311  -46.007  5.067  40.976 0.0000000000
88544  -45.372  8.549  39.912 0.0000000000
88522  -47.763  7.191  41.941 0.0000000000
83143  -50.850  1.601  28.614 0.0000000000
82174  -51.144  1.222  31.125 0.0000000000
82187  -48.835  0.597  29.466 0.0000000000
81282  -46.564  -0.650  30.458 0.0000000000
121083  -43.859  -1.308  31.552 0.0000000000
77758  -49.962  -4.181  38.087 0.0000000000
78583  -45.779  -2.724  40.771 0.0000000000
77756  -47.429  -4.476  38.275 0.0000000000
77772  -47.850  -4.818  35.804 0.0000000000
76954  -44.664  -5.070  33.911 0.0000000000
140958  -40.853  -0.427  34.098 0.0000000000
84154  -50.626  2.960  17.996 0.0000000000
82268  -47.230  0.605  23.480 0.0000000000
83241  -48.813  1.832  20.385 0.0000000000
84965  -48.504  3.156  17.179 0.0000000000
141304  -46.376  4.075  16.737 0.0000000000
86475  -45.332  5.180  17.338 0.0000000000
87991  -45.484  7.625  18.508 0.0000000000
86359  -42.835  5.185  33.139 0.0000000000
87122  -44.651  6.661  31.494 0.0000000000
87150  -46.281  6.981  28.884 0.0000000000
122456  -49.992  7.758  33.361 0.0000000000
88629  -48.488  8.748  30.554 0.0000000000
87921  -47.895  7.221  26.445 0.0000000000
87955  -49.100  7.353  23.111 0.0000000000
87977  -48.945  8.238  20.787 0.0000000000
88705  -46.140  8.553  20.529 0.0000000000
91426  -48.487  12.974  28.733 0.0000000000
91442  -46.174  12.662  27.793 0.0000000000
89339  -43.966  9.370  29.026 0.0000000000
90014  -42.027  10.490  29.907 0.0000000000
90710  -39.931  12.018  29.705 0.0000000000
128915  -41.359  0.967  32.496 0.0000000000
83102  -41.567  1.902  31.210 0.0000000000
83988  -41.358  2.323  32.737 0.0000000000
90611  -53.105  11.510  41.012 0.0000000000
91318  -51.821  12.160  39.555 0.0000000000
82319  -47.391  1.206  17.685 0.0000000000
79466  -49.858  -2.805  34.261 0.0000000000
79476  -48.625  -2.776  33.244 0.0000000000
78638  -48.593  -3.828  34.313 0.0000000000
77771  -38.997  -4.783  36.599 0.0000000000
78621  -37.836  -3.303  36.021 0.0000000000
83166  -50.003  1.306  27.108 0.0000000000
122140  -48.754  0.673  25.962 0.0000000000
85680  -45.015  4.391  25.256 0.0000000000
85687  -45.086  4.272  24.423 0.0000000000
132328  -45.621  4.779  23.974 0.0000000000
86437  -46.084  5.197  23.523 0.0000000000
140413  -46.614  5.841  24.812 0.0000000000
86326  -47.300  5.733  38.155 0.0000000000
86336  -47.087  5.267  36.510 0.0000000000
86334  -48.408  6.137  36.877 0.0000000000
90016  -55.393  10.158  30.595 0.0000000000
133418  -54.796  9.739  29.973 0.0000000000
90031  -54.603  10.971  28.214 0.0000000000
90039  -53.742  10.982  26.688 0.0000000000
90740  -53.598  11.429  26.910 0.0000000000
90748  -51.394  11.970  25.789 0.0000000000
133111  -52.947  11.942  28.062 0.0000000000
91353  -46.422  12.690  35.408 0.0000000000
91384  -46.785  12.552  33.281 0.0000000000
126887  -46.077  12.700  33.678 0.0000000000
91383  -45.143  12.605  33.373 0.0000000000
92056  -45.074  13.365  34.827 0.0000000000
132430  -44.394  0.132  29.119 0.0000000000
82200  -45.264  0.073  27.581 0.0000000000
129186  -43.846  0.596  28.648 0.0000000000
84869  -42.461  3.123  29.600 0.0000000000
84017  -43.395  2.298  28.008 0.0000000000
85660  -43.530  4.049  28.682 0.0000000000
85661  -44.227  4.502  28.293 0.0000000000
85654  -44.022  4.820  29.056 0.0000000000
87021  -50.741  6.857  42.352 0.0000000000
87045  -51.346  6.728  40.436 0.0000000000
87805  -52.269  7.473  41.220 0.0000000000
88556  -52.644  8.717  38.581 0.0000000000
88551  -54.154  7.408  38.562 0.0000000000
88563  -53.744  8.338  37.102 0.0000000000
89271  -55.245  8.432  34.906 0.0000000000
89269  -52.979  9.124  35.386 0.0000000000
89976  -52.226  10.032  33.903 0.0000000000
89268  -51.798  9.335  35.607 0.0000000000
91322  -49.901  12.577  38.599 0.0000000000
128578  -48.914  10.421  36.851 0.0000000000
90624  -48.683  11.909  37.977 0.0000000000
139851  -47.673  11.857  36.735 0.0000000000
92617  -48.338  14.083  37.776 0.0000000000
84960  -44.126  3.559  18.301 0.0000000000
83075  -40.832  1.222  36.324 0.0000000000
83970  -41.780  1.832  35.624 0.0000000000
83962  -41.653  2.211  37.727 0.0000000000
85586  -43.033  3.958  40.307 0.0000000000
84798  -43.531  3.690  39.593 0.0000000000
132018  -43.779  4.210  40.507 0.0000000000
85593  -45.182  4.135  39.054 0.0000000000
86309  -44.921  5.053  41.185 0.0000000000
125015  -45.182  11.015  39.420 0.0000000000
88533  -46.659  7.578  41.147 0.0000000000
89231  -47.790  9.240  40.541 0.0000000000
88535  -48.416  8.784  41.217 0.0000000000
139298  -48.214  10.946  40.201 0.0000000000
138398  -52.032  2.238  28.429 0.0000000000
132846  -52.373  2.205  29.048 0.0000000000
82141  -50.863  0.248  32.071 0.0000000000
82156  -49.821  0.461  31.270 0.0000000000
82172  -49.772  0.819  30.613 0.0000000000
81284  -48.383  -0.035  30.776 0.0000000000
81283  -47.539  -0.379  30.578 0.0000000000
81268  -47.822  -0.653  31.228 0.0000000000
79491  -45.625  -2.713  32.159 0.0000000000
80383  -45.596  -1.576  31.324 0.0000000000
79505  -44.318  -2.011  31.839 0.0000000000
78594  -44.458  -3.221  40.488 0.0000000000
77764  -45.914  -4.833  38.073 0.0000000000
76918  -46.221  -5.231  37.107 0.0000000000
76919  -47.094  -5.049  36.849 0.0000000000
76929  -46.454  -5.349  36.269 0.0000000000
76946  -46.092  -5.315  34.735 0.0000000000
76937  -44.372  -5.630  35.177 0.0000000000
81220  -40.270  -0.274  34.968 0.0000000000
81219  -39.267  -1.010  35.167 0.0000000000
84140  -51.853  2.840  18.843 0.0000000000
82243  -45.553  0.712  25.502 0.0000000000
117109  -46.679  0.465  25.047 0.0000000000
82256  -45.853  0.865  24.141 0.0000000000
84104  -46.075  2.253  20.846 0.0000000000
83226  -46.954  1.367  21.457 0.0000000000
84119  -47.102  2.153  19.936 0.0000000000
84137  -48.862  2.918  18.509 0.0000000000
84150  -47.104  3.265  18.262 0.0000000000
84976  -47.748  3.298  16.816 0.0000000000
84953  -46.380  3.535  18.753 0.0000000000
86460  -46.504  6.062  20.518 0.0000000000
86464  -46.081  5.835  18.571 0.0000000000
86472  -46.138  6.951  18.006 0.0000000000
87229  -45.862  6.950  17.756 0.0000000000
87221  -46.697  7.620  18.947 0.0000000000
84830  -43.148  3.631  35.047 0.0000000000
85626  -42.308  4.413  33.455 0.0000000000
85627  -43.114  4.816  33.958 0.0000000000
87105  -46.393  7.020  33.694 0.0000000000
87115  -45.195  6.998  32.832 0.0000000000
87878  -45.661  7.395  31.720 0.0000000000
120608  -45.392  6.699  30.057 0.0000000000
87888  -46.447  7.710  30.658 0.0000000000
87082  -51.233  6.923  35.660 0.0000000000
87097  -50.382  7.058  35.245 0.0000000000
87841  -51.439  7.478  34.481 0.0000000000
89329  -51.049  9.536  29.669 0.0000000000
88630  -49.862  9.241  30.599 0.0000000000
88640  -49.385  9.269  29.096 0.0000000000
88647  -47.936  8.378  28.751 0.0000000000
88655  -48.759  8.477  27.520 0.0000000000
87933  -48.854  7.476  25.289 0.0000000000
88664  -49.772  8.446  26.079 0.0000000000
89385  -51.195  9.454  23.012 0.0000000000
87957  -50.380  8.336  22.322 0.0000000000
133592  -49.388  8.530  21.414 0.0000000000
88707  -47.976  8.328  20.533 0.0000000000
88693  -47.260  8.471  21.886 0.0000000000
87964  -45.118  7.952  22.247 0.0000000000
88686  -47.015  8.285  22.976 0.0000000000
90052  -48.267  10.371  25.503 0.0000000000
88670  -47.132  8.784  25.120 0.0000000000
90701  -50.662  11.459  31.264 0.0000000000
90711  -50.318  11.776  30.302 0.0000000000
91419  -49.390  12.232  30.522 0.0000000000
121966  -45.756  13.816  30.123 0.0000000000
92079  -47.005  13.755  29.076 0.0000000000
132049  -45.229  13.763  28.692 0.0000000000
90029  -45.073  10.962  28.378 0.0000000000
90721  -43.695  11.777  28.851 0.0000000000
89326  -43.452  9.888  29.474 0.0000000000
138183  -43.195  12.385  28.987 0.0000000000
91402  -42.392  12.463  31.071 0.0000000000
91411  -41.020  12.611  30.010 0.0000000000
91400  -40.452  12.448  30.367 0.0000000000
91398  -39.067  12.207  30.097 0.0000000000
82167  -42.684  0.817  30.464 0.0000000000
82182  -42.946  0.973  29.667 0.0000000000
83113  -42.413  1.632  30.013 0.0000000000
84001  -42.106  2.524  30.044 0.0000000000
84856  -42.348  4.356  30.782 0.0000000000
88536  -52.858  8.030  40.947 0.0000000000
89234  -53.015  9.660  41.281 0.0000000000
89247  -52.877  9.920  40.441 0.0000000000
89252  -51.865  9.286  38.887 0.0000000000
89256  -50.487  9.485  37.687 0.0000000000
90621  -51.095  10.532  39.211 0.0000000000
91323  -50.842  12.339  38.991 0.0000000000
83266  -45.771  2.080  17.293 0.0000000000
83957  -40.010  2.263  38.486 0.0000000000
126806  -41.000  2.419  38.726 0.0000000000
83947  -41.235  2.938  39.392 0.0000000000
80373  -49.279  -1.146  32.678 0.0000000000
79509  -47.581  -1.721  31.968 0.0000000000
123742  -48.206  -2.454  32.712 0.0000000000
78667  -46.994  -3.223  32.699 0.0000000000
78649  -45.692  -4.033  32.955 0.0000000000
120354  -43.935  -3.695  39.899 0.0000000000
134934  -42.718  -5.495  37.882 0.0000000000
78629  -39.190  -3.370  35.065 0.0000000000
80341  -38.849  -1.788  35.169 0.0000000000
79456  -37.821  -2.412  35.752 0.0000000000
80333  -36.943  -1.637  36.386 0.0000000000
84056  -44.522  2.318  25.257 0.0000000000
83186  -45.322  1.464  24.255 0.0000000000
84077  -44.969  2.642  23.866 0.0000000000
131449  -45.364  3.018  22.647 0.0000000000
84939  -45.598  3.425  22.002 0.0000000000
84952  -45.923  3.587  19.601 0.0000000000
138365  -45.747  4.152  21.615 0.0000000000
86453  -46.583  5.866  21.645 0.0000000000
131375  -47.542  6.585  21.641 0.0000000000
85601  -45.348  3.826  36.484 0.0000000000
85618  -45.305  4.795  35.246 0.0000000000
86340  -46.066  5.107  35.448 0.0000000000
86353  -46.419  5.860  34.977 0.0000000000
87106  -47.443  7.155  33.731 0.0000000000
140921  -54.136  7.908  33.620 0.0000000000
88587  -52.062  8.296  32.875 0.0000000000
121698  -53.574  8.836  31.551 0.0000000000
89319  -52.725  9.450  30.039 0.0000000000
128274  -51.398  9.743  27.564 0.0000000000
88665  -50.860  8.903  25.513 0.0000000000
116974  -52.136  9.910  26.099 0.0000000000
89377  -52.387  10.240  24.152 0.0000000000
90063  -50.995  10.020  23.253 0.0000000000
89375  -49.324  9.573  23.623 0.0000000000
90760  -50.930  10.879  24.461 0.0000000000
90753  -49.490  11.415  25.472 0.0000000000
132373  -48.734  12.456  26.836 0.0000000000
90674  -48.581  11.569  33.508 0.0000000000
91408  -48.380  12.573  31.497 0.0000000000
91393  -47.449  12.526  32.727 0.0000000000
91406  -46.822  13.068  31.494 0.0000000000
91415  -45.057  13.448  30.515 0.0000000000
92068  -43.505  13.447  29.845 0.0000000000
91404  -44.336  12.412  31.864 0.0000000000
123404  -43.664  12.179  32.296 0.0000000000
91389  -43.416  12.103  32.959 0.0000000000
82201  -46.925  -0.184  27.997 0.0000000000
82231  -47.337  0.301  26.361 0.0000000000
128436  -46.186  -0.162  27.506 0.0000000000
116801  -45.057  0.377  26.794 0.0000000000
82228  -44.915  0.834  26.103 0.0000000000
83128  -43.347  1.156  28.813 0.0000000000
83153  -43.976  1.229  27.212 0.0000000000
84044  -44.199  2.082  26.100 0.0000000000
84899  -44.313  2.939  25.919 0.0000000000
85670  -45.066  4.722  26.996 0.0000000000
86407  -45.689  5.472  26.941 0.0000000000
125765  -48.412  6.209  41.083 0.0000000000
87065  -48.751  6.397  37.585 0.0000000000
117009  -50.137  6.696  39.032 0.0000000000
87066  -51.494  6.547  37.357 0.0000000000
126410  -53.612  6.552  36.278 0.0000000000
87048  -53.827  6.889  39.171 0.0000000000
87069  -54.646  6.868  37.777 0.0000000000
87831  -54.504  6.891  35.672 0.0000000000
87859  -55.402  8.040  34.198 0.0000000000
89298  -55.614  9.468  32.767 0.0000000000
129120  -54.686  10.666  31.242 0.0000000000
90703  -52.870  11.191  30.879 0.0000000000
90003  -52.519  10.798  31.935 0.0000000000
89993  -51.119  10.769  32.865 0.0000000000
89982  -49.878  10.787  33.705 0.0000000000
89262  -49.595  9.844  37.045 0.0000000000
89961  -49.339  10.250  35.459 0.0000000000
90660  -48.914  11.030  34.078 0.0000000000
90645  -47.581  11.651  35.436 0.0000000000
91354  -47.024  12.207  35.779 0.0000000000
92032  -46.427  13.726  36.459 0.0000000000
83082  -41.342  1.617  34.382 0.0000000000
124666  -41.339  1.991  33.558 0.0000000000
130672  -41.575  1.981  34.916 0.0000000000
84819  -42.800  2.927  35.417 0.0000000000
84820  -43.586  3.215  35.752 0.0000000000
83963  -42.594  2.668  37.843 0.0000000000
84812  -43.998  2.935  37.381 0.0000000000
84816  -44.675  3.225  36.885 0.0000000000
84808  -45.623  4.077  37.942 0.0000000000
85594  -45.947  4.631  38.659 0.0000000000
86312  -47.018  5.499  40.853 0.0000000000
87802  -44.492  7.151  40.413 0.0000000000
87803  -45.323  6.543  40.953 0.0000000000
87017  -46.854  5.887  41.766 0.0000000000
87033  -47.600  5.839  41.645 0.0000000000
118983  -48.425  6.270  42.191 0.0000000000
88524  -49.986  7.916  42.371 0.0000000000
89223  -50.850  9.634  42.459 0.0000000000
83155  -50.776  1.621  27.710 0.0000000000
83154  -50.067  1.261  28.208 0.0000000000
82159  -52.757  0.883  31.987 0.0000000000
83116  -52.694  1.750  30.392 0.0000000000
83114  -51.094  1.483  30.369 0.0000000000
83142  -50.203  1.290  29.189 0.0000000000
82203  -48.615  0.504  28.508 0.0000000000
118852  -47.326  -0.131  28.771 0.0000000000
81294  -46.026  -0.427  29.655 0.0000000000
81281  -45.571  -0.754  30.418 0.0000000000
80384  -46.472  -1.470  31.377 0.0000000000
80397  -45.141  -1.151  30.904 0.0000000000
81279  -43.795  -0.296  30.683 0.0000000000
81266  -43.470  -0.586  31.280 0.0000000000
78585  -47.785  -2.966  40.358 0.0000000000
77739  -44.932  -3.915  39.557 0.0000000000
77741  -46.967  -4.112  39.080 0.0000000000
78598  -48.310  -3.623  39.570 0.0000000000
77757  -48.329  -4.427  38.125 0.0000000000
134199  -48.810  -4.524  37.216 0.0000000000
77783  -49.151  -4.241  35.540 0.0000000000
77793  -47.394  -4.567  34.449 0.0000000000
77803  -46.193  -4.484  33.569 0.0000000000
78648  -44.817  -4.049  32.899 0.0000000000
82126  -41.057  -0.063  33.638 0.0000000000
82121  -40.783  0.010  34.429 0.0000000000
82113  -40.440  0.684  35.803 0.0000000000
136328  -40.251  1.436  36.869 0.0000000000
83066  -39.291  1.837  37.853 0.0000000000
126512  -51.485  1.149  19.287 0.0000000000
82314  -50.418  1.468  18.573 0.0000000000
82313  -49.840  1.813  17.951 0.0000000000
82246  -48.493  0.572  25.200 0.0000000000
82270  -49.059  0.757  23.807 0.0000000000
83197  -46.247  1.201  22.874 0.0000000000
83213  -48.418  1.088  21.970 0.0000000000
83228  -49.194  1.570  21.190 0.0000000000
84121  -49.437  2.673  19.282 0.0000000000
84153  -49.973  2.984  17.670 0.0000000000
83269  -48.940  2.518  17.296 0.0000000000
84163  -48.213  2.771  16.868 0.0000000000
84161  -46.374  2.847  16.625 0.0000000000
84168  -45.344  3.827  16.623 0.0000000000
84962  -46.164  4.522  17.706 0.0000000000
85731  -45.564  4.697  16.917 0.0000000000
84974  -44.876  4.331  16.828 0.0000000000
128699  -44.261  4.357  18.006 0.0000000000
86463  -43.988  5.734  18.747 0.0000000000
87219  -44.037  6.458  19.212 0.0000000000
84848  -41.527  3.212  32.676 0.0000000000
85638  -42.001  4.311  31.770 0.0000000000
85639  -42.569  5.156  31.609 0.0000000000
86361  -44.321  5.820  33.899 0.0000000000
87113  -43.749  6.097  32.355 0.0000000000
87130  -43.726  5.976  30.805 0.0000000000
87139  -44.759  6.221  30.122 0.0000000000
124774  -45.671  6.552  29.262 0.0000000000
87157  -46.429  6.481  27.567 0.0000000000
87072  -49.085  6.476  36.211 0.0000000000
87095  -48.567  6.703  34.677 0.0000000000
87853  -48.430  7.409  33.489 0.0000000000
88601  -51.220  8.477  32.315 0.0000000000
88599  -49.131  8.398  32.237 0.0000000000
88598  -47.733  8.269  31.945 0.0000000000
87897  -47.268  8.017  29.690 0.0000000000
87158  -46.943  7.096  27.671 0.0000000000
87166  -47.095  6.696  26.795 0.0000000000
87179  -47.602  6.553  24.783 0.0000000000
87196  -48.693  7.110  22.389 0.0000000000
88680  -50.435  8.265  23.935 0.0000000000
87965  -49.504  7.739  21.664 0.0000000000
87976  -48.488  7.980  20.491 0.0000000000
87994  -47.173  8.178  19.521 0.0000000000
87984  -45.661  8.198  19.231 0.0000000000
88671  -47.645  8.851  24.346 0.0000000000
90722  -51.163  11.973  28.770 0.0000000000
117349  -50.412  12.403  28.259 0.0000000000
91444  -48.000  12.776  27.435 0.0000000000
91418  -48.012  13.146  30.243 0.0000000000
92088  -47.628  13.381  28.569 0.0000000000
134178  -46.552  12.041  27.359 0.0000000000
90036  -45.772  11.039  27.847 0.0000000000
88646  -44.433  8.870  28.380 0.0000000000
87904  -43.301  7.860  28.223 0.0000000000
91424  -42.438  12.897  29.557 0.0000000000
90019  -41.288  11.365  29.689 0.0000000000
93191  -46.522  15.648  36.685 0.0000000000
92646  -45.094  14.787  35.709 0.0000000000
92044  -44.666  14.063  35.235 0.0000000000
92054  -43.432  13.617  34.554 0.0000000000
91380  -42.315  12.453  33.973 0.0000000000
122838  -41.368  1.741  32.097 0.0000000000
79459  -51.071  -3.062  35.346 0.0000000000
79467  -50.795  -2.455  34.505 0.0000000000
78640  -50.291  -3.240  34.991 0.0000000000
78639  -49.416  -3.647  34.760 0.0000000000
141257  -38.120  -4.475  37.204 0.0000000000
82233  -49.052  0.771  26.753 0.0000000000
86421  -45.543  5.015  25.706 0.0000000000
86428  -45.551  4.977  24.827 0.0000000000
86429  -46.248  5.474  24.335 0.0000000000
86422  -46.260  5.598  25.324 0.0000000000
86333  -47.597  5.661  37.176 0.0000000000
87064  -48.027  6.179  37.834 0.0000000000
90726  -55.094  10.980  29.318 0.0000000000
90024  -55.069  10.653  29.413 0.0000000000
90734  -54.938  10.970  28.784 0.0000000000
90040  -54.003  11.057  27.369 0.0000000000
130659  -54.541  11.096  28.175 0.0000000000
91437  -52.964  12.023  27.372 0.0000000000
90724  -53.614  11.609  28.714 0.0000000000
92046  -46.018  13.356  35.833 0.0000000000
91371  -46.334  12.619  34.488 0.0000000000
91370  -45.536  12.890  34.254 0.0000000000
92045  -45.356  13.779  35.518 0.0000000000
82183  -43.579  0.528  29.419 0.0000000000
85652  -42.588  3.967  29.841 0.0000000000
84870  -42.953  3.588  29.156 0.0000000000
85653  -43.261  4.402  29.412 0.0000000000
86390  -43.700  5.168  29.751 0.0000000000
87788  -51.439  7.943  42.539 0.0000000000
87022  -51.467  7.056  41.770 0.0000000000
88567  -53.960  8.538  36.100 0.0000000000
89265  -52.619  8.782  36.325 0.0000000000
89264  -51.475  9.111  36.524 0.0000000000
92012  -50.055  13.483  38.444 0.0000000000
91321  -49.015  12.522  38.262 0.0000000000
92019  -48.676  13.219  38.064 0.0000000000
92610  -49.200  13.782  38.214 0.0000000000
83257  -44.978  1.463  17.974 0.0000000000
83256  -44.441  2.040  18.315 0.0000000000
84148  -44.063  2.655  18.727 0.0000000000
84149  -44.349  3.024  17.770 0.0000000000
83073  -40.942  1.720  37.186 0.0000000000
83966  -41.710  1.760  36.560 0.0000000000
141288  -43.346  4.496  40.582 0.0000000000
86308  -43.945  4.905  40.919 0.0000000000
85577  -44.496  4.615  40.756 0.0000000000
89936  -47.427  10.943  39.818 0.0000000000
89922  -47.998  10.158  40.197 0.0000000000
83131  -53.954  2.180  29.625 0.0000000000
84009  -53.357  2.351  28.982 0.0000000000
117427  -52.903  2.091  29.680 0.0000000000
82155  -49.116  0.296  31.035 0.0000000000
81269  -48.612  -0.383  31.434 0.0000000000
79490  -44.765  -2.671  32.191 0.0000000000
80381  -43.460  -1.778  32.073 0.0000000000
79489  -43.913  -2.517  32.322 0.0000000000
78593  -43.697  -3.300  40.758 0.0000000000
76917  -45.248  -5.347  37.291 0.0000000000
76928  -45.517  -5.502  36.434 0.0000000000
122274  -45.813  -5.513  35.590 0.0000000000
118626  -44.861  -5.637  35.744 0.0000000000
126883  -39.819  -2.205  34.533 0.0000000000
80348  -40.163  -1.546  34.445 0.0000000000
80347  -39.511  -1.655  34.788 0.0000000000
122329  -50.992  2.901  19.993 0.0000000000
116580  -46.041  0.617  24.872 0.0000000000
83173  -45.462  1.029  24.849 0.0000000000
83239  -46.627  1.828  20.768 0.0000000000
84118  -46.352  2.420  20.191 0.0000000000
84136  -47.625  2.721  18.932 0.0000000000
84135  -46.665  2.756  19.352 0.0000000000
87204  -47.138  6.559  20.905 0.0000000000
86465  -46.431  6.499  19.230 0.0000000000
85605  -43.832  3.837  35.338 0.0000000000
85616  -43.524  4.326  34.716 0.0000000000
87852  -46.807  7.557  32.986 0.0000000000
87851  -45.953  7.306  32.979 0.0000000000
87866  -46.316  7.653  32.204 0.0000000000
87879  -46.184  7.669  31.381 0.0000000000
87880  -46.931  8.052  31.456 0.0000000000
87829  -51.947  7.144  35.185 0.0000000000
87828  -51.060  7.217  35.033 0.0000000000
87856  -52.040  7.836  33.741 0.0000000000
135823  -50.032  9.429  28.424 0.0000000000
89328  -50.078  9.434  29.904 0.0000000000
88649  -49.387  9.087  28.018 0.0000000000
88656  -49.569  8.795  27.048 0.0000000000
137508  -49.172  8.003  26.103 0.0000000000
89384  -50.600  9.303  22.733 0.0000000000
89393  -50.616  9.031  22.455 0.0000000000
88695  -49.102  8.720  21.505 0.0000000000
88694  -48.484  8.625  21.253 0.0000000000
88687  -48.105  8.624  22.436 0.0000000000
90045  -47.817  10.839  26.064 0.0000000000
89361  -47.547  10.056  25.930 0.0000000000
90044  -47.135  10.764  26.564 0.0000000000
126156  -50.109  11.537  31.966 0.0000000000
90700  -49.848  11.842  31.211 0.0000000000
140533  -49.491  11.862  31.825 0.0000000000
92076  -44.666  13.989  29.161 0.0000000000
92077  -45.506  14.109  29.250 0.0000000000
91431  -44.714  12.899  28.411 0.0000000000
90720  -43.766  12.770  28.684 0.0000000000
137001  -43.574  13.294  28.928 0.0000000000
90685  -41.803  11.996  31.662 0.0000000000
91401  -41.409  12.508  30.655 0.0000000000
83103  -42.121  1.359  30.853 0.0000000000
83994  -41.476  2.692  31.772 0.0000000000
84000  -41.712  2.660  30.767 0.0000000000
84863  -42.090  3.379  30.317 0.0000000000
84855  -41.811  3.519  31.198 0.0000000000
89916  -53.020  10.202  42.077 0.0000000000
120841  -53.176  10.990  41.871 0.0000000000
89938  -52.651  10.844  40.290 0.0000000000
89246  -52.514  9.462  39.631 0.0000000000
89937  -52.057  10.254  39.640 0.0000000000
89245  -51.314  9.809  39.079 0.0000000000
90622  -51.808  11.147  39.661 0.0000000000
92006  -52.522  13.099  39.549 0.0000000000
91324  -51.504  12.965  39.045 0.0000000000
122412  -50.667  13.002  38.731 0.0000000000
82311  -46.491  0.637  18.088 0.0000000000
82310  -45.622  0.899  18.014 0.0000000000
83946  -40.393  2.769  39.257 0.0000000000
84795  -40.658  3.433  39.623 0.0000000000
79495  -49.693  -1.615  33.226 0.0000000000
79494  -48.871  -1.938  32.865 0.0000000000
78652  -48.247  -3.455  33.608 0.0000000000
79475  -47.852  -3.068  32.925 0.0000000000
78666  -46.106  -3.350  32.573 0.0000000000
78650  -46.572  -3.864  33.128 0.0000000000
76934  -40.042  -5.131  35.816 0.0000000000
122333  -39.292  -4.175  35.409 0.0000000000
77786  -39.814  -3.969  34.822 0.0000000000
79457  -38.489  -2.716  35.380 0.0000000000
79449  -37.284  -2.487  36.218 0.0000000000
128943  -44.480  3.131  25.243 0.0000000000
84909  -44.644  2.901  24.601 0.0000000000
131331  -45.236  4.064  23.611 0.0000000000
126770  -45.151  3.216  23.327 0.0000000000
129190  -45.693  3.541  21.093 0.0000000000
128559  -45.760  4.375  22.322 0.0000000000
86446  -46.236  5.280  22.658 0.0000000000
87194  -46.958  6.126  22.614 0.0000000000
137017  -46.004  4.261  36.512 0.0000000000
85606  -45.742  4.414  35.902 0.0000000000
85607  -46.408  4.756  36.138 0.0000000000
86342  -47.569  5.764  35.862 0.0000000000
86341  -46.813  5.439  35.677 0.0000000000
86354  -47.221  6.099  35.164 0.0000000000
87093  -46.824  6.558  34.444 0.0000000000
87094  -47.704  6.607  34.580 0.0000000000
88619  -54.590  8.693  32.017 0.0000000000
136700  -53.587  8.547  32.177 0.0000000000
89331  -53.574  9.686  29.158 0.0000000000
89320  -53.950  9.492  29.985 0.0000000000
89330  -52.211  9.687  29.190 0.0000000000
89344  -52.296  10.082  28.023 0.0000000000
89355  -52.273  10.089  26.971 0.0000000000
90038  -53.263  10.521  27.021 0.0000000000
89364  -52.623  10.627  25.074 0.0000000000
90762  -52.353  10.729  24.583 0.0000000000
90060  -52.133  10.334  23.746 0.0000000000
90761  -51.893  10.873  24.315 0.0000000000
90058  -50.597  10.356  23.866 0.0000000000
91454  -51.728  12.230  26.554 0.0000000000
90747  -50.202  12.030  25.754 0.0000000000
91453  -50.546  12.419  26.452 0.0000000000
90746  -49.117  12.058  26.108 0.0000000000
91452  -49.624  12.383  26.447 0.0000000000
90673  -47.893  11.826  33.886 0.0000000000
91394  -48.187  12.165  32.985 0.0000000000
91386  -47.495  12.297  33.393 0.0000000000
118704  -45.997  12.644  32.838 0.0000000000
91392  -46.744  12.716  32.396 0.0000000000
120461  -45.908  13.268  31.025 0.0000000000
91405  -45.120  12.788  31.426 0.0000000000
91390  -44.314  12.349  32.745 0.0000000000
138981  -46.031  -0.218  28.118 0.0000000000
140051  -44.491  0.820  26.771 0.0000000000
83127  -42.839  1.587  29.316 0.0000000000
84030  -43.669  2.030  27.360 0.0000000000
138794  -43.950  1.822  26.742 0.0000000000
84031  -43.977  2.693  26.770 0.0000000000
85669  -44.419  4.166  27.486 0.0000000000
141211  -45.362  5.362  27.517 0.0000000000
87034  -49.260  6.290  41.774 0.0000000000
134802  -49.437  6.626  40.176 0.0000000000
135200  -50.536  6.723  39.964 0.0000000000
87056  -52.657  6.485  39.054 0.0000000000
117008  -51.477  6.584  39.243 0.0000000000
117007  -52.057  6.455  38.315 0.0000000000
87075  -52.278  6.546  36.644 0.0000000000
87067  -52.692  6.446  37.612 0.0000000000
87813  -53.108  7.302  40.169 0.0000000000
88559  -55.019  7.397  37.005 0.0000000000
87822  -54.548  7.017  38.159 0.0000000000
87826  -55.140  7.093  36.796 0.0000000000
87084  -54.768  6.781  36.511 0.0000000000
87832  -55.086  7.234  36.008 0.0000000000
87844  -55.126  7.523  35.013 0.0000000000
88569  -55.260  7.831  35.458 0.0000000000
89282  -54.863  9.197  34.436 0.0000000000
89293  -55.670  9.194  33.369 0.0000000000
89987  -55.339  9.814  32.896 0.0000000000
89997  -55.508  10.026  32.034 0.0000000000
89996  -54.708  10.414  32.191 0.0000000000
90004  -53.703  10.797  31.585 0.0000000000
89995  -53.403  10.480  32.581 0.0000000000
139162  -51.454  10.026  34.251 0.0000000000
89984  -52.157  10.476  32.949 0.0000000000
89975  -51.348  10.417  33.612 0.0000000000
89983  -50.633  10.687  33.440 0.0000000000
89974  -50.598  10.304  34.224 0.0000000000
89250  -49.916  9.921  38.020 0.0000000000
89263  -50.495  9.409  36.740 0.0000000000
89946  -48.495  10.887  37.076 0.0000000000
89953  -49.086  10.245  36.271 0.0000000000
89960  -48.713  10.596  35.755 0.0000000000
89973  -49.603  10.473  34.584 0.0000000000
89972  -48.778  10.759  35.020 0.0000000000
90659  -48.168  11.374  34.671 0.0000000000
90646  -48.233  11.074  35.576 0.0000000000
90629  -47.660  12.420  37.144 0.0000000000
91338  -47.242  12.350  36.463 0.0000000000
92033  -47.141  13.237  36.889 0.0000000000
91337  -46.642  12.869  36.175 0.0000000000
84951  -43.834  3.209  19.133 0.0000000000
123217  -43.619  5.006  19.317 0.0000000000
83079  -41.354  1.386  35.226 0.0000000000
83971  -42.430  2.202  35.925 0.0000000000
83972  -43.148  2.629  36.260 0.0000000000
83958  -41.863  2.745  38.743 0.0000000000
83959  -42.807  3.244  38.762 0.0000000000
84806  -43.769  3.328  38.315 0.0000000000
84813  -44.578  3.347  37.771 0.0000000000
84817  -45.274  3.595  37.354 0.0000000000
84807  -45.072  3.689  38.140 0.0000000000
85589  -45.719  4.717  39.937 0.0000000000
128089  -46.332  5.093  39.297 0.0000000000
86320  -46.410  5.179  40.329 0.0000000000
89242  -45.477  9.416  39.641 0.0000000000
88543  -44.576  8.159  39.908 0.0000000000
88532  -45.302  7.630  40.432 0.0000000000
125161  -47.232  7.761  41.313 0.0000000000
87792  -46.746  6.571  41.647 0.0000000000
88521  -47.184  7.056  41.712 0.0000000000
86300  -46.975  5.731  41.605 0.0000000000
87018  -47.640  5.972  42.045 0.0000000000
122541  -48.362  6.071  42.124 0.0000000000
87794  -48.434  6.727  42.321 0.0000000000
89232  -49.022  9.404  41.244 0.0000000000
89221  -49.181  8.325  41.846 0.0000000000
89222  -49.970  9.142  41.882 0.0000000000
89914  -50.241  10.273  41.751 0.0000000000
84032  -53.208  2.554  27.547 0.0000000000
117101  -51.465  1.950  28.101 0.0000000000
82158  -51.229  0.762  31.663 0.0000000000
82142  -51.785  0.411  32.238 0.0000000000
83104  -51.871  1.118  31.522 0.0000000000
83105  -52.725  1.393  31.174 0.0000000000
83115  -51.863  1.540  30.767 0.0000000000
82171  -48.972  0.551  30.314 0.0000000000
82188  -49.576  0.972  29.781 0.0000000000
82204  -49.419  0.906  28.837 0.0000000000
82186  -48.061  0.211  29.116 0.0000000000
81295  -47.190  -0.244  29.641 0.0000000000
80385  -47.319  -1.287  31.524 0.0000000000
80382  -44.724  -1.521  31.381 0.0000000000
80396  -44.283  -0.919  31.067 0.0000000000
77775  -50.254  -4.046  36.924 0.0000000000
79418  -46.125  -2.476  41.270 0.0000000000
78584  -46.732  -2.705  40.630 0.0000000000
79419  -47.329  -2.322  41.143 0.0000000000
77753  -43.516  -4.475  39.229 0.0000000000
77754  -44.454  -4.549  38.980 0.0000000000
77755  -46.650  -4.504  38.447 0.0000000000
77740  -45.964  -4.149  39.145 0.0000000000
77742  -47.879  -4.111  38.942 0.0000000000
78607  -48.795  -4.131  38.834 0.0000000000
135257  -47.818  -4.839  36.541 0.0000000000
137919  -48.261  -4.686  36.846 0.0000000000
77773  -48.570  -4.584  36.249 0.0000000000
77782  -48.385  -4.500  35.371 0.0000000000
76948  -47.694  -4.746  35.110 0.0000000000
76955  -45.280  -5.239  34.251 0.0000000000
77791  -45.914  -4.994  34.016 0.0000000000
77802  -45.285  -4.674  33.547 0.0000000000
77801  -44.382  -4.543  33.452 0.0000000000
80357  -40.736  -1.530  34.028 0.0000000000
80358  -41.252  -1.490  33.467 0.0000000000
81235  -40.988  -0.835  33.827 0.0000000000
139666  -41.030  0.530  33.923 0.0000000000
82116  -39.908  0.171  35.578 0.0000000000
82117  -40.617  0.356  35.198 0.0000000000
80340  -38.174  -1.804  35.536 0.0000000000
81218  -38.588  -1.067  35.501 0.0000000000
81212  -38.275  -0.467  35.941 0.0000000000
83071  -38.702  1.337  37.334 0.0000000000
83072  -39.507  1.409  37.079 0.0000000000
82304  -52.072  0.947  19.707 0.0000000000
83251  -51.944  2.032  18.919 0.0000000000
84139  -51.098  2.987  18.459 0.0000000000
83261  -51.214  2.615  18.430 0.0000000000
83260  -50.606  2.372  18.126 0.0000000000
83271  -50.078  2.774  17.675 0.0000000000
133405  -47.847  0.458  25.758 0.0000000000
82245  -46.997  0.359  25.653 0.0000000000
136364  -47.561  0.512  24.114 0.0000000000
128967  -45.700  1.420  23.435 0.0000000000
83240  -47.673  1.609  20.687 0.0000000000
131423  -47.758  1.237  21.493 0.0000000000
83227  -48.384  1.412  21.174 0.0000000000
83242  -49.871  2.360  20.183 0.0000000000
84152  -49.237  3.132  17.625 0.0000000000
84966  -49.131  2.901  17.311 0.0000000000
84164  -49.473  2.850  17.433 0.0000000000
133412  -48.888  2.884  17.180 0.0000000000
84977  -48.429  3.060  16.934 0.0000000000
84975  -46.862  3.729  16.824 0.0000000000
125396  -47.144  3.437  16.685 0.0000000000
84986  -46.466  3.794  16.643 0.0000000000
84169  -46.076  3.512  16.548 0.0000000000
84985  -45.877  4.022  16.540 0.0000000000
85708  -45.871  4.484  20.802 0.0000000000
134555  -46.054  4.277  18.751 0.0000000000
86471  -45.600  6.062  17.668 0.0000000000
85725  -45.595  5.042  17.373 0.0000000000
85730  -45.104  4.755  16.878 0.0000000000
85724  -44.769  4.976  17.326 0.0000000000
87228  -45.436  7.006  17.985 0.0000000000
86469  -44.635  5.665  17.984 0.0000000000
87227  -44.674  6.411  18.244 0.0000000000
87220  -44.743  7.152  18.666 0.0000000000
83983  -41.480  2.830  33.484 0.0000000000
84840  -41.748  3.634  33.445 0.0000000000
85633  -42.305  4.824  32.508 0.0000000000
86367  -42.797  5.378  32.411 0.0000000000
86351  -44.780  5.324  34.608 0.0000000000
87114  -44.440  6.558  32.410 0.0000000000
87121  -43.855  6.216  31.544 0.0000000000
87131  -44.315  6.319  30.796 0.0000000000
86383  -44.099  5.791  30.209 0.0000000000
87141  -46.103  7.249  29.839 0.0000000000
87149  -45.883  6.335  28.355 0.0000000000
137478  -46.466  6.856  28.173 0.0000000000
87054  -49.575  6.584  38.003 0.0000000000
116552  -49.335  6.509  37.012 0.0000000000
87073  -49.958  6.710  36.364 0.0000000000
128183  -49.833  7.397  33.971 0.0000000000
87096  -49.538  6.957  34.762 0.0000000000
87839  -48.998  7.109  34.046 0.0000000000
87854  -49.286  7.582  33.423 0.0000000000
88602  -52.183  8.551  32.129 0.0000000000
88617  -50.962  8.884  31.481 0.0000000000
134682  -49.259  8.950  30.960 0.0000000000
125138  -49.429  8.708  31.623 0.0000000000
88615  -48.575  8.582  31.545 0.0000000000
88614  -47.748  8.458  31.050 0.0000000000
88628  -47.791  8.450  30.119 0.0000000000
140109  -47.800  7.728  27.537 0.0000000000
140197  -47.673  8.044  28.381 0.0000000000
87913  -47.566  7.347  27.230 0.0000000000
87172  -47.571  6.684  25.750 0.0000000000
87944  -48.972  7.422  24.338 0.0000000000
87188  -48.283  6.933  24.150 0.0000000000
87978  -49.402  8.289  21.232 0.0000000000
87966  -50.002  8.119  21.831 0.0000000000
87206  -49.070  7.947  20.821 0.0000000000
87985  -47.793  7.969  20.091 0.0000000000
87986  -48.417  8.188  20.563 0.0000000000
136975  -46.159  8.508  19.736 0.0000000000
88704  -45.365  8.346  20.257 0.0000000000
87983  -44.754  7.904  19.978 0.0000000000
87975  -44.469  8.066  20.896 0.0000000000
127056  -48.437  9.277  24.021 0.0000000000
120706  -46.433  8.264  24.936 0.0000000000
138251  -52.004  11.320  30.708 0.0000000000
127512  -52.374  11.503  29.894 0.0000000000
117006  -51.329  11.445  30.545 0.0000000000
128608  -49.633  12.245  29.767 0.0000000000
91428  -50.350  12.073  29.271 0.0000000000
91427  -49.447  12.512  28.949 0.0000000000
91436  -49.260  12.720  28.005 0.0000000000
91435  -48.238  13.046  27.995 0.0000000000
116531  -48.022  12.926  30.979 0.0000000000
130373  -48.622  12.622  30.717 0.0000000000
92086  -46.089  13.430  28.331 0.0000000000
92087  -46.824  13.524  28.469 0.0000000000
91433  -46.718  13.179  27.943 0.0000000000
91443  -47.110  12.656  27.435 0.0000000000
90037  -46.467  11.085  27.293 0.0000000000
90738  -46.045  11.783  27.639 0.0000000000
89340  -44.744  9.887  28.672 0.0000000000
88645  -43.689  8.534  28.689 0.0000000000
88637  -43.284  8.964  29.371 0.0000000000
90020  -42.839  10.652  29.577 0.0000000000
89317  -42.638  9.577  29.877 0.0000000000
92067  -42.817  13.205  29.821 0.0000000000
91423  -40.600  12.300  29.790 0.0000000000
90718  -41.321  12.087  29.521 0.0000000000
90717  -40.671  11.910  29.602 0.0000000000
90013  -40.465  11.349  29.839 0.0000000000
93209  -45.200  15.794  35.901 0.0000000000
93208  -44.465  15.558  35.491 0.0000000000
92650  -43.431  14.539  34.827 0.0000000000
91367  -42.922  12.897  34.229 0.0000000000
82152  -41.758  1.062  31.679 0.0000000000
90601  -53.023  11.800  42.025 0.0000000000
91306  -53.153  12.382  41.081 0.0000000000
91319  -52.785  12.300  40.270 0.0000000000
92015  -52.864  13.904  38.971 0.0000000000
85582  -39.275  4.159  39.474 0.0000000000
85583  -40.114  4.110  39.686 0.0000000000
78653  -49.074  -3.208  33.903 0.0000000000
78637  -47.817  -4.050  34.018 0.0000000000
77779  -38.888  -4.405  35.927 0.0000000000
77770  -38.316  -4.185  36.313 0.0000000000
83167  -50.520  1.590  26.314 0.0000000000
83174  -49.659  1.181  26.069 0.0000000000
82247  -49.224  0.841  25.456 0.0000000000
85686  -44.678  3.689  24.855 0.0000000000
85694  -45.713  4.601  23.134 0.0000000000
87178  -46.971  6.110  24.323 0.0000000000
86332  -46.904  5.126  37.439 0.0000000000
86337  -47.785  5.776  36.480 0.0000000000
86338  -48.309  6.110  36.022 0.0000000000
89308  -55.305  9.624  31.140 0.0000000000
89307  -54.624  9.352  30.953 0.0000000000
89321  -55.269  9.861  30.370 0.0000000000
89332  -54.568  9.933  29.269 0.0000000000
90030  -53.973  10.711  27.605 0.0000000000
90049  -53.688  11.046  26.605 0.0000000000
90750  -53.323  11.284  26.265 0.0000000000
90749  -52.494  11.662  25.975 0.0000000000
91455  -52.861  11.930  26.676 0.0000000000
91447  -52.072  12.281  27.189 0.0000000000
90732  -51.824  12.251  27.969 0.0000000000
140895  -46.571  12.540  33.880 0.0000000000
91391  -45.168  12.515  32.360 0.0000000000
91369  -44.685  12.935  34.158 0.0000000000
82184  -45.356  -0.148  28.736 0.0000000000
82199  -44.443  0.353  28.153 0.0000000000
82198  -43.864  0.871  27.988 0.0000000000
83140  -43.022  2.103  28.688 0.0000000000
84875  -42.815  2.843  29.046 0.0000000000
84876  -43.233  3.075  28.416 0.0000000000
84877  -43.821  3.685  27.933 0.0000000000
86399  -44.711  5.241  28.640 0.0000000000
117620  -50.272  6.582  41.083 0.0000000000
87035  -50.971  6.720  41.562 0.0000000000
87036  -51.893  7.021  40.827 0.0000000000
87046  -52.564  6.701  39.824 0.0000000000
88550  -53.624  8.055  39.081 0.0000000000
88557  -53.622  8.190  38.121 0.0000000000
88558  -54.581  7.548  37.637 0.0000000000
88564  -54.816  8.008  36.749 0.0000000000
88568  -55.021  8.203  35.834 0.0000000000
89270  -54.361  8.853  35.207 0.0000000000
89281  -53.373  9.538  34.437 0.0000000000
89985  -53.250  10.093  33.495 0.0000000000
89280  -52.104  9.644  34.739 0.0000000000
89947  -49.221  10.463  37.467 0.0000000000
123031  -49.331  11.761  38.347 0.0000000000
90625  -48.884  11.204  37.737 0.0000000000
90630  -48.168  11.655  37.298 0.0000000000
90635  -48.002  11.340  36.616 0.0000000000
92018  -47.898  13.225  37.537 0.0000000000
84797  -42.686  3.605  39.734 0.0000000000
85587  -44.404  4.027  39.913 0.0000000000
85588  -44.994  4.444  40.162 0.0000000000
85578  -45.258  4.838  40.949 0.0000000000
88545  -46.042  8.891  39.989 0.0000000000
118782  -46.033  8.118  40.498 0.0000000000
89230  -46.886  8.691  40.497 0.0000000000
88534  -47.752  8.224  41.253 0.0000000000
88523  -48.453  7.693  41.882 0.0000000000
133233  -48.412  9.610  40.686 0.0000000000
83145  -52.779  2.382  28.315 0.0000000000
83144  -51.578  1.948  28.942 0.0000000000
82157  -50.534  0.692  31.392 0.0000000000
82173  -50.486  1.109  30.776 0.0000000000
82170  -48.183  0.220  30.035 0.0000000000
81267  -46.968  -0.913  31.047 0.0000000000
79492  -46.498  -2.629  32.221 0.0000000000
79507  -46.031  -2.109  31.707 0.0000000000
79506  -45.171  -2.135  31.710 0.0000000000
76909  -44.914  -5.048  38.155 0.0000000000
77765  -46.875  -4.807  37.677 0.0000000000
76930  -47.231  -5.128  36.079 0.0000000000
76938  -46.672  -5.296  35.488 0.0000000000
120890  -45.170  -5.562  34.969 0.0000000000
76945  -44.473  -5.407  34.521 0.0000000000
79473  -41.018  -2.300  33.758 0.0000000000
81227  -40.539  -0.779  34.382 0.0000000000
81226  -39.889  -0.921  34.790 0.0000000000
137329  -39.707  -0.449  35.238 0.0000000000
84123  -51.768  3.180  19.131 0.0000000000
84122  -50.696  3.130  18.818 0.0000000000
82244  -46.235  0.439  25.595 0.0000000000
82257  -46.697  0.551  24.263 0.0000000000
83225  -46.132  1.837  21.584 0.0000000000
83211  -46.541  1.287  22.217 0.0000000000
84120  -48.241  2.256  19.657 0.0000000000
84151  -48.291  3.246  17.790 0.0000000000
84964  -47.632  3.501  17.177 0.0000000000
84963  -46.678  3.835  17.520 0.0000000000
86459  -46.151  5.397  19.999 0.0000000000
86470  -45.373  6.047  17.760 0.0000000000
87230  -46.145  7.544  18.244 0.0000000000
87996  -45.920  7.430  18.036 0.0000000000
84829  -42.371  3.391  34.650 0.0000000000
84841  -42.067  3.794  34.037 0.0000000000
85615  -42.716  4.094  34.341 0.0000000000
87092  -45.950  6.395  34.331 0.0000000000
132641  -44.726  6.469  33.380 0.0000000000
87104  -45.535  6.775  33.584 0.0000000000
132127  -45.229  7.004  31.386 0.0000000000
87132  -45.019  6.680  30.775 0.0000000000
87887  -45.680  7.273  30.827 0.0000000000
122613  -46.733  7.726  29.984 0.0000000000
87074  -51.023  6.702  36.424 0.0000000000
136156  -50.435  6.837  35.837 0.0000000000
87840  -50.473  7.338  34.545 0.0000000000
87855  -50.752  7.765  33.750 0.0000000000
89318  -51.698  9.470  30.118 0.0000000000
88631  -50.787  9.325  30.606 0.0000000000
119498  -49.211  9.154  30.122 0.0000000000
88639  -48.426  8.766  29.512 0.0000000000
88648  -48.614  8.719  28.475 0.0000000000
87914  -48.248  7.774  27.061 0.0000000000
87932  -48.243  7.211  25.748 0.0000000000
87922  -48.683  7.633  26.137 0.0000000000
87923  -49.361  7.916  25.570 0.0000000000
87934  -49.605  7.841  24.648 0.0000000000
88682  -51.527  9.092  23.437 0.0000000000
88688  -50.915  8.693  22.779 0.0000000000
88697  -50.606  8.694  22.479 0.0000000000
88696  -49.963  8.478  21.963 0.0000000000
88708  -48.871  8.477  20.894 0.0000000000
88706  -46.996  8.573  21.039 0.0000000000
88692  -45.174  8.298  21.204 0.0000000000
121372  -46.095  8.349  21.634 0.0000000000
89368  -47.871  9.466  25.101 0.0000000000
134524  -47.187  9.330  25.693 0.0000000000
91416  -46.597  13.557  30.501 0.0000000000
92072  -47.241  13.624  29.905 0.0000000000
92071  -46.371  13.934  29.551 0.0000000000
92078  -46.134  13.948  28.839 0.0000000000
91432  -45.487  13.026  28.203 0.0000000000
90731  -45.362  12.040  28.068 0.0000000000
90730  -44.454  11.908  28.474 0.0000000000
90021  -43.626  10.784  29.272 0.0000000000
116768  -43.015  11.626  29.241 0.0000000000
91412  -42.052  12.867  30.100 0.0000000000
138856  -40.407  12.455  29.940 0.0000000000
91410  -39.780  12.284  29.911 0.0000000000
91399  -39.534  12.314  30.500 0.0000000000
82168  -43.339  0.372  30.227 0.0000000000
83112  -41.870  2.019  30.506 0.0000000000
87797  -52.252  8.167  42.028 0.0000000000
89224  -52.450  8.974  42.133 0.0000000000
120059  -52.771  8.852  41.513 0.0000000000
117186  -52.968  8.840  40.529 0.0000000000
89925  -53.093  10.527  41.201 0.0000000000
88546  -52.978  8.698  39.530 0.0000000000
89257  -51.438  9.135  38.118 0.0000000000
139022  -51.190  9.143  37.317 0.0000000000
89251  -50.805  9.638  38.434 0.0000000000
135662  -50.401  10.855  38.896 0.0000000000
91317  -51.005  11.464  39.201 0.0000000000
90626  -50.133  11.619  38.796 0.0000000000
84796  -41.426  3.625  39.743 0.0000000000
131652  -40.886  4.158  39.820 0.0000000000
85585  -42.196  3.909  40.053 0.0000000000
81252  -49.651  -0.529  32.329 0.0000000000
80386  -48.147  -1.130  31.841 0.0000000000
80372  -48.661  -1.330  32.382 0.0000000000
80371  -48.150  -1.843  32.345 0.0000000000
79493  -47.451  -2.429  32.368 0.0000000000
78665  -45.234  -3.388  32.528 0.0000000000
77738  -43.066  -3.697  40.249 0.0000000000
76907  -43.107  -5.141  38.507 0.0000000000
76915  -43.421  -5.492  37.639 0.0000000000
79458  -39.251  -2.470  34.863 0.0000000000
80339  -37.556  -1.698  35.917 0.0000000000
83185  -44.966  1.588  24.978 0.0000000000
84068  -44.875  2.138  24.427 0.0000000000
84069  -45.185  1.966  23.786 0.0000000000
84078  -45.377  2.300  23.089 0.0000000000
84910  -44.884  3.475  24.085 0.0000000000
84091  -45.640  2.420  22.175 0.0000000000
84103  -45.735  2.654  21.334 0.0000000000
84117  -45.796  2.921  20.401 0.0000000000
131090  -45.759  3.772  20.300 0.0000000000
85701  -46.013  4.909  21.716 0.0000000000
86452  -46.190  5.304  21.015 0.0000000000
122881  -45.075  4.163  35.725 0.0000000000
85617  -44.418  4.430  35.128 0.0000000000
86352  -45.617  5.594  34.796 0.0000000000
87857  -53.445  7.649  34.041 0.0000000000
88588  -53.084  8.101  33.299 0.0000000000
140560  -52.902  8.611  31.966 0.0000000000
126423  -52.553  8.850  31.505 0.0000000000
89306  -53.230  9.223  30.831 0.0000000000
118461  -51.328  9.663  28.891 0.0000000000
88657  -50.483  9.082  26.512 0.0000000000
89354  -51.306  9.565  26.801 0.0000000000
134621  -51.359  9.394  25.997 0.0000000000
89362  -51.982  9.570  25.109 0.0000000000
90047  -53.029  10.575  26.275 0.0000000000
89363  -52.590  10.386  25.510 0.0000000000
89370  -52.152  9.628  24.047 0.0000000000
89376  -52.087  9.883  23.476 0.0000000000
90064  -51.761  9.974  23.270 0.0000000000
88679  -49.021  9.060  22.767 0.0000000000
119102  -50.229  9.761  23.353 0.0000000000
90057  -49.643  10.187  24.225 0.0000000000
90754  -49.967  10.806  24.729 0.0000000000
90755  -51.179  11.473  25.085 0.0000000000
139446  -50.318  11.336  25.134 0.0000000000
90053  -49.086  10.671  25.118 0.0000000000
90046  -48.523  11.340  25.876 0.0000000000
133404  -48.364  12.004  26.423 0.0000000000
120454  -48.864  11.721  32.865 0.0000000000
90687  -48.809  12.111  32.160 0.0000000000
116934  -48.004  12.560  32.186 0.0000000000
91407  -47.665  12.876  31.521 0.0000000000
117470  -47.348  12.744  32.072 0.0000000000
92070  -45.052  13.921  29.741 0.0000000000
131501  -43.889  13.627  29.273 0.0000000000
92069  -44.354  13.698  29.834 0.0000000000
91414  -44.131  12.968  30.784 0.0000000000
91403  -43.415  12.381  31.477 0.0000000000
90686  -42.766  11.900  32.210 0.0000000000
90672  -42.411  11.907  33.195 0.0000000000
125644  -48.256  0.371  27.691 0.0000000000
82215  -47.777  0.287  27.024 0.0000000000
133714  -47.575  0.101  27.559 0.0000000000
117985  -46.882  -0.025  27.031 0.0000000000
82214  -45.881  0.012  26.865 0.0000000000
82229  -45.670  0.393  26.194 0.0000000000
83141  -43.554  1.568  28.017 0.0000000000
83165  -44.332  1.359  26.439 0.0000000000
83172  -44.628  1.526  25.701 0.0000000000
84884  -44.052  3.423  27.265 0.0000000000
84892  -44.473  3.729  26.603 0.0000000000
85675  -45.031  4.431  26.128 0.0000000000
86414  -45.473  5.042  26.409 0.0000000000
87044  -48.486  6.433  39.558 0.0000000000
87053  -48.598  6.439  38.409 0.0000000000
117889  -49.217  6.606  38.977 0.0000000000
87055  -50.808  6.590  38.148 0.0000000000
138974  -51.680  6.690  36.121 0.0000000000
87083  -52.307  6.718  35.859 0.0000000000
87830  -53.252  6.876  35.395 0.0000000000
87047  -53.364  6.887  39.671 0.0000000000
87057  -53.419  6.669  39.186 0.0000000000
87817  -54.112  7.006  38.884 0.0000000000
87058  -54.110  6.823  38.592 0.0000000000
87068  -53.820  6.562  37.823 0.0000000000
87077  -54.331  6.610  37.125 0.0000000000
87843  -54.088  7.234  34.844 0.0000000000
87858  -54.693  7.677  34.233 0.0000000000
88589  -54.939  8.001  33.681 0.0000000000
88605  -55.357  8.556  32.941 0.0000000000
89283  -55.554  8.739  34.081 0.0000000000
89284  -55.669  8.857  33.569 0.0000000000
88606  -55.633  8.954  32.617 0.0000000000
90007  -55.508  9.894  31.383 0.0000000000
90006  -55.287  10.365  31.015 0.0000000000
90714  -54.826  11.151  29.823 0.0000000000
90713  -53.827  11.433  29.822 0.0000000000
90704  -54.180  11.106  30.641 0.0000000000
89994  -51.630  10.822  32.235 0.0000000000
90690  -50.868  11.098  32.086 0.0000000000
90689  -50.217  11.130  32.825 0.0000000000
89267  -50.748  9.483  35.818 0.0000000000
89266  -49.799  9.710  36.069 0.0000000000
89962  -50.151  9.882  35.143 0.0000000000
90675  -49.340  11.308  33.231 0.0000000000
140204  -48.381  11.449  34.031 0.0000000000
90658  -47.510  11.850  34.620 0.0000000000
90634  -47.532  11.736  36.179 0.0000000000
91372  -46.962  12.198  34.987 0.0000000000
83088  -41.159  1.185  33.723 0.0000000000
83974  -41.532  2.417  34.251 0.0000000000
83975  -41.990  2.586  34.964 0.0000000000
83964  -43.318  2.934  37.847 0.0000000000
83968  -43.317  2.617  37.112 0.0000000000
84815  -43.917  2.943  36.541 0.0000000000
85602  -45.942  3.982  37.100 0.0000000000
85600  -46.277  4.514  37.653 0.0000000000
86325  -46.611  5.153  38.389 0.0000000000
86321  -46.993  5.623  39.404 0.0000000000
87031  -44.481  5.905  40.838 0.0000000000
87032  -45.503  5.612  41.288 0.0000000000
86310  -45.740  5.287  41.228 0.0000000000
87804  -46.006  7.072  41.112 0.0000000000
87016  -46.086  6.095  41.570 0.0000000000
86299  -46.388  5.508  41.405 0.0000000000
136282  -46.555  5.370  41.110 0.0000000000
87043  -47.682  6.051  40.202 0.0000000000
87019  -49.180  6.432  42.273 0.0000000000
87010  -49.221  6.679  42.406 0.0000000000
87011  -49.939  6.777  42.521 0.0000000000
136814  -50.591  7.648  42.567 0.0000000000
88525  -50.735  8.540  42.505 0.0000000000
89215  -51.393  9.173  42.604 0.0000000000
84018  -52.172  2.335  27.617 0.0000000000
83156  -51.392  1.986  27.273 0.0000000000
133355  -50.798  1.701  26.976 0.0000000000
82217  -49.126  0.782  27.747 0.0000000000
83130  -51.890  1.866  29.835 0.0000000000
83129  -50.979  1.598  29.515 0.0000000000
82189  -50.324  1.286  30.067 0.0000000000
82202  -47.867  0.115  28.249 0.0000000000
81293  -45.007  -0.359  29.745 0.0000000000
80398  -46.055  -1.133  30.911 0.0000000000
81280  -44.632  -0.622  30.503 0.0000000000
82154  -43.094  0.128  30.923 0.0000000000
133439  -42.152  0.341  31.725 0.0000000000
81264  -41.701  0.363  32.210 0.0000000000
129510  -41.140  0.743  33.223 0.0000000000
78622  -50.380  -3.820  36.272 0.0000000000
126832  -47.750  -2.009  41.603 0.0000000000
79420  -48.165  -2.320  40.916 0.0000000000
78586  -48.713  -3.050  40.182 0.0000000000
78595  -45.389  -3.307  40.179 0.0000000000
124928  -45.280  -4.537  38.772 0.0000000000
78596  -46.372  -3.406  39.898 0.0000000000
78597  -47.355  -3.518  39.721 0.0000000000
78599  -49.217  -3.641  39.451 0.0000000000
78608  -49.639  -4.010  38.721 0.0000000000
123346  -49.251  -4.353  38.079 0.0000000000
77766  -47.811  -4.693  37.361 0.0000000000
77767  -49.761  -4.269  37.411 0.0000000000
77774  -49.579  -4.255  36.462 0.0000000000
78630  -49.912  -3.798  35.609 0.0000000000
77795  -48.782  -4.187  34.907 0.0000000000
77794  -48.140  -4.351  34.684 0.0000000000
76947  -46.998  -5.074  34.882 0.0000000000
77792  -46.614  -4.816  34.227 0.0000000000
77804  -47.021  -4.284  33.759 0.0000000000
120476  -43.607  -5.539  34.868 0.0000000000
76953  -43.857  -5.078  33.995 0.0000000000
77800  -43.041  -4.717  33.827 0.0000000000
131897  -43.667  -4.427  33.476 0.0000000000
78647  -43.955  -3.889  33.010 0.0000000000
78663  -43.478  -3.119  32.738 0.0000000000
82127  -41.320  0.193  32.848 0.0000000000
83081  -41.073  0.800  34.652 0.0000000000
83078  -40.989  0.922  35.553 0.0000000000
137742  -39.787  0.802  36.309 0.0000000000
83067  -40.126  1.794  37.571 0.0000000000
83945  -39.470  2.747  39.108 0.0000000000
83956  -38.988  2.269  38.569 0.0000000000
84793  -38.908  3.422  39.282 0.0000000000
81381  -50.690  0.642  19.433 0.0000000000
83250  -51.160  1.743  18.635 0.0000000000
83259  -49.027  1.761  17.577 0.0000000000
82232  -48.193  0.477  26.497 0.0000000000
82258  -47.489  0.451  24.907 0.0000000000
82259  -48.343  0.563  24.385 0.0000000000
82267  -46.387  0.837  23.473 0.0000000000
82279  -46.919  0.835  22.803 0.0000000000
133555  -50.572  3.101  18.096 0.0000000000
84138  -49.978  3.198  18.126 0.0000000000
83270  -49.531  2.468  17.515 0.0000000000
83258  -48.264  1.885  17.288 0.0000000000
83268  -47.449  2.103  17.045 0.0000000000
84171  -47.674  3.176  16.672 0.0000000000
84162  -47.279  2.816  16.607 0.0000000000
83267  -46.706  2.282  16.924 0.0000000000
84160  -45.480  3.035  16.782 0.0000000000
84159  -44.781  3.458  17.011 0.0000000000
85719  -45.969  5.209  18.072 0.0000000000
85735  -46.011  4.295  16.685 0.0000000000
84984  -45.407  4.374  16.687 0.0000000000
84961  -44.447  3.990  17.407 0.0000000000
85723  -44.202  4.998  18.362 0.0000000000
85625  -41.810  4.077  32.639 0.0000000000
86381  -42.814  5.161  30.800 0.0000000000
86350  -43.922  5.088  34.358 0.0000000000
86360  -43.566  5.483  33.560 0.0000000000
87103  -43.991  6.077  33.091 0.0000000000
122896  -43.343  5.689  32.764 0.0000000000
86368  -43.210  5.757  31.972 0.0000000000
86374  -43.206  5.680  31.173 0.0000000000
86382  -43.404  5.446  30.453 0.0000000000
86391  -44.556  5.600  29.464 0.0000000000
87140  -45.145  6.173  29.557 0.0000000000
86400  -45.331  5.620  28.161 0.0000000000
87156  -45.841  5.906  27.575 0.0000000000
86408  -46.326  6.048  26.869 0.0000000000
87081  -49.694  6.765  35.619 0.0000000000
87080  -48.858  6.525  35.422 0.0000000000
87107  -48.241  6.955  34.088 0.0000000000
117449  -47.807  7.795  32.804 0.0000000000
88586  -51.260  8.183  33.142 0.0000000000
87870  -50.478  8.155  32.918 0.0000000000
88616  -50.060  9.015  31.258 0.0000000000
88600  -50.117  8.539  32.095 0.0000000000
87869  -49.639  8.044  32.819 0.0000000000
87868  -48.782  7.897  32.842 0.0000000000
140717  -48.384  8.244  32.292 0.0000000000
87889  -47.142  8.126  30.491 0.0000000000
87896  -46.747  7.549  29.280 0.0000000000
88638  -47.745  8.342  29.390 0.0000000000
87906  -47.378  7.908  28.856 0.0000000000
87905  -46.840  7.374  28.461 0.0000000000
87165  -46.724  6.136  26.042 0.0000000000
87171  -46.955  6.165  25.192 0.0000000000
87180  -48.255  7.040  25.049 0.0000000000
87205  -48.013  7.487  20.697 0.0000000000
88672  -50.211  8.342  25.027 0.0000000000
87945  -49.842  7.797  23.528 0.0000000000
87946  -50.537  8.175  22.943 0.0000000000
87956  -50.083  7.907  22.382 0.0000000000
118216  -48.625  7.312  21.466 0.0000000000
87214  -47.599  7.877  19.914 0.0000000000
87993  -46.650  7.992  18.850 0.0000000000
87992  -46.179  7.900  18.484 0.0000000000
88714  -47.694  8.204  20.178 0.0000000000
88712  -46.524  8.242  19.183 0.0000000000
137184  -44.972  7.699  19.182 0.0000000000
88678  -48.118  8.823  23.447 0.0000000000
120057  -47.348  8.492  23.622 0.0000000000
88677  -46.980  8.478  24.438 0.0000000000
88676  -46.427  8.119  23.911 0.0000000000
90723  -52.182  11.815  28.827 0.0000000000
90712  -51.242  11.667  29.586 0.0000000000
139186  -50.034  12.586  27.662 0.0000000000
91445  -49.677  12.639  27.147 0.0000000000
91451  -47.824  12.307  26.881 0.0000000000
90699  -49.108  12.217  31.328 0.0000000000
117376  -48.762  12.708  29.750 0.0000000000
92080  -47.864  13.362  29.350 0.0000000000
90739  -47.109  11.811  26.937 0.0000000000
126011  -46.059  10.328  27.572 0.0000000000
89351  -45.838  9.511  27.373 0.0000000000
89341  -45.520  10.106  28.051 0.0000000000
89350  -45.171  9.200  27.947 0.0000000000
88652  -43.955  8.171  27.878 0.0000000000
88636  -42.614  8.570  29.666 0.0000000000
92075  -43.204  13.271  29.377 0.0000000000
125773  -42.603  12.384  29.293 0.0000000000
90719  -42.128  11.604  29.468 0.0000000000
125634  -41.559  12.569  29.773 0.0000000000
90709  -39.157  12.088  29.896 0.0000000000
92619  -50.922  14.691  37.867 0.0000000000
92616  -47.622  14.715  37.447 0.0000000000
92017  -46.901  14.330  36.987 0.0000000000
92634  -46.282  14.485  36.560 0.0000000000
92031  -45.780  14.205  36.153 0.0000000000
93793  -45.908  16.105  36.293 0.0000000000
92633  -45.864  15.159  36.353 0.0000000000
92055  -44.296  13.516  34.667 0.0000000000
92645  -44.231  14.747  35.263 0.0000000000
92651  -44.017  14.121  34.916 0.0000000000
91368  -43.764  12.914  34.205 0.0000000000
91381  -43.160  12.408  33.714 0.0000000000
76939  -47.304  -5.039  35.466 0.0000000000
84170  -46.884  3.308  16.561 0.0000000000
85726  -46.207  4.410  16.916 0.0000000000
86298  -46.145  5.673  41.475 0.0000000000
86392  -45.266  5.872  28.930 0.0000000000
87037  -52.758  7.047  40.304 0.0000000000
87070  -54.940  6.871  37.161 0.0000000000
87076  -53.339  6.485  37.077 0.0000000000
87123  -45.109  7.043  32.061 0.0000000000
87222  -47.180  8.075  19.408 0.0000000000
87786  -49.972  7.095  42.640 0.0000000000
87787  -50.702  7.347  42.593 0.0000000000
87793  -47.622  6.305  42.114 0.0000000000
87795  -49.213  7.254  42.403 0.0000000000
87796  -51.450  7.422  42.256 0.0000000000
87814  -53.698  7.093  39.472 0.0000000000
87823  -54.960  7.034  37.439 0.0000000000
87865  -45.636  7.323  32.387 0.0000000000
87907  -48.014  8.164  27.939 0.0000000000
88517  -51.141  8.160  42.655 0.0000000000
88547  -53.855  7.356  39.187 0.0000000000
88578  -55.407  8.111  34.542 0.0000000000
88590  -55.483  8.405  33.729 0.0000000000
88591  -55.608  8.636  33.403 0.0000000000
88603  -52.937  8.403  32.559 0.0000000000
88604  -54.139  8.299  32.895 0.0000000000
88618  -51.740  8.773  31.663 0.0000000000
88621  -55.447  9.512  31.710 0.0000000000
88663  -48.983  8.199  26.639 0.0000000000
88681  -51.056  8.614  23.312 0.0000000000
88689  -51.138  9.104  22.828 0.0000000000
88713  -46.994  8.456  19.999 0.0000000000
89217  -52.455  9.613  42.372 0.0000000000
89291  -54.233  9.687  33.845 0.0000000000
89292  -55.186  9.485  33.657 0.0000000000
89294  -55.740  9.138  32.961 0.0000000000
89299  -55.575  9.448  32.313 0.0000000000
89309  -55.440  9.903  30.826 0.0000000000
89322  -55.266  10.216  30.096 0.0000000000
89327  -44.085  10.140  29.183 0.0000000000
89333  -55.070  10.187  29.631 0.0000000000
89342  -50.428  9.520  29.084 0.0000000000
89343  -50.935  9.619  28.302 0.0000000000
89346  -54.299  10.345  28.526 0.0000000000
89386  -51.530  9.632  23.227 0.0000000000
89392  -49.880  8.810  22.107 0.0000000000
89941  -50.451  10.147  38.661 0.0000000000
90005  -54.881  10.824  30.501 0.0000000000
90015  -55.174  10.646  30.032 0.0000000000
90023  -54.869  10.595  28.936 0.0000000000
90048  -53.254  10.949  25.973 0.0000000000
90059  -51.591  10.375  23.659 0.0000000000
90733  -53.777  11.493  27.659 0.0000000000
90756  -52.143  11.343  25.135 0.0000000000
91327  -48.328  12.491  37.761 0.0000000000
91425  -43.104  12.912  29.080 0.0000000000
91434  -47.420  13.193  27.944 0.0000000000
92011  -49.353  13.123  38.354 0.0000000000
92611  -50.537  14.122  38.216 0.0000000000
122328  -48.017  8.582  21.030 0.0000000000
130525  -47.434  7.678  27.991 0.0000000000
130650  -48.761  12.715  27.505 0.0000000000
133321  -52.434  10.124  24.713 0.0000000000
134091  -55.520  8.409  33.938 0.0000000000
135247  -41.976  12.360  29.508 0.0000000000
137015  -52.824  9.464  41.919 0.0000000000
137602  -46.495  14.978  36.783 0.0000000000
138687  -55.144  10.377  31.605 0.0000000000
139751  -47.914  11.293  36.053 0.0000000000
140041  -50.145  0.809  31.014 0.0000000000
