#!ascii label  , from subject sub-v2s18x29495_ses-1 vox2ras=TkReg
790
119936  30.503  -68.416  -3.492 0.6000000238
18816  26.966  -71.421  4.181 0.6999999881
19606  27.510  -70.869  3.123 0.6999999881
20449  29.969  -69.556  2.440 0.8999999762
21340  30.115  -68.300  0.290 0.8000000119
21357  30.047  -68.230  -0.702 0.8000000119
119526  29.330  -68.306  -3.680 0.6000000238
120079  29.999  -68.550  -4.612 0.6999999881
129440  29.700  -68.526  -5.569 0.6999999881
19597  26.409  -70.713  4.191 0.6999999881
18785  25.790  -71.940  5.487 0.6999999881
19625  26.873  -70.428  2.541 0.6999999881
137214  26.994  -70.279  1.918 0.6000000238
19624  27.628  -70.482  2.473 0.6999999881
19623  28.488  -70.138  2.376 0.6999999881
20450  28.528  -69.622  1.708 0.8000000119
21342  28.377  -68.694  0.063 0.8000000119
136965  29.266  -68.503  0.477 0.8000000119
127333  29.329  -68.275  -1.046 0.8000000119
21386  29.636  -68.177  -2.623 0.6000000238
21417  28.972  -68.366  -4.731 0.6000000238
21452  28.984  -67.917  -6.365 0.6999999881
22221  30.168  -67.841  -6.794 0.6999999881
19608  26.149  -70.006  3.711 0.5000000000
18805  25.939  -71.074  5.093 0.6000000238
143087  26.181  -69.556  3.030 0.4000000060
19626  26.349  -70.083  2.829 0.6000000238
19644  26.533  -69.916  1.831 0.5000000000
20490  27.018  -69.508  0.471 0.6000000238
20471  27.739  -69.610  1.111 0.8000000119
20501  27.434  -69.071  0.027 0.6999999881
21373  27.511  -68.621  -1.524 0.6999999881
138046  27.821  -68.457  -2.376 0.6999999881
21418  27.936  -68.035  -4.728 0.5000000000
21433  28.705  -68.158  -5.681 0.6000000238
130908  28.776  -66.703  -6.533 0.6000000238
137508  29.735  -68.070  -6.677 0.6000000238
23033  30.711  -66.670  -6.269 0.5000000000
20436  26.032  -69.939  4.637 0.5000000000
19591  25.623  -70.517  5.516 0.6000000238
142818  24.771  -71.391  6.241 0.6000000238
19598  26.111  -70.378  4.640 0.5000000000
20491  26.558  -69.467  0.965 0.5000000000
21361  26.498  -68.467  -0.341 0.6000000238
21375  26.536  -68.297  -1.152 0.6000000238
132487  26.797  -68.321  -3.115 0.6000000238
120441  27.209  -68.158  -3.889 0.5000000000
21419  26.977  -67.690  -4.663 0.5000000000
21434  27.735  -67.755  -5.371 0.6000000238
23046  27.850  -66.542  -6.420 0.6000000238
23970  29.159  -65.891  -6.382 0.5000000000
24856  30.318  -65.006  -5.364 0.5000000000
24843  31.625  -64.491  -4.319 0.5000000000
135425  30.980  -65.787  -5.352 0.5000000000
20427  25.722  -69.743  5.619 0.5000000000
18773  24.239  -71.277  6.686 0.5000000000
21302  26.118  -69.107  2.758 0.5000000000
22136  26.178  -68.433  1.532 0.4000000060
22964  26.723  -67.356  0.871 0.3000000119
22152  26.318  -67.866  0.464 0.4000000060
22166  26.348  -67.887  -0.278 0.3000000119
22984  27.280  -66.821  -0.372 0.3000000119
22167  26.336  -68.079  -0.568 0.5000000000
22175  26.361  -68.025  -1.511 0.5000000000
23005  26.433  -67.291  -2.777 0.5000000000
21420  26.576  -67.922  -3.668 0.5000000000
22208  26.704  -67.091  -5.059 0.5000000000
140417  26.903  -66.697  -5.835 0.6000000238
23047  27.208  -66.449  -6.221 0.6000000238
24857  29.494  -65.004  -5.983 0.5000000000
130698  31.178  -64.095  -4.732 0.5000000000
21291  26.208  -68.929  4.614 0.5000000000
22122  26.646  -68.144  2.966 0.5000000000
22951  26.811  -67.372  1.692 0.4000000060
22135  26.383  -67.967  2.024 0.5000000000
22963  27.364  -66.762  1.315 0.4000000060
23855  27.947  -66.237  0.072 0.3000000119
22997  27.175  -66.845  -1.294 0.3000000119
23004  26.929  -66.775  -2.227 0.4000000060
23013  26.408  -66.948  -3.730 0.5000000000
23021  26.540  -66.848  -4.633 0.4000000060
23971  28.264  -65.822  -6.446 0.5000000000
25805  28.622  -63.488  -6.426 0.5000000000
24869  29.028  -64.127  -6.313 0.5000000000
25787  31.566  -63.666  -4.549 0.5000000000
135599  31.184  -63.178  -5.152 0.4000000060
121683  30.640  -64.087  -5.178 0.5000000000
21280  25.956  -68.910  5.727 0.5000000000
138472  26.533  -68.507  4.505 0.5000000000
22121  27.296  -67.627  3.534 0.5000000000
22950  27.659  -66.816  2.295 0.4000000060
22962  28.132  -66.287  1.676 0.4000000060
22971  27.901  -66.213  0.900 0.3000000119
23873  27.952  -66.252  -0.850 0.3000000119
23892  27.781  -66.200  -1.759 0.4000000060
23911  27.446  -66.093  -2.646 0.4000000060
119743  27.477  -65.160  -3.835 0.4000000060
23012  26.685  -66.672  -3.034 0.4000000060
23928  26.698  -66.443  -4.365 0.4000000060
23941  26.804  -66.304  -5.041 0.5000000000
23954  27.229  -65.495  -5.933 0.5000000000
23048  26.987  -66.140  -6.093 0.6000000238
25804  29.385  -63.188  -6.169 0.4000000060
25796  29.861  -64.103  -5.733 0.5000000000
127102  26.916  -67.943  4.971 0.4000000060
22949  28.465  -66.297  2.433 0.4000000060
22937  27.947  -67.075  3.999 0.4000000060
131600  28.521  -65.835  1.239 0.4000000060
23872  28.610  -65.588  -0.359 0.4000000060
24808  28.785  -64.813  -1.694 0.4000000060
23910  28.213  -65.465  -2.175 0.4000000060
24820  27.791  -65.291  -3.062 0.4000000060
132148  27.501  -64.597  -4.483 0.5000000000
124860  27.353  -64.979  -5.275 0.5000000000
24858  27.542  -64.379  -5.829 0.6000000238
25806  28.091  -63.204  -6.411 0.5000000000
26767  28.131  -62.339  -6.282 0.4000000060
26766  29.077  -62.285  -6.235 0.4000000060
22099  27.259  -67.215  5.363 0.4000000060
23826  29.060  -65.968  2.931 0.4000000060
22928  28.498  -66.448  4.372 0.4000000060
23840  28.948  -65.746  2.011 0.4000000060
143976  29.148  -65.122  -0.349 0.4000000060
24819  28.519  -64.636  -2.597 0.4000000060
133988  27.517  -63.973  -5.241 0.4000000060
25807  27.790  -63.717  -6.162 0.6000000238
23811  28.902  -65.694  4.715 0.4000000060
23816  29.523  -65.408  3.348 0.4000000060
134933  29.670  -65.067  2.087 0.4000000060
23853  29.266  -65.267  1.154 0.4000000060
24795  29.431  -64.570  -0.306 0.4000000060
25749  29.640  -63.690  -0.652 0.4000000060
25754  29.552  -63.528  -1.542 0.5000000000
24818  29.201  -64.122  -2.119 0.4000000060
25764  28.863  -63.831  -2.975 0.3000000119
25776  29.107  -63.039  -3.189 0.3000000119
25777  28.470  -63.372  -3.812 0.4000000060
26749  27.692  -62.154  -5.389 0.4000000060
27741  27.618  -61.826  -5.794 0.4000000060
27749  27.649  -62.009  -6.007 0.5000000000
22919  28.298  -66.128  5.252 0.4000000060
24776  29.912  -64.513  1.500 0.4000000060
25742  29.796  -63.800  0.204 0.4000000060
26709  29.805  -62.887  -0.944 0.3000000119
25763  29.394  -63.352  -2.400 0.3000000119
26736  29.218  -62.257  -3.216 0.3000000119
26737  28.648  -62.509  -3.901 0.3000000119
27733  27.736  -61.354  -5.542 0.4000000060
28678  28.016  -60.645  -5.548 0.4000000060
24766  29.945  -64.758  3.657 0.3000000119
24775  30.224  -64.411  2.351 0.3000000119
125106  30.433  -63.830  1.812 0.3000000119
25741  30.312  -63.195  0.646 0.3000000119
136212  30.212  -62.401  -0.472 0.3000000119
26708  30.145  -62.122  -1.162 0.3000000119
120780  29.746  -62.652  -1.864 0.4000000060
143701  29.843  -61.454  -2.510 0.4000000060
26724  29.628  -62.055  -2.530 0.3000000119
27705  29.439  -61.518  -3.140 0.3000000119
123706  28.204  -61.076  -4.673 0.3000000119
119232  28.050  -59.701  -5.229 0.4000000060
29681  27.618  -58.860  -5.063 0.4000000060
27694  30.024  -61.778  -1.922 0.4000000060
29648  30.145  -59.316  -2.947 0.4000000060
28650  29.711  -60.054  -3.333 0.4000000060
28651  28.965  -59.984  -3.986 0.3000000119
121727  28.349  -60.297  -4.616 0.4000000060
29662  28.357  -59.546  -4.558 0.4000000060
30592  27.109  -58.418  -5.041 0.4000000060
29672  27.971  -59.815  -5.170 0.4000000060
29649  29.232  -59.194  -3.779 0.4000000060
29663  28.193  -58.753  -4.425 0.4000000060
30584  27.101  -58.368  -4.868 0.4000000060
30601  27.103  -58.285  -5.165 0.3000000119
31505  26.656  -58.007  -5.022 0.3000000119
20470  29.425  -69.217  1.734 0.8000000119
21404  28.231  -68.242  -3.874 0.6000000238
21358  28.497  -68.463  -0.857 0.6999999881
21387  28.580  -68.220  -2.905 0.6999999881
23045  29.803  -66.928  -6.550 0.6000000238
21323  26.170  -68.719  1.146 0.4000000060
21343  26.290  -68.478  0.530 0.4000000060
20502  26.981  -69.055  -0.302 0.6999999881
21374  26.823  -68.592  -1.516 0.6999999881
126784  26.144  -69.397  3.780 0.5000000000
21405  26.442  -68.081  -2.887 0.5000000000
22985  26.661  -67.491  -0.767 0.4000000060
138881  26.731  -66.674  -5.305 0.6000000238
134046  27.975  -65.081  -6.349 0.5000000000
24871  27.695  -64.794  -6.128 0.6000000238
24807  29.343  -64.312  -1.225 0.3000000119
26738  28.069  -62.768  -4.645 0.4000000060
127746  28.769  -61.670  -3.874 0.3000000119
28662  29.040  -60.781  -3.759 0.3000000119
30602  26.780  -57.928  -5.161 0.3000000119
17132  33.294  -73.761  3.660 0.6000000238
15270  33.523  -74.730  3.411 0.6000000238
15314  34.794  -75.118  2.166 0.6000000238
16182  35.057  -74.424  1.533 0.6000000238
15294  31.485  -75.833  3.015 0.5000000000
120056  32.092  -75.050  3.545 0.6000000238
17133  32.097  -72.956  4.078 0.6999999881
121354  32.750  -73.158  3.831 0.6999999881
131273  32.179  -75.907  3.324 0.6000000238
18030  33.688  -72.565  2.873 0.6000000238
17148  33.903  -73.340  3.192 0.6000000238
18040  34.123  -72.291  2.064 0.6000000238
129001  34.755  -72.834  1.694 0.6000000238
17158  35.182  -73.490  1.203 0.6000000238
18038  35.209  -72.654  0.825 0.6000000238
18063  35.992  -72.606  -1.073 0.6999999881
15273  31.069  -75.239  3.053 0.6000000238
16134  30.506  -73.605  4.175 0.6999999881
15272  31.637  -75.376  3.295 0.5000000000
17134  31.446  -73.443  4.112 0.6999999881
16153  31.840  -74.262  3.795 0.6999999881
18812  32.251  -71.683  3.559 0.6999999881
18031  33.006  -72.085  3.224 0.6999999881
18840  33.866  -71.478  1.535 0.5000000000
18848  35.123  -71.883  0.410 0.6000000238
19667  35.311  -70.943  -0.728 0.6000000238
18865  35.532  -71.760  -0.418 0.6999999881
20516  35.277  -69.876  -1.763 0.6999999881
18886  36.148  -71.423  -2.060 0.6999999881
19699  35.924  -70.459  -2.187 0.6999999881
123013  39.695  -68.295  -6.668 0.4000000060
131833  37.314  -68.430  -6.945 0.5000000000
20563  36.681  -69.014  -5.686 0.6000000238
19714  36.841  -69.897  -5.061 0.6000000238
20546  35.907  -69.521  -3.233 0.6999999881
14445  28.320  -76.191  1.798 0.5000000000
15297  28.750  -75.794  2.622 0.5000000000
134988  29.279  -74.389  4.082 0.6000000238
15296  30.009  -75.411  2.323 0.5000000000
17113  29.927  -73.068  4.357 0.6999999881
16155  29.749  -74.862  3.526 0.5000000000
139965  30.591  -74.747  3.407 0.6000000238
17996  31.052  -72.120  4.309 0.6999999881
17111  31.459  -72.714  4.242 0.6999999881
19603  31.824  -70.836  3.344 0.6999999881
18841  33.249  -71.114  2.050 0.6999999881
18849  34.465  -71.349  0.720 0.6000000238
19668  34.570  -70.474  -0.401 0.6000000238
19688  34.927  -70.179  -1.070 0.6999999881
20531  35.557  -69.634  -2.499 0.6999999881
20556  35.754  -68.789  -3.804 0.6999999881
20555  36.264  -68.824  -4.706 0.6000000238
15276  26.507  -75.879  3.717 0.5000000000
14465  25.894  -76.404  1.657 0.4000000060
15255  28.197  -75.037  4.099 0.5000000000
14422  27.107  -76.259  3.188 0.5000000000
15275  28.419  -75.587  3.431 0.5000000000
17115  28.091  -73.598  4.507 0.6000000238
143470  28.740  -74.699  4.079 0.6000000238
18801  29.540  -71.605  4.163 0.6999999881
17998  29.279  -72.485  4.299 0.6000000238
143348  30.464  -71.402  4.147 0.6999999881
19621  31.305  -70.131  3.026 0.6999999881
19641  32.767  -70.520  1.957 0.6999999881
19640  33.390  -70.743  1.369 0.6999999881
18850  33.902  -70.926  0.879 0.6999999881
19669  33.864  -70.126  -0.124 0.6999999881
20497  34.202  -69.812  -0.761 0.6999999881
20517  34.486  -69.525  -1.483 0.8000000119
21399  35.282  -68.941  -2.989 0.6999999881
21456  36.081  -67.864  -6.942 0.5000000000
21413  35.947  -68.319  -5.567 0.6000000238
126912  35.391  -68.152  -4.604 0.6000000238
126811  24.730  -75.699  2.156 0.4000000060
16138  26.838  -74.624  4.744 0.6000000238
15256  27.395  -75.073  4.347 0.6000000238
17999  28.370  -72.722  4.334 0.6000000238
18813  28.921  -71.242  3.832 0.6000000238
19622  30.361  -70.057  3.119 0.6999999881
20447  31.587  -69.788  2.385 0.6999999881
19620  32.089  -70.322  2.602 0.6999999881
119097  31.805  -69.241  1.203 0.8000000119
20486  32.388  -69.472  0.737 0.8000000119
20485  33.152  -69.688  0.155 0.6000000238
20518  33.613  -69.288  -1.190 0.6000000238
21401  33.887  -68.104  -3.587 0.8000000119
21382  34.446  -68.596  -2.807 0.6999999881
138812  36.645  -67.274  -7.300 0.5000000000
22227  35.979  -67.326  -7.299 0.6000000238
21446  34.197  -67.679  -6.247 0.6999999881
23051  36.277  -66.539  -7.312 0.6000000238
15258  25.296  -75.329  4.311 0.5000000000
15278  23.940  -75.151  3.562 0.4000000060
16156  22.980  -74.621  3.349 0.4000000060
128307  26.048  -75.087  4.635 0.5000000000
120998  25.695  -75.799  3.636 0.5000000000
17116  27.308  -73.806  4.821 0.6000000238
18803  27.716  -71.999  4.159 0.6000000238
18814  28.113  -71.383  3.618 0.6000000238
135914  29.386  -70.119  2.885 0.6999999881
20448  30.851  -69.594  2.486 0.8000000119
21321  31.205  -68.820  1.166 0.8000000119
20500  31.590  -68.672  -0.292 0.6000000238
21370  32.375  -68.639  -1.786 0.6000000238
21369  33.153  -68.798  -1.876 0.6999999881
121561  32.940  -68.220  -4.353 0.6999999881
140445  33.443  -68.021  -5.704 0.6999999881
22228  35.279  -67.378  -7.076 0.6000000238
22229  34.012  -66.989  -7.209 0.6000000238
23976  34.234  -65.978  -7.073 0.6000000238
23974  35.793  -65.855  -7.208 0.6000000238
23967  34.755  -65.633  -6.794 0.6000000238
16119  25.261  -74.261  5.339 0.5000000000
16140  24.584  -74.818  4.887 0.5000000000
16141  23.563  -74.900  4.366 0.5000000000
122916  22.210  -74.460  3.207 0.5000000000
17976  26.299  -72.577  5.309 0.5000000000
17088  25.953  -73.577  5.422 0.5000000000
18815  27.417  -71.275  3.680 0.6000000238
21356  30.830  -68.371  -0.411 0.6999999881
123008  30.646  -68.328  -2.278 0.6000000238
141544  32.036  -68.530  -2.401 0.6000000238
120887  31.608  -68.536  -4.659 0.6000000238
130972  32.132  -68.478  -5.225 0.6000000238
21448  32.412  -67.962  -6.472 0.6000000238
22218  33.609  -67.338  -6.883 0.6999999881
23965  36.308  -65.528  -6.682 0.5000000000
23935  35.111  -65.501  -4.873 0.4000000060
17977  25.517  -72.775  5.692 0.5000000000
17073  24.207  -73.426  6.027 0.5000000000
17091  23.509  -73.970  5.778 0.5000000000
16142  22.190  -74.500  4.611 0.5000000000
15260  21.161  -74.909  4.362 0.5000000000
136940  20.791  -74.920  4.817 0.5000000000
130954  31.310  -68.620  -5.445 0.6000000238
21449  31.263  -68.252  -6.553 0.4000000060
23043  32.294  -67.006  -6.821 0.5000000000
138857  33.232  -66.007  -6.155 0.4000000060
23950  34.513  -65.649  -5.816 0.4000000060
23968  33.541  -66.295  -6.839 0.5000000000
17978  24.771  -72.788  6.030 0.6000000238
17963  24.032  -72.720  6.488 0.5000000000
17074  23.380  -73.333  6.423 0.5000000000
16122  21.818  -74.282  5.343 0.5000000000
134051  21.139  -74.639  5.009 0.5000000000
16144  20.392  -74.862  5.152 0.5000000000
15262  19.638  -75.412  4.912 0.4000000060
15263  18.779  -75.593  4.745 0.5000000000
15281  18.372  -76.211  3.511 0.4000000060
134173  18.022  -75.570  2.988 0.4000000060
14467  18.382  -77.004  1.503 0.4000000060
22220  30.922  -67.922  -6.832 0.6000000238
23044  31.352  -67.312  -6.653 0.4000000060
23952  32.337  -66.002  -5.436 0.4000000060
23936  34.104  -65.617  -4.703 0.4000000060
123094  23.918  -72.045  6.796 0.5000000000
17075  22.535  -73.242  6.727 0.4000000060
17076  21.637  -73.268  6.761 0.4000000060
129940  20.990  -73.689  6.364 0.5000000000
17078  19.840  -72.818  6.390 0.4000000060
16125  19.005  -74.441  5.509 0.5000000000
17096  18.546  -73.812  5.407 0.4000000060
18002  17.990  -73.336  4.800 0.5000000000
133902  18.345  -75.055  4.804 0.5000000000
17118  17.603  -73.805  4.019 0.3000000119
130563  17.828  -74.997  2.398 0.3000000119
16171  18.017  -75.004  1.091 0.3000000119
18774  23.429  -71.607  7.295 0.5000000000
17951  22.659  -71.881  7.522 0.5000000000
17966  21.310  -72.447  7.193 0.4000000060
19577  24.367  -70.378  6.770 0.4000000060
19578  23.613  -70.722  7.256 0.4000000060
18758  22.931  -71.059  7.573 0.4000000060
19561  21.665  -70.674  7.283 0.4000000060
20415  24.541  -69.544  6.825 0.4000000060
20416  23.779  -69.853  7.220 0.4000000060
19560  22.420  -70.514  7.476 0.4000000060
21267  24.671  -68.742  6.831 0.4000000060
20402  22.278  -69.235  7.234 0.4000000060
132028  21.342  -70.095  6.943 0.4000000060
20418  20.842  -69.906  6.375 0.4000000060
119269  24.083  -68.331  7.065 0.4000000060
22101  26.009  -67.959  6.129 0.3000000119
21269  22.695  -68.650  7.229 0.4000000060
21270  21.944  -68.420  6.781 0.4000000060
129665  20.860  -69.187  5.941 0.4000000060
22090  26.086  -67.084  6.309 0.4000000060
20437  20.243  -69.505  4.741 0.4000000060
21292  20.482  -68.757  4.654 0.4000000060
22921  26.782  -66.714  6.016 0.3000000119
22909  25.436  -66.619  6.531 0.4000000060
22910  24.571  -66.877  6.702 0.4000000060
22094  22.887  -67.164  6.687 0.4000000060
22095  22.058  -67.374  6.433 0.4000000060
21282  20.855  -68.456  5.474 0.4000000060
135475  21.915  -66.710  5.968 0.3000000119
21385  31.401  -68.503  -2.830 0.6000000238
18001  26.822  -73.208  5.067 0.5000000000
21416  30.539  -68.633  -5.477 0.6000000238
141009  31.632  -65.959  -5.305 0.4000000060
16183  34.640  -74.307  2.502 0.6000000238
19687  35.626  -70.708  -1.460 0.6999999881
133648  34.862  -69.212  -2.229 0.6999999881
22225  37.991  -68.234  -6.923 0.5000000000
22226  37.232  -67.704  -7.164 0.5000000000
19719  37.070  -69.918  -5.962 0.5000000000
21455  36.854  -68.438  -6.781 0.4000000060
21444  36.403  -68.382  -6.423 0.6000000238
14446  27.705  -76.344  2.582 0.5000000000
19654  32.902  -70.103  1.069 0.6999999881
21429  35.165  -67.871  -5.704 0.6000000238
20498  33.595  -69.629  -0.495 0.6999999881
21383  33.523  -68.456  -2.657 0.8000000119
21414  34.544  -68.011  -4.256 0.6999999881
15299  24.401  -75.416  2.869 0.4000000060
20499  32.422  -69.104  -0.237 0.6000000238
20519  32.787  -68.964  -1.119 0.6000000238
130975  32.918  -68.285  -5.255 0.6999999881
21415  33.746  -68.032  -4.664 0.6999999881
23964  37.073  -65.552  -6.525 0.5000000000
23041  37.625  -65.954  -6.741 0.5000000000
140369  34.665  -66.982  -7.310 0.6000000238
138231  31.545  -68.454  -1.798 0.6999999881
21384  32.095  -68.495  -3.142 0.6999999881
21402  32.188  -68.390  -4.064 0.6999999881
23042  33.063  -66.792  -7.039 0.6000000238
23975  34.964  -65.824  -7.222 0.6000000238
23949  35.364  -65.402  -6.071 0.6000000238
17090  24.395  -74.131  5.542 0.5000000000
16120  23.644  -74.534  5.157 0.5000000000
120562  30.923  -68.589  -4.604 0.6000000238
135156  31.909  -68.232  -6.378 0.6000000238
14450  18.559  -77.000  2.870 0.3000000119
128059  31.935  -67.672  -6.620 0.5000000000
23937  33.240  -65.335  -4.218 0.4000000060
16124  19.755  -74.543  5.505 0.5000000000
16146  17.916  -74.601  4.471 0.4000000060
15303  18.161  -75.746  1.462 0.4000000060
22091  25.385  -67.486  6.558 0.4000000060
21268  23.391  -68.458  7.210 0.4000000060
12009  44.228  -79.610  -4.351 0.3000000119
122193  44.617  -79.329  -5.003 0.3000000119
16297  36.010  -75.157  -6.098 0.4000000060
129007  37.674  -74.054  -4.360 0.4000000060
15401  37.826  -75.465  -4.481 0.4000000060
15390  38.510  -75.209  -3.783 0.4000000060
17244  36.163  -73.798  -7.116 0.4000000060
15415  35.184  -75.575  -5.702 0.4000000060
131711  34.960  -75.754  -5.341 0.4000000060
16267  35.156  -75.192  -4.651 0.5000000000
140754  35.424  -75.388  -4.026 0.5000000000
16248  35.574  -74.843  -3.494 0.5000000000
17230  37.888  -72.862  -5.619 0.4000000060
142567  36.500  -74.386  -5.970 0.5000000000
16298  35.470  -74.788  -6.244 0.5000000000
14528  36.151  -75.774  -2.382 0.5000000000
18085  38.330  -72.600  -4.755 0.5000000000
17218  37.269  -73.783  -5.462 0.5000000000
18079  38.519  -72.851  -3.888 0.5000000000
125196  38.347  -73.824  -3.587 0.4000000060
17198  38.885  -73.960  -2.841 0.4000000060
15389  39.177  -75.533  -3.437 0.4000000060
15377  39.600  -75.223  -2.714 0.4000000060
127730  40.971  -76.845  -3.552 0.3000000119
13644  41.788  -77.334  -4.043 0.4000000060
18103  38.061  -72.129  -7.185 0.4000000060
18105  36.492  -72.893  -7.215 0.4000000060
18098  36.134  -72.791  -6.856 0.4000000060
18096  38.613  -72.015  -6.857 0.4000000060
18097  37.493  -72.744  -7.136 0.4000000060
17243  36.699  -73.255  -7.221 0.4000000060
17233  35.060  -74.132  -6.020 0.4000000060
17219  35.192  -74.030  -5.270 0.5000000000
130065  35.213  -74.504  -4.767 0.5000000000
18901  39.167  -71.549  -6.272 0.4000000060
18090  38.074  -72.507  -6.717 0.4000000060
17231  36.641  -73.792  -6.691 0.4000000060
120188  35.643  -73.250  -4.613 0.5000000000
17207  35.559  -73.834  -4.231 0.5000000000
121401  35.936  -74.666  -2.475 0.5000000000
16228  36.095  -74.056  -1.936 0.6000000238
17191  36.126  -73.360  -2.169 0.6000000238
129027  36.139  -75.096  -0.913 0.6000000238
18885  36.359  -71.183  -2.939 0.6000000238
18075  36.201  -72.366  -1.987 0.6000000238
136894  36.115  -74.498  -0.743 0.5000000000
16246  39.431  -74.397  -2.488 0.4000000060
17170  35.583  -73.342  0.308 0.5000000000
14540  40.084  -76.102  -3.193 0.4000000060
15376  40.374  -75.704  -2.297 0.4000000060
14526  40.964  -76.466  -2.753 0.4000000060
18905  36.782  -72.097  -7.071 0.4000000060
18902  36.604  -71.802  -6.387 0.5000000000
18087  35.879  -72.717  -4.934 0.5000000000
18898  36.327  -71.831  -4.633 0.5000000000
138551  35.876  -73.671  -3.252 0.5000000000
123948  36.630  -70.685  -4.302 0.5000000000
138009  36.119  -72.954  -2.765 0.6000000238
19707  36.349  -70.357  -3.462 0.6000000238
124231  36.208  -72.233  -2.853 0.6000000238
12024  43.129  -79.996  -4.553 0.3000000119
12008  45.313  -79.271  -4.265 0.3000000119
14523  43.897  -77.178  -2.557 0.3000000119
19722  39.610  -70.585  -6.819 0.4000000060
20571  39.266  -70.180  -6.946 0.4000000060
19725  38.497  -70.507  -7.103 0.4000000060
137446  37.054  -72.204  -7.323 0.4000000060
19723  37.670  -70.312  -6.826 0.4000000060
136481  36.976  -70.789  -5.887 0.5000000000
19724  37.269  -70.924  -6.508 0.4000000060
17183  36.147  -73.437  -1.352 0.6000000238
16217  35.878  -74.014  -0.236 0.5000000000
20573  37.965  -69.921  -7.018 0.4000000060
16318  35.627  -73.884  -6.973 0.4000000060
15359  36.101  -75.164  -1.887 0.5000000000
13629  43.730  -77.349  -3.393 0.3000000119
18908  37.627  -71.813  -7.262 0.4000000060
18086  36.022  -72.539  -5.866 0.5000000000
18894  36.135  -72.286  -3.880 0.6000000238
27719  28.096  -61.902  -4.699 0.3000000119
12022  45.601  -79.016  -4.303 0.3000000119
13565  18.720  -77.647  2.239 0.3000000119
14407  19.295  -76.175  4.467 0.5000000000
14408  18.636  -76.088  4.292 0.5000000000
14423  26.201  -76.253  3.088 0.5000000000
14444  31.344  -76.434  2.671 0.5000000000
14447  26.780  -76.459  2.546 0.5000000000
14461  34.825  -75.970  1.955 0.6000000238
14463  27.298  -76.500  1.903 0.5000000000
14480  25.971  -76.328  0.824 0.4000000060
14513  36.209  -75.897  -1.161 0.5000000000
15244  18.989  -74.997  5.215 0.5000000000
15257  26.708  -75.369  4.291 0.6000000238
15259  24.441  -75.238  4.172 0.4000000060
15261  20.426  -75.329  4.677 0.5000000000
15274  30.299  -75.190  2.976 0.6000000238
15277  24.853  -75.532  3.581 0.4000000060
15280  20.716  -75.733  4.005 0.5000000000
15282  18.127  -75.449  4.163 0.4000000060
15298  25.315  -75.971  2.836 0.4000000060
15302  18.271  -76.383  2.173 0.4000000060
15378  35.816  -75.203  -3.024 0.5000000000
16118  26.031  -74.415  5.076 0.5000000000
16121  22.781  -74.345  5.306 0.5000000000
16123  20.835  -74.231  5.702 0.5000000000
16135  29.775  -73.785  4.232 0.6999999881
16136  28.531  -74.290  4.348 0.6000000238
16137  27.739  -74.430  4.529 0.6000000238
16139  25.450  -74.802  4.880 0.5000000000
16143  21.634  -74.600  4.579 0.5000000000
16145  18.385  -74.508  5.106 0.5000000000
16152  32.680  -74.484  3.714 0.6000000238
16154  30.132  -74.282  3.888 0.5000000000
16157  22.549  -74.617  3.998 0.5000000000
16159  17.737  -74.734  3.539 0.4000000060
16169  22.436  -74.353  2.439 0.4000000060
16247  38.832  -74.663  -3.201 0.4000000060
16281  38.038  -74.655  -3.991 0.4000000060
16283  35.037  -74.904  -5.638 0.4000000060
16299  35.256  -74.521  -6.294 0.4000000060
16317  35.574  -74.089  -6.846 0.4000000060
16333  35.788  -73.905  -7.072 0.4000000060
17089  25.026  -73.521  5.706 0.5000000000
17092  22.551  -73.831  6.022 0.5000000000
17093  21.660  -73.823  6.111 0.4000000060
17094  20.115  -73.746  6.137 0.5000000000
17095  19.206  -73.308  5.914 0.4000000060
17112  30.782  -72.855  4.361 0.6999999881
17114  29.033  -73.477  4.352 0.6000000238
17117  17.980  -74.018  4.812 0.5000000000
17159  34.788  -73.608  2.080 0.6000000238
17197  39.450  -73.623  -2.450 0.4000000060
17199  35.869  -74.214  -2.872 0.5000000000
17217  37.936  -73.286  -4.496 0.5000000000
17232  36.083  -74.231  -6.737 0.4000000060
17252  36.044  -73.670  -7.117 0.4000000060
17952  21.898  -71.963  7.487 0.4000000060
17964  23.205  -72.548  7.095 0.4000000060
17965  22.203  -72.586  7.269 0.5000000000
17995  31.832  -72.223  4.041 0.6999999881
17997  30.180  -72.235  4.343 0.6999999881
18000  27.557  -72.925  4.590 0.6000000238
18016  33.259  -72.895  3.531 0.6000000238
18017  32.539  -72.507  3.723 0.6999999881
18029  34.343  -73.028  2.512 0.6000000238
18039  34.642  -72.059  1.249 0.6000000238
18049  35.607  -72.554  -0.058 0.5000000000
18080  35.932  -73.064  -3.606 0.5000000000
18089  38.637  -72.151  -5.711 0.4000000060
18091  35.522  -73.585  -6.610 0.4000000060
18099  35.882  -73.451  -7.028 0.4000000060
18104  37.184  -72.497  -7.331 0.4000000060
18759  22.150  -71.290  7.499 0.4000000060
18786  25.265  -71.404  5.819 0.6000000238
18787  24.623  -71.984  6.292 0.6000000238
18800  31.420  -71.458  3.908 0.6999999881
18802  28.653  -71.919  4.078 0.6000000238
18804  26.428  -71.634  4.854 0.6999999881
18829  33.439  -71.776  2.448 0.6999999881
18866  34.884  -71.168  -0.023 0.6000000238
18878  35.874  -71.616  -1.247 0.6999999881
18904  38.763  -71.591  -6.985 0.4000000060
18906  39.030  -70.952  -7.071 0.4000000060
18907  38.330  -71.366  -7.183 0.4000000060
19559  23.109  -70.224  7.498 0.4000000060
19592  24.902  -70.849  6.222 0.5000000000
19602  32.675  -71.175  2.772 0.6999999881
19604  30.865  -70.689  3.635 0.6999999881
19605  28.564  -70.714  3.177 0.6000000238
19607  26.809  -70.714  3.415 0.6999999881
19642  32.170  -69.785  1.723 0.6999999881
19643  27.659  -70.067  1.799 0.6999999881
19652  34.234  -70.711  0.279 0.6999999881
19653  33.561  -70.391  0.583 0.6999999881
19708  36.088  -70.179  -2.819 0.6999999881
19726  37.903  -70.918  -7.152 0.4000000060
19727  37.428  -71.484  -7.069 0.4000000060
20401  23.132  -69.316  7.415 0.4000000060
20403  21.931  -69.940  7.272 0.4000000060
20414  25.299  -69.248  6.387 0.5000000000
20417  21.469  -69.339  6.723 0.4000000060
20428  25.106  -70.064  6.285 0.5000000000
20451  26.213  -69.433  2.276 0.4000000060
20468  31.380  -69.325  1.808 0.6999999881
20469  30.462  -69.029  1.724 0.8000000119
20472  26.937  -69.945  1.291 0.6000000238
20473  26.245  -69.223  1.452 0.4000000060
20487  31.769  -68.939  0.507 0.8000000119
20488  28.711  -68.990  0.992 0.8000000119
20489  27.831  -69.219  0.516 0.6999999881
20492  26.282  -68.971  0.726 0.5000000000
20503  26.661  -69.022  0.144 0.6000000238
20504  26.411  -68.627  0.237 0.5000000000
20520  26.809  -68.667  -0.715 0.6999999881
20532  34.009  -68.954  -2.022 0.8000000119
20545  36.384  -69.564  -4.014 0.6000000238
20569  37.528  -69.226  -6.768 0.5000000000
20570  37.235  -69.357  -6.397 0.5000000000
21266  25.396  -68.401  6.478 0.4000000060
21271  21.262  -68.659  6.214 0.4000000060
21279  26.418  -68.330  5.365 0.5000000000
21281  21.374  -67.929  6.075 0.4000000060
21301  26.296  -68.753  3.491 0.5000000000
21310  26.217  -68.612  2.378 0.5000000000
21311  26.085  -68.930  1.893 0.4000000060
21322  29.750  -68.609  1.107 0.8000000119
21339  31.029  -68.527  0.415 0.8000000119
21341  29.297  -68.338  -0.271 0.8000000119
21355  32.032  -68.695  -1.040 0.6999999881
21359  27.564  -68.780  -0.597 0.6999999881
21360  27.056  -68.790  -0.972 0.6999999881
21362  26.355  -68.293  0.047 0.5000000000
21371  29.883  -68.223  -1.620 0.8000000119
21372  28.777  -68.266  -1.841 0.6999999881
21388  27.504  -68.394  -3.122 0.6999999881
21389  26.954  -68.589  -2.385 0.6000000238
21390  26.538  -68.259  -2.112 0.6000000238
21400  34.930  -68.361  -3.628 0.6999999881
21403  31.455  -68.484  -3.800 0.6000000238
21430  34.490  -67.867  -5.154 0.6999999881
21431  31.657  -68.519  -6.087 0.4000000060
21432  30.927  -68.561  -6.188 0.6000000238
21445  35.614  -67.928  -6.449 0.6000000238
21447  33.104  -67.830  -6.433 0.6999999881
21450  30.429  -68.251  -6.639 0.6999999881
21451  29.655  -68.322  -6.301 0.6999999881
21453  39.508  -69.282  -6.800 0.4000000060
22092  24.642  -67.890  6.828 0.4000000060
22093  23.686  -67.567  6.933 0.4000000060
22100  26.597  -67.525  5.767 0.3000000119
22102  21.465  -67.172  5.731 0.3000000119
22103  20.718  -67.895  4.736 0.4000000060
22108  27.412  -67.533  4.497 0.4000000060
22109  26.865  -68.162  3.989 0.5000000000
22134  27.055  -67.512  2.601 0.4000000060
22142  26.302  -67.879  1.210 0.3000000119
22143  26.201  -68.263  0.819 0.4000000060
22153  26.278  -68.115  0.156 0.4000000060
22181  26.390  -67.871  -2.426 0.5000000000
22188  26.431  -67.612  -3.264 0.5000000000
22196  26.505  -67.345  -4.164 0.5000000000
22206  28.018  -67.670  -6.037 0.6000000238
22207  27.206  -67.332  -5.584 0.6000000238
22217  34.449  -67.316  -6.980 0.6000000238
22219  32.835  -67.473  -6.782 0.6000000238
22222  29.330  -67.561  -6.595 0.6000000238
22223  28.366  -67.308  -6.427 0.6000000238
22224  27.465  -67.059  -6.205 0.6000000238
22230  33.312  -67.062  -7.100 0.6999999881
22920  27.543  -66.434  5.652 0.4000000060
22929  27.946  -66.896  4.927 0.4000000060
22936  28.401  -66.561  3.299 0.4000000060
22972  27.298  -66.779  0.492 0.3000000119
22973  26.705  -67.411  0.077 0.3000000119
22998  26.530  -67.557  -1.750 0.5000000000
23032  31.670  -66.548  -6.129 0.4000000060
23050  37.230  -66.763  -7.119 0.5000000000
23052  35.320  -66.560  -7.392 0.6000000238
23053  34.459  -66.442  -7.295 0.6000000238
23054  33.750  -66.578  -7.161 0.6999999881
23810  29.466  -65.232  4.179 0.3000000119
23817  29.062  -65.964  3.813 0.4000000060
23825  29.472  -65.444  2.655 0.4000000060
23854  28.552  -65.726  0.543 0.3000000119
23871  29.212  -65.200  0.187 0.4000000060
23891  28.433  -65.572  -1.277 0.4000000060
23927  27.086  -66.062  -3.618 0.4000000060
23940  27.171  -65.631  -4.567 0.5000000000
23951  33.198  -65.707  -5.076 0.4000000060
23953  30.070  -65.905  -5.905 0.5000000000
23955  26.852  -66.209  -5.737 0.6000000238
23966  35.505  -65.542  -6.816 0.6000000238
23969  32.713  -66.486  -6.560 0.5000000000
23972  27.475  -65.776  -6.262 0.6000000238
23973  36.703  -65.966  -7.029 0.5000000000
24770  30.347  -64.283  3.178 0.3000000119
24771  29.948  -64.931  2.878 0.4000000060
24784  29.629  -64.563  0.628 0.4000000060
24796  29.010  -64.996  -0.876 0.3000000119
24832  28.051  -64.354  -3.608 0.4000000060
24855  31.009  -64.887  -4.753 0.5000000000
24870  28.176  -64.156  -6.386 0.5000000000
25735  30.129  -63.882  1.012 0.4000000060
25748  30.004  -63.041  -0.149 0.3000000119
25778  27.809  -63.677  -4.537 0.4000000060
25788  27.695  -63.018  -5.309 0.4000000060
25797  27.601  -63.324  -5.812 0.6000000238
26758  27.605  -62.436  -5.808 0.5000000000
26768  27.753  -62.779  -6.124 0.6000000238
27704  30.249  -61.035  -2.131 0.4000000060
28670  27.939  -60.476  -5.356 0.4000000060
29673  27.666  -59.048  -5.090 0.4000000060
31506  26.535  -57.247  -4.663 0.3000000119
31517  27.231  -57.858  -5.415 0.3000000119
120260  29.347  -75.354  3.130 0.5000000000
120295  26.978  -72.292  4.692 0.5000000000
120360  27.470  -75.669  3.775 0.5000000000
120881  28.663  -64.996  -6.346 0.5000000000
121368  25.191  -72.178  5.867 0.6000000238
121462  33.122  -69.328  -0.577 0.6000000238
121622  26.829  -57.615  -4.565 0.4000000060
121863  36.167  -74.573  -1.501 0.6000000238
121982  32.893  -68.238  -3.330 0.6999999881
123545  35.921  -73.297  -0.563 0.5000000000
123822  36.601  -67.890  -7.164 0.4000000060
123855  36.434  -71.280  -3.775 0.5000000000
123934  22.748  -67.909  6.967 0.4000000060
125090  19.336  -74.031  5.782 0.5000000000
125506  30.601  -67.480  -6.699 0.5000000000
125978  32.376  -73.665  3.903 0.6999999881
126503  27.694  -67.132  3.153 0.5000000000
126876  36.219  -73.967  -1.041 0.5000000000
126879  20.546  -69.123  5.263 0.4000000060
127641  22.943  -74.615  4.726 0.5000000000
127650  31.363  -74.800  3.457 0.6999999881
127953  35.531  -74.408  -3.878 0.5000000000
128828  30.974  -74.167  3.778 0.6999999881
129348  26.507  -76.512  1.971 0.4000000060
129983  30.374  -63.216  -5.603 0.5000000000
130350  35.400  -73.419  -5.675 0.5000000000
130742  29.825  -60.846  -2.880 0.4000000060
130834  26.356  -67.910  -0.981 0.5000000000
131155  36.670  -71.284  -5.324 0.5000000000
131732  27.047  -65.750  -5.391 0.5000000000
131920  29.471  -62.699  -2.633 0.3000000119
132737  37.410  -73.174  -6.682 0.4000000060
133592  23.948  -69.031  7.177 0.4000000060
134354  22.596  -69.846  7.433 0.4000000060
135198  32.466  -68.316  -6.042 0.6000000238
135576  32.732  -67.160  -6.920 0.5000000000
136500  30.494  -63.335  1.351 0.3000000119
136547  36.886  -73.385  -7.150 0.4000000060
136761  30.268  -68.542  -6.139 0.6999999881
136985  34.980  -67.623  -6.506 0.6000000238
137478  22.104  -73.564  6.394 0.4000000060
137635  28.945  -75.038  3.722 0.6000000238
138248  26.609  -73.963  5.117 0.5000000000
138717  30.527  -68.546  0.997 0.8000000119
138903  27.896  -76.105  3.177 0.5000000000
139151  30.735  -68.321  -1.288 0.6999999881
139382  26.033  -75.583  4.185 0.5000000000
139497  35.334  -74.073  -6.679 0.4000000060
139956  28.626  -62.898  -6.441 0.4000000060
140061  26.064  -69.445  4.862 0.5000000000
140089  34.011  -65.871  -6.553 0.6000000238
140339  32.687  -68.483  -2.505 0.6999999881
140540  29.726  -70.724  3.714 0.6999999881
140773  38.958  -71.572  -6.782 0.4000000060
142027  33.792  -65.791  -5.660 0.5000000000
142179  26.653  -68.303  -2.641 0.6000000238
142181  26.378  -70.329  3.496 0.6999999881
142370  38.091  -72.333  -7.034 0.4000000060
142518  29.170  -69.720  2.239 0.6999999881
143320  17.692  -72.968  4.165 0.3000000119
143802  31.369  -68.474  -0.967 0.6000000238
