#!ascii label  , from subject sub-v2s18x29497_ses-1 vox2ras=TkReg
1068
59636  24.159  -26.909  66.581 0.0000000000
79023  43.532  -8.069  51.481 0.0000000000
69889  33.467  -16.601  59.045 0.0000000000
52089  5.946  -33.281  79.802 0.0000000000
60543  18.626  -25.104  72.210 0.0000000000
74795  34.826  -11.444  57.483 0.0000000000
55457  12.794  -30.534  75.551 0.0000000000
52084  10.148  -33.772  79.070 0.0000000000
56576  15.822  -29.494  73.598 0.0000000000
79029  48.706  -7.945  50.051 0.0000000000
65550  23.896  -20.483  68.088 0.0000000000
149482  28.218  -21.618  65.286 0.0000000000
61617  28.183  -24.331  69.163 0.0000000000
82705  45.411  -3.609  49.441 0.0000000000
82730  49.582  -3.499  46.257 0.0000000000
79974  40.743  -6.537  54.651 0.0000000000
74849  43.441  -11.493  54.753 0.0000000000
74835  38.589  -11.232  55.663 0.0000000000
70868  38.054  -15.984  58.124 0.0000000000
53250  23.556  -32.993  69.812 0.0000000000
49012  4.430  -37.126  83.114 0.0000000000
48987  0.710  -36.997  85.223 0.0000000000
49975  -0.446  -36.085  89.066 0.0000000000
58615  20.871  -28.272  68.493 0.0000000000
54341  19.859  -31.018  71.888 0.0000000000
151243  28.499  -16.102  62.206 0.0000000000
66566  33.462  -19.156  64.809 0.0000000000
155395  52.552  0.324  46.480 0.0000000000
79032  45.687  -7.764  50.274 0.0000000000
75881  45.915  -10.332  51.682 0.0000000000
140029  24.093  -23.791  67.831 0.0000000000
62605  26.133  -23.143  67.723 0.0000000000
60601  26.769  -25.647  67.387 0.0000000000
80894  43.509  -5.477  52.338 0.0000000000
82689  45.208  -3.317  51.246 0.0000000000
80910  44.669  -5.528  49.904 0.0000000000
80030  46.057  -5.657  48.802 0.0000000000
45776  -0.780  -39.778  88.876 0.0000000000
77929  39.327  -8.560  55.103 0.0000000000
77921  37.455  -8.414  56.648 0.0000000000
72739  33.952  -14.079  57.757 0.0000000000
71829  36.370  -14.233  56.818 0.0000000000
69901  35.608  -16.412  58.335 0.0000000000
68826  36.235  -17.966  60.994 0.0000000000
52086  8.368  -33.630  79.254 0.0000000000
51066  9.287  -34.816  80.479 0.0000000000
51044  6.958  -35.369  80.855 0.0000000000
50033  6.949  -36.871  83.412 0.0000000000
51045  4.965  -34.926  80.730 0.0000000000
51007  1.528  -34.292  84.886 0.0000000000
49977  0.160  -35.388  87.545 0.0000000000
58591  19.621  -26.678  70.145 0.0000000000
56613  19.646  -29.204  69.518 0.0000000000
57605  18.328  -28.279  71.391 0.0000000000
53173  15.876  -32.448  75.523 0.0000000000
55454  17.853  -31.055  75.046 0.0000000000
63577  30.306  -22.401  66.988 0.0000000000
65585  30.860  -20.933  64.678 0.0000000000
77901  36.499  -8.957  58.240 0.0000000000
73778  33.969  -11.946  59.868 0.0000000000
72712  31.725  -14.153  59.644 0.0000000000
53154  13.439  -32.830  75.924 0.0000000000
52104  13.078  -34.075  78.144 0.0000000000
53135  11.314  -32.675  77.022 0.0000000000
54237  9.209  -31.896  78.126 0.0000000000
54232  7.324  -31.455  79.311 0.0000000000
57594  16.876  -27.779  72.705 0.0000000000
58534  15.089  -27.599  74.037 0.0000000000
55474  14.583  -30.404  74.318 0.0000000000
66510  25.544  -18.852  67.989 0.0000000000
67648  27.029  -18.699  65.912 0.0000000000
65576  26.101  -20.601  66.314 0.0000000000
63567  27.449  -22.531  67.663 0.0000000000
85849  48.498  -0.442  47.518 0.0000000000
82720  47.614  -3.494  47.018 0.0000000000
80932  48.547  -5.842  47.968 0.0000000000
79007  42.115  -7.408  53.176 0.0000000000
75873  43.389  -10.151  52.745 0.0000000000
76878  41.183  -9.552  53.999 0.0000000000
75829  40.986  -10.809  55.217 0.0000000000
72754  40.677  -13.531  56.599 0.0000000000
74814  36.515  -11.620  56.393 0.0000000000
71827  38.293  -14.009  56.725 0.0000000000
55568  23.832  -30.114  67.448 0.0000000000
56621  26.643  -29.362  68.358 0.0000000000
79983  43.043  -6.029  54.040 0.0000000000
53087  3.717  -32.052  81.998 0.0000000000
51028  2.723  -34.948  82.801 0.0000000000
47957  2.283  -37.059  83.742 0.0000000000
46941  2.339  -38.585  85.039 0.0000000000
46930  0.767  -38.951  86.315 0.0000000000
46918  -0.158  -38.352  87.729 0.0000000000
47908  -1.421  -37.785  90.021 0.0000000000
47894  -2.499  -36.994  91.134 0.0000000000
58628  22.476  -28.021  67.388 0.0000000000
55555  21.660  -30.526  68.065 0.0000000000
161801  20.975  -32.291  70.382 0.0000000000
56573  17.958  -29.765  73.173 0.0000000000
69876  30.764  -16.228  60.358 0.0000000000
66584  28.061  -19.083  63.543 0.0000000000
67730  30.590  -18.089  62.458 0.0000000000
68809  33.153  -17.947  61.827 0.0000000000
58599  28.151  -27.133  69.973 0.0000000000
85864  54.267  -0.416  45.537 0.0000000000
84813  51.179  -1.149  45.988 0.0000000000
83776  53.581  -2.472  45.275 0.0000000000
77983  44.783  -8.256  50.917 0.0000000000
77971  45.953  -8.948  50.984 0.0000000000
77972  45.107  -8.832  51.176 0.0000000000
61649  24.556  -25.366  66.794 0.0000000000
61648  24.942  -24.673  66.823 0.0000000000
59634  25.592  -26.228  66.583 0.0000000000
79022  43.715  -7.142  51.195 0.0000000000
80902  43.663  -5.374  51.417 0.0000000000
146871  44.346  -7.042  50.642 0.0000000000
79041  45.076  -7.075  50.158 0.0000000000
45777  -1.434  -39.754  89.823 0.0000000000
78975  38.220  -7.058  56.579 0.0000000000
78966  37.565  -7.648  57.844 0.0000000000
70873  33.722  -15.347  58.190 0.0000000000
70889  34.474  -15.286  57.761 0.0000000000
69888  34.277  -16.846  58.977 0.0000000000
68862  35.623  -17.524  59.470 0.0000000000
68863  34.669  -17.542  59.570 0.0000000000
53110  6.674  -32.926  79.535 0.0000000000
51091  7.154  -34.240  79.733 0.0000000000
51069  6.512  -34.586  80.166 0.0000000000
50104  6.058  -35.170  80.678 0.0000000000
52071  5.250  -33.677  80.237 0.0000000000
59583  19.665  -25.964  70.852 0.0000000000
58592  18.981  -27.393  70.403 0.0000000000
59569  18.126  -26.736  71.752 0.0000000000
52137  15.714  -33.392  76.572 0.0000000000
69802  27.800  -16.832  66.759 0.0000000000
63563  32.201  -22.037  67.367 0.0000000000
72695  32.845  -13.073  59.851 0.0000000000
73765  32.686  -12.891  60.767 0.0000000000
54279  12.586  -31.470  75.734 0.0000000000
53155  12.543  -32.418  76.088 0.0000000000
54258  11.918  -31.628  76.190 0.0000000000
162833  10.099  -30.858  77.568 0.0000000000
55424  9.263  -30.765  78.345 0.0000000000
54238  8.597  -31.451  78.562 0.0000000000
59540  15.755  -26.093  73.992 0.0000000000
56536  12.827  -28.942  75.885 0.0000000000
57569  13.828  -28.501  74.994 0.0000000000
154918  13.593  -30.324  74.926 0.0000000000
153240  14.131  -31.874  74.925 0.0000000000
66527  25.245  -19.916  67.001 0.0000000000
65564  24.916  -20.665  67.033 0.0000000000
62598  27.082  -23.155  68.276 0.0000000000
63557  26.629  -22.646  67.790 0.0000000000
63543  28.184  -23.118  68.924 0.0000000000
164054  28.734  -22.998  69.103 0.0000000000
62581  29.381  -23.596  70.128 0.0000000000
147470  45.180  -3.487  50.297 0.0000000000
83754  46.794  -1.942  47.950 0.0000000000
161413  46.380  -3.210  48.133 0.0000000000
163444  46.904  -6.698  49.192 0.0000000000
80933  47.516  -5.773  47.893 0.0000000000
80016  48.576  -6.887  49.135 0.0000000000
77954  41.451  -7.754  53.484 0.0000000000
164382  41.297  -8.372  53.470 0.0000000000
77941  40.736  -8.020  53.801 0.0000000000
76867  39.229  -9.584  55.293 0.0000000000
75843  40.454  -10.191  54.919 0.0000000000
74834  39.867  -10.988  55.452 0.0000000000
73824  40.614  -12.191  56.167 0.0000000000
160090  39.597  -12.635  56.196 0.0000000000
76834  35.600  -10.080  58.539 0.0000000000
75805  36.036  -10.194  57.044 0.0000000000
74794  35.315  -11.512  56.912 0.0000000000
70886  37.417  -15.487  57.632 0.0000000000
71828  37.287  -14.119  56.781 0.0000000000
70885  38.405  -15.330  57.652 0.0000000000
158240  39.552  -14.664  57.290 0.0000000000
54396  24.100  -31.585  68.412 0.0000000000
54374  25.770  -31.295  69.329 0.0000000000
79958  41.354  -5.914  55.204 0.0000000000
79973  41.681  -6.461  54.534 0.0000000000
79984  42.504  -6.657  53.622 0.0000000000
51102  11.684  -34.139  78.661 0.0000000000
51086  11.412  -34.552  79.310 0.0000000000
50060  5.484  -36.657  82.436 0.0000000000
49010  6.410  -37.200  83.688 0.0000000000
141246  5.915  -37.432  84.033 0.0000000000
47955  4.078  -37.670  83.599 0.0000000000
54212  3.605  -31.706  82.935 0.0000000000
52049  3.094  -33.584  82.269 0.0000000000
52040  2.795  -33.136  83.058 0.0000000000
145167  1.024  -35.611  85.092 0.0000000000
50036  1.817  -35.574  84.020 0.0000000000
47949  1.601  -37.268  84.269 0.0000000000
47948  2.526  -37.896  84.310 0.0000000000
47938  1.542  -38.040  84.716 0.0000000000
46929  1.367  -39.187  85.935 0.0000000000
47939  0.786  -37.833  85.350 0.0000000000
48927  -0.115  -35.701  88.294 0.0000000000
47919  -0.175  -37.298  87.801 0.0000000000
164699  -0.234  -36.479  88.277 0.0000000000
47913  -0.526  -37.923  88.499 0.0000000000
48911  -0.973  -36.839  89.685 0.0000000000
58602  22.290  -27.459  68.979 0.0000000000
58612  22.967  -27.049  68.038 0.0000000000
57636  21.733  -28.353  67.846 0.0000000000
56636  22.431  -29.286  67.134 0.0000000000
57637  21.113  -28.877  68.093 0.0000000000
55530  19.583  -29.958  70.292 0.0000000000
55529  20.169  -30.759  69.875 0.0000000000
54340  20.366  -31.652  71.467 0.0000000000
57579  16.087  -28.657  73.377 0.0000000000
56587  17.549  -29.124  72.764 0.0000000000
56559  17.145  -29.993  73.746 0.0000000000
55453  19.005  -31.200  74.977 0.0000000000
140943  43.077  -10.741  53.334 0.0000000000
74876  45.081  -11.285  52.876 0.0000000000
74848  44.354  -11.717  54.354 0.0000000000
71756  28.958  -14.574  62.308 0.0000000000
71767  30.006  -14.491  61.068 0.0000000000
153246  29.527  -15.950  61.161 0.0000000000
65587  27.315  -20.362  65.199 0.0000000000
67684  27.486  -18.953  64.154 0.0000000000
65598  28.465  -20.544  64.157 0.0000000000
65594  32.444  -19.834  64.751 0.0000000000
66581  30.504  -19.225  63.068 0.0000000000
67703  32.015  -18.803  63.082 0.0000000000
68810  31.852  -17.908  62.205 0.0000000000
67701  33.438  -18.395  63.750 0.0000000000
140670  34.097  -18.089  63.075 0.0000000000
57625  27.894  -28.048  69.659 0.0000000000
85853  53.932  0.036  46.001 0.0000000000
84815  48.817  -1.794  46.689 0.0000000000
85858  49.795  -0.759  46.690 0.0000000000
83769  50.060  -2.574  45.897 0.0000000000
82737  52.988  -3.336  45.497 0.0000000000
82736  53.926  -3.514  45.302 0.0000000000
56537  12.292  -29.572  76.087 0.0000000000
56538  11.535  -29.822  76.570 0.0000000000
79030  47.647  -8.002  50.041 0.0000000000
77979  48.371  -8.490  50.419 0.0000000000
77980  47.619  -8.590  50.466 0.0000000000
63558  23.640  -22.119  68.096 0.0000000000
63569  24.766  -22.409  67.366 0.0000000000
62607  24.334  -23.063  67.585 0.0000000000
145130  26.311  -24.781  67.254 0.0000000000
61636  27.155  -24.826  67.899 0.0000000000
163349  44.749  -4.041  53.209 0.0000000000
80893  43.905  -4.530  51.945 0.0000000000
81757  44.404  -4.697  50.323 0.0000000000
81767  44.930  -4.806  49.563 0.0000000000
81779  45.852  -4.554  48.395 0.0000000000
80918  45.378  -5.634  49.322 0.0000000000
79040  45.928  -7.150  49.753 0.0000000000
44724  -0.260  -40.482  88.574 0.0000000000
79960  39.582  -6.277  55.707 0.0000000000
78997  39.592  -7.591  54.865 0.0000000000
78985  39.168  -6.955  55.381 0.0000000000
77930  38.572  -8.214  55.558 0.0000000000
76869  37.801  -9.703  55.866 0.0000000000
73808  33.959  -13.186  57.777 0.0000000000
156336  34.962  -12.279  56.933 0.0000000000
71818  34.592  -14.610  57.455 0.0000000000
70870  35.975  -15.764  57.711 0.0000000000
69900  36.627  -16.406  58.326 0.0000000000
68860  37.414  -17.363  59.831 0.0000000000
147269  36.837  -17.690  60.396 0.0000000000
52206  23.566  -34.021  71.346 0.0000000000
52085  9.233  -33.692  79.147 0.0000000000
51088  9.720  -34.236  79.745 0.0000000000
51089  8.815  -34.177  79.810 0.0000000000
51043  8.623  -35.292  80.983 0.0000000000
50085  8.132  -35.749  81.541 0.0000000000
50059  6.069  -36.285  81.925 0.0000000000
50061  4.056  -36.050  81.950 0.0000000000
52036  2.179  -33.161  84.373 0.0000000000
51004  1.200  -34.230  85.832 0.0000000000
49979  0.786  -35.143  86.017 0.0000000000
49980  0.343  -36.000  86.622 0.0000000000
51002  0.452  -35.011  86.911 0.0000000000
138231  -0.012  -34.791  88.304 0.0000000000
50997  -0.123  -34.268  89.011 0.0000000000
58590  20.277  -27.203  69.441 0.0000000000
57638  20.453  -28.693  68.646 0.0000000000
57627  19.501  -28.373  69.491 0.0000000000
56605  19.180  -28.964  70.128 0.0000000000
56595  19.023  -29.480  70.988 0.0000000000
54292  16.085  -31.151  74.531 0.0000000000
55472  16.559  -30.609  74.282 0.0000000000
54275  16.616  -31.843  75.259 0.0000000000
74810  43.020  -12.089  56.037 0.0000000000
70813  27.566  -15.627  63.750 0.0000000000
63578  29.486  -22.420  66.342 0.0000000000
64580  29.255  -21.612  64.779 0.0000000000
64569  30.681  -21.682  65.427 0.0000000000
65575  32.107  -21.196  65.789 0.0000000000
87792  51.725  1.491  47.328 0.0000000000
157230  -3.096  -38.236  91.068 0.0000000000
76826  35.962  -9.853  59.167 0.0000000000
74778  34.977  -10.726  58.916 0.0000000000
73792  33.928  -11.950  58.845 0.0000000000
73793  33.565  -12.741  58.463 0.0000000000
72721  32.784  -14.040  58.659 0.0000000000
70856  32.244  -15.481  59.046 0.0000000000
52123  14.572  -34.070  77.162 0.0000000000
52103  14.130  -34.263  77.983 0.0000000000
52124  13.535  -33.882  77.251 0.0000000000
52126  11.695  -33.410  77.471 0.0000000000
52127  10.908  -33.205  77.723 0.0000000000
54245  10.848  -31.732  76.948 0.0000000000
53136  10.551  -32.507  77.451 0.0000000000
53119  10.149  -32.996  77.991 0.0000000000
53121  8.677  -32.450  78.529 0.0000000000
53109  7.350  -32.487  79.261 0.0000000000
54233  6.696  -31.928  79.583 0.0000000000
59570  17.418  -26.324  72.309 0.0000000000
59556  16.823  -25.874  72.760 0.0000000000
58547  16.221  -27.657  73.082 0.0000000000
57567  15.200  -28.640  73.753 0.0000000000
58535  14.623  -27.315  74.623 0.0000000000
149295  14.465  -28.871  74.227 0.0000000000
56561  14.931  -29.595  73.918 0.0000000000
54277  14.727  -31.710  74.725 0.0000000000
53174  14.822  -32.403  75.218 0.0000000000
67610  27.383  -17.808  68.107 0.0000000000
67631  27.428  -17.974  67.207 0.0000000000
144199  26.541  -19.138  66.734 0.0000000000
66556  26.684  -20.089  65.856 0.0000000000
64572  26.748  -20.847  65.827 0.0000000000
143870  25.288  -21.885  67.164 0.0000000000
63581  26.565  -21.988  67.077 0.0000000000
63579  28.087  -22.357  66.718 0.0000000000
63565  29.329  -22.525  67.304 0.0000000000
63553  30.531  -22.565  68.544 0.0000000000
85850  47.669  -0.691  47.941 0.0000000000
143690  48.054  -1.902  47.060 0.0000000000
82731  48.692  -3.430  46.563 0.0000000000
81778  46.551  -4.480  47.764 0.0000000000
81789  47.860  -4.448  47.199 0.0000000000
149561  42.914  -8.079  51.982 0.0000000000
76922  43.882  -8.856  51.724 0.0000000000
77961  42.615  -8.570  52.479 0.0000000000
76894  42.276  -9.737  53.208 0.0000000000
157707  41.945  -10.736  54.337 0.0000000000
76879  40.599  -9.460  54.458 0.0000000000
75842  41.185  -10.257  54.576 0.0000000000
74831  42.372  -11.507  55.592 0.0000000000
161496  42.143  -11.918  56.145 0.0000000000
72752  42.392  -13.320  56.868 0.0000000000
77913  36.654  -8.818  57.654 0.0000000000
148978  36.732  -9.985  56.584 0.0000000000
74813  37.251  -11.317  56.060 0.0000000000
146153  35.799  -12.829  56.646 0.0000000000
162324  37.160  -12.819  56.426 0.0000000000
73825  38.589  -12.663  56.180 0.0000000000
72755  39.834  -13.552  56.526 0.0000000000
56645  24.492  -28.885  66.739 0.0000000000
57642  25.970  -28.480  67.087 0.0000000000
56633  25.434  -29.687  67.583 0.0000000000
55539  26.691  -30.192  69.456 0.0000000000
80884  43.427  -5.696  53.387 0.0000000000
79993  42.652  -6.979  52.777 0.0000000000
161395  5.511  -31.895  80.231 0.0000000000
54218  4.963  -31.122  81.387 0.0000000000
53104  4.580  -33.063  80.473 0.0000000000
52059  3.965  -33.529  80.914 0.0000000000
50089  3.616  -35.084  81.735 0.0000000000
50062  3.251  -35.692  82.455 0.0000000000
51015  2.273  -34.428  83.482 0.0000000000
50063  2.676  -35.671  83.014 0.0000000000
49013  3.537  -36.958  83.243 0.0000000000
47947  3.622  -38.109  84.149 0.0000000000
46940  3.307  -38.544  84.810 0.0000000000
45813  0.738  -39.899  87.161 0.0000000000
137555  0.136  -37.043  86.859 0.0000000000
47918  0.102  -37.938  87.010 0.0000000000
45814  0.023  -39.319  87.681 0.0000000000
46911  -0.555  -38.918  88.462 0.0000000000
140573  -0.979  -38.359  89.261 0.0000000000
46906  -1.756  -38.810  90.246 0.0000000000
146997  -1.290  -36.239  90.448 0.0000000000
47901  -1.744  -37.068  90.575 0.0000000000
47902  -2.445  -37.948  90.903 0.0000000000
59623  23.994  -26.181  66.865 0.0000000000
143712  23.412  -26.688  67.332 0.0000000000
154492  23.516  -27.155  66.836 0.0000000000
56635  23.255  -29.385  66.992 0.0000000000
55569  22.893  -30.082  67.422 0.0000000000
54376  22.489  -32.161  68.835 0.0000000000
55541  20.540  -30.351  69.018 0.0000000000
54377  21.572  -31.839  69.052 0.0000000000
53251  22.439  -33.078  70.097 0.0000000000
57592  17.884  -27.790  71.881 0.0000000000
56586  18.237  -29.419  72.435 0.0000000000
55501  18.623  -30.043  72.809 0.0000000000
55470  18.289  -30.795  74.555 0.0000000000
144230  18.520  -30.538  73.946 0.0000000000
54324  19.778  -31.112  72.844 0.0000000000
75882  45.064  -10.143  51.887 0.0000000000
72682  31.138  -13.458  61.126 0.0000000000
70846  30.912  -15.483  59.904 0.0000000000
69875  31.490  -16.430  59.941 0.0000000000
142367  27.150  -18.092  65.773 0.0000000000
68777  27.298  -17.372  63.981 0.0000000000
148433  28.083  -17.089  62.748 0.0000000000
65608  29.341  -20.263  63.726 0.0000000000
160430  29.116  -18.638  62.666 0.0000000000
68813  29.276  -17.232  62.056 0.0000000000
68831  30.592  -17.172  61.450 0.0000000000
144553  32.091  -17.308  60.565 0.0000000000
68846  32.970  -17.429  60.029 0.0000000000
67748  34.697  -18.090  61.397 0.0000000000
58624  27.231  -27.368  67.793 0.0000000000
59605  27.651  -26.729  68.462 0.0000000000
60578  28.225  -25.710  69.669 0.0000000000
59593  29.070  -26.025  70.869 0.0000000000
60566  28.765  -25.357  70.304 0.0000000000
86847  55.145  0.582  45.396 0.0000000000
86844  50.961  0.126  46.631 0.0000000000
85856  51.545  -0.434  46.291 0.0000000000
83768  51.057  -2.871  45.648 0.0000000000
83778  51.785  -1.920  45.635 0.0000000000
85866  52.883  -0.733  45.868 0.0000000000
153952  54.071  -1.094  45.342 0.0000000000
84825  54.517  -1.614  44.897 0.0000000000
154751  44.220  -7.808  50.945 0.0000000000
77973  44.346  -8.531  51.313 0.0000000000
59635  24.690  -26.154  66.566 0.0000000000
58641  25.186  -27.041  66.447 0.0000000000
70855  33.131  -15.836  58.700 0.0000000000
69903  33.926  -16.149  58.531 0.0000000000
68864  33.744  -17.310  59.597 0.0000000000
52088  6.607  -33.811  79.695 0.0000000000
52070  5.954  -34.008  79.976 0.0000000000
60557  18.836  -25.869  71.540 0.0000000000
59584  18.946  -26.585  70.930 0.0000000000
52122  15.588  -33.883  77.247 0.0000000000
139054  16.301  -33.785  77.677 0.0000000000
69789  28.235  -16.817  67.518 0.0000000000
55442  12.034  -30.672  76.060 0.0000000000
56547  12.980  -29.742  75.531 0.0000000000
65565  24.575  -20.123  67.495 0.0000000000
64552  24.344  -20.844  67.467 0.0000000000
61626  27.587  -23.884  68.559 0.0000000000
62597  27.775  -23.203  68.690 0.0000000000
62590  28.271  -23.495  69.075 0.0000000000
62589  28.819  -23.351  69.432 0.0000000000
154459  28.787  -23.916  69.627 0.0000000000
83739  45.701  -2.843  50.667 0.0000000000
83747  45.674  -2.894  49.758 0.0000000000
83746  46.208  -2.317  49.321 0.0000000000
83755  46.424  -2.534  48.445 0.0000000000
82704  45.925  -3.154  48.838 0.0000000000
79038  48.113  -7.440  49.573 0.0000000000
80017  47.580  -6.838  49.143 0.0000000000
44738  1.150  -40.543  87.609 0.0000000000
78995  41.101  -7.217  54.056 0.0000000000
78996  40.308  -7.396  54.379 0.0000000000
75831  38.994  -10.512  55.473 0.0000000000
158749  39.274  -11.277  55.623 0.0000000000
73839  39.856  -11.707  55.879 0.0000000000
73840  38.971  -11.925  55.827 0.0000000000
75793  35.089  -10.714  58.077 0.0000000000
75806  35.391  -10.836  57.242 0.0000000000
163716  24.201  -32.074  68.899 0.0000000000
54375  24.838  -31.810  69.027 0.0000000000
53249  24.690  -32.824  70.091 0.0000000000
79985  41.938  -6.982  53.907 0.0000000000
51103  10.945  -34.017  78.820 0.0000000000
49011  5.524  -37.156  83.138 0.0000000000
49005  5.161  -37.747  83.821 0.0000000000
53079  3.105  -32.214  83.418 0.0000000000
155333  1.378  -35.835  84.489 0.0000000000
48986  1.074  -36.536  84.719 0.0000000000
141765  1.008  -37.378  84.743 0.0000000000
49974  -0.263  -35.134  88.982 0.0000000000
48928  -0.515  -37.046  88.728 0.0000000000
58603  21.414  -27.461  69.185 0.0000000000
58614  21.458  -27.858  68.454 0.0000000000
58613  22.309  -27.620  68.002 0.0000000000
55516  19.389  -30.312  71.357 0.0000000000
55515  19.953  -30.929  70.861 0.0000000000
54323  20.289  -31.653  72.457 0.0000000000
56575  16.644  -29.434  73.427 0.0000000000
56560  16.529  -30.094  73.791 0.0000000000
74862  43.561  -11.304  53.739 0.0000000000
70812  27.899  -15.103  63.276 0.0000000000
71757  28.360  -14.591  62.946 0.0000000000
70826  28.373  -15.356  62.525 0.0000000000
70825  28.911  -15.617  61.837 0.0000000000
65586  27.928  -20.973  64.784 0.0000000000
65599  27.777  -20.285  64.523 0.0000000000
66567  32.771  -19.291  64.468 0.0000000000
66568  32.031  -19.640  64.187 0.0000000000
66579  32.423  -19.044  63.763 0.0000000000
67702  32.706  -18.522  63.493 0.0000000000
67683  33.060  -18.780  64.189 0.0000000000
87800  53.051  0.925  46.624 0.0000000000
86842  53.751  0.665  46.362 0.0000000000
85854  53.190  0.001  46.240 0.0000000000
83770  49.153  -2.639  46.335 0.0000000000
150646  49.527  -1.930  46.273 0.0000000000
57545  12.369  -28.543  76.620 0.0000000000
56527  11.758  -28.927  76.873 0.0000000000
57531  12.073  -28.275  77.686 0.0000000000
57544  12.925  -28.148  76.340 0.0000000000
79031  46.604  -7.833  50.051 0.0000000000
155053  47.032  -8.348  50.360 0.0000000000
77981  46.274  -8.369  50.528 0.0000000000
76919  46.411  -9.689  51.233 0.0000000000
76918  47.354  -9.779  51.235 0.0000000000
62608  23.819  -22.856  67.945 0.0000000000
145252  24.686  -23.863  67.320 0.0000000000
60602  25.965  -25.533  66.802 0.0000000000
60603  25.529  -24.867  66.845 0.0000000000
60589  27.445  -25.779  68.081 0.0000000000
80883  43.819  -4.931  53.001 0.0000000000
80901  44.071  -5.423  50.630 0.0000000000
81750  43.968  -4.710  51.056 0.0000000000
79039  47.004  -7.202  49.578 0.0000000000
79961  38.854  -6.624  56.123 0.0000000000
77920  38.036  -7.882  56.216 0.0000000000
77931  37.969  -8.855  55.848 0.0000000000
72738  34.569  -13.751  57.320 0.0000000000
70871  35.031  -15.826  57.891 0.0000000000
70888  35.221  -15.191  57.380 0.0000000000
69885  37.051  -16.993  59.049 0.0000000000
69886  36.107  -17.058  58.855 0.0000000000
147996  35.988  -17.851  60.169 0.0000000000
67746  36.429  -17.989  61.839 0.0000000000
79949  40.191  -5.673  56.260 0.0000000000
51068  7.450  -34.774  80.223 0.0000000000
51067  8.325  -34.761  80.330 0.0000000000
155402  7.851  -35.267  80.885 0.0000000000
161197  7.525  -35.706  81.435 0.0000000000
162838  5.509  -35.050  80.684 0.0000000000
50087  5.468  -35.645  81.102 0.0000000000
142349  4.977  -36.285  81.728 0.0000000000
50088  4.484  -35.443  81.286 0.0000000000
52032  1.297  -33.337  86.418 0.0000000000
51001  0.736  -34.077  86.822 0.0000000000
142474  20.188  -26.350  70.283 0.0000000000
57626  20.081  -27.984  68.958 0.0000000000
158508  19.530  -27.561  69.649 0.0000000000
146433  18.602  -27.988  70.689 0.0000000000
57616  18.986  -28.135  70.089 0.0000000000
57617  18.729  -28.659  70.777 0.0000000000
56596  18.497  -29.085  71.606 0.0000000000
54276  15.531  -31.833  74.834 0.0000000000
70804  27.456  -15.711  64.615 0.0000000000
64561  30.232  -22.258  66.048 0.0000000000
64560  31.020  -22.012  66.330 0.0000000000
64558  32.695  -21.515  66.887 0.0000000000
64559  31.972  -21.699  66.486 0.0000000000
65574  32.812  -20.921  66.184 0.0000000000
143738  -3.355  -38.748  90.780 0.0000000000
75788  35.545  -10.374  59.367 0.0000000000
73779  33.403  -12.542  59.401 0.0000000000
72711  32.395  -13.733  59.328 0.0000000000
71789  32.200  -14.537  59.038 0.0000000000
52139  13.979  -33.489  76.511 0.0000000000
52140  12.999  -33.295  76.531 0.0000000000
53156  11.855  -32.358  76.476 0.0000000000
53134  12.147  -33.042  76.726 0.0000000000
139036  10.869  -29.891  77.067 0.0000000000
55443  11.258  -30.899  76.572 0.0000000000
55433  10.548  -30.807  77.139 0.0000000000
55434  9.728  -31.346  77.811 0.0000000000
54246  10.253  -31.599  77.391 0.0000000000
54247  9.861  -32.285  77.772 0.0000000000
53120  9.397  -32.773  78.235 0.0000000000
54231  7.975  -30.945  79.013 0.0000000000
54239  7.950  -31.983  78.841 0.0000000000
60531  16.461  -25.499  73.563 0.0000000000
58548  15.570  -27.057  73.613 0.0000000000
153300  15.638  -27.913  73.545 0.0000000000
55475  14.107  -29.536  74.530 0.0000000000
54293  15.101  -31.154  74.395 0.0000000000
53175  13.833  -32.334  75.376 0.0000000000
53153  14.396  -33.058  75.830 0.0000000000
67611  26.352  -18.428  68.073 0.0000000000
67632  26.819  -18.518  67.314 0.0000000000
66526  25.942  -19.170  67.283 0.0000000000
65577  25.510  -20.430  66.659 0.0000000000
148514  26.060  -19.857  66.509 0.0000000000
64563  26.232  -21.245  66.436 0.0000000000
138894  25.645  -22.544  67.470 0.0000000000
63580  27.344  -22.084  66.753 0.0000000000
137997  28.799  -22.472  66.704 0.0000000000
63566  28.445  -22.559  67.573 0.0000000000
62588  29.426  -23.163  69.822 0.0000000000
137658  29.608  -22.754  68.910 0.0000000000
163277  45.376  -3.156  51.834 0.0000000000
86832  47.751  0.343  49.100 0.0000000000
85842  47.319  -0.298  48.763 0.0000000000
83763  46.815  -2.857  47.667 0.0000000000
84808  47.471  -1.522  47.649 0.0000000000
83762  47.477  -2.392  47.276 0.0000000000
83761  48.269  -2.612  46.723 0.0000000000
164480  45.932  -5.166  48.500 0.0000000000
80934  46.520  -5.342  48.097 0.0000000000
80949  47.265  -4.967  47.555 0.0000000000
80948  48.150  -5.177  47.509 0.0000000000
81788  48.696  -4.643  47.115 0.0000000000
79015  42.484  -7.756  52.472 0.0000000000
76895  41.602  -9.145  53.383 0.0000000000
152960  42.226  -9.054  52.866 0.0000000000
75856  42.386  -10.497  53.607 0.0000000000
75857  41.727  -10.032  53.808 0.0000000000
77942  40.152  -8.452  54.445 0.0000000000
76880  39.930  -9.433  54.909 0.0000000000
165578  40.386  -10.733  55.267 0.0000000000
74851  41.668  -10.993  55.121 0.0000000000
74832  41.554  -11.376  55.642 0.0000000000
146691  40.946  -12.878  56.392 0.0000000000
73823  41.503  -12.360  56.339 0.0000000000
72753  41.571  -13.256  56.636 0.0000000000
77900  37.021  -8.351  58.231 0.0000000000
75819  36.595  -10.738  56.426 0.0000000000
75818  37.368  -10.347  56.064 0.0000000000
72737  35.155  -13.310  56.876 0.0000000000
72759  35.873  -13.631  56.725 0.0000000000
72757  37.585  -13.384  56.546 0.0000000000
73826  37.795  -12.707  56.291 0.0000000000
163351  38.245  -13.247  56.451 0.0000000000
72756  38.967  -13.419  56.456 0.0000000000
56634  24.153  -29.439  67.010 0.0000000000
145168  24.942  -29.370  67.024 0.0000000000
55567  24.702  -30.004  67.481 0.0000000000
55540  26.276  -30.575  69.309 0.0000000000
79014  43.055  -7.259  51.915 0.0000000000
51100  13.848  -34.445  78.793 0.0000000000
154667  13.000  -34.404  79.007 0.0000000000
54225  6.109  -31.249  80.115 0.0000000000
54211  4.202  -31.229  82.544 0.0000000000
54210  4.872  -30.675  82.229 0.0000000000
54219  4.401  -31.555  81.651 0.0000000000
53095  4.835  -31.987  80.731 0.0000000000
53096  4.090  -32.544  81.138 0.0000000000
51027  3.115  -34.463  82.235 0.0000000000
52060  3.498  -34.058  81.539 0.0000000000
162922  3.158  -35.044  82.303 0.0000000000
51006  1.942  -33.965  84.168 0.0000000000
52041  2.371  -33.577  83.607 0.0000000000
49014  2.319  -36.169  83.468 0.0000000000
50035  2.260  -35.255  83.472 0.0000000000
49025  3.026  -36.315  82.996 0.0000000000
154577  2.835  -36.794  83.392 0.0000000000
47956  3.141  -37.440  83.703 0.0000000000
46928  3.097  -39.071  85.506 0.0000000000
46943  0.811  -38.510  85.896 0.0000000000
45833  1.101  -39.594  86.511 0.0000000000
48963  0.483  -36.962  85.992 0.0000000000
45795  -0.309  -39.724  88.216 0.0000000000
151931  -0.843  -37.599  89.204 0.0000000000
49968  -0.776  -35.988  89.869 0.0000000000
48898  -1.907  -36.421  90.979 0.0000000000
47895  -2.998  -37.614  91.249 0.0000000000
61640  24.070  -24.775  67.753 0.0000000000
58627  22.956  -27.453  67.291 0.0000000000
57644  23.005  -28.007  66.855 0.0000000000
57656  23.653  -28.587  66.705 0.0000000000
152036  22.858  -28.731  66.875 0.0000000000
55570  21.992  -29.932  67.469 0.0000000000
55554  22.504  -30.763  67.876 0.0000000000
54397  23.018  -31.625  68.284 0.0000000000
54398  22.063  -31.372  68.407 0.0000000000
151734  19.920  -28.648  69.058 0.0000000000
56612  20.154  -29.383  69.000 0.0000000000
54358  20.562  -31.672  70.378 0.0000000000
54378  20.816  -31.360  69.425 0.0000000000
53266  21.155  -32.166  69.821 0.0000000000
53265  21.956  -32.524  69.551 0.0000000000
53252  21.458  -32.767  70.449 0.0000000000
52224  21.991  -33.467  71.006 0.0000000000
58561  17.370  -27.302  72.296 0.0000000000
55455  17.057  -31.066  74.864 0.0000000000
55471  17.349  -30.516  74.352 0.0000000000
55469  19.030  -30.961  74.221 0.0000000000
55486  19.068  -30.622  73.376 0.0000000000
76909  43.778  -9.526  52.205 0.0000000000
76908  44.392  -9.970  52.127 0.0000000000
139827  43.987  -10.200  52.489 0.0000000000
72683  30.403  -13.684  61.438 0.0000000000
70847  30.236  -15.740  60.543 0.0000000000
71780  30.366  -14.905  60.426 0.0000000000
70857  31.609  -15.685  59.497 0.0000000000
67649  26.982  -18.621  66.626 0.0000000000
68749  27.286  -18.066  66.495 0.0000000000
157629  27.275  -18.176  64.375 0.0000000000
67707  27.651  -18.304  63.639 0.0000000000
68792  27.829  -17.686  63.079 0.0000000000
67706  28.312  -18.465  63.031 0.0000000000
64579  29.953  -21.441  64.675 0.0000000000
65597  29.273  -21.058  64.268 0.0000000000
65596  30.125  -20.626  64.152 0.0000000000
67705  30.052  -18.758  62.574 0.0000000000
67731  29.642  -17.995  62.366 0.0000000000
68812  30.149  -17.494  62.027 0.0000000000
159123  32.566  -18.013  62.287 0.0000000000
68830  31.453  -17.465  61.418 0.0000000000
154252  32.352  -17.755  61.551 0.0000000000
68829  33.010  -17.758  60.886 0.0000000000
68828  33.837  -18.025  61.138 0.0000000000
67726  34.848  -18.062  62.339 0.0000000000
57635  26.747  -28.648  67.800 0.0000000000
57641  26.694  -27.892  67.388 0.0000000000
146499  27.217  -28.091  67.973 0.0000000000
58600  27.881  -27.229  69.216 0.0000000000
59604  28.012  -26.519  69.414 0.0000000000
60565  29.392  -24.891  70.928 0.0000000000
86848  54.515  0.244  45.719 0.0000000000
87804  54.766  0.962  45.961 0.0000000000
85863  54.877  -0.149  45.214 0.0000000000
86838  48.767  0.310  47.844 0.0000000000
84814  50.204  -1.425  46.192 0.0000000000
85847  50.113  -0.048  46.895 0.0000000000
85857  50.630  -0.591  46.418 0.0000000000
83777  52.737  -2.261  45.469 0.0000000000
84820  52.595  -1.410  45.642 0.0000000000
84819  53.372  -1.433  45.485 0.0000000000
77982  45.444  -8.324  50.736 0.0000000000
76920  45.503  -9.551  51.421 0.0000000000
61639  24.468  -24.633  67.200 0.0000000000
60614  25.166  -25.430  66.616 0.0000000000
59622  26.417  -26.329  66.929 0.0000000000
80000  43.428  -6.297  51.705 0.0000000000
79999  43.828  -6.222  50.925 0.0000000000
144388  44.482  -6.281  50.272 0.0000000000
79033  44.912  -7.717  50.587 0.0000000000
79951  38.664  -6.464  56.991 0.0000000000
78965  38.065  -6.983  57.435 0.0000000000
78976  37.650  -7.617  57.032 0.0000000000
71800  33.429  -14.479  58.161 0.0000000000
71819  34.018  -14.793  57.821 0.0000000000
70872  34.362  -15.792  58.144 0.0000000000
69902  34.725  -16.338  58.450 0.0000000000
69887  35.174  -17.004  58.889 0.0000000000
68843  35.239  -17.943  60.020 0.0000000000
52087  7.437  -33.519  79.404 0.0000000000
51090  7.906  -34.220  79.718 0.0000000000
51070  5.589  -34.518  80.422 0.0000000000
51071  4.900  -34.291  80.561 0.0000000000
157478  0.585  -33.644  87.707 0.0000000000
58579  18.434  -27.457  71.161 0.0000000000
53152  15.348  -33.061  75.927 0.0000000000
140961  16.161  -32.901  76.253 0.0000000000
69811  27.441  -16.794  65.838 0.0000000000
63552  31.487  -22.395  68.098 0.0000000000
63564  31.307  -22.231  67.156 0.0000000000
73764  33.462  -12.507  60.525 0.0000000000
72696  32.150  -13.456  60.122 0.0000000000
53176  13.124  -32.101  75.603 0.0000000000
54259  11.414  -31.870  76.587 0.0000000000
157697  9.820  -30.551  77.981 0.0000000000
59541  15.066  -26.687  74.451 0.0000000000
157844  13.256  -28.524  75.681 0.0000000000
56546  13.402  -29.268  75.245 0.0000000000
55456  14.221  -31.195  74.651 0.0000000000
54278  13.419  -31.406  75.211 0.0000000000
148717  25.040  -19.420  67.662 0.0000000000
64551  25.444  -21.122  66.752 0.0000000000
63556  27.522  -22.904  68.439 0.0000000000
63555  28.137  -22.813  68.482 0.0000000000
83731  46.337  -2.282  51.148 0.0000000000
84801  47.007  -1.110  48.383 0.0000000000
84802  46.542  -1.658  48.801 0.0000000000
82721  46.724  -3.683  47.630 0.0000000000
80029  46.927  -6.235  48.612 0.0000000000
80028  47.997  -6.402  48.491 0.0000000000
80027  49.058  -6.329  48.615 0.0000000000
77953  41.895  -8.261  52.962 0.0000000000
149118  40.874  -8.783  53.836 0.0000000000
75830  39.827  -10.236  55.221 0.0000000000
74833  40.680  -11.358  55.672 0.0000000000
152244  40.334  -12.981  56.361 0.0000000000
76833  36.205  -9.428  58.661 0.0000000000
76846  36.097  -9.516  57.864 0.0000000000
76847  35.584  -10.212  57.773 0.0000000000
75820  35.868  -11.112  56.690 0.0000000000
71816  36.074  -14.988  57.155 0.0000000000
71815  36.936  -14.828  57.150 0.0000000000
71814  37.859  -14.748  57.180 0.0000000000
71813  38.785  -14.693  57.215 0.0000000000
55552  24.442  -30.740  67.920 0.0000000000
54395  25.085  -31.133  68.518 0.0000000000
53262  25.297  -32.149  69.708 0.0000000000
80860  42.004  -5.659  55.939 0.0000000000
79957  42.240  -5.903  55.140 0.0000000000
79972  42.451  -6.275  54.394 0.0000000000
52105  12.093  -33.853  78.039 0.0000000000
51101  12.396  -34.181  78.596 0.0000000000
50034  6.245  -36.769  82.881 0.0000000000
49004  5.758  -37.588  84.759 0.0000000000
47946  4.583  -38.173  84.225 0.0000000000
53097  3.485  -33.070  81.630 0.0000000000
53088  3.240  -32.625  82.517 0.0000000000
52050  2.665  -34.034  82.868 0.0000000000
51016  1.880  -34.771  84.107 0.0000000000
50011  1.407  -35.134  84.600 0.0000000000
49006  1.681  -36.403  84.056 0.0000000000
45848  2.181  -39.207  85.662 0.0000000000
46942  1.483  -38.641  85.361 0.0000000000
48945  0.018  -36.318  87.559 0.0000000000
48886  -2.917  -36.614  91.400 0.0000000000
57645  22.349  -28.572  67.217 0.0000000000
56637  21.750  -29.096  67.491 0.0000000000
56622  21.344  -29.691  67.931 0.0000000000
55542  19.970  -29.946  69.516 0.0000000000
53253  20.808  -32.341  71.020 0.0000000000
53235  21.172  -33.041  71.478 0.0000000000
53236  20.689  -32.304  72.023 0.0000000000
57578  16.835  -28.688  73.006 0.0000000000
56574  17.294  -29.584  73.345 0.0000000000
54273  18.291  -31.498  75.594 0.0000000000
158407  18.478  -31.200  75.171 0.0000000000
149337  18.964  -31.462  75.608 0.0000000000
75855  43.817  -10.758  52.979 0.0000000000
74861  44.398  -11.300  53.304 0.0000000000
74860  45.174  -11.740  53.644 0.0000000000
72672  29.471  -13.580  62.692 0.0000000000
71755  29.707  -14.068  61.841 0.0000000000
71768  29.410  -15.024  61.436 0.0000000000
70837  29.845  -15.271  60.859 0.0000000000
69864  30.278  -16.482  60.932 0.0000000000
66555  27.047  -19.437  65.443 0.0000000000
67665  27.162  -18.642  65.071 0.0000000000
140168  27.406  -19.576  64.707 0.0000000000
66570  27.906  -19.746  64.038 0.0000000000
65595  31.767  -20.358  64.694 0.0000000000
66569  31.096  -20.080  64.150 0.0000000000
66580  31.409  -19.350  63.474 0.0000000000
67704  31.097  -18.754  62.811 0.0000000000
67729  31.505  -18.278  62.624 0.0000000000
67728  32.310  -18.328  62.801 0.0000000000
67727  33.162  -18.108  62.826 0.0000000000
68808  33.974  -17.997  62.126 0.0000000000
57615  27.573  -29.089  69.618 0.0000000000
141575  27.305  -28.657  68.683 0.0000000000
57614  28.266  -28.274  70.572 0.0000000000
150582  28.313  -27.647  70.428 0.0000000000
84806  49.024  -0.957  46.936 0.0000000000
156035  49.483  -1.356  46.555 0.0000000000
142212  50.838  -1.943  45.811 0.0000000000
82735  54.616  -3.430  44.958 0.0000000000
57556  13.465  -27.842  75.899 0.0000000000
77970  46.965  -8.996  50.766 0.0000000000
64544  23.499  -21.344  68.483 0.0000000000
64553  23.938  -21.443  67.738 0.0000000000
63570  24.092  -22.249  67.638 0.0000000000
62606  25.137  -23.145  67.395 0.0000000000
61638  25.572  -23.979  67.274 0.0000000000
61637  26.697  -23.845  67.839 0.0000000000
143654  27.738  -24.985  68.636 0.0000000000
82690  44.460  -3.992  50.970 0.0000000000
81756  44.864  -4.096  49.934 0.0000000000
82715  45.646  -3.854  48.741 0.0000000000
81766  45.346  -4.290  49.158 0.0000000000
80935  45.503  -5.030  48.900 0.0000000000
80019  45.256  -6.375  49.703 0.0000000000
80018  46.205  -6.420  49.291 0.0000000000
45794  0.308  -40.168  87.843 0.0000000000
78984  39.891  -6.702  54.952 0.0000000000
147284  39.026  -7.703  55.312 0.0000000000
78986  38.578  -7.341  55.807 0.0000000000
154892  38.710  -9.006  55.433 0.0000000000
76868  38.475  -9.676  55.553 0.0000000000
163170  38.406  -10.766  55.609 0.0000000000
73807  34.179  -12.188  57.817 0.0000000000
149421  34.512  -12.934  57.286 0.0000000000
71817  35.402  -14.290  56.997 0.0000000000
70887  36.628  -15.398  57.490 0.0000000000
154465  36.776  -15.858  57.823 0.0000000000
70869  37.291  -16.092  58.067 0.0000000000
69884  37.984  -16.927  59.328 0.0000000000
68861  36.516  -17.447  59.592 0.0000000000
146252  37.644  -17.617  60.631 0.0000000000
52222  24.092  -33.508  70.604 0.0000000000
52221  25.063  -33.235  70.807 0.0000000000
52205  24.537  -33.855  71.316 0.0000000000
79959  40.430  -5.992  55.373 0.0000000000
137670  6.883  -36.410  82.583 0.0000000000
50086  6.333  -35.731  81.233 0.0000000000
49023  4.654  -36.652  82.479 0.0000000000
52037  1.809  -33.558  84.810 0.0000000000
149686  1.111  -34.867  85.249 0.0000000000
49991  0.712  -36.192  85.612 0.0000000000
51000  0.348  -34.436  87.611 0.0000000000
162237  20.690  -27.817  68.819 0.0000000000
55473  15.630  -30.379  73.982 0.0000000000
54274  17.548  -31.588  75.481 0.0000000000
53172  16.591  -32.438  75.898 0.0000000000
54257  17.269  -32.208  75.980 0.0000000000
54256  18.048  -31.975  76.092 0.0000000000
74830  43.252  -11.733  55.577 0.0000000000
74829  44.061  -11.805  55.404 0.0000000000
69837  27.881  -16.168  62.899 0.0000000000
143507  28.870  -21.851  65.154 0.0000000000
64581  28.640  -21.335  64.671 0.0000000000
64570  29.585  -22.053  65.401 0.0000000000
64568  31.476  -21.551  65.861 0.0000000000
65584  31.584  -21.051  65.272 0.0000000000
65583  32.467  -20.418  65.347 0.0000000000
86834  52.177  0.917  46.757 0.0000000000
81800  49.998  -4.321  46.490 0.0000000000
82729  50.435  -3.702  45.936 0.0000000000
46900  -2.879  -38.826  90.888 0.0000000000
77893  36.701  -8.841  58.855 0.0000000000
74779  34.503  -11.333  58.405 0.0000000000
74768  34.466  -11.344  59.338 0.0000000000
72720  33.356  -13.578  58.263 0.0000000000
72710  32.968  -13.250  58.920 0.0000000000
70874  32.846  -14.939  58.561 0.0000000000
69890  32.721  -16.349  59.201 0.0000000000
52102  15.096  -34.376  77.915 0.0000000000
52125  12.572  -33.645  77.310 0.0000000000
52106  11.282  -33.699  78.160 0.0000000000
52107  10.536  -33.485  78.379 0.0000000000
52108  9.712  -33.307  78.573 0.0000000000
52109  8.884  -33.195  78.717 0.0000000000
52110  8.114  -32.933  78.980 0.0000000000
53102  6.019  -32.350  79.805 0.0000000000
162093  18.101  -25.894  72.036 0.0000000000
60544  17.632  -25.408  72.468 0.0000000000
58562  16.745  -26.889  72.667 0.0000000000
59557  16.189  -26.508  73.210 0.0000000000
57568  14.496  -28.049  74.415 0.0000000000
52138  14.965  -33.650  76.444 0.0000000000
68736  27.994  -17.313  67.746 0.0000000000
66541  26.747  -19.355  66.104 0.0000000000
64571  27.485  -21.225  65.493 0.0000000000
141078  24.639  -21.525  67.310 0.0000000000
63568  25.999  -22.122  67.391 0.0000000000
64550  25.809  -21.619  66.912 0.0000000000
142064  27.012  -21.517  66.225 0.0000000000
64562  27.798  -21.892  66.008 0.0000000000
63588  28.680  -22.221  65.871 0.0000000000
63554  29.003  -22.657  68.281 0.0000000000
137281  29.913  -22.495  67.991 0.0000000000
85841  47.971  0.086  48.233 0.0000000000
84807  48.279  -1.228  47.279 0.0000000000
82714  46.076  -3.809  48.156 0.0000000000
81790  47.192  -4.242  47.402 0.0000000000
152556  48.378  -4.066  46.838 0.0000000000
81801  49.156  -4.159  46.652 0.0000000000
77960  43.273  -8.752  52.082 0.0000000000
76910  42.926  -9.423  52.659 0.0000000000
75874  42.799  -10.154  53.073 0.0000000000
74863  42.701  -11.168  54.153 0.0000000000
74850  42.279  -11.112  54.952 0.0000000000
156193  42.794  -11.368  55.090 0.0000000000
149658  42.861  -12.412  56.363 0.0000000000
74811  41.331  -11.783  56.010 0.0000000000
73822  42.301  -12.606  56.537 0.0000000000
77912  37.189  -8.245  57.435 0.0000000000
77922  36.913  -8.752  57.039 0.0000000000
76858  36.542  -9.362  57.115 0.0000000000
76857  37.235  -9.349  56.422 0.0000000000
75832  37.924  -11.003  55.702 0.0000000000
73828  35.781  -11.949  56.614 0.0000000000
72758  36.668  -13.364  56.595 0.0000000000
73827  36.514  -12.456  56.468 0.0000000000
142022  37.200  -12.153  56.229 0.0000000000
74812  38.015  -11.898  55.882 0.0000000000
71826  39.272  -14.150  56.805 0.0000000000
71812  40.213  -14.272  56.975 0.0000000000
72736  41.137  -14.070  56.930 0.0000000000
58642  24.540  -27.559  66.475 0.0000000000
148831  25.246  -27.971  66.516 0.0000000000
57643  25.131  -28.712  66.739 0.0000000000
155623  25.529  -29.110  67.205 0.0000000000
55551  25.795  -30.557  68.720 0.0000000000
55550  26.373  -30.011  68.899 0.0000000000
56611  26.995  -29.548  69.133 0.0000000000
79992  43.126  -6.339  52.567 0.0000000000
163584  42.935  -6.341  53.291 0.0000000000
154668  12.854  -34.762  79.694 0.0000000000
51087  10.615  -34.398  79.545 0.0000000000
53103  5.305  -32.714  80.102 0.0000000000
52072  4.559  -33.821  80.585 0.0000000000
51046  4.209  -34.486  80.936 0.0000000000
49024  3.766  -36.473  82.675 0.0000000000
53080  2.645  -32.712  83.906 0.0000000000
47937  4.155  -38.503  84.667 0.0000000000
47925  0.439  -37.766  86.270 0.0000000000
146192  0.472  -38.390  86.497 0.0000000000
46917  0.393  -38.909  86.975 0.0000000000
46905  -1.044  -39.126  89.302 0.0000000000
156544  -0.551  -35.305  89.679 0.0000000000
67612  25.807  -18.489  68.860 0.0000000000
142077  24.193  -25.337  67.129 0.0000000000
60590  23.771  -25.798  67.635 0.0000000000
58643  23.784  -27.678  66.611 0.0000000000
55553  23.472  -30.868  67.853 0.0000000000
53264  23.483  -32.290  68.926 0.0000000000
56623  20.727  -29.529  68.461 0.0000000000
55556  21.058  -30.237  68.375 0.0000000000
54399  21.251  -30.982  68.685 0.0000000000
155346  22.785  -32.665  69.397 0.0000000000
52223  23.026  -33.595  70.685 0.0000000000
57593  17.374  -28.254  72.475 0.0000000000
143011  17.967  -28.678  72.138 0.0000000000
55517  18.825  -29.821  71.910 0.0000000000
55500  19.272  -30.474  72.356 0.0000000000
55488  17.823  -30.214  73.867 0.0000000000
55487  18.395  -30.226  73.477 0.0000000000
76921  44.588  -9.343  51.689 0.0000000000
75872  44.586  -10.643  52.525 0.0000000000
139031  45.471  -10.850  52.290 0.0000000000
158919  44.758  -11.904  55.227 0.0000000000
73752  31.683  -13.010  61.634 0.0000000000
72681  31.936  -13.211  60.960 0.0000000000
72697  31.371  -13.775  60.350 0.0000000000
72698  30.616  -14.065  60.643 0.0000000000
71779  31.003  -14.521  59.972 0.0000000000
71790  31.534  -14.969  59.410 0.0000000000
69891  32.090  -16.189  59.441 0.0000000000
142768  27.723  -17.417  67.015 0.0000000000
148146  27.391  -17.476  66.203 0.0000000000
68763  27.165  -17.583  65.145 0.0000000000
69823  27.248  -16.612  64.834 0.0000000000
69838  27.387  -16.383  63.861 0.0000000000
150131  27.633  -16.936  63.268 0.0000000000
66583  28.621  -19.729  63.573 0.0000000000
65607  30.329  -19.818  63.594 0.0000000000
66582  29.485  -19.370  63.149 0.0000000000
163585  28.690  -19.075  63.160 0.0000000000
67732  28.656  -17.749  62.509 0.0000000000
69854  28.547  -16.819  62.314 0.0000000000
69853  29.029  -16.441  61.798 0.0000000000
68832  29.777  -16.778  61.591 0.0000000000
68811  30.992  -17.696  62.106 0.0000000000
69863  31.072  -16.900  60.725 0.0000000000
69874  32.401  -16.830  59.747 0.0000000000
68865  33.056  -16.954  59.503 0.0000000000
162544  34.150  -17.720  59.951 0.0000000000
68844  34.521  -17.994  60.417 0.0000000000
68827  35.382  -18.082  60.740 0.0000000000
67747  35.577  -18.028  61.663 0.0000000000
58626  26.031  -27.588  66.743 0.0000000000
58625  26.660  -27.113  67.110 0.0000000000
59621  27.104  -26.513  67.574 0.0000000000
58611  27.566  -27.695  68.600 0.0000000000
60579  27.879  -25.848  68.899 0.0000000000
154230  28.096  -25.164  69.234 0.0000000000
58574  28.672  -27.789  71.087 0.0000000000
58587  28.685  -27.033  70.756 0.0000000000
59594  28.426  -26.327  70.186 0.0000000000
61616  28.524  -24.788  69.738 0.0000000000
61607  29.155  -24.309  70.286 0.0000000000
86836  50.442  0.659  47.169 0.0000000000
86835  51.331  0.838  46.922 0.0000000000
86843  51.857  0.238  46.543 0.0000000000
85855  52.396  -0.265  46.252 0.0000000000
82738  52.028  -3.083  45.563 0.0000000000
84812  52.084  -0.934  45.929 0.0000000000
85865  53.607  -0.590  45.740 0.0000000000
142420  54.004  -1.799  45.203 0.0000000000
85872  54.658  -0.855  45.046 0.0000000000
53263  24.348  -32.397  69.385 0.0000000000
56632  26.098  -29.224  67.670 0.0000000000
57655  24.473  -28.234  66.546 0.0000000000
58640  26.041  -26.875  66.655 0.0000000000
68845  33.698  -17.762  60.315 0.0000000000
139438  30.709  -22.406  67.764 0.0000000000
141093  25.948  -29.880  68.209 0.0000000000
144453  38.148  -10.330  55.673 0.0000000000
146377  25.264  -30.385  68.041 0.0000000000
158062  27.973  -28.771  70.181 0.0000000000
