#!ascii label  , from subject sub-v2s18x29518_ses-1 vox2ras=TkReg
674
25236  -38.348  -63.239  -14.583 0.5000000000
25231  -36.154  -62.689  -13.647 0.8000000119
26246  -34.817  -61.633  -12.267 0.8000000119
25226  -35.597  -62.031  -13.016 0.8000000119
26250  -36.549  -62.102  -13.531 0.8000000119
24184  -39.011  -64.033  -14.694 0.5000000000
25232  -37.317  -62.566  -14.083 0.5000000000
26251  -37.561  -61.891  -13.740 0.6000000238
27231  -34.491  -60.440  -11.445 0.6999999881
27236  -35.699  -60.548  -12.197 0.6999999881
26247  -36.542  -61.458  -13.179 0.8000000119
26248  -37.823  -61.173  -13.358 0.6999999881
23106  -39.141  -64.176  -14.364 0.6000000238
25237  -39.460  -63.108  -14.400 0.5000000000
25234  -39.920  -62.399  -14.118 0.6000000238
28189  -33.903  -59.888  -10.984 0.6999999881
25233  -38.649  -62.478  -14.295 0.6000000238
26253  -40.439  -61.799  -13.909 0.6000000238
124930  -35.676  -61.180  -12.562 0.6999999881
26252  -39.035  -61.790  -13.932 0.6000000238
27241  -39.542  -61.127  -13.583 0.6000000238
27237  -36.644  -60.618  -12.681 0.8000000119
27238  -38.245  -60.448  -12.984 0.8000000119
24173  -39.807  -63.261  -13.586 0.4000000060
25235  -40.599  -62.245  -13.925 0.6000000238
28184  -33.339  -59.251  -10.634 0.6999999881
27242  -40.725  -61.174  -13.446 0.6000000238
28185  -34.205  -59.042  -10.830 0.6999999881
28190  -34.749  -59.636  -11.228 0.6999999881
27232  -35.275  -60.169  -11.681 0.6999999881
28197  -36.097  -59.984  -11.984 0.6999999881
28198  -37.162  -59.830  -12.353 0.6000000238
29152  -40.320  -58.590  -12.559 0.5000000000
28192  -36.435  -59.237  -11.798 0.6000000238
28193  -37.504  -59.024  -12.182 0.6000000238
29151  -38.868  -58.867  -12.498 0.6000000238
29148  -38.981  -58.147  -12.237 0.5000000000
25221  -39.731  -62.432  -12.646 0.4000000060
24174  -40.303  -62.697  -13.795 0.5000000000
30104  -33.175  -58.025  -10.243 0.6999999881
25229  -40.637  -62.113  -13.571 0.6000000238
26249  -40.854  -61.163  -13.309 0.6000000238
29144  -35.012  -58.808  -11.128 0.6999999881
27240  -41.002  -60.290  -13.046 0.6000000238
29145  -35.843  -58.654  -11.343 0.6999999881
28201  -41.041  -59.312  -12.637 0.5000000000
29153  -41.184  -58.709  -12.412 0.6000000238
29146  -36.745  -58.475  -11.618 0.6999999881
30116  -39.980  -57.527  -12.174 0.5000000000
30119  -41.111  -58.059  -12.328 0.5000000000
29147  -37.812  -58.310  -11.940 0.5000000000
135971  -32.082  -57.470  -9.610 0.6000000238
30988  -32.512  -56.830  -9.353 0.6000000238
25220  -38.304  -62.609  -12.025 0.5000000000
26244  -38.845  -61.917  -11.838 0.5000000000
30105  -33.044  -57.379  -9.907 0.6999999881
26245  -40.334  -61.683  -12.709 0.5000000000
134512  -40.749  -61.011  -12.734 0.5000000000
27233  -40.390  -60.585  -12.009 0.4000000060
29138  -33.650  -58.434  -10.559 0.6999999881
28194  -41.022  -59.962  -12.288 0.5000000000
29139  -34.475  -58.183  -10.831 0.6999999881
29140  -35.278  -58.042  -11.050 0.6999999881
30114  -36.149  -57.946  -11.143 0.6999999881
28196  -41.253  -58.907  -12.382 0.5000000000
119878  -37.071  -57.785  -11.390 0.6000000238
29150  -41.406  -58.436  -12.229 0.5000000000
31002  -37.430  -57.085  -11.157 0.5000000000
31003  -38.757  -56.868  -11.506 0.5000000000
30117  -41.161  -57.340  -12.025 0.5000000000
31004  -40.347  -56.690  -11.698 0.5000000000
31005  -41.176  -56.678  -11.455 0.3000000119
28186  -38.430  -59.972  -10.448 0.3000000119
30987  -31.665  -56.917  -9.126 0.6000000238
27227  -38.895  -60.618  -11.099 0.4000000060
30995  -33.825  -57.013  -10.044 0.6000000238
28187  -39.887  -59.843  -11.323 0.5000000000
30109  -33.934  -57.619  -10.415 0.6999999881
30110  -34.858  -57.518  -10.684 0.6999999881
28188  -41.162  -59.270  -11.982 0.5000000000
30111  -35.674  -57.435  -10.770 0.5000000000
29142  -41.302  -58.405  -11.697 0.5000000000
30112  -36.480  -57.298  -10.886 0.5000000000
30113  -41.319  -57.389  -11.348 0.4000000060
30118  -41.281  -57.417  -11.787 0.3000000119
129612  -41.309  -56.595  -11.144 0.4000000060
31000  -39.152  -56.119  -11.156 0.5000000000
31001  -40.658  -55.943  -11.273 0.4000000060
31950  -31.582  -55.822  -8.292 0.6000000238
30982  -32.084  -56.350  -8.764 0.6000000238
30983  -33.002  -56.270  -8.827 0.6000000238
31958  -33.879  -56.075  -9.067 0.6000000238
29141  -40.237  -58.928  -11.082 0.3000000119
30990  -34.265  -56.500  -9.736 0.6000000238
29134  -40.539  -58.036  -10.696 0.3000000119
30991  -35.112  -56.316  -10.047 0.6000000238
30997  -35.386  -56.891  -10.422 0.6999999881
30107  -40.832  -57.070  -10.353 0.3000000119
30993  -41.271  -56.300  -9.993 0.3000000119
31965  -36.004  -56.161  -10.355 0.5000000000
30998  -36.736  -56.600  -10.685 0.5000000000
31963  -41.377  -55.614  -9.823 0.3000000119
30108  -41.348  -56.566  -10.731 0.3000000119
30999  -37.790  -56.356  -10.908 0.5000000000
31964  -41.471  -55.365  -10.201 0.3000000119
31966  -37.011  -55.830  -10.504 0.5000000000
31969  -40.833  -55.269  -10.894 0.4000000060
31970  -41.325  -55.367  -10.509 0.3000000119
31943  -31.994  -55.403  -7.715 0.5000000000
31944  -32.861  -55.158  -7.498 0.6000000238
31951  -32.507  -55.776  -8.231 0.5000000000
31959  -34.736  -55.820  -9.431 0.6000000238
31953  -34.357  -55.412  -8.667 0.5000000000
30986  -40.488  -55.957  -9.196 0.3000000119
31947  -39.934  -54.852  -8.193 0.3000000119
31956  -40.708  -55.274  -9.066 0.3000000119
31960  -35.572  -55.573  -9.806 0.6000000238
31961  -36.422  -55.323  -10.061 0.5000000000
32937  -37.967  -54.386  -9.879 0.5000000000
31968  -39.552  -55.404  -10.882 0.4000000060
32938  -39.334  -54.160  -10.150 0.4000000060
32916  -33.564  -54.519  -7.117 0.5000000000
32929  -33.962  -55.046  -7.816 0.5000000000
31952  -33.457  -55.654  -8.316 0.5000000000
32925  -34.415  -54.394  -7.501 0.5000000000
31946  -39.061  -55.261  -7.583 0.3000000119
32926  -39.166  -54.668  -7.298 0.3000000119
31954  -35.179  -55.090  -9.110 0.6000000238
32935  -35.942  -54.746  -9.547 0.5000000000
31962  -37.476  -55.103  -10.186 0.5000000000
32941  -40.674  -54.647  -10.452 0.4000000060
137664  -39.798  -53.457  -9.731 0.4000000060
132067  -33.336  -53.852  -6.627 0.5000000000
139006  -34.070  -54.048  -6.920 0.5000000000
33831  -34.749  -53.763  -7.190 0.5000000000
31937  -38.553  -55.082  -6.750 0.4000000060
32918  -38.668  -54.343  -6.548 0.4000000060
32930  -34.800  -54.722  -8.301 0.5000000000
32931  -35.616  -54.191  -8.794 0.5000000000
33823  -38.704  -53.342  -6.467 0.4000000060
32919  -39.215  -53.939  -7.149 0.3000000119
33835  -35.646  -53.523  -8.281 0.4000000060
123485  -39.739  -53.737  -7.744 0.3000000119
32932  -36.456  -53.996  -9.274 0.4000000060
33841  -39.277  -53.108  -9.751 0.4000000060
33822  -34.152  -53.436  -6.599 0.5000000000
34758  -35.036  -53.059  -6.813 0.5000000000
32910  -38.260  -53.993  -5.799 0.4000000060
33834  -35.148  -54.043  -7.905 0.5000000000
33832  -35.403  -53.310  -7.580 0.4000000060
34741  -38.482  -52.448  -6.038 0.4000000060
34751  -39.047  -52.374  -6.739 0.4000000060
33824  -39.422  -53.024  -7.417 0.4000000060
33836  -36.296  -53.286  -8.716 0.4000000060
33839  -37.110  -53.369  -9.223 0.4000000060
33840  -38.146  -53.505  -9.620 0.4000000060
34768  -37.670  -52.816  -9.310 0.4000000060
134565  -39.329  -52.374  -9.644 0.4000000060
34769  -39.800  -52.589  -9.547 0.4000000060
35687  -33.607  -52.087  -5.905 0.5000000000
34749  -34.337  -52.661  -6.295 0.4000000060
33808  -37.757  -52.967  -4.864 0.4000000060
34736  -38.080  -52.354  -5.340 0.4000000060
34750  -35.155  -52.345  -6.547 0.5000000000
35689  -35.545  -51.527  -6.704 0.4000000060
34763  -35.909  -52.820  -8.127 0.4000000060
35690  -38.807  -51.661  -6.303 0.4000000060
139946  -36.432  -52.509  -8.489 0.4000000060
126469  -36.831  -51.851  -8.629 0.4000000060
35709  -40.170  -51.876  -9.305 0.3000000119
122627  -38.355  -52.672  -9.543 0.4000000060
35675  -33.924  -51.227  -5.579 0.4000000060
36568  -34.987  -51.208  -5.844 0.5000000000
36569  -35.563  -50.669  -6.395 0.4000000060
35664  -38.024  -51.563  -5.178 0.4000000060
36581  -36.093  -50.700  -7.394 0.4000000060
34759  -35.654  -52.371  -7.341 0.4000000060
35699  -36.103  -51.355  -7.755 0.4000000060
34760  -36.182  -51.983  -8.158 0.4000000060
34764  -37.021  -52.632  -8.889 0.4000000060
34765  -37.771  -51.925  -9.223 0.4000000060
35708  -39.913  -51.621  -9.494 0.4000000060
128930  -38.798  -52.169  -9.614 0.4000000060
35707  -39.325  -51.697  -9.606 0.4000000060
36555  -34.743  -50.446  -5.527 0.4000000060
135665  -35.541  -50.025  -6.110 0.4000000060
37498  -36.081  -50.063  -6.971 0.4000000060
134154  -36.365  -49.552  -7.342 0.4000000060
36582  -36.523  -50.574  -8.103 0.4000000060
36591  -36.817  -50.381  -8.383 0.4000000060
135622  -40.221  -51.200  -9.306 0.4000000060
36592  -37.399  -50.287  -8.812 0.4000000060
35704  -37.922  -50.920  -9.235 0.4000000060
127095  -38.782  -50.856  -9.545 0.4000000060
38338  -35.300  -48.711  -5.369 0.4000000060
37485  -35.920  -49.343  -6.363 0.4000000060
37486  -36.378  -48.927  -7.166 0.4000000060
37499  -36.687  -49.384  -7.900 0.4000000060
127626  -36.519  -50.022  -7.873 0.4000000060
138529  -36.777  -50.146  -8.296 0.4000000060
128583  -36.968  -49.757  -8.408 0.4000000060
37508  -37.642  -49.563  -8.970 0.4000000060
36598  -39.768  -50.833  -9.502 0.3000000119
37516  -38.518  -49.311  -9.382 0.4000000060
38352  -36.016  -48.432  -6.200 0.4000000060
40178  -35.298  -46.910  -5.552 0.4000000060
38353  -36.491  -48.096  -6.899 0.4000000060
38371  -37.022  -49.137  -8.257 0.4000000060
38372  -37.376  -49.037  -8.652 0.4000000060
139621  -40.652  -50.497  -8.981 0.4000000060
36599  -40.496  -50.367  -9.158 0.3000000119
38377  -37.957  -48.895  -9.132 0.4000000060
37517  -39.763  -49.097  -9.551 0.5000000000
139828  -40.539  -48.683  -9.477 0.4000000060
41073  -35.041  -45.988  -5.790 0.4000000060
40190  -35.831  -46.493  -6.089 0.4000000060
39257  -36.015  -47.500  -6.077 0.4000000060
40191  -36.359  -46.083  -6.604 0.4000000060
123032  -36.516  -47.094  -6.644 0.4000000060
119298  -37.863  -48.344  -8.950 0.4000000060
41082  -34.714  -45.152  -6.393 0.4000000060
41083  -35.567  -45.548  -6.375 0.4000000060
132934  -38.878  -48.286  -9.472 0.4000000060
39273  -39.824  -47.407  -9.624 0.5000000000
41971  -34.032  -44.294  -7.372 0.4000000060
41972  -35.310  -44.498  -7.027 0.4000000060
40205  -39.458  -46.483  -9.455 0.5000000000
42950  -33.889  -43.144  -6.224 0.4000000060
41978  -33.666  -43.689  -7.577 0.4000000060
43802  -33.904  -43.091  -7.528 0.4000000060
42967  -34.081  -43.236  -7.692 0.4000000060
43814  -34.524  -42.833  -7.765 0.4000000060
117313  -34.937  -42.981  -8.144 0.5000000000
42960  -33.574  -43.185  -7.142 0.4000000060
31967  -38.196  -55.624  -10.627 0.5000000000
132778  -38.715  -54.907  -10.382 0.5000000000
32940  -39.943  -54.787  -10.681 0.4000000060
24183  -37.930  -64.007  -14.853 0.5000000000
25225  -34.623  -62.383  -12.672 0.8000000119
135562  -34.142  -62.030  -12.134 0.8000000119
26242  -33.823  -61.586  -11.687 0.6999999881
23112  -38.770  -65.041  -14.972 0.5000000000
27230  -33.610  -60.813  -11.227 0.6999999881
23105  -38.820  -64.733  -14.280 0.5000000000
27225  -32.999  -60.068  -10.748 0.6999999881
25227  -39.215  -63.091  -12.744 0.4000000060
23099  -39.460  -63.988  -13.906 0.4000000060
24164  -37.900  -63.295  -12.275 0.4000000060
25210  -37.550  -62.164  -11.287 0.4000000060
139604  -31.324  -57.576  -9.263 0.6000000238
26235  -37.987  -61.379  -10.980 0.4000000060
30981  -31.206  -56.341  -8.680 0.6000000238
31942  -31.231  -55.312  -7.714 0.5000000000
32924  -31.812  -54.800  -7.277 0.5000000000
133426  -32.606  -54.365  -6.861 0.5000000000
34748  -33.183  -52.928  -6.271 0.4000000060
36554  -33.532  -50.325  -5.368 0.4000000060
37471  -34.163  -49.793  -5.170 0.4000000060
38337  -34.180  -48.964  -4.893 0.4000000060
39245  -34.556  -48.045  -4.970 0.4000000060
124823  -34.731  -47.309  -5.216 0.4000000060
40177  -34.461  -46.552  -5.439 0.4000000060
41072  -34.221  -45.689  -5.863 0.4000000060
41970  -33.181  -44.365  -7.161 0.4000000060
25230  -35.148  -62.840  -13.266 0.8000000119
24185  -39.676  -63.440  -14.252 0.5000000000
138147  -34.285  -61.628  -11.947 0.6999999881
28191  -35.562  -59.427  -11.499 0.6999999881
26254  -40.689  -61.781  -13.657 0.6000000238
27239  -40.179  -60.388  -13.322 0.6999999881
27234  -41.063  -60.407  -12.889 0.6000000238
28200  -40.328  -59.531  -13.001 0.6000000238
28199  -38.649  -59.681  -12.739 0.6000000238
28195  -41.080  -59.496  -12.555 0.5000000000
30989  -33.402  -56.674  -9.518 0.6000000238
26236  -39.543  -61.237  -11.801 0.5000000000
28179  -39.019  -59.314  -10.552 0.3000000119
128821  -37.287  -53.980  -9.512 0.4000000060
33842  -40.075  -53.929  -10.016 0.4000000060
35706  -38.510  -51.490  -9.499 0.4000000060
35703  -37.188  -51.049  -8.707 0.4000000060
36556  -35.082  -49.585  -5.391 0.4000000060
36596  -38.171  -50.144  -9.314 0.4000000060
41979  -34.391  -43.585  -7.806 0.4000000060
130119  -26.061  -70.696  -12.324 0.4000000060
133041  -26.737  -70.670  -12.321 0.4000000060
120203  -28.012  -70.655  -12.275 0.4000000060
135034  -29.140  -70.504  -13.171 0.4000000060
17347  -28.319  -70.348  -11.604 0.4000000060
17361  -28.738  -70.436  -12.314 0.4000000060
18260  -29.541  -69.727  -12.411 0.4000000060
18261  -30.240  -69.246  -13.776 0.5000000000
133262  -28.548  -69.954  -11.046 0.4000000060
18250  -28.997  -69.920  -11.540 0.4000000060
19175  -29.920  -68.658  -12.161 0.5000000000
19179  -30.205  -68.982  -13.013 0.5000000000
20091  -30.627  -67.534  -13.629 0.6000000238
18221  -28.521  -69.329  -9.984 0.4000000060
18236  -28.952  -69.428  -10.763 0.4000000060
19172  -29.557  -68.406  -11.402 0.4000000060
19180  -30.538  -68.439  -13.771 0.5000000000
24172  -38.780  -63.734  -13.040 0.3000000119
24171  -37.612  -64.023  -12.529 0.4000000060
25219  -37.146  -62.842  -11.599 0.3000000119
20096  -30.901  -67.924  -14.214 0.5000000000
22058  -38.158  -66.194  -15.670 0.5000000000
22046  -38.533  -65.539  -14.559 0.4000000060
21026  -28.306  -67.012  -10.198 0.4000000060
19176  -30.328  -67.909  -12.853 0.5000000000
20076  -28.858  -67.877  -10.287 0.4000000060
19163  -29.007  -68.760  -10.306 0.4000000060
20097  -31.504  -67.640  -14.526 0.6000000238
21058  -33.468  -66.390  -14.633 0.6999999881
23114  -38.516  -65.554  -15.352 0.5000000000
20099  -33.179  -67.106  -14.982 0.6999999881
21064  -35.264  -66.529  -15.557 0.6999999881
22057  -37.182  -66.028  -15.698 0.6999999881
21063  -34.146  -66.837  -15.273 0.6999999881
22055  -35.055  -65.813  -15.045 0.6999999881
118453  -29.780  -67.718  -12.026 0.5000000000
20090  -30.274  -67.050  -13.200 0.6000000238
21050  -30.591  -66.783  -13.511 0.6000000238
21051  -31.243  -66.530  -13.700 0.6000000238
21035  -28.725  -67.064  -11.031 0.4000000060
21044  -29.202  -66.831  -11.936 0.5000000000
22039  -29.952  -66.327  -13.104 0.6000000238
20092  -31.065  -67.217  -13.999 0.6000000238
22048  -32.892  -65.938  -14.100 0.6000000238
22049  -33.721  -65.665  -14.334 0.6000000238
21057  -32.590  -66.656  -14.432 0.6000000238
21059  -34.339  -66.109  -14.865 0.6999999881
23113  -37.864  -65.365  -15.531 0.6000000238
23111  -38.451  -64.825  -15.200 0.5000000000
22028  -28.257  -65.526  -11.941 0.6000000238
22031  -28.885  -65.590  -12.347 0.6000000238
22032  -29.508  -65.710  -12.784 0.6999999881
22040  -30.593  -66.083  -13.344 0.6000000238
22043  -33.203  -65.246  -13.768 0.6000000238
21043  -28.490  -66.238  -11.642 0.5000000000
20087  -29.815  -66.955  -12.686 0.6000000238
22050  -34.551  -65.436  -14.538 0.6999999881
23109  -35.938  -64.649  -14.615 0.6999999881
22051  -35.451  -65.289  -14.817 0.6999999881
23110  -37.256  -64.648  -15.055 0.6000000238
23091  -29.201  -65.117  -12.450 0.6000000238
22033  -29.884  -65.231  -12.752 0.6999999881
23094  -31.262  -64.489  -12.581 0.6999999881
22034  -30.761  -65.313  -12.942 0.6999999881
23101  -32.676  -64.768  -13.275 0.6000000238
24182  -36.465  -63.988  -14.435 0.5000000000
23107  -34.044  -65.009  -13.984 0.6999999881
23108  -34.908  -64.784  -14.267 0.6999999881
24167  -31.699  -63.736  -12.180 0.6999999881
24169  -33.454  -63.340  -12.659 0.6999999881
23093  -30.369  -64.627  -12.499 0.6999999881
23095  -32.186  -64.281  -12.740 0.6000000238
24175  -33.066  -64.062  -12.935 0.5000000000
23100  -31.777  -65.017  -13.093 0.6000000238
23103  -34.412  -64.329  -13.666 0.6999999881
24178  -35.751  -63.410  -13.810 0.5000000000
23104  -35.334  -64.125  -13.984 0.6999999881
25223  -33.047  -62.858  -12.087 0.6999999881
25224  -33.826  -62.645  -12.415 0.6999999881
25218  -33.449  -62.191  -11.837 0.6999999881
24177  -34.780  -63.601  -13.444 0.6000000238
24170  -34.263  -63.079  -12.963 0.6999999881
22054  -38.684  -65.662  -15.106 0.5000000000
24176  -33.905  -63.819  -13.180 0.6000000238
17346  -27.421  -70.530  -11.754 0.4000000060
19151  -28.527  -68.587  -9.608 0.4000000060
18251  -29.428  -69.230  -11.473 0.4000000060
20084  -29.279  -67.712  -11.202 0.4000000060
22056  -35.967  -65.882  -15.417 0.6999999881
22042  -32.350  -65.497  -13.568 0.6000000238
21047  -28.784  -66.040  -12.181 0.6999999881
21048  -29.319  -66.211  -12.578 0.6000000238
23102  -33.544  -64.546  -13.452 0.6000000238
24168  -32.610  -63.557  -12.394 0.6000000238
23092  -29.683  -64.712  -12.401 0.5000000000
21042  -27.808  -65.769  -11.406 0.4000000060
23086  -28.252  -64.886  -12.081 0.5000000000
24165  -29.882  -64.091  -12.070 0.6000000238
22013  -26.961  -65.788  -9.991 0.4000000060
22026  -26.559  -64.698  -11.162 0.5000000000
22027  -27.344  -65.006  -11.649 0.5000000000
23087  -29.075  -64.407  -12.070 0.5000000000
24159  -29.208  -63.523  -11.574 0.5000000000
24166  -30.758  -63.905  -12.066 0.6000000238
25222  -32.192  -63.029  -11.749 0.5000000000
24161  -31.135  -63.056  -11.470 0.5000000000
25216  -31.785  -62.350  -11.185 0.6999999881
126496  -30.979  -62.242  -10.896 0.6000000238
129304  -32.226  -61.635  -10.946 0.6000000238
22021  -26.193  -64.921  -10.624 0.5000000000
23084  -26.574  -64.381  -11.258 0.5000000000
23085  -27.279  -64.248  -11.516 0.5000000000
136944  -28.503  -62.708  -11.146 0.5000000000
24158  -28.207  -63.775  -11.568 0.5000000000
25217  -32.654  -62.301  -11.500 0.6000000238
25215  -30.184  -62.387  -10.942 0.6000000238
26240  -31.315  -61.608  -10.709 0.5000000000
27229  -32.620  -60.862  -10.858 0.6000000238
23081  -25.583  -64.029  -10.949 0.5000000000
24156  -26.264  -63.367  -11.060 0.5000000000
25211  -26.500  -62.021  -11.025 0.5000000000
137574  -27.945  -62.854  -11.089 0.5000000000
25213  -28.498  -61.603  -11.122 0.5000000000
26241  -33.078  -61.579  -11.320 0.6000000238
26239  -30.307  -61.479  -10.693 0.5000000000
27228  -31.682  -60.864  -10.626 0.6000000238
23080  -24.820  -63.775  -10.422 0.5000000000
24152  -25.365  -63.047  -10.868 0.5000000000
25206  -26.065  -61.808  -10.592 0.5000000000
26225  -26.891  -61.334  -10.716 0.5000000000
26226  -27.623  -60.960  -10.633 0.6000000238
25207  -26.853  -61.337  -10.897 0.4000000060
27216  -28.719  -60.685  -10.556 0.4000000060
125393  -28.689  -60.713  -10.823 0.5000000000
26237  -28.118  -60.836  -11.035 0.5000000000
27217  -29.420  -60.486  -9.707 0.4000000060
28180  -30.391  -59.730  -9.832 0.5000000000
27222  -30.339  -60.194  -10.255 0.5000000000
28176  -30.433  -59.138  -9.194 0.4000000060
26233  -29.611  -60.715  -10.547 0.6000000238
26234  -30.689  -60.758  -10.521 0.6000000238
27224  -32.027  -60.079  -10.644 0.6000000238
29137  -32.820  -58.648  -10.359 0.6000000238
27221  -29.590  -60.492  -10.216 0.5000000000
133988  -30.730  -59.064  -9.659 0.5000000000
29135  -31.215  -58.886  -9.944 0.5000000000
28181  -30.839  -59.554  -10.130 0.5000000000
29127  -30.408  -58.415  -8.454 0.4000000060
29130  -30.916  -58.334  -9.337 0.5000000000
28182  -31.553  -59.441  -10.352 0.6000000238
29136  -31.977  -58.757  -10.190 0.6000000238
30980  -30.356  -56.439  -8.265 0.3000000119
138773  -30.394  -57.114  -8.383 0.4000000060
30103  -30.722  -57.649  -8.757 0.4000000060
139302  -31.635  -58.178  -9.749 0.5000000000
29131  -32.444  -58.072  -10.020 0.6000000238
135980  -33.021  -51.533  -5.795 0.3000000119
33821  -32.385  -53.527  -6.599 0.3000000119
35674  -32.821  -50.839  -5.694 0.3000000119
122145  -33.671  -48.161  -4.917 0.3000000119
37470  -33.213  -49.510  -5.202 0.3000000119
39244  -33.805  -47.269  -5.109 0.3000000119
40176  -33.576  -46.290  -5.597 0.3000000119
117285  -33.329  -45.388  -6.303 0.3000000119
41977  -33.099  -43.742  -7.272 0.3000000119
30099  -30.931  -56.959  -8.841 0.5000000000
26238  -29.105  -61.168  -11.035 0.5000000000
27223  -31.128  -60.074  -10.472 0.6000000238
22053  -38.672  -65.965  -15.107 0.3000000119
20106  -36.050  -67.136  -16.232 0.6000000238
21065  -36.553  -66.612  -16.044 0.6000000238
23089  -35.628  -64.536  -11.646 0.3000000119
23096  -36.230  -64.952  -12.363 0.3000000119
22037  -36.904  -65.369  -13.109 0.3000000119
23097  -37.314  -64.722  -12.805 0.3000000119
22044  -36.505  -66.070  -13.449 0.3000000119
22038  -38.091  -65.174  -13.605 0.3000000119
23098  -38.438  -64.451  -13.360 0.3000000119
21068  -37.059  -67.384  -16.464 0.6000000238
21066  -37.673  -66.882  -16.136 0.5000000000
23088  -34.726  -64.929  -11.085 0.3000000119
24162  -35.969  -63.757  -11.455 0.3000000119
23090  -36.529  -64.222  -12.151 0.3000000119
24163  -36.831  -63.515  -11.906 0.3000000119
22045  -37.716  -65.855  -13.925 0.3000000119
21055  -38.383  -66.324  -14.836 0.3000000119
21061  -38.306  -66.625  -15.409 0.4000000060
140465  -28.208  -66.472  -10.960 0.4000000060
23083  -35.211  -64.089  -10.904 0.3000000119
24155  -36.341  -63.132  -11.305 0.3000000119
17375  -29.354  -70.475  -14.563 0.5000000000
17376  -30.074  -70.074  -14.889 0.5000000000
17360  -27.298  -70.785  -12.691 0.4000000060
17372  -28.124  -70.853  -13.148 0.4000000060
16494  -28.636  -70.804  -14.082 0.4000000060
17379  -28.762  -70.903  -14.851 0.5000000000
19188  -31.731  -68.756  -15.412 0.5000000000
18268  -30.755  -69.700  -15.261 0.5000000000
18263  -29.927  -69.846  -14.202 0.5000000000
17362  -29.384  -70.327  -13.896 0.4000000060
19190  -34.552  -68.182  -16.269 0.6000000238
122284  -33.491  -68.282  -15.994 0.6000000238
19189  -32.555  -68.488  -15.706 0.5000000000
18265  -31.121  -69.082  -15.123 0.5000000000
126853  -29.782  -69.801  -13.416 0.3000000119
18264  -30.592  -69.150  -14.511 0.5000000000
20108  -35.567  -68.202  -16.506 0.6000000238
20104  -33.836  -67.587  -15.636 0.6000000238
20103  -32.829  -67.776  -15.390 0.6000000238
138037  -30.785  -68.466  -14.333 0.4000000060
138772  -31.211  -68.421  -14.756 0.5000000000
20109  -36.328  -67.831  -16.511 0.6000000238
21054  -37.353  -66.572  -14.321 0.3000000119
20107  -37.896  -67.744  -16.064 0.4000000060
19184  -31.948  -68.015  -15.161 0.4000000060
22036  -35.871  -65.649  -12.652 0.3000000119
21060  -38.040  -67.035  -15.273 0.3000000119
21069  -37.745  -67.630  -16.253 0.5000000000
20105  -35.062  -67.448  -16.026 0.6000000238
20095  -37.171  -67.416  -14.732 0.3000000119
19196  -35.385  -68.894  -16.724 0.5000000000
124912  -35.988  -69.548  -17.007 0.5000000000
19197  -36.441  -68.679  -16.592 0.5000000000
18272  -36.410  -69.169  -16.659 0.4000000060
19192  -37.210  -68.408  -16.321 0.5000000000
18276  -35.127  -69.615  -17.081 0.5000000000
18277  -36.074  -69.918  -17.080 0.4000000060
18271  -36.259  -69.669  -16.369 0.4000000060
19191  -36.766  -68.922  -16.269 0.4000000060
20111  -37.695  -68.042  -16.272 0.5000000000
19194  -33.224  -69.007  -16.343 0.5000000000
19195  -34.270  -68.909  -16.570 0.5000000000
19193  -37.729  -68.128  -16.165 0.4000000060
13731  -25.432  -75.317  -16.878 0.3000000119
12793  -24.774  -75.727  -17.520 0.3000000119
12794  -25.618  -75.928  -17.433 0.3000000119
13733  -27.302  -75.363  -16.714 0.3000000119
120901  -28.337  -75.922  -18.050 0.4000000060
13732  -26.415  -75.407  -16.650 0.3000000119
13721  -27.009  -74.576  -15.792 0.3000000119
12807  -29.138  -75.766  -18.515 0.4000000060
13734  -28.196  -75.177  -17.120 0.4000000060
13743  -29.796  -74.758  -18.317 0.4000000060
14706  -28.818  -74.063  -17.038 0.4000000060
14702  -27.962  -74.219  -16.191 0.4000000060
14694  -27.432  -73.507  -15.463 0.4000000060
14695  -28.066  -73.201  -15.789 0.4000000060
13745  -32.794  -74.552  -17.683 0.3000000119
13748  -30.593  -74.673  -18.355 0.4000000060
139857  -31.119  -74.101  -18.092 0.4000000060
15611  -30.223  -73.266  -17.733 0.4000000060
15608  -29.733  -72.848  -17.361 0.4000000060
14703  -28.617  -73.211  -16.463 0.4000000060
129300  -33.695  -73.171  -17.333 0.3000000119
15613  -32.250  -73.250  -17.717 0.4000000060
129357  -31.549  -72.581  -17.544 0.4000000060
129089  -31.146  -73.393  -17.793 0.4000000060
15612  -30.553  -72.644  -17.495 0.4000000060
16517  -30.934  -71.954  -17.275 0.4000000060
15609  -30.032  -72.146  -17.026 0.4000000060
16512  -29.622  -71.751  -16.297 0.4000000060
15604  -28.444  -72.489  -15.927 0.4000000060
15603  -27.710  -72.409  -15.427 0.4000000060
15614  -33.562  -72.471  -17.498 0.4000000060
126318  -32.610  -72.528  -17.567 0.4000000060
16514  -31.371  -71.366  -16.839 0.4000000060
16507  -30.000  -71.149  -15.904 0.4000000060
122857  -28.187  -71.929  -15.613 0.4000000060
16511  -28.854  -71.895  -15.926 0.4000000060
15595  -27.208  -72.087  -14.938 0.4000000060
16519  -33.069  -71.869  -17.521 0.4000000060
16515  -32.405  -71.266  -17.163 0.4000000060
17384  -30.816  -70.875  -16.223 0.4000000060
16505  -28.578  -71.409  -15.337 0.4000000060
17380  -29.417  -70.792  -15.266 0.4000000060
17389  -33.530  -71.178  -17.432 0.4000000060
18274  -32.994  -69.770  -16.667 0.4000000060
18269  -31.499  -69.489  -15.639 0.4000000060
17392  -35.652  -70.135  -17.208 0.4000000060
17386  -32.741  -70.535  -16.945 0.4000000060
18275  -34.045  -69.648  -16.931 0.4000000060
18267  -35.736  -69.623  -15.404 0.3000000119
17381  -30.355  -70.458  -15.547 0.4000000060
18278  -34.870  -70.273  -17.336 0.4000000060
19186  -36.422  -69.036  -15.507 0.3000000119
18273  -32.029  -69.957  -16.312 0.4000000060
13742  -29.071  -74.950  -17.790 0.4000000060
14707  -29.608  -73.799  -17.678 0.4000000060
14709  -32.867  -73.795  -17.689 0.4000000060
14708  -31.929  -73.916  -17.994 0.4000000060
13746  -33.440  -74.088  -17.303 0.3000000119
15615  -34.214  -72.278  -17.278 0.3000000119
132991  -33.104  -73.090  -17.599 0.4000000060
16518  -31.976  -71.917  -17.360 0.4000000060
16520  -34.050  -71.763  -17.480 0.4000000060
16506  -29.292  -71.399  -15.729 0.4000000060
17382  -31.185  -70.215  -15.883 0.4000000060
17387  -33.844  -70.417  -17.272 0.4000000060
11836  -30.944  -76.200  -18.259 0.3000000119
10918  -29.120  -77.416  -18.410 0.3000000119
11829  -28.067  -76.996  -18.517 0.3000000119
11834  -29.289  -76.598  -18.661 0.3000000119
12813  -30.039  -76.038  -18.699 0.3000000119
132610  -28.408  -76.463  -18.459 0.3000000119
12812  -29.418  -76.051  -18.698 0.3000000119
12814  -31.685  -75.525  -18.111 0.3000000119
130221  -30.942  -75.295  -18.400 0.3000000119
14711  -31.510  -74.536  -18.196 0.3000000119
16521  -34.712  -71.600  -17.222 0.3000000119
17390  -34.644  -71.016  -17.447 0.3000000119
17388  -35.699  -70.490  -17.124 0.3000000119
12815  -32.018  -74.918  -18.137 0.3000000119
10913  -28.414  -77.490  -18.273 0.3000000119
10917  -28.668  -77.032  -18.610 0.3000000119
12811  -28.797  -76.493  -18.609 0.3000000119
13744  -32.269  -74.326  -17.972 0.3000000119
13747  -29.948  -75.452  -18.615 0.3000000119
14704  -29.172  -73.190  -17.117 0.4000000060
14710  -30.367  -73.956  -18.056 0.4000000060
15607  -29.185  -72.475  -16.619 0.4000000060
16513  -30.456  -71.532  -16.569 0.4000000060
17336  -27.935  -70.210  -10.934 0.4000000060
17383  -35.887  -70.384  -16.740 0.3000000119
17385  -31.732  -70.686  -16.567 0.4000000060
18237  -29.305  -68.865  -10.882 0.4000000060
18270  -32.316  -69.239  -15.986 0.4000000060
19187  -37.413  -68.504  -15.989 0.4000000060
20077  -29.241  -68.327  -10.775 0.4000000060
20098  -32.278  -67.355  -14.784 0.6000000238
20101  -37.821  -67.841  -15.776 0.4000000060
20102  -38.070  -67.259  -15.739 0.4000000060
20110  -37.283  -68.031  -16.499 0.5000000000
21034  -27.699  -66.196  -10.482 0.4000000060
21052  -32.066  -66.252  -13.843 0.6000000238
21056  -31.763  -66.942  -14.226 0.6000000238
21062  -38.481  -66.189  -15.344 0.3000000119
21067  -38.104  -67.018  -15.774 0.5000000000
22012  -25.953  -65.366  -9.723 0.5000000000
22022  -27.078  -65.360  -11.010 0.5000000000
22041  -31.464  -65.798  -13.394 0.6000000238
22047  -38.749  -65.246  -14.893 0.5000000000
22052  -36.598  -65.272  -15.224 0.6999999881
23073  -24.611  -64.035  -9.826 0.5000000000
23082  -34.593  -64.392  -10.439 0.3000000119
24151  -24.841  -63.165  -10.534 0.5000000000
24157  -27.321  -63.056  -11.076 0.5000000000
24160  -30.113  -63.299  -11.521 0.5000000000
24179  -36.953  -63.268  -14.302 0.5000000000
24180  -39.903  -63.343  -13.977 0.4000000060
24181  -40.111  -62.848  -14.012 0.6000000238
25212  -27.550  -61.579  -11.096 0.4000000060
25214  -29.309  -62.505  -11.099 0.5000000000
25228  -40.137  -62.769  -13.337 0.4000000060
26227  -28.462  -60.750  -10.307 0.4000000060
26231  -27.443  -60.918  -10.972 0.5000000000
26232  -28.082  -60.769  -10.871 0.6000000238
26243  -34.353  -61.184  -11.726 0.6999999881
27235  -35.060  -60.885  -11.940 0.6999999881
28175  -30.131  -59.867  -9.384 0.4000000060
28183  -32.433  -59.374  -10.500 0.6000000238
29143  -41.494  -58.075  -12.079 0.5000000000
29149  -41.365  -58.734  -12.248 0.5000000000
30115  -38.257  -57.622  -11.687 0.5000000000
30994  -41.457  -55.900  -10.497 0.4000000060
30996  -34.572  -56.976  -10.263 0.6000000238
31006  -41.312  -55.930  -10.970 0.3000000119
31949  -30.741  -55.795  -8.206 0.3000000119
32927  -39.666  -54.292  -7.719 0.3000000119
32936  -36.902  -54.585  -9.711 0.4000000060
33814  -38.168  -53.155  -5.599 0.4000000060
34767  -40.138  -52.768  -9.273 0.3000000119
35688  -34.683  -51.892  -6.005 0.4000000060
35700  -36.555  -51.135  -8.310 0.4000000060
36593  -40.802  -49.691  -9.062 0.3000000119
36597  -39.132  -50.023  -9.529 0.5000000000
37501  -40.858  -49.276  -8.746 0.4000000060
38363  -37.310  -48.319  -8.267 0.4000000060
39246  -35.378  -47.817  -5.481 0.4000000060
42966  -33.571  -43.402  -7.449 0.4000000060
120594  -28.378  -69.776  -10.520 0.4000000060
124063  -40.036  -49.907  -9.429 0.4000000060
126756  -25.754  -62.409  -10.819 0.5000000000
127135  -36.045  -56.889  -10.548 0.5000000000
128961  -27.808  -77.365  -18.179 0.3000000119
132731  -33.891  -44.962  -6.579 0.4000000060
135469  -30.046  -65.733  -13.093 0.6999999881
136601  -41.434  -57.927  -12.121 0.5000000000
137953  -30.629  -58.737  -9.202 0.5000000000
139348  -35.321  -70.585  -17.263 0.3000000119
139371  -38.317  -47.876  -9.145 0.4000000060
