#!ascii label  , from subject sub-v2s18x29518_ses-1 vox2ras=TkReg
727
74812  17.125  -6.669  -1.570 0.2500000000
74826  17.731  -6.944  -2.255 0.2500000000
73938  17.806  -7.738  -2.210 0.7500000000
76587  16.308  -3.921  -0.697 0.2500000000
76586  16.481  -4.530  -1.255 0.1250000000
77466  16.559  -3.668  -1.458 0.3750000000
135490  16.881  -5.860  -1.616 0.2500000000
74825  17.882  -6.079  -2.487 0.7500000000
139046  17.312  -6.228  -2.072 0.3750000000
73937  18.403  -7.545  -2.726 0.8750000000
132665  19.138  -7.686  -3.106 0.8750000000
76602  16.866  -4.288  -1.977 0.3750000000
121222  17.334  -4.822  -2.301 0.3750000000
75698  18.000  -5.208  -2.625 0.8750000000
75686  17.293  -5.561  -2.189 0.7500000000
131784  19.906  -6.033  -3.418 1.0000000000
75714  18.671  -5.844  -2.867 1.0000000000
73953  19.654  -7.239  -3.379 1.0000000000
74839  18.477  -6.667  -2.789 0.8750000000
73952  20.454  -7.367  -3.541 1.0000000000
78357  16.631  -2.769  -1.620 0.2500000000
77485  16.988  -3.433  -2.138 0.7500000000
77483  18.290  -3.624  -3.007 0.8750000000
76600  18.265  -4.447  -2.862 0.8750000000
76601  17.544  -4.068  -2.522 0.7500000000
139645  20.053  -5.502  -3.497 1.0000000000
122670  19.696  -4.903  -3.463 1.0000000000
76619  19.112  -4.101  -3.389 1.0000000000
75711  21.325  -5.678  -3.448 1.0000000000
74837  20.549  -5.910  -3.507 1.0000000000
74836  21.047  -6.569  -3.519 1.0000000000
128570  20.175  -6.617  -3.501 1.0000000000
131133  16.335  -3.028  -0.906 0.1250000000
77500  18.235  -2.897  -3.072 1.0000000000
77484  17.601  -3.163  -2.655 0.8750000000
76616  21.336  -4.839  -3.448 1.0000000000
75712  20.601  -5.018  -3.572 1.0000000000
132312  21.789  -5.290  -3.260 1.0000000000
132473  22.231  -5.352  -2.891 1.0000000000
131294  21.861  -5.893  -3.227 1.0000000000
81910  16.275  1.527  -1.526 0.2500000000
78358  16.283  -2.135  -1.099 0.2500000000
121883  16.613  -1.874  -1.825 0.3750000000
79295  18.056  -1.630  -3.135 1.0000000000
79277  17.265  -1.721  -2.502 0.6250000000
78374  17.764  -2.370  -2.826 1.0000000000
78390  19.625  -2.758  -3.810 1.0000000000
136384  19.089  -2.318  -3.854 1.0000000000
132276  21.339  -4.188  -3.380 1.0000000000
76617  20.786  -4.173  -3.589 1.0000000000
78389  20.349  -2.441  -3.687 1.0000000000
77482  21.598  -3.834  -3.124 1.0000000000
76598  22.414  -4.529  -2.509 1.0000000000
118083  22.103  -3.812  -2.683 1.0000000000
81909  16.850  1.533  -2.333 0.5000000000
80999  16.124  0.786  -1.145 0.3750000000
80133  16.279  -0.110  -1.574 0.3750000000
80132  17.035  -0.156  -2.418 0.5000000000
127731  18.336  -0.921  -3.423 0.8750000000
80146  18.670  -0.299  -3.623 1.0000000000
79294  19.517  -1.934  -3.887 1.0000000000
124214  18.819  -1.576  -3.728 1.0000000000
78388  21.171  -2.423  -3.255 1.0000000000
78372  22.301  -2.093  -2.199 1.0000000000
77481  22.368  -2.916  -2.283 1.0000000000
76585  22.666  -3.781  -2.047 0.8750000000
139313  16.427  2.013  -1.825 0.5000000000
81010  16.500  0.690  -1.998 0.5000000000
81918  17.761  1.351  -3.087 0.6250000000
81917  18.569  1.285  -3.488 0.6250000000
81022  18.202  0.531  -3.455 1.0000000000
80147  17.850  -0.193  -3.257 0.7500000000
126705  19.367  -0.081  -3.581 1.0000000000
80129  21.608  -0.764  -2.621 1.0000000000
80130  21.274  0.067  -2.676 1.0000000000
80143  20.849  -0.867  -3.172 1.0000000000
80144  20.016  -0.529  -3.430 1.0000000000
79275  21.976  -1.492  -2.431 1.0000000000
79276  21.391  -1.592  -3.010 1.0000000000
79292  20.782  -1.758  -3.416 1.0000000000
79260  22.524  -1.511  -1.831 0.8750000000
78356  22.821  -2.274  -1.743 0.8750000000
82767  17.411  2.057  -2.678 0.5000000000
82766  18.201  2.183  -3.169 0.8750000000
81915  20.025  1.467  -3.375 1.0000000000
128217  21.910  0.098  -2.219 1.0000000000
81008  21.057  0.909  -2.831 1.0000000000
81906  22.066  1.722  -2.212 1.0000000000
80118  22.809  -0.795  -1.380 1.0000000000
80119  22.211  -0.739  -2.034 1.0000000000
81006  22.187  0.969  -1.925 1.0000000000
126649  22.470  0.090  -1.627 1.0000000000
82757  16.716  2.538  -2.067 0.5000000000
82756  17.509  2.724  -2.649 0.8750000000
82765  18.908  2.686  -3.398 1.0000000000
128586  20.339  3.885  -2.667 1.0000000000
82755  20.358  2.246  -3.111 1.0000000000
82764  19.684  2.911  -3.175 1.0000000000
83544  22.515  3.095  -1.544 1.0000000000
82753  21.822  2.348  -2.399 1.0000000000
82739  22.885  2.640  -1.367 1.0000000000
82747  22.396  2.365  -1.902 1.0000000000
80998  22.648  0.985  -1.286 1.0000000000
81899  22.507  1.708  -1.746 1.0000000000
86554  19.230  8.032  -2.434 1.0000000000
85729  17.751  7.184  -1.540 0.3750000000
85737  18.398  7.307  -2.442 0.8750000000
123095  20.055  5.358  -2.531 1.0000000000
84288  21.913  3.756  -1.539 1.0000000000
84299  21.331  3.651  -2.059 1.0000000000
87353  18.520  8.809  -2.163 0.8750000000
131988  19.645  8.614  -2.509 1.0000000000
85736  19.793  7.093  -2.524 1.0000000000
86541  20.352  7.841  -2.466 1.0000000000
124882  20.771  5.283  -2.137 1.0000000000
122235  22.120  4.508  -1.296 1.0000000000
84978  22.073  5.501  -1.366 1.0000000000
84282  22.572  3.871  -1.073 1.0000000000
128125  18.945  9.606  -2.291 0.7500000000
86540  21.310  7.585  -2.026 1.0000000000
85722  22.474  6.409  -1.081 1.0000000000
85727  21.664  6.602  -1.619 1.0000000000
87352  20.746  8.800  -2.534 1.0000000000
86539  22.129  7.353  -1.422 1.0000000000
89698  20.788  11.987  1.016 0.1250000000
90406  20.878  12.767  0.950 0.1250000000
90418  19.572  12.317  -0.542 0.2500000000
134785  19.814  12.574  0.158 0.1250000000
90430  20.165  12.518  -1.393 0.3750000000
91111  18.840  13.610  -1.201 0.2500000000
90431  19.368  13.260  -1.774 0.2500000000
91125  20.258  13.256  -1.940 0.3750000000
91101  19.740  13.419  -0.011 0.2500000000
91126  18.810  13.598  -1.842 0.2500000000
91833  18.437  14.053  -1.956 0.2500000000
121196  18.545  14.731  -1.891 0.2500000000
91136  18.888  13.890  -2.203 0.2500000000
91841  19.372  15.049  -2.379 0.2500000000
91135  20.152  14.081  -2.227 0.3750000000
118867  18.730  14.814  -2.160 0.2500000000
91832  21.378  14.405  -1.863 0.3750000000
132041  20.503  15.191  -2.312 0.2500000000
74813  16.706  -6.248  -0.872 0.1250000000
75699  16.812  -5.087  -1.782 0.2500000000
76575  16.331  -4.763  -0.536 0.1250000000
73951  21.721  -6.703  -3.249 1.0000000000
125023  18.924  1.901  -3.519 0.8750000000
73008  17.036  -7.934  -0.618 0.1250000000
72186  18.532  -9.019  -2.619 0.7500000000
76576  16.281  -4.210  -0.362 0.1250000000
72185  19.431  -9.016  -3.115 1.0000000000
74799  16.610  -6.147  -0.465 0.1250000000
74823  22.612  -6.578  -2.321 1.0000000000
79261  16.134  -1.829  -0.820 0.3750000000
80120  16.078  0.096  -0.940 0.2500000000
76584  22.852  -4.400  -1.858 0.8750000000
79259  23.172  -1.635  -1.309 0.8750000000
77465  23.098  -3.062  -1.657 0.8750000000
80111  23.507  -0.978  -0.796 0.8750000000
85715  17.862  6.316  -0.740 0.1250000000
85730  17.665  6.456  -1.045 0.1250000000
125611  17.109  3.516  -2.194 0.3750000000
84302  18.302  4.349  -3.043 0.6250000000
136041  22.743  2.199  -1.506 1.0000000000
80997  23.156  0.102  -0.809 0.8750000000
86543  17.813  7.745  -1.922 0.5000000000
85738  17.849  6.903  -2.189 0.3750000000
84990  18.212  6.186  -2.593 0.8750000000
84973  22.676  4.766  -0.825 1.0000000000
88164  19.826  10.436  -2.011 0.8750000000
87351  21.768  9.214  -2.003 1.0000000000
121119  21.810  8.178  -1.887 1.0000000000
89686  21.876  11.558  2.304 0.1250000000
117100  19.691  11.704  0.461 0.1250000000
89723  20.296  11.621  -1.218 0.6250000000
115616  21.589  12.688  -1.422 0.5000000000
91124  21.466  13.577  -1.712 0.5000000000
91811  20.195  14.193  0.331 0.2500000000
91822  18.978  14.320  -0.826 0.2500000000
92520  19.153  15.408  -1.196 0.1250000000
92543  19.197  16.002  -2.732 0.2500000000
123279  20.616  16.294  -2.551 0.2500000000
92541  21.851  15.256  -1.739 0.3750000000
92540  22.244  16.269  -1.764 0.2500000000
92533  18.994  15.639  -2.290 0.1250000000
73921  16.994  -7.258  -1.047 0.1250000000
73920  17.376  -7.515  -1.665 0.3750000000
75687  16.502  -5.351  -1.052 0.1250000000
73032  18.884  -8.299  -2.917 0.7500000000
73954  18.985  -7.127  -3.056 0.8750000000
73045  19.797  -8.087  -3.405 1.0000000000
121695  18.848  -5.028  -3.118 1.0000000000
74838  19.326  -6.458  -3.200 1.0000000000
120804  21.202  -7.441  -3.465 1.0000000000
136376  21.552  -6.197  -3.363 1.0000000000
78375  17.094  -2.560  -2.282 0.8750000000
77499  18.935  -3.067  -3.581 1.0000000000
76599  21.873  -4.587  -3.106 1.0000000000
76618  20.046  -4.164  -3.647 1.0000000000
77498  19.617  -3.481  -3.667 1.0000000000
74824  22.198  -6.203  -2.883 1.0000000000
119962  16.208  -1.101  -1.265 0.3750000000
79278  16.685  -0.980  -2.102 0.5000000000
128701  17.552  -0.938  -2.824 0.8750000000
78391  18.506  -2.303  -3.401 1.0000000000
77496  21.016  -3.376  -3.440 1.0000000000
77497  20.256  -3.390  -3.694 1.0000000000
128439  21.646  -3.117  -2.884 1.0000000000
81009  17.388  0.615  -2.791 0.6250000000
136397  18.804  -0.943  -3.680 1.0000000000
81021  18.928  0.555  -3.672 1.0000000000
79293  20.121  -1.438  -3.635 1.0000000000
80145  19.294  -0.989  -3.727 1.0000000000
78373  21.813  -2.271  -2.700 1.0000000000
127823  23.318  -3.839  -1.458 0.8750000000
81916  19.268  1.315  -3.576 1.0000000000
81020  19.624  0.706  -3.500 1.0000000000
80131  20.573  0.090  -3.045 1.0000000000
82754  21.150  2.325  -2.719 1.0000000000
129640  19.549  2.079  -3.419 1.0000000000
81908  20.795  1.599  -3.004 1.0000000000
81019  20.363  0.841  -3.225 1.0000000000
81007  21.664  0.952  -2.377 1.0000000000
81907  21.492  1.690  -2.610 1.0000000000
83557  18.090  3.358  -3.047 0.7500000000
83569  18.953  3.648  -3.324 1.0000000000
83556  19.710  3.795  -3.051 1.0000000000
83555  20.531  3.079  -2.751 1.0000000000
120470  20.678  4.430  -2.326 1.0000000000
132492  20.863  3.565  -2.417 1.0000000000
83553  21.943  2.957  -2.083 1.0000000000
83554  21.368  2.947  -2.448 1.0000000000
84989  19.307  6.282  -2.627 1.0000000000
84300  19.801  4.586  -2.826 1.0000000000
123589  19.067  5.416  -2.909 1.0000000000
84289  21.389  4.688  -1.717 1.0000000000
85728  20.819  6.858  -2.177 1.0000000000
84979  21.186  5.844  -1.858 1.0000000000
84988  20.373  6.101  -2.302 1.0000000000
139429  19.656  12.037  0.164 0.1250000000
90419  19.319  12.955  -0.974 0.2500000000
92542  19.438  16.199  -2.968 0.2500000000
73023  17.166  -8.128  -1.205 0.2500000000
72135  17.135  -8.404  -0.167 0.1250000000
73022  17.557  -8.283  -1.831 0.6250000000
73033  18.101  -8.337  -2.436 0.7500000000
84980  17.451  5.681  -1.232 0.5000000000
83558  17.182  4.348  -2.036 0.6250000000
84301  19.012  4.561  -3.218 0.8750000000
120957  17.723  4.852  -2.572 0.7500000000
139484  17.833  6.197  -2.314 0.7500000000
84991  17.828  5.573  -2.484 0.8750000000
118229  18.308  5.216  -2.864 1.0000000000
87341  22.568  8.159  -1.320 1.0000000000
122045  20.060  12.005  -1.045 0.7500000000
90429  21.291  11.869  -1.260 0.7500000000
92532  23.222  15.240  -1.160 0.3750000000
69564  20.549  -12.736  -2.475 0.7500000000
69554  21.698  -12.342  -2.005 0.7500000000
68581  18.961  -12.932  -2.299 0.7500000000
69566  18.911  -12.031  -2.416 0.7500000000
120593  20.615  -11.823  -2.646 0.7500000000
70444  19.701  -11.534  -2.726 0.7500000000
70432  22.121  -11.578  -1.775 0.7500000000
70433  21.481  -11.413  -2.401 0.7500000000
136736  20.945  -11.238  -2.705 0.7500000000
132865  18.924  -9.598  -2.772 0.7500000000
71317  20.445  -11.021  -2.871 0.7500000000
72183  20.474  -10.074  -3.112 0.8750000000
72184  19.562  -9.870  -3.058 0.8750000000
70443  22.062  -10.869  -2.070 0.7500000000
71315  21.770  -10.370  -2.465 0.7500000000
72196  20.126  -9.369  -3.305 0.8750000000
139499  20.217  -8.731  -3.432 0.8750000000
71307  22.345  -10.105  -1.940 0.7500000000
72181  22.126  -9.437  -2.491 0.7500000000
73031  21.792  -8.620  -3.030 0.8750000000
73044  20.686  -8.142  -3.515 0.8750000000
73021  22.507  -8.514  -2.432 0.7500000000
73936  21.774  -7.638  -3.182 0.8750000000
73934  22.770  -7.541  -2.219 0.8750000000
75697  22.585  -5.798  -2.337 0.8750000000
75676  24.420  -5.399  -0.335 0.3750000000
75677  23.683  -5.405  -0.885 0.6250000000
75685  23.078  -5.525  -1.618 0.7500000000
76570  24.164  -4.697  -0.598 0.5000000000
117805  23.381  -4.690  -1.303 0.7500000000
139831  25.571  -3.787  0.445 0.1250000000
77428  25.081  -4.008  0.087 0.3750000000
126991  24.596  -4.165  -0.341 0.6250000000
76571  24.015  -3.913  -0.756 0.6250000000
77464  23.714  -3.178  -1.035 0.6250000000
76551  26.058  -3.846  0.835 0.1250000000
78332  24.778  -2.734  -0.135 0.1250000000
78316  25.497  -2.578  0.399 0.1250000000
79238  24.465  -1.898  -0.322 0.6250000000
79239  23.771  -1.802  -0.734 0.6250000000
78315  26.139  -2.477  0.842 0.1250000000
80100  26.054  -0.893  1.046 0.1250000000
79224  24.735  -1.158  -0.048 0.1250000000
80110  24.146  -0.406  -0.264 0.7500000000
78307  26.610  -2.359  1.300 0.1250000000
136131  24.953  -0.393  0.274 0.5000000000
80986  24.607  0.355  0.186 0.5000000000
80987  23.795  0.656  -0.203 0.6250000000
87342  18.146  10.179  -0.401 0.6250000000
88154  18.639  10.771  0.016 0.5000000000
126122  24.394  1.168  0.125 0.6250000000
81890  23.460  1.997  -0.578 0.6250000000
138045  23.069  2.325  -1.127 0.8750000000
81888  24.948  1.706  0.315 0.5000000000
81889  24.282  1.922  -0.169 0.6250000000
82737  24.036  2.643  -0.370 0.6250000000
82738  23.403  2.730  -0.864 0.7500000000
88163  19.793  10.960  -1.369 0.7500000000
132131  22.791  5.584  -0.793 0.8750000000
126196  23.299  6.182  -0.541 0.8750000000
83539  23.720  3.357  -0.495 0.7500000000
84972  23.500  5.099  -0.328 0.8750000000
82725  25.486  2.289  0.544 0.3750000000
82736  24.738  2.510  0.191 0.5000000000
83538  24.426  3.315  0.087 0.5000000000
84280  24.024  4.158  -0.065 0.6250000000
83537  25.327  3.194  0.570 0.2500000000
134757  21.156  10.234  -1.908 0.8750000000
138764  23.096  7.882  -0.804 0.7500000000
86527  22.987  7.217  -0.779 0.8750000000
84279  24.843  4.145  0.544 0.3750000000
84971  24.131  5.953  -0.040 0.7500000000
88153  18.912  11.424  -0.186 0.6250000000
130248  21.671  10.493  -1.486 0.8750000000
88152  22.242  9.698  -1.538 0.8750000000
133240  22.642  8.983  -1.427 0.8750000000
127794  22.823  10.101  -1.063 0.7500000000
87340  23.245  8.523  -0.839 0.8750000000
86525  24.354  7.579  -0.057 0.7500000000
123141  25.760  5.833  0.633 0.2500000000
84970  24.450  5.051  0.281 0.5000000000
84265  25.794  4.175  1.025 0.2500000000
88958  19.299  11.551  -0.805 0.5000000000
88968  20.845  11.134  -1.415 0.6250000000
88957  22.091  10.726  -1.069 0.7500000000
88956  22.951  10.812  -0.609 0.7500000000
138142  23.398  10.243  -0.575 0.7500000000
88138  23.704  9.694  -0.482 0.7500000000
131982  23.730  9.031  -0.597 0.7500000000
132619  24.447  9.092  -0.067 0.7500000000
86513  25.239  7.511  0.232 0.5000000000
87326  24.806  8.299  0.076 0.3750000000
85711  25.704  6.668  0.471 0.3750000000
89722  21.747  11.231  -1.110 0.7500000000
89721  22.590  11.534  -0.680 0.7500000000
89710  23.645  11.353  -0.122 0.7500000000
88942  23.938  10.480  -0.054 0.7500000000
123135  24.410  9.825  0.131 0.6250000000
88136  26.015  9.079  0.113 0.3750000000
88137  25.186  9.635  0.330 0.3750000000
129554  26.528  6.925  0.600 0.1250000000
120810  26.556  8.279  0.260 0.1250000000
135700  22.321  12.113  -0.857 0.6250000000
89709  24.528  11.179  0.374 0.7500000000
88941  24.809  10.412  0.421 0.3750000000
87338  27.851  8.893  -0.374 0.1250000000
87323  27.431  8.197  0.129 0.1250000000
86511  26.994  7.515  0.480 0.1250000000
90428  22.776  12.624  -0.650 0.6250000000
90416  24.347  12.101  0.282 0.3750000000
90417  23.301  12.101  -0.339 0.3750000000
124624  25.139  11.702  0.497 0.3750000000
89707  26.806  11.416  0.039 0.2500000000
88940  25.492  10.356  0.412 0.3750000000
88149  27.431  9.673  -0.425 0.1250000000
88939  26.067  9.946  0.167 0.3750000000
86524  28.271  8.048  -0.267 0.1250000000
87324  26.975  8.976  -0.095 0.1250000000
121587  23.605  13.736  -0.478 0.3750000000
91109  24.737  12.903  0.281 0.3750000000
91110  23.762  12.951  -0.114 0.3750000000
90414  26.234  12.649  0.278 0.3750000000
90415  25.371  12.404  0.425 0.3750000000
120445  26.704  12.166  0.181 0.3750000000
126557  26.039  11.753  0.489 0.3750000000
89733  28.314  11.055  -1.844 0.1250000000
88955  26.931  10.436  -0.212 0.1250000000
125449  27.474  11.260  -0.559 0.2500000000
88148  28.169  9.604  -0.816 0.1250000000
91829  25.020  14.557  -0.297 0.2500000000
91121  25.650  13.983  -0.091 0.2500000000
91122  24.644  13.724  0.003 0.3750000000
91119  26.958  13.666  -0.664 0.1250000000
91108  25.535  13.214  0.244 0.3750000000
90427  26.863  12.808  -0.165 0.1250000000
90450  27.981  12.499  -2.323 0.1250000000
89720  27.199  12.084  -0.325 0.1250000000
91830  24.001  14.453  -0.587 0.3750000000
91827  26.774  14.578  -0.917 0.1250000000
117333  27.089  14.153  -1.257 0.1250000000
91839  26.865  14.852  -1.574 0.1250000000
89743  28.205  11.963  -2.713 0.1250000000
115961  27.274  14.072  -3.025 0.1250000000
91840  26.481  15.377  -1.202 0.1250000000
90457  27.659  13.277  -4.310 0.1250000000
129945  27.865  12.770  -3.792 0.1250000000
73043  21.303  -8.171  -3.382 0.8750000000
74811  23.134  -6.780  -1.682 0.6250000000
84281  23.256  4.065  -0.597 0.8750000000
88151  23.111  9.334  -1.067 0.8750000000
87339  24.020  8.397  -0.302 0.7500000000
84962  25.036  5.883  0.339 0.5000000000
85712  24.721  6.732  0.134 0.5000000000
89719  27.684  11.960  -1.054 0.1250000000
117980  26.367  14.215  -0.472 0.2500000000
116714  27.115  14.085  -2.111 0.1250000000
91153  27.610  13.370  -3.436 0.1250000000
78333  24.057  -2.551  -0.624 0.6250000000
78355  23.467  -2.417  -1.210 0.7500000000
80985  25.089  0.920  0.451 0.3750000000
85721  23.819  6.883  -0.222 0.7500000000
90426  27.344  12.780  -0.808 0.1250000000
133377  25.936  2.757  0.768 0.1250000000
68565  20.775  -13.962  -2.044 0.7500000000
68566  19.965  -13.963  -2.196 0.7500000000
69555  18.188  -12.517  -1.913 0.7500000000
125845  21.495  -13.879  -1.692 0.7500000000
68578  21.215  -13.138  -2.162 0.7500000000
68563  22.361  -13.027  -1.030 0.7500000000
71308  18.077  -10.573  -1.956 0.6250000000
70445  18.894  -11.130  -2.493 0.7500000000
72162  22.977  -9.931  -1.186 0.6250000000
73020  23.073  -8.382  -1.744 0.6250000000
73902  23.326  -7.534  -1.310 0.5000000000
74797  24.204  -6.700  -0.459 0.3750000000
74798  23.659  -6.758  -0.954 0.5000000000
75659  25.006  -5.357  0.299 0.1250000000
76552  25.538  -4.554  0.543 0.1250000000
135790  26.143  -4.432  1.064 0.1250000000
76535  26.594  -3.982  1.334 0.1250000000
78306  27.094  -2.653  1.690 0.1250000000
79211  26.968  -1.736  1.709 0.1250000000
129606  26.644  -1.099  1.450 0.1250000000
80976  25.704  0.586  0.721 0.1250000000
81880  25.649  1.450  0.662 0.2500000000
84264  26.561  4.587  1.255 0.1250000000
83524  26.045  3.317  0.941 0.2500000000
118000  27.113  5.249  1.126 0.1250000000
85709  27.270  6.628  0.664 0.1250000000
86510  27.845  7.368  0.295 0.1250000000
88943  18.955  11.689  0.147 0.3750000000
136022  28.600  8.747  -0.934 0.1250000000
89742  28.313  11.348  -2.390 0.1250000000
88990  28.119  11.143  -4.004 0.1250000000
91100  21.099  13.620  0.944 0.1250000000
92531  24.457  15.264  -0.714 0.2500000000
92530  25.419  15.198  -0.616 0.1250000000
93237  25.421  16.609  -1.225 0.1250000000
115956  26.986  14.966  -2.609 0.1250000000
92539  26.690  15.740  -1.881 0.1250000000
116819  27.864  12.477  -4.516 0.1250000000
91158  27.385  14.138  -4.004 0.1250000000
76597  22.703  -5.064  -2.127 0.7500000000
81891  22.884  1.778  -1.114 0.7500000000
80988  23.194  1.167  -0.569 0.7500000000
87343  17.807  9.129  -0.935 0.3750000000
73935  22.218  -7.074  -2.810 0.8750000000
83540  23.111  3.251  -1.041 0.8750000000
91123  22.694  13.302  -0.816 0.3750000000
91831  22.653  14.265  -1.158 0.3750000000
69565  19.744  -12.394  -2.573 0.7500000000
68580  19.791  -13.222  -2.408 0.7500000000
68579  20.488  -13.416  -2.307 0.7500000000
69563  21.154  -12.307  -2.378 0.7500000000
68564  21.890  -13.129  -1.642 0.7500000000
69553  22.253  -12.366  -1.376 0.7500000000
70434  18.156  -11.575  -1.945 0.7500000000
71316  21.126  -10.654  -2.786 0.7500000000
71319  18.889  -10.288  -2.639 0.7500000000
72173  18.276  -9.728  -2.314 0.6250000000
71318  19.646  -10.685  -2.912 0.7500000000
72182  21.407  -9.712  -2.926 0.8750000000
72195  20.902  -8.989  -3.374 0.8750000000
72172  22.758  -9.248  -1.894 0.7500000000
120289  22.242  -7.878  -2.804 0.8750000000
123640  22.919  -6.148  -1.841 0.7500000000
74782  24.641  -6.224  0.016 0.2500000000
121243  24.016  -6.088  -0.647 0.5000000000
125110  23.395  -6.108  -1.255 0.6250000000
76553  24.788  -4.675  -0.032 0.5000000000
77445  25.247  -3.322  0.206 0.2500000000
77446  24.694  -3.576  -0.258 0.3750000000
77447  24.269  -3.211  -0.556 0.6250000000
77427  25.861  -3.198  0.623 0.1250000000
77416  26.516  -3.147  1.154 0.1250000000
79223  25.114  -1.884  0.180 0.1250000000
79222  25.768  -1.787  0.684 0.1250000000
79212  26.364  -1.736  1.164 0.1250000000
80101  25.373  -1.069  0.480 0.1250000000
80977  25.601  -0.241  0.668 0.1250000000
139700  25.219  0.241  0.465 0.1250000000
132799  23.765  1.390  -0.253 0.6250000000
86526  23.577  7.730  -0.452 0.7500000000
84961  25.329  5.059  0.692 0.3750000000
85710  26.425  6.213  0.718 0.1250000000
84960  26.253  5.298  0.975 0.1250000000
128548  25.212  8.866  0.217 0.6250000000
87325  25.670  8.272  0.269 0.3750000000
86512  26.140  7.548  0.448 0.3750000000
134422  26.138  10.813  0.332 0.3750000000
89708  25.366  11.033  0.533 0.3750000000
88150  26.687  9.615  -0.098 0.2500000000
88954  27.826  10.432  -0.735 0.1250000000
91120  26.353  13.443  -0.068 0.3750000000
88953  28.387  10.296  -1.444 0.1250000000
88967  28.048  11.160  -1.219 0.1250000000
89734  28.161  11.836  -1.840 0.1250000000
88162  28.606  9.475  -1.356 0.1250000000
120034  25.771  14.590  -0.425 0.2500000000
91134  27.356  13.442  -1.457 0.1250000000
91145  27.565  13.270  -2.448 0.1250000000
90439  27.737  12.647  -1.630 0.1250000000
90455  27.905  12.664  -3.063 0.1250000000
91828  26.221  14.976  -0.742 0.1250000000
89750  28.090  12.006  -3.688 0.1250000000
126884  26.161  16.246  -1.524 0.1250000000
92529  25.852  15.753  -0.961 0.1250000000
67585  20.207  -14.640  -1.838 0.7500000000
68567  19.117  -13.801  -2.141 0.7500000000
67586  19.344  -14.597  -1.925 0.7500000000
72171  23.199  -9.062  -1.254 0.6250000000
73007  23.459  -8.355  -0.794 0.5000000000
80975  26.168  0.093  1.069 0.1250000000
80093  26.670  -0.352  1.454 0.1250000000
123074  26.966  5.870  0.899 0.1250000000
88974  28.474  10.590  -2.515 0.1250000000
89749  28.244  11.257  -3.133 0.1250000000
67587  18.599  -14.420  -1.633 0.7500000000
66714  21.193  -15.222  -1.027 0.6250000000
67570  21.660  -14.531  -1.119 0.6250000000
122234  22.588  -14.008  -0.297 0.3750000000
68553  22.154  -13.804  -1.027 0.6250000000
68551  23.264  -13.007  -0.001 0.2500000000
69543  22.870  -12.453  -0.580 0.3750000000
73901  23.957  -7.493  -0.467 0.3750000000
88139  18.749  11.240  0.279 0.2500000000
89711  19.235  12.028  -0.401 0.2500000000
67584  20.989  -14.598  -1.569 0.6250000000
70422  22.628  -11.579  -1.019 0.5000000000
67558  22.728  -14.557  0.193 0.5000000000
67569  22.222  -14.568  -0.510 0.6250000000
66700  20.720  -15.967  -0.982 0.6250000000
127558  17.541  -12.914  -1.247 0.3750000000
67588  17.894  -14.238  -1.072 0.3750000000
66715  20.454  -15.311  -1.413 0.6250000000
66682  23.028  -15.255  0.769 0.3750000000
66698  22.301  -15.337  0.004 0.5000000000
66699  21.561  -15.858  -0.466 0.6250000000
69556  17.492  -12.044  -1.304 0.2500000000
67557  23.251  -14.455  0.673 0.3750000000
124838  23.643  -12.203  0.249 0.2500000000
68538  23.844  -13.165  0.652 0.2500000000
72174  17.764  -9.053  -2.025 0.3750000000
70421  23.254  -11.528  -0.342 0.2500000000
118739  23.397  -10.162  -0.470 0.3750000000
72151  23.854  -9.975  0.108 0.2500000000
73006  24.003  -8.442  -0.046 0.2500000000
82758  16.389  3.323  -1.434 0.2500000000
118582  24.536  -7.039  -0.054 0.2500000000
84992  17.525  5.654  -1.907 0.3750000000
84291  16.823  4.377  -1.451 0.2500000000
86542  17.893  8.404  -1.434 0.2500000000
80993  16.111  0.962  -0.760 0.1250000000
79245  15.795  -0.753  0.574 0.2500000000
72175  17.275  -8.861  -1.424 0.2500000000
84303  17.365  4.973  -2.012 0.3750000000
121596  22.500  -10.805  -1.459 0.5000000000
128144  18.253  -13.502  -1.688 0.5000000000
73881  24.581  -7.766  0.205 0.2500000000
134488  17.622  -9.761  -1.703 0.2500000000
70435  17.420  -11.153  -1.303 0.3750000000
72161  23.546  -9.295  -0.388 0.2500000000
123941  21.804  -15.104  -0.643 0.6250000000
68552  22.739  -13.353  -0.461 0.2500000000
68539  23.133  -13.782  0.251 0.2500000000
71298  23.035  -10.793  -0.756 0.3750000000
68568  17.589  -13.590  -1.021 0.3750000000
66716  19.662  -15.334  -1.607 0.6250000000
66683  22.553  -15.892  0.551 0.3750000000
70412  23.788  -11.338  0.214 0.2500000000
72160  24.157  -9.234  0.277 0.2500000000
65782  19.460  -16.840  -1.265 0.5000000000
66684  22.115  -16.064  0.123 0.2500000000
123024  21.195  -17.189  -0.242 0.3750000000
65780  20.996  -16.642  -0.635 0.5000000000
64842  19.044  -17.729  -1.123 0.3750000000
137200  18.211  -16.237  -0.686 0.5000000000
65799  19.160  -16.026  -1.311 0.5000000000
66718  18.203  -15.063  -1.045 0.3750000000
127351  18.876  -15.249  -1.513 0.5000000000
118040  17.047  -18.031  0.586 0.1250000000
64843  18.212  -17.453  -0.487 0.3750000000
118714  17.512  -14.779  -0.365 0.2500000000
116026  17.896  -19.822  0.546 0.1250000000
63858  17.795  -18.601  0.135 0.2500000000
63872  19.104  -18.533  -0.673 0.3750000000
64822  21.735  -17.356  0.477 0.2500000000
64823  20.923  -17.880  -0.144 0.3750000000
64840  20.520  -17.363  -0.717 0.5000000000
62860  17.292  -19.216  0.632 0.1250000000
63873  18.488  -18.220  -0.507 0.3750000000
63871  19.905  -18.132  -0.740 0.3750000000
64825  16.613  -17.203  0.967 0.1250000000
66685  17.018  -15.240  0.369 0.1250000000
65798  19.959  -16.057  -1.318 0.5000000000
65781  20.252  -16.756  -1.102 0.5000000000
67571  17.227  -13.993  -0.390 0.2500000000
65745  22.962  -16.250  1.175 0.2500000000
64841  19.801  -17.418  -1.110 0.5000000000
65783  18.643  -16.735  -0.988 0.5000000000
65766  21.664  -16.612  -0.022 0.3750000000
65784  17.812  -16.604  -0.224 0.2500000000
66701  17.798  -15.696  -0.375 0.1250000000
66717  18.494  -15.848  -0.999 0.5000000000
139351  17.137  -18.620  0.578 0.1250000000
62861  16.585  -18.616  1.081 0.1250000000
63874  17.804  -17.938  -0.032 0.2500000000
116847  16.494  -17.892  1.184 0.1250000000
64824  17.429  -17.332  0.221 0.1250000000
134119  18.565  -18.818  -0.281 0.3750000000
63855  21.414  -18.280  0.651 0.2500000000
123137  17.112  -16.700  0.529 0.1250000000
65767  17.169  -16.030  0.447 0.1250000000
62858  19.070  -19.312  -0.162 0.2500000000
63856  20.558  -18.726  0.147 0.2500000000
71309  17.255  -10.324  -1.248 0.2500000000
62859  18.209  -19.306  0.162 0.1250000000
137480  19.707  -18.851  -0.323 0.2500000000
63857  19.953  -19.444  0.197 0.1250000000
134447  16.679  -10.468  -0.122 0.1250000000
87328  17.775  9.105  0.608 0.1250000000
87327  17.937  9.675  0.600 0.1250000000
86514  17.795  9.054  0.086 0.1250000000
87312  17.980  9.711  0.186 0.1250000000
87311  20.373  9.227  0.840 0.1250000000
88127  18.449  10.459  0.272 0.1250000000
88932  19.437  11.524  0.447 0.1250000000
86515  18.043  8.215  0.536 0.1250000000
88126  20.634  9.944  1.011 0.1250000000
87310  21.538  8.771  1.193 0.1250000000
139122  17.824  7.822  -0.363 0.1250000000
86528  17.737  8.312  -0.068 0.1250000000
82748  16.120  3.208  -0.901 0.1250000000
68554  17.053  -13.246  -0.476 0.1250000000
70424  16.478  -11.243  0.088 0.1250000000
84283  17.103  4.958  -0.966 0.1250000000
86516  18.195  7.631  0.125 0.1250000000
136520  18.716  7.787  0.499 0.1250000000
86506  19.762  8.669  0.746 0.1250000000
88125  21.796  9.189  1.621 0.1250000000
88931  21.353  9.865  1.527 0.1250000000
86529  17.770  7.899  -1.065 0.1250000000
72163  17.030  -8.797  -0.808 0.1250000000
70423  16.826  -11.628  -0.586 0.1250000000
69545  16.403  -12.132  0.365 0.1250000000
84284  16.645  4.320  -0.991 0.1250000000
71310  17.100  -9.538  -1.117 0.1250000000
71300  16.890  -10.136  -0.678 0.1250000000
71299  16.843  -10.800  -0.639 0.1250000000
137408  16.796  -10.244  0.152 0.1250000000
71289  16.543  -10.932  0.461 0.1250000000
86505  21.208  8.296  0.907 0.1250000000
88915  21.776  9.253  2.771 0.1250000000
66663  23.575  -15.571  1.471 0.1250000000
67541  23.706  -14.673  1.263 0.1250000000
125885  23.626  -13.970  0.850 0.1250000000
68525  24.275  -13.780  1.329 0.1250000000
69535  24.356  -12.352  0.869 0.1250000000
70411  24.383  -11.552  0.715 0.1250000000
71288  24.301  -10.650  0.449 0.1250000000
72128  25.832  -9.855  1.296 0.1250000000
71287  25.107  -10.141  0.770 0.1250000000
131947  24.494  -9.887  0.418 0.1250000000
72148  25.748  -9.161  1.142 0.1250000000
72994  24.690  -8.609  0.413 0.1250000000
72961  25.913  -8.426  1.228 0.1250000000
122757  25.260  -8.040  0.693 0.1250000000
64804  22.103  -17.904  1.251 0.1250000000
126801  22.456  -17.097  1.206 0.1250000000
66662  24.057  -15.159  1.722 0.1250000000
66644  24.129  -15.762  1.967 0.1250000000
68524  25.038  -13.148  1.763 0.1250000000
69525  24.918  -12.256  1.454 0.1250000000
70401  24.953  -11.506  1.264 0.1250000000
70399  26.158  -11.193  1.911 0.1250000000
72127  26.273  -9.175  1.456 0.1250000000
124974  25.141  -7.039  0.514 0.1250000000
73857  25.771  -7.487  1.106 0.1250000000
73856  26.423  -7.728  1.538 0.1250000000
74781  25.331  -6.068  0.610 0.1250000000
68537  24.512  -12.941  1.197 0.1250000000
72150  24.909  -9.387  0.550 0.1250000000
65765  22.269  -16.544  0.599 0.1250000000
64803  23.079  -17.026  1.830 0.1250000000
63839  21.801  -18.775  1.508 0.1250000000
65730  23.641  -16.353  1.855 0.1250000000
125240  24.811  -13.937  1.941 0.1250000000
127427  24.642  -11.904  1.106 0.1250000000
72149  25.402  -9.492  0.867 0.1250000000
71276  25.533  -10.809  1.384 0.1250000000
72993  25.356  -8.878  0.764 0.1250000000
72960  26.681  -8.538  1.676 0.1250000000
132936  22.622  -17.613  1.770 0.1250000000
67524  24.959  -14.545  2.293 0.1250000000
63823  22.290  -18.986  2.219 0.1250000000
66643  24.529  -15.195  2.154 0.1250000000
71277  24.859  -10.909  0.928 0.1250000000
71297  23.571  -10.748  -0.108 0.2500000000
75713  19.419  -5.631  -3.267 1.0000000000
83545  16.365  3.853  -1.133 0.1250000000
83559  16.631  3.955  -1.576 0.3750000000
84290  17.143  4.966  -1.338 0.1250000000
85723  17.843  7.205  -0.653 0.1250000000
85739  17.638  6.385  -1.743 0.3750000000
86555  18.146  8.158  -2.166 0.5000000000
124988  24.159  -1.254  -0.460 0.5000000000
125218  17.665  4.121  -2.630 0.6250000000
126289  19.968  0.185  -3.340 1.0000000000
137476  17.406  -9.306  -1.569 0.2500000000
137901  17.776  -4.643  -2.574 0.8750000000
