#!ascii label  , from subject sub-v2s18x29518_ses-1 vox2ras=TkReg
2072
12624  37.219  -70.994  -0.818 0.2000000030
120558  37.773  -70.222  0.263 0.2000000030
13564  38.479  -71.051  -1.132 0.2000000030
13551  37.015  -70.478  0.031 0.2000000030
10823  37.583  -73.446  -3.121 0.1000000015
14424  38.200  -69.873  0.732 0.3000000119
13550  38.036  -70.552  -0.414 0.2000000030
12654  37.034  -72.103  -2.166 0.1000000015
138923  36.823  -71.463  -1.443 0.2000000030
12636  39.024  -71.681  -1.775 0.1000000015
12653  38.421  -72.183  -2.188 0.1000000015
121810  38.831  -72.502  -2.710 0.1000000015
11718  39.382  -72.209  -3.144 0.1000000015
11739  38.163  -73.348  -3.374 0.1000000015
12676  39.145  -71.344  -4.386 0.1000000015
11758  38.660  -72.783  -4.282 0.1000000015
129240  38.752  -71.999  -4.692 0.1000000015
13596  38.755  -70.695  -4.544 0.2000000030
12683  38.300  -71.884  -5.196 0.1000000015
13562  40.312  -70.936  -1.623 0.1000000015
14460  40.639  -69.850  -1.984 0.1000000015
12651  39.897  -71.579  -2.833 0.1000000015
13563  39.643  -71.155  -1.418 0.1000000015
12652  39.320  -72.020  -2.442 0.1000000015
12665  39.596  -71.471  -3.625 0.1000000015
14496  38.899  -70.197  -3.969 0.1000000015
14482  37.078  -69.578  -4.066 0.2000000030
14497  37.882  -70.050  -4.560 0.2000000030
127812  36.298  -69.031  -4.081 0.1000000015
13597  37.979  -70.655  -5.159 0.2000000030
16275  35.605  -67.651  -4.484 0.2000000030
15407  35.647  -67.933  -5.323 0.1000000015
17087  35.712  -67.097  -5.302 0.1000000015
13574  40.336  -70.282  -2.463 0.1000000015
14461  40.210  -69.582  -2.366 0.1000000015
12675  39.421  -70.760  -3.936 0.1000000015
15389  35.870  -68.226  -3.770 0.2000000030
17068  35.784  -66.558  -3.660 0.2000000030
17076  36.145  -66.102  -4.455 0.2000000030
17077  35.696  -66.853  -4.449 0.2000000030
130700  36.067  -66.428  -5.150 0.1000000015
17086  36.281  -66.425  -6.034 0.2000000030
14479  39.908  -70.037  -3.019 0.1000000015
14462  39.575  -69.684  -2.812 0.1000000015
14480  39.204  -69.860  -3.383 0.1000000015
14481  38.013  -69.676  -3.594 0.2000000030
15377  36.573  -68.413  -2.232 0.2000000030
125673  36.474  -68.697  -3.163 0.3000000119
118305  36.722  -65.381  -4.313 0.3000000119
121179  37.228  -65.195  -5.305 0.2000000030
17860  36.786  -65.570  -6.213 0.2000000030
17093  35.951  -65.903  -7.366 0.2000000030
15378  36.051  -67.889  -2.947 0.3000000119
15388  36.940  -69.313  -3.474 0.2000000030
17841  37.048  -64.760  -3.680 0.3000000119
19612  38.017  -63.941  -3.379 0.3000000119
19602  39.354  -63.636  -3.401 0.3000000119
17851  37.547  -64.786  -4.539 0.3000000119
18725  37.992  -64.526  -5.290 0.2000000030
123153  36.456  -65.528  -7.088 0.2000000030
17863  36.080  -65.256  -7.488 0.2000000030
19591  37.718  -63.426  -1.897 0.4000000060
18704  36.634  -64.678  -2.792 0.3000000119
19604  37.690  -63.802  -2.714 0.3000000119
116709  35.747  -67.074  -2.880 0.2000000030
17842  36.384  -65.353  -3.303 0.2000000030
18711  38.733  -64.017  -3.996 0.3000000119
17859  37.473  -64.896  -6.030 0.2000000030
18724  38.676  -64.120  -4.869 0.2000000030
18744  37.483  -64.396  -6.332 0.2000000030
19590  38.801  -63.059  -1.892 0.3000000119
19603  38.515  -63.616  -2.826 0.3000000119
19611  39.599  -63.736  -4.188 0.2000000030
19631  39.448  -63.277  -5.162 0.2000000030
19623  39.665  -63.528  -4.692 0.2000000030
20622  38.513  -62.724  -5.645 0.1000000015
18742  38.766  -63.643  -5.390 0.2000000030
19634  37.141  -63.339  -6.249 0.2000000030
19641  37.427  -63.870  -6.452 0.2000000030
18748  36.227  -64.594  -7.249 0.2000000030
20580  40.406  -62.608  -1.831 0.3000000119
19588  40.561  -63.162  -2.692 0.3000000119
131695  39.278  -63.381  -2.640 0.3000000119
20596  41.963  -62.781  -2.741 0.2000000030
19601  40.606  -63.436  -3.578 0.3000000119
130534  42.225  -62.812  -3.400 0.2000000030
130447  39.935  -63.439  -3.004 0.3000000119
19609  41.087  -63.140  -4.299 0.1000000015
20611  40.777  -62.606  -4.775 0.1000000015
21629  39.065  -62.102  -5.414 0.1000000015
138584  40.440  -62.185  -4.971 0.1000000015
21616  41.046  -61.877  -4.831 0.1000000015
20623  37.669  -62.801  -5.781 0.1000000015
20558  40.735  -62.102  -1.117 0.3000000119
20579  41.379  -62.438  -1.890 0.2000000030
20578  42.342  -62.370  -2.019 0.2000000030
20577  43.409  -62.458  -1.992 0.2000000030
20554  44.841  -62.483  -1.348 0.1000000015
20595  42.853  -62.651  -2.881 0.1000000015
120093  43.637  -62.425  -2.665 0.1000000015
127720  42.639  -62.488  -3.694 0.1000000015
20602  41.928  -62.821  -4.011 0.1000000015
126031  40.392  -61.672  -4.859 0.1000000015
21617  39.570  -61.608  -4.953 0.1000000015
20557  41.710  -61.934  -1.182 0.2000000030
20593  44.368  -62.165  -2.646 0.1000000015
21596  44.455  -61.477  -3.237 0.1000000015
137743  43.877  -62.164  -3.107 0.1000000015
125941  43.224  -60.821  -3.944 0.1000000015
20609  42.181  -62.235  -4.315 0.1000000015
22598  42.538  -60.529  -4.039 0.1000000015
22611  41.162  -61.114  -4.615 0.1000000015
22610  41.993  -60.922  -4.549 0.1000000015
22569  45.112  -60.251  -2.495 0.1000000015
22583  41.242  -60.352  -3.460 0.1000000015
22600  40.730  -60.640  -4.098 0.1000000015
21586  45.818  -61.360  -2.132 0.1000000015
12666  39.170  -72.171  -3.970 0.1000000015
12635  39.920  -71.519  -2.091 0.1000000015
15399  36.029  -68.862  -5.136 0.1000000015
116705  39.265  -67.606  14.878 0.5000000000
15197  40.015  -68.289  15.868 0.5000000000
16026  38.605  -67.694  15.396 0.5000000000
136914  38.058  -67.336  15.265 0.5000000000
16837  37.779  -66.836  14.907 0.5000000000
15151  40.057  -68.837  18.471 0.2000000030
117013  40.552  -68.726  17.771 0.2000000030
15171  39.482  -68.699  17.494 0.3000000119
118540  40.199  -68.595  16.886 0.3000000119
15186  39.450  -68.411  16.455 0.5000000000
15187  38.614  -68.122  16.135 0.5000000000
16009  38.008  -67.685  15.869 0.5000000000
16027  37.615  -67.107  15.588 0.5000000000
16826  37.184  -66.685  16.031 0.5000000000
16838  37.287  -66.465  15.272 0.5000000000
16851  37.964  -66.545  14.191 0.5000000000
136511  36.974  -65.929  14.314 0.5000000000
133449  38.174  -66.275  13.369 0.5000000000
16875  39.994  -66.221  12.022 0.5000000000
139569  38.517  -68.768  18.305 0.3000000119
15172  37.903  -68.367  17.425 0.3000000119
15188  37.945  -68.068  16.615 0.5000000000
16839  36.945  -66.119  15.668 0.5000000000
17641  36.808  -65.814  14.913 0.5000000000
16863  37.302  -65.989  13.768 0.5000000000
17659  36.773  -65.381  13.162 0.5000000000
18546  43.022  -64.820  10.071 0.4000000060
18547  42.034  -64.885  10.243 0.5000000000
17688  41.640  -65.436  10.849 0.5000000000
17672  40.382  -65.667  11.430 0.5000000000
118613  39.224  -65.971  12.001 0.5000000000
18559  43.455  -64.190  9.281 0.4000000060
15130  38.514  -68.900  18.929 0.3000000119
15153  37.979  -68.660  18.193 0.4000000060
15993  36.864  -67.509  17.547 0.4000000060
16010  37.488  -67.408  16.343 0.5000000000
16011  36.938  -66.987  16.900 0.5000000000
16827  36.817  -66.104  16.447 0.5000000000
17622  36.695  -65.189  16.502 0.5000000000
17634  36.718  -65.559  15.727 0.5000000000
122333  36.573  -64.927  15.760 0.5000000000
18506  36.160  -64.778  14.455 0.5000000000
17658  37.613  -65.703  12.839 0.6000000238
17689  40.814  -65.280  10.831 0.5000000000
17673  39.582  -65.582  11.521 0.5000000000
18523  37.924  -65.335  11.992 0.5000000000
19454  45.037  -63.684  8.384 0.4000000060
18558  44.777  -64.067  9.091 0.4000000060
18560  42.348  -64.206  9.504 0.5000000000
137141  37.382  -69.244  22.430 0.1000000015
15077  37.067  -68.795  22.109 0.1000000015
15079  35.645  -68.236  22.657 0.1000000015
15090  37.364  -68.724  21.388 0.1000000015
15091  36.567  -68.445  21.565 0.1000000015
15092  35.750  -68.054  21.764 0.1000000015
15111  36.126  -68.087  20.999 0.1000000015
118252  35.562  -67.644  20.928 0.1000000015
130126  37.204  -68.561  19.804 0.1000000015
15131  37.449  -68.576  18.917 0.3000000119
15154  36.661  -68.073  18.694 0.4000000060
15976  36.547  -67.531  18.147 0.4000000060
127246  36.652  -66.420  17.238 0.4000000060
17609  36.635  -65.735  17.224 0.5000000000
18471  36.762  -64.875  17.433 0.5000000000
19372  37.204  -64.153  17.381 0.5000000000
129678  36.903  -63.848  16.695 0.5000000000
131315  36.602  -65.505  14.072 0.5000000000
18532  39.139  -64.999  11.056 0.5000000000
131009  41.272  -64.885  10.392 0.5000000000
19456  42.779  -63.468  8.673 0.4000000060
19481  45.300  -63.812  7.090 0.5000000000
12292  36.619  -71.287  25.678 0.1000000015
13272  36.410  -70.220  23.996 0.1000000015
137667  36.408  -69.477  23.441 0.1000000015
14195  36.712  -69.103  22.769 0.1000000015
15078  36.308  -68.545  22.379 0.1000000015
14181  35.896  -69.465  24.097 0.1000000015
14196  35.933  -68.806  23.288 0.1000000015
15934  34.990  -67.687  22.360 0.1000000015
118956  34.953  -64.781  20.243 0.2000000030
15110  37.693  -68.738  20.598 0.1000000015
128459  36.764  -68.421  20.604 0.1000000015
15949  35.995  -67.889  20.160 0.1000000015
15950  35.349  -67.214  20.236 0.1000000015
17589  34.935  -65.688  19.965 0.2000000030
121986  36.580  -68.244  19.798 0.2000000030
15962  35.689  -67.339  19.463 0.1000000015
17595  35.381  -65.921  19.101 0.2000000030
18456  35.475  -65.011  19.470 0.2000000030
129353  35.919  -64.139  20.131 0.2000000030
15961  36.276  -67.912  19.328 0.2000000030
15977  36.107  -67.443  18.782 0.2000000030
16800  36.100  -66.863  18.300 0.3000000119
17594  35.953  -65.403  18.562 0.3000000119
18465  36.692  -64.772  18.327 0.4000000060
18525  36.428  -64.629  12.683 0.5000000000
19434  35.783  -62.972  11.911 0.5000000000
19424  36.166  -63.804  12.286 0.5000000000
119497  35.444  -63.448  13.439 0.5000000000
19432  37.174  -63.775  11.147 0.5000000000
18534  37.500  -64.578  11.568 0.5000000000
18535  36.763  -64.272  11.864 0.5000000000
19399  36.468  -63.624  16.011 0.5000000000
120172  36.616  -64.395  16.196 0.5000000000
18548  40.526  -64.520  10.217 0.5000000000
18550  38.703  -64.264  10.641 0.5000000000
18533  38.304  -64.808  11.304 0.5000000000
19416  35.388  -63.385  14.202 0.5000000000
18561  41.410  -64.317  9.789 0.5000000000
18513  36.195  -64.811  13.529 0.6000000238
18531  39.989  -65.132  10.879 0.5000000000
19469  45.140  -63.610  7.785 0.4000000060
13238  36.659  -70.662  26.238 0.1000000015
13260  36.206  -70.722  24.966 0.1000000015
13249  35.913  -69.930  25.221 0.1000000015
14165  35.568  -69.245  25.413 0.1000000015
15896  35.420  -68.119  25.933 0.1000000015
14172  35.984  -69.952  24.669 0.1000000015
14173  35.555  -69.383  24.786 0.1000000015
14182  35.333  -68.804  24.175 0.1000000015
15067  35.098  -68.142  23.403 0.1000000015
131465  34.543  -67.506  23.121 0.1000000015
15935  34.248  -67.055  22.491 0.1000000015
17581  34.085  -65.608  21.247 0.1000000015
15951  34.996  -67.088  20.965 0.1000000015
16781  34.898  -66.506  20.404 0.1000000015
125989  34.502  -65.935  20.604 0.2000000030
18455  36.531  -64.429  19.292 0.3000000119
18444  37.072  -63.829  19.957 0.2000000030
18464  37.431  -64.198  18.898 0.3000000119
18454  37.635  -63.875  19.516 0.2000000030
18470  37.356  -64.307  18.103 0.4000000060
18453  38.171  -63.918  19.045 0.3000000119
19371  37.844  -63.790  17.864 0.4000000060
19357  38.062  -63.899  18.631 0.4000000060
21403  34.518  -61.452  13.750 0.5000000000
21402  34.809  -61.344  14.368 0.5000000000
20387  35.074  -62.758  13.791 0.5000000000
23376  36.413  -59.478  14.608 0.5000000000
23375  37.535  -59.663  14.576 0.5000000000
22376  36.879  -60.293  15.009 0.5000000000
21390  35.455  -61.179  14.903 0.5000000000
20380  35.224  -62.685  14.509 0.6000000238
19383  37.462  -63.492  17.066 0.5000000000
118980  37.909  -60.325  14.941 0.5000000000
22367  37.328  -60.977  15.368 0.5000000000
129736  35.842  -61.806  15.300 0.6000000238
18514  35.667  -64.143  13.900 0.5000000000
18498  36.247  -64.320  15.376 0.5000000000
20369  35.627  -62.624  15.254 0.5000000000
18507  35.737  -63.900  14.692 0.5000000000
17719  45.060  -65.311  5.924 0.4000000060
19500  45.223  -64.308  6.529 0.4000000060
18568  46.011  -63.983  8.236 0.4000000060
17539  37.042  -65.306  25.547 0.1000000015
16721  35.749  -67.137  26.159 0.1000000015
137143  34.799  -65.855  25.525 0.1000000015
15059  35.060  -68.661  24.875 0.1000000015
15051  35.243  -68.630  25.446 0.1000000015
15913  34.506  -67.425  25.065 0.1000000015
16732  34.388  -66.601  25.223 0.1000000015
15052  34.870  -68.070  25.255 0.1000000015
15923  34.113  -67.066  24.466 0.1000000015
129027  33.891  -66.263  24.661 0.1000000015
16770  33.548  -65.728  22.894 0.1000000015
17570  33.701  -65.640  22.198 0.1000000015
18436  34.379  -63.939  21.393 0.2000000030
133412  34.925  -63.257  20.996 0.2000000030
19326  35.670  -63.555  20.582 0.2000000030
19325  36.601  -63.443  20.298 0.2000000030
138524  43.237  -58.815  13.291 0.2000000030
19324  37.819  -63.499  19.829 0.2000000030
23387  45.056  -59.877  13.297 0.2000000030
22372  45.242  -61.218  13.880 0.2000000030
22365  44.588  -61.612  15.446 0.2000000030
124268  44.373  -61.961  16.032 0.2000000030
19341  38.268  -63.583  19.562 0.2000000030
21409  45.361  -61.409  13.083 0.2000000030
21410  44.570  -61.625  13.494 0.2000000030
21398  44.501  -61.861  14.536 0.2000000030
20364  42.838  -62.342  15.468 0.2000000030
20363  43.529  -62.355  16.193 0.3000000119
20343  42.470  -62.510  16.319 0.2000000030
20344  41.441  -62.545  16.601 0.4000000060
136471  42.297  -60.744  12.954 0.2000000030
22388  43.490  -61.468  13.100 0.3000000119
21412  42.328  -61.588  14.081 0.3000000119
21399  41.870  -61.772  14.820 0.4000000060
20365  41.520  -62.143  15.710 0.3000000119
135094  40.611  -62.634  16.923 0.5000000000
19369  39.855  -63.446  18.495 0.4000000060
19370  38.777  -63.614  18.393 0.5000000000
23389  39.589  -59.609  13.413 0.5000000000
117828  40.167  -60.242  13.660 0.4000000060
22390  40.837  -60.802  13.978 0.4000000060
116463  40.173  -61.324  15.092 0.4000000060
21386  39.579  -61.521  15.680 0.5000000000
132594  39.849  -61.973  16.096 0.5000000000
20345  40.569  -62.242  16.249 0.5000000000
19382  38.218  -63.211  17.396 0.5000000000
22391  39.348  -60.082  14.046 0.5000000000
22375  38.882  -60.466  14.718 0.5000000000
21387  38.303  -60.893  15.420 0.5000000000
21389  36.730  -61.694  15.608 0.5000000000
132481  36.225  -62.297  15.625 0.5000000000
20367  36.889  -62.360  16.062 0.5000000000
19384  36.866  -63.097  16.436 0.5000000000
18397  37.800  -64.436  25.061 0.1000000015
18398  36.442  -64.573  25.384 0.1000000015
19278  36.151  -63.658  25.134 0.1000000015
18399  35.277  -64.390  25.281 0.1000000015
19279  35.059  -63.561  24.936 0.1000000015
135104  34.425  -64.671  25.108 0.1000000015
19285  34.424  -63.349  24.315 0.1000000015
18405  33.531  -64.816  23.689 0.1000000015
19296  34.081  -63.275  23.469 0.1000000015
18425  33.452  -65.048  22.831 0.1000000015
134529  33.972  -63.707  22.211 0.2000000030
133325  34.421  -63.182  21.669 0.2000000030
20293  36.572  -62.807  20.330 0.2000000030
20292  37.387  -63.129  20.115 0.2000000030
23373  42.640  -59.083  14.165 0.1000000015
119953  43.536  -59.802  14.718 0.2000000030
23363  44.265  -60.683  15.132 0.2000000030
138719  44.316  -61.691  16.048 0.2000000030
19323  38.493  -63.381  19.701 0.2000000030
24447  41.802  -58.306  13.642 0.1000000015
23364  43.131  -60.029  15.516 0.1000000015
22366  43.779  -60.963  15.985 0.1000000015
137836  43.762  -62.273  16.629 0.1000000015
132757  42.250  -62.693  17.141 0.2000000030
132072  38.782  -63.751  18.900 0.3000000119
19340  38.906  -63.498  19.488 0.2000000030
21356  43.053  -62.375  17.993 0.1000000015
20328  42.899  -62.784  17.998 0.1000000015
20330  41.394  -62.942  17.631 0.3000000119
19355  40.505  -63.438  19.138 0.2000000030
21371  39.006  -61.856  16.258 0.5000000000
20346  38.544  -62.461  16.815 0.5000000000
127562  39.665  -62.442  16.765 0.5000000000
134733  38.779  -61.346  15.775 0.5000000000
21388  37.838  -61.650  16.160 0.5000000000
20347  37.621  -62.685  16.649 0.5000000000
18403  38.612  -63.385  24.537 0.1000000015
130292  37.436  -61.946  24.439 0.1000000015
132668  36.958  -62.958  24.806 0.1000000015
20235  36.056  -62.755  24.812 0.1000000015
115333  36.157  -61.743  24.417 0.1000000015
20244  35.098  -62.654  24.521 0.1000000015
115607  34.541  -62.572  23.971 0.1000000015
20245  35.143  -62.003  24.134 0.1000000015
20253  34.380  -62.512  23.324 0.1000000015
132190  34.221  -62.943  22.556 0.2000000030
138774  34.713  -62.831  21.333 0.2000000030
20277  34.945  -62.470  21.047 0.2000000030
20294  35.740  -62.794  20.652 0.2000000030
21310  36.086  -62.046  20.217 0.2000000030
20307  37.877  -62.536  19.810 0.2000000030
20291  38.271  -62.979  19.995 0.2000000030
25465  41.046  -58.120  14.146 0.1000000015
123287  41.586  -58.665  14.504 0.1000000015
23353  42.096  -60.108  16.687 0.1000000015
22353  43.057  -60.824  16.771 0.1000000015
22336  43.116  -61.568  17.547 0.1000000015
20305  39.827  -62.885  19.775 0.1000000015
19339  40.017  -63.222  19.508 0.2000000030
22337  42.205  -60.885  18.100 0.1000000015
22320  42.639  -61.699  18.321 0.1000000015
20316  42.472  -62.794  18.658 0.1000000015
19367  41.743  -63.232  18.588 0.2000000030
19354  41.267  -63.388  19.035 0.2000000030
21265  38.189  -60.930  24.604 0.1000000015
116567  37.539  -61.115  24.389 0.1000000015
125595  36.730  -59.996  25.660 0.1000000015
21266  36.702  -60.884  24.333 0.1000000015
129403  36.004  -60.015  24.448 0.1000000015
21278  35.019  -61.005  23.465 0.1000000015
21267  35.593  -61.181  24.014 0.1000000015
131737  34.769  -61.790  23.516 0.1000000015
21291  34.570  -61.389  21.940 0.1000000015
138395  34.816  -61.815  21.286 0.1000000015
21312  34.864  -61.067  21.124 0.1000000015
21311  35.310  -61.756  20.677 0.2000000030
20308  36.894  -62.246  19.831 0.2000000030
21331  37.360  -61.545  19.562 0.2000000030
21330  38.388  -61.714  19.589 0.2000000030
20306  38.867  -62.767  19.841 0.2000000030
25467  39.462  -57.070  14.435 0.1000000015
24437  39.878  -58.094  15.375 0.1000000015
24436  40.561  -58.627  15.648 0.1000000015
23354  41.216  -59.561  16.540 0.1000000015
21329  39.394  -61.956  19.629 0.2000000030
24425  39.889  -58.439  16.137 0.1000000015
24410  40.567  -59.401  17.117 0.1000000015
22354  42.380  -60.642  17.335 0.1000000015
22321  42.017  -61.358  18.832 0.1000000015
21327  41.885  -62.022  19.349 0.1000000015
131420  41.627  -62.616  19.497 0.2000000030
23255  35.557  -59.092  25.396 0.1000000015
24316  34.948  -58.762  24.820 0.1000000015
23264  34.864  -59.177  24.046 0.1000000015
22268  34.777  -60.377  23.168 0.1000000015
22285  34.594  -60.466  21.627 0.1000000015
22294  34.827  -60.126  20.852 0.1000000015
22293  35.284  -60.821  20.480 0.2000000030
23318  35.841  -59.643  19.844 0.1000000015
21333  35.785  -60.581  19.929 0.1000000015
22312  36.496  -60.268  19.656 0.2000000030
21332  36.429  -61.262  19.736 0.2000000030
22311  37.395  -59.960  19.556 0.1000000015
132732  37.058  -60.763  19.499 0.2000000030
25438  38.574  -57.452  16.562 0.1000000015
139798  38.826  -58.025  17.283 0.1000000015
24412  38.702  -58.195  18.056 0.1000000015
24391  39.137  -58.698  18.526 0.1000000015
123410  38.538  -59.035  19.396 0.1000000015
23316  39.193  -59.722  19.342 0.1000000015
123861  37.913  -60.729  19.470 0.1000000015
25449  39.247  -57.443  15.151 0.1000000015
25437  39.199  -57.823  15.906 0.1000000015
25424  39.276  -58.210  16.725 0.1000000015
24411  39.389  -58.602  17.657 0.1000000015
23328  39.783  -59.244  18.433 0.1000000015
23314  40.518  -60.394  19.079 0.1000000015
22309  39.847  -60.425  19.326 0.1000000015
133563  39.822  -61.249  19.468 0.1000000015
122122  39.939  -58.800  16.914 0.1000000015
23336  40.603  -59.619  18.044 0.1000000015
22322  41.231  -60.404  18.564 0.1000000015
21328  40.301  -62.081  19.621 0.1000000015
24317  34.440  -58.467  24.173 0.1000000015
24337  34.043  -58.760  22.687 0.1000000015
23301  34.583  -59.207  20.996 0.1000000015
130251  35.147  -59.431  20.401 0.1000000015
27386  36.796  -55.656  18.039 0.1000000015
26434  36.477  -56.097  18.867 0.1000000015
25390  36.635  -57.603  19.465 0.1000000015
24378  37.031  -58.456  19.569 0.1000000015
131672  36.279  -58.857  19.785 0.1000000015
137870  37.105  -55.396  17.410 0.1000000015
25405  37.503  -57.378  18.624 0.1000000015
25406  36.889  -57.096  18.953 0.1000000015
23317  37.740  -59.099  19.579 0.1000000015
26458  37.417  -55.683  16.826 0.1000000015
26457  37.805  -56.677  16.884 0.1000000015
25426  37.643  -57.053  17.849 0.1000000015
24377  37.920  -58.436  19.365 0.1000000015
118829  38.347  -59.790  19.466 0.1000000015
118356  33.799  -57.942  22.000 0.1000000015
26393  34.410  -56.507  21.505 0.1000000015
24360  34.958  -58.592  20.594 0.1000000015
26404  34.830  -56.913  20.901 0.1000000015
25374  34.826  -57.743  20.761 0.1000000015
24359  35.624  -58.777  20.076 0.1000000015
27387  36.400  -55.024  18.579 0.1000000015
26417  35.887  -56.156  19.630 0.1000000015
25373  35.323  -57.230  20.461 0.1000000015
24379  36.174  -58.114  19.818 0.1000000015
28435  36.896  -54.660  17.821 0.1000000015
26416  36.387  -56.840  19.392 0.1000000015
119705  38.613  -68.434  16.965 0.4000000060
115792  36.477  -65.131  15.126 0.5000000000
15992  37.374  -67.782  17.128 0.4000000060
16811  36.499  -66.958  17.650 0.4000000060
14211  37.817  -69.055  21.954 0.1000000015
15941  35.164  -67.528  21.525 0.1000000015
17600  36.294  -66.179  17.913 0.4000000060
117055  36.488  -65.421  17.881 0.4000000060
13248  36.264  -70.405  25.665 0.1000000015
19327  35.017  -64.069  20.694 0.2000000030
16791  35.260  -66.580  19.660 0.2000000030
16801  35.616  -66.746  18.907 0.2000000030
17601  35.802  -66.237  18.527 0.3000000119
20388  34.717  -62.110  13.400 0.5000000000
14156  35.923  -69.354  26.028 0.1000000015
15041  36.022  -68.704  26.281 0.1000000015
15912  34.939  -67.337  25.605 0.1000000015
15068  34.859  -68.243  24.241 0.1000000015
16761  33.957  -66.940  23.462 0.1000000015
15060  34.622  -67.863  24.655 0.1000000015
16776  34.061  -66.410  21.847 0.1000000015
15942  34.592  -67.085  21.674 0.1000000015
129989  34.471  -66.459  21.086 0.1000000015
124139  33.803  -64.659  21.937 0.1000000015
18445  34.389  -64.718  20.978 0.2000000030
22378  35.035  -60.539  14.528 0.5000000000
22377  35.869  -60.353  14.894 0.5000000000
24449  35.652  -58.877  14.266 0.5000000000
22392  38.493  -59.842  14.365 0.5000000000
16731  36.328  -66.157  26.036 0.1000000015
136789  35.578  -64.910  25.497 0.1000000015
124329  35.246  -66.432  25.808 0.1000000015
17546  34.101  -65.552  25.095 0.1000000015
16745  33.732  -66.420  24.089 0.1000000015
17559  33.475  -65.456  23.419 0.1000000015
18404  33.854  -64.776  24.549 0.1000000015
23372  44.805  -60.475  14.208 0.2000000030
23386  45.557  -60.768  13.412 0.2000000030
21383  44.813  -61.583  14.607 0.2000000030
20378  43.998  -62.162  15.448 0.2000000030
22335  43.912  -61.760  16.633 0.1000000015
22387  44.620  -61.425  12.726 0.2000000030
21411  43.477  -61.740  13.877 0.2000000030
20379  43.278  -62.064  14.705 0.3000000119
20331  40.232  -62.967  17.623 0.4000000060
22404  41.068  -60.384  13.270 0.5000000000
119944  41.695  -61.020  13.652 0.4000000060
136407  43.522  -61.103  12.503 0.2000000030
21400  40.833  -61.299  14.572 0.4000000060
21385  40.949  -61.682  15.129 0.5000000000
20366  40.439  -61.796  15.641 0.5000000000
20332  39.196  -63.060  17.569 0.5000000000
19368  40.852  -63.326  18.499 0.3000000119
23388  40.380  -59.699  12.986 0.5000000000
22374  39.934  -60.735  14.451 0.5000000000
21401  39.294  -60.993  15.203 0.5000000000
19284  38.089  -62.652  24.506 0.1000000015
19277  37.335  -63.658  24.943 0.1000000015
18411  33.895  -64.052  23.979 0.1000000015
18424  33.648  -64.115  22.984 0.1000000015
137082  33.939  -63.506  22.807 0.2000000030
20278  34.546  -62.386  21.757 0.2000000030
23374  42.305  -59.335  15.000 0.1000000015
138402  38.645  -61.839  24.381 0.1000000015
20243  38.417  -61.316  24.527 0.1000000015
132457  36.148  -60.565  24.320 0.1000000015
20264  34.483  -62.047  22.670 0.1000000015
132980  35.734  -61.290  20.164 0.2000000030
25466  40.345  -57.555  14.132 0.1000000015
24448  40.636  -58.269  14.817 0.1000000015
24435  41.327  -58.931  15.284 0.1000000015
23365  41.948  -59.593  15.862 0.1000000015
20304  40.921  -62.866  19.623 0.2000000030
20303  41.712  -63.024  19.397 0.1000000015
22255  37.589  -60.733  24.659 0.1000000015
21258  38.097  -60.749  24.964 0.1000000015
22247  37.275  -60.418  25.031 0.1000000015
134660  36.108  -59.372  25.918 0.1000000015
23254  36.398  -59.794  25.035 0.1000000015
22256  36.790  -60.403  24.668 0.1000000015
23263  35.532  -59.462  24.596 0.1000000015
22257  35.415  -60.462  23.925 0.1000000015
22258  35.191  -59.825  23.919 0.1000000015
115544  34.667  -61.229  22.853 0.1000000015
22278  34.559  -60.660  22.376 0.1000000015
22310  39.029  -60.741  19.470 0.1000000015
25448  39.893  -57.720  14.756 0.1000000015
131562  41.078  -59.152  15.913 0.1000000015
23335  41.433  -60.069  17.476 0.1000000015
22308  41.254  -61.185  19.175 0.1000000015
137771  34.354  -58.837  23.540 0.1000000015
23274  34.572  -59.496  23.289 0.1000000015
23284  34.386  -59.803  22.319 0.1000000015
122627  34.497  -59.706  21.443 0.1000000015
23300  35.326  -60.135  20.257 0.1000000015
119120  36.803  -59.352  19.690 0.1000000015
25425  38.285  -57.522  17.510 0.1000000015
121945  38.178  -56.672  16.125 0.1000000015
25404  38.130  -57.732  18.388 0.1000000015
24392  38.556  -58.411  18.947 0.1000000015
24376  39.208  -59.088  19.099 0.1000000015
23315  39.844  -59.739  19.091 0.1000000015
122011  40.496  -61.184  19.364 0.1000000015
119133  34.174  -57.743  24.218 0.1000000015
134302  33.801  -58.024  22.669 0.1000000015
23292  34.198  -58.953  21.722 0.1000000015
24348  34.353  -58.324  21.223 0.1000000015
26433  37.106  -56.598  18.317 0.1000000015
122699  35.943  -57.172  19.957 0.1000000015
25389  37.360  -57.811  19.204 0.1000000015
26449  37.280  -56.200  17.531 0.1000000015
25352  33.895  -56.879  22.073 0.1000000015
25363  34.282  -57.395  21.393 0.1000000015
118123  35.499  -57.940  20.290 0.1000000015
26403  35.379  -56.374  20.400 0.1000000015
27363  35.292  -55.557  20.834 0.1000000015
28416  36.264  -54.450  19.290 0.1000000015
28423  36.679  -54.103  18.603 0.1000000015
122765  35.971  -55.290  19.300 0.1000000015
15167  44.010  -68.242  18.120 0.1000000015
15181  44.677  -67.961  17.331 0.1000000015
15182  43.508  -68.343  17.014 0.1000000015
15168  42.990  -68.444  17.740 0.1000000015
15169  42.048  -68.592  17.448 0.1000000015
15149  42.566  -68.439  18.602 0.1000000015
138957  41.876  -68.517  18.944 0.1000000015
15166  45.142  -67.834  18.657 0.2000000030
132524  41.061  -68.659  18.726 0.1000000015
123847  44.026  -68.088  16.246 0.1000000015
16008  45.140  -67.640  16.374 0.2000000030
15170  41.102  -68.641  17.134 0.1000000015
124928  46.422  -67.457  16.495 0.2000000030
15183  42.551  -68.474  16.756 0.2000000030
15194  43.072  -68.290  16.102 0.2000000030
15195  42.212  -68.374  15.855 0.2000000030
15184  41.637  -68.519  16.499 0.3000000119
134003  40.066  -68.449  16.358 0.3000000119
15196  41.340  -68.313  15.659 0.3000000119
131112  40.608  -68.220  15.544 0.3000000119
133623  43.550  -68.053  15.529 0.2000000030
16022  42.820  -68.157  15.258 0.2000000030
16032  46.547  -66.959  14.918 0.2000000030
16023  41.950  -68.113  15.044 0.2000000030
16033  45.124  -67.155  14.799 0.2000000030
15220  45.896  -68.342  12.543 0.1000000015
16019  46.803  -67.364  15.835 0.2000000030
16021  44.417  -67.642  15.407 0.2000000030
16020  45.768  -67.310  15.635 0.2000000030
16024  41.011  -67.953  14.887 0.3000000119
16025  40.099  -67.923  15.070 0.4000000060
16043  47.464  -67.426  13.374 0.1000000015
16031  47.201  -67.116  14.683 0.1000000015
129955  43.473  -67.751  14.858 0.2000000030
16035  42.615  -67.741  14.556 0.2000000030
132315  46.976  -67.989  12.990 0.1000000015
136844  40.499  -67.734  14.576 0.4000000060
16846  47.317  -66.776  13.958 0.2000000030
16034  44.124  -67.368  14.621 0.2000000030
135506  46.511  -66.546  14.149 0.2000000030
16065  46.702  -67.631  12.090 0.1000000015
16082  46.999  -66.824  11.187 0.2000000030
16075  47.460  -66.747  11.867 0.1000000015
16848  45.588  -66.652  14.195 0.2000000030
16044  43.333  -67.283  14.100 0.2000000030
138600  42.376  -67.417  13.933 0.2000000030
16063  47.576  -66.855  13.095 0.1000000015
16045  42.679  -67.013  13.377 0.4000000060
16038  39.989  -67.482  14.263 0.4000000060
16857  46.057  -66.319  13.537 0.3000000119
16858  44.842  -66.505  13.451 0.3000000119
16856  47.001  -66.391  13.563 0.2000000030
16870  46.707  -66.031  12.779 0.4000000060
16046  41.583  -67.218  13.456 0.4000000060
16048  39.535  -66.980  13.621 0.4000000060
16859  43.701  -66.776  13.403 0.3000000119
17655  44.900  -65.840  11.914 0.4000000060
16871  45.453  -66.152  12.712 0.3000000119
26513  42.319  -56.793  11.987 0.1000000015
16047  40.459  -67.159  13.427 0.4000000060
115838  43.014  -66.613  12.729 0.4000000060
16861  39.866  -66.700  12.816 0.5000000000
17656  43.768  -65.970  11.774 0.4000000060
16872  44.081  -66.325  12.601 0.3000000119
138369  43.219  -66.308  12.145 0.4000000060
25507  42.683  -57.586  12.326 0.1000000015
26534  42.936  -56.512  11.610 0.1000000015
24470  43.141  -58.271  12.617 0.1000000015
16862  39.021  -66.540  13.085 0.4000000060
129019  40.961  -66.633  12.513 0.5000000000
25506  43.801  -58.096  12.140 0.1000000015
23405  45.895  -59.925  12.311 0.1000000015
25521  46.175  -58.672  11.260 0.1000000015
24486  45.343  -58.882  11.910 0.1000000015
23404  46.044  -60.600  12.003 0.1000000015
15147  44.589  -67.906  19.575 0.1000000015
15150  41.528  -68.658  18.082 0.1000000015
122685  43.505  -68.275  18.707 0.1000000015
122982  42.644  -68.276  19.751 0.1000000015
132089  39.192  -67.196  14.274 0.4000000060
125517  46.014  -60.702  12.712 0.1000000015
15974  46.197  -67.784  18.865 0.1000000015
16036  41.727  -67.673  14.321 0.3000000119
16849  44.420  -66.938  14.093 0.2000000030
16037  40.875  -67.578  14.124 0.4000000060
16860  42.049  -66.691  12.747 0.4000000060
124406  42.610  -68.284  20.713 0.1000000015
11563  40.395  -72.778  9.418 0.1000000015
131271  39.572  -72.533  9.048 0.1000000015
11579  42.327  -72.312  8.152 0.1000000015
11561  43.154  -72.672  8.990 0.1000000015
11547  39.375  -72.808  9.820 0.1000000015
11564  38.613  -72.419  9.241 0.1000000015
12508  37.054  -71.852  9.650 0.1000000015
11440  33.836  -72.077  17.135 0.1000000015
10678  33.559  -73.025  11.645 0.1000000015
11528  34.396  -72.369  11.425 0.1000000015
10702  41.491  -73.340  9.811 0.1000000015
12500  34.836  -71.832  10.986 0.1000000015
12509  36.359  -71.780  10.177 0.1000000015
10701  42.706  -73.269  9.557 0.1000000015
12521  36.377  -71.678  9.493 0.1000000015
11578  43.457  -71.983  8.232 0.1000000015
11427  34.298  -72.472  18.573 0.1000000015
11461  34.121  -72.958  16.824 0.1000000015
10611  33.915  -73.453  15.824 0.1000000015
10548  34.797  -73.014  20.966 0.1000000015
11410  34.277  -72.337  19.471 0.1000000015
11439  34.248  -72.666  17.704 0.1000000015
10591  34.566  -73.529  17.421 0.1000000015
9809  33.728  -74.564  15.238 0.1000000015
9116  31.997  -75.922  12.609 0.1000000015
9880  33.042  -74.118  11.906 0.1000000015
10703  40.301  -73.505  10.253 0.1000000015
11548  38.515  -72.653  10.239 0.1000000015
10694  42.747  -73.805  10.209 0.1000000015
12518  43.756  -71.847  9.406 0.1000000015
11577  43.661  -71.497  8.467 0.1000000015
10610  34.435  -73.848  16.541 0.1000000015
10547  35.395  -73.507  20.559 0.1000000015
129552  34.723  -73.017  20.067 0.1000000015
10562  34.727  -73.112  19.162 0.1000000015
10590  35.009  -74.061  17.994 0.1000000015
9793  34.526  -74.711  16.376 0.1000000015
9808  34.195  -74.944  15.766 0.1000000015
9066  33.800  -75.706  15.319 0.1000000015
8386  32.325  -76.885  13.887 0.1000000015
8402  32.061  -76.852  13.233 0.1000000015
8418  31.873  -76.496  12.960 0.1000000015
9115  33.086  -75.926  12.378 0.1000000015
128638  33.832  -74.873  12.102 0.1000000015
10662  34.838  -73.952  12.045 0.1000000015
10674  37.455  -73.461  11.471 0.1000000015
135758  39.906  -74.179  10.908 0.1000000015
118879  39.170  -73.402  10.604 0.1000000015
131535  38.246  -73.185  11.066 0.1000000015
133760  37.520  -72.764  11.017 0.1000000015
10700  43.530  -73.156  9.864 0.1000000015
11560  43.736  -72.252  9.205 0.1000000015
9051  34.694  -76.397  16.850 0.1000000015
10535  35.393  -73.554  21.478 0.1000000015
10561  35.333  -73.614  19.683 0.1000000015
10577  35.212  -73.794  18.828 0.1000000015
9778  35.177  -74.909  17.729 0.1000000015
9792  34.825  -75.305  16.953 0.1000000015
7699  33.457  -77.984  14.831 0.1000000015
7726  32.717  -78.189  13.430 0.1000000015
7740  33.976  -79.041  12.198 0.1000000015
9739  35.955  -73.921  20.910 0.1000000015
9751  35.948  -74.062  20.158 0.1000000015
123551  35.740  -74.298  19.324 0.1000000015
9765  35.477  -74.573  18.511 0.1000000015
9028  35.599  -75.444  18.221 0.1000000015
7742  32.495  -77.538  12.966 0.1000000015
8417  33.222  -77.959  12.549 0.1000000015
130550  34.221  -76.195  12.182 0.1000000015
9861  35.051  -75.275  12.075 0.1000000015
9113  36.143  -75.736  11.850 0.1000000015
9860  35.803  -74.402  12.057 0.1000000015
10675  36.545  -73.709  11.832 0.1000000015
9876  38.543  -74.975  11.476 0.1000000015
9877  37.515  -74.637  11.721 0.1000000015
10676  35.563  -73.410  11.899 0.1000000015
117353  40.755  -74.339  10.793 0.1000000015
10673  39.022  -74.178  11.236 0.1000000015
9897  43.303  -73.805  10.596 0.1000000015
10699  43.742  -72.486  9.916 0.1000000015
134230  42.422  -71.540  10.184 0.1000000015
12505  43.572  -72.046  10.123 0.1000000015
8362  34.649  -77.754  16.791 0.1000000015
8363  34.218  -77.319  16.121 0.1000000015
9725  36.065  -74.171  21.622 0.1000000015
9724  36.519  -74.873  21.743 0.1000000015
9738  36.447  -74.723  20.707 0.1000000015
136424  36.581  -75.175  20.037 0.1000000015
9027  36.050  -76.041  18.637 0.1000000015
9038  35.167  -75.815  17.516 0.1000000015
7698  33.822  -78.483  15.304 0.1000000015
7046  33.259  -79.268  13.787 0.1000000015
7069  33.843  -79.435  12.664 0.1000000015
135562  36.265  -74.799  19.762 0.1000000015
7068  34.552  -79.561  12.237 0.1000000015
8416  34.395  -77.927  11.962 0.1000000015
8428  35.802  -78.499  11.466 0.1000000015
9114  35.401  -76.802  11.780 0.1000000015
8427  36.594  -78.695  11.427 0.1000000015
9129  36.721  -77.507  11.408 0.1000000015
9128  38.081  -76.052  11.463 0.1000000015
122538  37.179  -76.017  11.567 0.1000000015
9899  41.546  -74.939  11.057 0.1000000015
9124  41.334  -75.936  11.602 0.1000000015
9900  40.515  -75.237  11.222 0.1000000015
137283  39.748  -74.738  11.190 0.1000000015
9127  38.901  -76.207  11.446 0.1000000015
9874  42.171  -75.146  11.465 0.1000000015
9898  42.546  -74.459  10.866 0.1000000015
9873  42.815  -74.387  11.244 0.1000000015
10693  43.626  -73.130  10.418 0.1000000015
12506  41.973  -71.944  11.097 0.1000000015
8292  36.521  -75.891  23.515 0.1000000015
8977  36.186  -75.199  23.118 0.1000000015
9708  35.498  -74.800  23.385 0.1000000015
8310  37.290  -76.395  20.804 0.1000000015
116804  36.890  -75.664  20.312 0.1000000015
135005  36.476  -75.114  22.439 0.1000000015
8993  36.999  -75.496  21.166 0.1000000015
9010  36.496  -75.725  19.491 0.1000000015
8339  35.842  -77.097  18.306 0.1000000015
7035  33.994  -79.958  15.030 0.1000000015
7056  34.082  -79.783  13.026 0.1000000015
7024  34.400  -80.378  15.604 0.1000000015
7044  34.241  -79.963  13.634 0.1000000015
7067  35.499  -79.492  11.835 0.1000000015
7751  35.048  -79.257  11.650 0.1000000015
7750  35.975  -79.233  11.548 0.1000000015
7066  36.006  -79.332  11.668 0.1000000015
136445  37.315  -78.186  11.427 0.1000000015
124415  37.715  -77.317  11.473 0.1000000015
8425  38.609  -77.288  11.579 0.1000000015
9126  39.516  -76.984  11.584 0.1000000015
138051  41.968  -75.711  12.007 0.1000000015
9111  41.505  -76.305  12.368 0.1000000015
137735  42.392  -75.146  12.019 0.1000000015
116447  42.661  -74.426  11.840 0.1000000015
10672  43.416  -73.608  10.993 0.1000000015
11523  43.519  -73.137  10.946 0.1000000015
130850  35.959  -79.033  18.396 0.1000000015
6995  35.554  -79.827  17.706 0.1000000015
8976  36.786  -75.610  22.749 0.1000000015
8983  37.332  -76.173  21.635 0.1000000015
8338  36.381  -76.798  19.042 0.1000000015
7659  35.460  -78.484  17.888 0.1000000015
7009  34.938  -79.749  16.987 0.1000000015
6379  35.023  -80.673  16.336 0.1000000015
8984  36.954  -75.492  21.983 0.1000000015
7671  34.889  -78.523  17.155 0.1000000015
139369  34.519  -80.544  15.694 0.1000000015
7697  35.197  -79.472  14.690 0.1000000015
7710  34.897  -79.684  13.801 0.1000000015
7034  34.299  -80.144  15.319 0.1000000015
116277  34.302  -80.243  14.373 0.1000000015
7723  36.203  -78.753  12.414 0.1000000015
7737  37.096  -78.383  11.580 0.1000000015
7736  38.279  -77.869  11.844 0.1000000015
8426  37.978  -77.894  11.673 0.1000000015
8414  39.428  -77.541  12.254 0.1000000015
8395  40.978  -76.842  12.759 0.1000000015
9112  40.749  -76.825  12.042 0.1000000015
8423  39.954  -77.311  11.884 0.1000000015
137615  42.081  -75.790  12.734 0.1000000015
7629  37.305  -78.680  20.433 0.1000000015
8290  37.438  -77.358  23.020 0.1000000015
115350  37.437  -78.225  21.210 0.1000000015
120283  36.554  -78.759  19.084 0.1000000015
6351  35.948  -80.364  17.638 0.1000000015
118646  35.705  -77.133  24.729 0.1000000015
8291  36.905  -76.833  23.727 0.1000000015
8296  37.458  -76.777  22.259 0.1000000015
8303  37.477  -77.115  21.434 0.1000000015
7630  37.047  -78.030  19.803 0.1000000015
7658  36.184  -77.882  18.661 0.1000000015
6367  35.139  -80.403  16.753 0.1000000015
6378  35.566  -80.654  16.409 0.1000000015
7033  35.362  -80.075  15.405 0.1000000015
6390  34.700  -80.633  16.113 0.1000000015
8385  35.677  -77.632  14.191 0.1000000015
8401  35.575  -78.495  13.383 0.1000000015
8400  36.215  -77.306  13.569 0.1000000015
7722  37.623  -78.240  12.054 0.1000000015
122583  38.532  -77.703  12.423 0.1000000015
8415  38.764  -77.792  12.144 0.1000000015
9095  39.156  -76.638  13.283 0.1000000015
9092  41.652  -76.303  13.239 0.1000000015
8413  40.291  -77.202  12.478 0.1000000015
9077  42.245  -75.699  13.792 0.1000000015
122284  42.542  -75.111  13.778 0.1000000015
7623  37.512  -78.069  22.106 0.1000000015
6972  37.420  -79.948  20.298 0.1000000015
6336  36.747  -80.262  18.791 0.1000000015
6983  36.732  -79.794  19.130 0.1000000015
6377  36.339  -80.449  16.669 0.1000000015
7021  36.923  -79.999  16.686 0.1000000015
124977  36.192  -79.044  15.815 0.1000000015
7696  35.945  -78.375  15.473 0.1000000015
134195  36.235  -76.313  14.977 0.1000000015
9097  36.764  -76.375  13.600 0.1000000015
121752  36.735  -77.558  12.940 0.1000000015
133503  38.180  -75.846  13.417 0.1000000015
8399  37.504  -77.238  12.948 0.1000000015
9827  39.940  -75.052  14.293 0.1000000015
8397  40.067  -77.246  13.007 0.1000000015
9826  41.363  -75.472  14.590 0.1000000015
9079  40.920  -76.012  14.077 0.1000000015
9093  40.922  -76.651  13.432 0.1000000015
9825  42.269  -75.537  14.679 0.1000000015
10651  42.797  -74.889  14.444 0.1000000015
12460  42.013  -72.330  14.120 0.1000000015
136683  37.487  -79.042  21.601 0.1000000015
134848  37.479  -79.438  21.000 0.1000000015
5727  37.267  -80.512  18.979 0.1000000015
134981  36.855  -80.581  17.688 0.1000000015
6365  37.159  -80.351  17.348 0.1000000015
7620  37.496  -78.775  22.986 0.1000000015
5737  36.634  -80.460  18.279 0.1000000015
129216  36.883  -78.969  16.466 0.1000000015
8384  36.451  -75.977  14.229 0.1000000015
120457  36.774  -74.980  14.508 0.1000000015
10640  39.244  -73.802  14.650 0.1000000015
9843  38.720  -75.212  13.769 0.1000000015
9806  41.975  -75.179  15.289 0.1000000015
9824  42.816  -75.130  15.385 0.1000000015
10637  43.167  -74.866  15.423 0.1000000015
12458  43.493  -72.128  15.537 0.1000000015
120067  43.978  -70.010  14.517 0.1000000015
6306  37.937  -80.982  21.957 0.1000000015
6960  37.595  -79.658  22.141 0.1000000015
6314  37.817  -80.624  20.960 0.1000000015
5735  37.715  -80.640  19.115 0.1000000015
6349  38.321  -80.159  18.693 0.1000000015
6364  38.148  -79.819  17.986 0.1000000015
6321  37.715  -80.660  20.180 0.1000000015
5736  37.062  -80.605  18.354 0.1000000015
7670  37.410  -77.865  17.101 0.1000000015
7684  36.600  -77.633  16.394 0.1000000015
8360  36.862  -76.347  16.517 0.1000000015
9791  36.725  -74.653  15.465 0.1000000015
10625  37.411  -73.857  14.795 0.1000000015
9829  37.872  -74.297  14.230 0.1000000015
13366  43.604  -71.023  17.734 0.1000000015
12415  42.911  -71.659  17.329 0.1000000015
11457  40.751  -72.334  16.301 0.1000000015
11474  41.654  -73.534  15.995 0.1000000015
9828  38.734  -74.292  14.285 0.1000000015
12414  44.165  -72.274  17.131 0.1000000015
11456  42.150  -73.031  16.442 0.1000000015
10622  39.726  -73.299  15.207 0.1000000015
13344  44.054  -70.359  18.512 0.1000000015
13365  44.673  -71.333  17.509 0.1000000015
11454  43.570  -73.767  16.226 0.1000000015
10607  42.985  -74.410  16.287 0.1000000015
13343  45.305  -70.532  18.313 0.1000000015
13364  45.168  -71.031  17.479 0.1000000015
12413  44.558  -71.940  17.038 0.1000000015
10619  43.284  -74.752  15.899 0.1000000015
12433  44.414  -72.098  16.791 0.1000000015
10605  43.442  -74.487  15.927 0.1000000015
14284  46.461  -69.299  16.266 0.1000000015
13395  44.306  -71.699  16.131 0.1000000015
14292  44.890  -69.608  14.614 0.1000000015
5693  38.049  -81.202  22.146 0.1000000015
5702  38.102  -81.057  21.492 0.1000000015
131829  38.096  -80.909  21.077 0.1000000015
5725  37.948  -80.851  19.812 0.1000000015
5711  37.975  -80.803  20.510 0.1000000015
6348  38.789  -79.674  19.028 0.1000000015
7007  38.477  -78.879  17.981 0.1000000015
7669  38.212  -78.047  17.762 0.1000000015
136795  37.249  -76.944  16.980 0.1000000015
9050  36.617  -75.546  15.798 0.1000000015
9790  36.895  -74.627  16.157 0.1000000015
134243  37.255  -73.690  15.323 0.1000000015
11459  38.561  -72.127  16.353 0.1000000015
10641  38.186  -73.612  14.650 0.1000000015
13367  41.635  -70.900  17.792 0.1000000015
12438  40.092  -71.633  16.876 0.1000000015
11476  39.045  -72.509  15.658 0.1000000015
124199  42.415  -70.697  17.969 0.1000000015
14262  46.503  -69.434  18.995 0.1000000015
13342  45.968  -70.298  18.244 0.1000000015
6305  38.069  -81.218  22.438 0.1000000015
6312  38.599  -80.142  21.139 0.1000000015
6313  38.118  -81.184  21.737 0.1000000015
6333  38.858  -79.632  19.593 0.1000000015
132109  39.286  -78.847  19.130 0.1000000015
6320  38.265  -80.621  20.214 0.1000000015
6993  38.844  -79.124  18.562 0.1000000015
7656  39.399  -78.157  18.847 0.1000000015
7657  38.888  -78.154  18.325 0.1000000015
8336  38.455  -77.180  18.230 0.1000000015
8345  37.725  -77.033  17.636 0.1000000015
9049  37.083  -75.396  16.699 0.1000000015
120712  37.113  -73.903  16.332 0.1000000015
9777  37.214  -74.507  16.946 0.1000000015
11437  38.271  -72.087  17.215 0.1000000015
11438  37.743  -72.716  17.460 0.1000000015
10608  37.357  -73.205  15.939 0.1000000015
13368  40.900  -70.812  18.178 0.1000000015
12439  39.085  -71.692  16.970 0.1000000015
10624  37.728  -73.229  15.245 0.1000000015
13327  43.604  -69.880  19.521 0.1000000015
13346  41.646  -70.601  18.616 0.1000000015
11458  39.565  -72.057  16.259 0.1000000015
14264  45.003  -69.783  19.488 0.1000000015
6319  38.937  -79.581  20.285 0.1000000015
6982  39.529  -78.546  19.897 0.1000000015
8335  39.197  -77.350  18.720 0.1000000015
8337  37.899  -76.200  18.007 0.1000000015
119098  38.059  -75.241  18.270 0.1000000015
9037  37.497  -75.309  17.527 0.1000000015
10576  37.715  -73.370  18.041 0.1000000015
10589  37.375  -73.455  17.037 0.1000000015
12419  38.859  -71.699  17.791 0.1000000015
11426  38.227  -72.454  18.170 0.1000000015
12418  39.671  -71.406  17.608 0.1000000015
13345  42.823  -70.396  18.644 0.1000000015
14244  45.760  -69.096  20.469 0.1000000015
15145  46.422  -68.084  19.536 0.1000000015
6967  39.470  -78.770  20.848 0.1000000015
7628  40.083  -77.746  20.609 0.1000000015
7627  40.819  -76.930  20.471 0.1000000015
128818  40.084  -77.597  19.928 0.1000000015
139791  39.474  -76.738  19.088 0.1000000015
131621  39.738  -77.358  19.215 0.1000000015
9026  38.725  -76.271  18.695 0.1000000015
9009  38.690  -75.103  18.949 0.1000000015
9763  38.124  -74.245  18.522 0.1000000015
11425  38.923  -71.927  18.641 0.1000000015
13369  40.183  -71.056  18.209 0.1000000015
12400  39.478  -71.411  18.370 0.1000000015
13328  42.450  -70.342  19.519 0.1000000015
13347  40.700  -70.804  18.786 0.1000000015
15124  45.897  -68.288  20.234 0.1000000015
15146  45.746  -67.887  19.811 0.1000000015
7642  40.282  -77.132  19.724 0.1000000015
8323  40.070  -76.571  19.536 0.1000000015
9007  40.185  -75.605  19.783 0.1000000015
9025  39.374  -75.865  19.305 0.1000000015
9008  39.370  -74.885  19.504 0.1000000015
10575  38.313  -73.358  18.742 0.1000000015
11409  38.694  -72.670  19.006 0.1000000015
130562  45.082  -68.938  21.315 0.1000000015
14245  44.729  -69.395  20.718 0.1000000015
14226  45.347  -68.624  20.921 0.1000000015
8322  40.951  -76.244  20.211 0.1000000015
8992  40.069  -74.752  19.989 0.1000000015
8991  41.139  -75.151  20.361 0.1000000015
10546  40.073  -73.224  20.296 0.1000000015
9737  40.544  -74.180  20.353 0.1000000015
11395  40.863  -72.397  20.695 0.1000000015
10560  38.818  -73.395  19.313 0.1000000015
10559  39.234  -72.947  19.644 0.1000000015
14227  44.476  -69.332  21.846 0.1000000015
14246  43.563  -69.869  20.595 0.1000000015
13329  41.371  -70.647  19.507 0.1000000015
12387  39.630  -71.575  19.207 0.1000000015
134257  44.505  -67.903  20.652 0.1000000015
116938  42.403  -70.502  20.488 0.1000000015
124654  39.457  -73.921  19.801 0.1000000015
12370  41.013  -71.288  20.418 0.1000000015
11396  39.740  -72.305  19.914 0.1000000015
13315  41.328  -70.802  20.121 0.1000000015
12371  40.213  -71.610  19.983 0.1000000015
12386  40.531  -71.019  19.516 0.1000000015
10679  32.377  -73.553  11.605 0.1000000015
9879  33.975  -73.767  11.941 0.1000000015
136728  35.030  -73.252  11.921 0.1000000015
10677  34.509  -73.131  11.839 0.1000000015
11527  35.149  -72.703  11.659 0.1000000015
11580  40.631  -72.443  8.389 0.1000000015
11526  35.984  -72.742  11.568 0.1000000015
11562  41.674  -72.685  9.048 0.1000000015
131710  37.860  -72.534  10.553 0.1000000015
11525  36.817  -72.772  11.272 0.1000000015
11565  37.815  -72.213  9.851 0.1000000015
11582  37.681  -72.075  8.988 0.1000000015
11549  37.114  -72.219  10.476 0.1000000015
12401  33.928  -71.854  17.982 0.1000000015
11529  33.625  -72.245  11.304 0.1000000015
12510  35.593  -71.794  10.625 0.1000000015
10578  34.663  -73.290  18.292 0.1000000015
129083  32.489  -76.833  12.742 0.1000000015
9779  34.797  -74.372  17.162 0.1000000015
9052  34.353  -75.829  16.109 0.1000000015
8377  33.260  -76.853  14.724 0.1000000015
9080  33.131  -75.655  14.623 0.1000000015
8376  33.788  -76.951  15.471 0.1000000015
7712  32.964  -78.265  14.123 0.1000000015
130599  33.454  -76.910  12.437 0.1000000015
119644  38.145  -73.977  11.499 0.1000000015
10695  41.565  -74.042  10.496 0.1000000015
7711  33.512  -79.508  14.364 0.1000000015
7725  33.457  -79.401  13.266 0.1000000015
7741  33.255  -78.713  12.787 0.1000000015
9011  36.028  -75.100  18.954 0.1000000015
9878  36.654  -74.832  11.979 0.1000000015
9875  39.576  -75.574  11.356 0.1000000015
8346  35.251  -77.398  17.586 0.1000000015
9716  35.962  -74.558  22.526 0.1000000015
123826  35.529  -76.362  17.929 0.1000000015
7045  33.688  -79.940  13.788 0.1000000015
9125  40.374  -76.513  11.600 0.1000000015
8311  36.961  -76.762  19.867 0.1000000015
7686  34.219  -78.957  15.848 0.1000000015
7685  34.502  -79.471  16.385 0.1000000015
115406  33.990  -80.254  14.379 0.1000000015
7023  34.685  -80.707  16.063 0.1000000015
7724  35.162  -79.632  12.728 0.1000000015
7738  36.376  -79.065  11.680 0.1000000015
8424  39.149  -77.585  11.870 0.1000000015
9859  42.370  -75.188  12.849 0.1000000015
11506  42.844  -73.721  11.750 0.1000000015
6994  36.228  -79.899  18.467 0.1000000015
8297  37.194  -76.315  22.976 0.1000000015
127456  37.319  -77.466  20.583 0.1000000015
7645  36.627  -77.600  19.303 0.1000000015
10660  42.386  -74.411  12.797 0.1000000015
5743  36.257  -80.587  16.983 0.1000000015
7022  36.111  -80.192  16.024 0.1000000015
126406  35.864  -77.571  14.995 0.1000000015
8398  39.171  -77.488  12.652 0.1000000015
126186  38.403  -77.012  13.060 0.1000000015
9078  41.711  -76.085  14.049 0.1000000015
118163  42.662  -75.249  14.704 0.1000000015
10652  42.321  -73.988  13.670 0.1000000015
6335  37.294  -80.322  19.514 0.1000000015
7008  37.708  -79.174  17.304 0.1000000015
8361  36.332  -76.848  15.758 0.1000000015
9096  37.415  -75.990  13.487 0.1000000015
9830  37.151  -74.557  14.389 0.1000000015
9094  40.008  -76.215  13.671 0.1000000015
10639  40.575  -74.448  14.900 0.1000000015
11486  43.383  -74.293  15.578 0.1000000015
10638  42.606  -73.783  14.531 0.1000000015
12459  42.825  -72.979  15.104 0.1000000015
13401  42.421  -71.703  14.517 0.1000000015
6968  37.619  -80.022  21.523 0.1000000015
6350  37.549  -80.460  18.228 0.1000000015
9807  36.866  -74.309  14.964 0.1000000015
10620  42.572  -74.781  15.813 0.1000000015
13400  43.671  -70.861  15.161 0.1000000015
12450  43.658  -73.747  15.922 0.1000000015
12449  43.909  -72.856  16.408 0.1000000015
13399  44.520  -70.455  15.443 0.1000000015
128043  37.375  -76.178  17.253 0.1000000015
10609  36.979  -73.994  15.662 0.1000000015
12437  41.285  -71.843  16.791 0.1000000015
12435  43.678  -73.015  16.714 0.1000000015
10621  41.138  -74.006  15.471 0.1000000015
11475  40.242  -72.795  15.730 0.1000000015
10623  38.586  -73.029  15.124 0.1000000015
11455  43.319  -73.813  16.465 0.1000000015
10606  43.396  -74.423  16.100 0.1000000015
12434  43.973  -72.747  16.704 0.1000000015
14263  45.969  -69.657  19.248 0.1000000015
13384  45.042  -71.301  17.129 0.1000000015
13394  44.876  -71.000  16.497 0.1000000015
14285  45.482  -69.790  15.661 0.1000000015
11477  38.019  -72.578  15.734 0.1000000015
12417  40.727  -71.244  17.535 0.1000000015
14243  46.393  -69.036  19.881 0.1000000015
9764  37.575  -74.349  17.781 0.1000000015
134443  39.164  -72.233  19.280 0.1000000015
9750  38.722  -74.142  19.189 0.1000000015
16874  41.739  -66.399  12.164 0.4000000060
17668  45.726  -65.255  11.205 0.3000000119
17669  44.377  -65.455  11.247 0.3000000119
17670  42.891  -66.022  11.579 0.3000000119
17671  41.969  -66.048  11.493 0.4000000060
16890  41.319  -66.209  11.863 0.4000000060
129322  43.433  -65.642  11.236 0.3000000119
128933  41.152  -65.777  11.398 0.4000000060
16156  38.625  -67.655  4.849 0.1000000015
16143  40.429  -67.145  4.773 0.1000000015
138173  42.051  -66.642  5.178 0.2000000030
16943  44.746  -65.864  5.147 0.3000000119
19443  39.114  -63.634  10.033 0.4000000060
17654  46.270  -65.653  11.986 0.3000000119
127569  44.516  -63.789  6.593 0.4000000060
19470  43.859  -63.257  8.089 0.4000000060
16957  43.954  -66.257  5.569 0.2000000030
18598  44.847  -64.885  5.090 0.3000000119
118839  43.266  -63.159  7.707 0.4000000060
19472  41.814  -62.967  8.397 0.4000000060
19442  39.926  -63.761  9.803 0.4000000060
116579  37.888  -68.121  4.518 0.1000000015
129647  42.975  -66.520  5.363 0.3000000119
19471  42.652  -63.007  8.078 0.4000000060
19473  40.820  -62.964  8.786 0.4000000060
134260  40.179  -63.150  9.304 0.4000000060
15279  38.899  -68.020  4.033 0.1000000015
19445  37.584  -63.251  10.496 0.5000000000
16969  43.057  -66.862  4.297 0.2000000030
119197  43.984  -66.385  4.702 0.3000000119
18583  44.786  -64.498  5.888 0.3000000119
20441  41.166  -62.711  8.152 0.4000000060
19433  36.508  -63.401  11.472 0.4000000060
20398  35.228  -62.738  12.833 0.4000000060
124813  43.259  -63.382  6.915 0.4000000060
19483  42.421  -63.041  7.650 0.4000000060
20427  39.064  -62.537  9.129 0.4000000060
19459  39.491  -63.003  9.482 0.5000000000
117152  39.189  -68.457  3.244 0.2000000030
16155  39.577  -67.607  4.398 0.2000000030
16164  40.563  -67.612  3.856 0.2000000030
16970  41.685  -66.959  4.561 0.2000000030
18599  44.325  -64.739  5.201 0.3000000119
19517  43.777  -64.058  5.970 0.3000000119
15293  38.333  -68.393  3.720 0.1000000015
19484  41.441  -62.919  7.639 0.4000000060
17729  44.751  -65.769  4.974 0.3000000119
19518  42.584  -63.906  6.107 0.4000000060
20457  40.628  -62.769  7.805 0.4000000060
20415  37.977  -62.757  9.860 0.5000000000
19446  36.869  -63.024  10.706 0.5000000000
125289  35.281  -62.361  12.034 0.4000000060
19501  42.011  -63.356  6.926 0.4000000060
20443  39.392  -62.599  8.518 0.4000000060
20416  37.239  -62.631  10.053 0.5000000000
20407  35.569  -62.247  11.290 0.4000000060
15292  39.873  -68.022  3.556 0.2000000030
16154  41.308  -67.328  4.016 0.2000000030
16153  42.345  -67.291  3.695 0.2000000030
16967  44.408  -66.139  4.666 0.4000000060
16968  43.632  -66.578  3.929 0.2000000030
18616  43.922  -65.253  4.559 0.3000000119
17751  43.832  -66.227  4.054 0.4000000060
18600  43.226  -64.408  5.227 0.3000000119
137556  37.996  -62.366  8.980 0.5000000000
20418  35.852  -62.079  10.447 0.5000000000
21421  34.466  -61.361  12.170 0.4000000060
21414  34.449  -61.475  13.009 0.4000000060
18617  42.749  -64.825  4.583 0.4000000060
19519  41.383  -64.022  6.177 0.4000000060
136673  40.828  -63.073  7.445 0.4000000060
20430  36.727  -62.451  9.596 0.5000000000
123357  40.756  -67.961  3.165 0.2000000030
121483  42.696  -67.535  2.899 0.2000000030
22393  34.180  -60.306  13.260 0.4000000060
16151  43.354  -66.995  3.278 0.2000000030
18601  42.093  -64.374  5.361 0.3000000119
125298  41.033  -63.409  6.990 0.4000000060
20458  39.757  -62.771  7.865 0.4000000060
15315  38.167  -68.812  2.982 0.2000000030
15291  41.529  -68.195  2.575 0.2000000030
16977  43.417  -66.843  3.523 0.3000000119
17739  43.110  -65.885  3.435 0.4000000060
23378  34.706  -59.959  14.242 0.4000000060
20444  38.471  -62.487  8.707 0.5000000000
23390  38.183  -59.137  13.928 0.4000000060
14400  38.489  -69.190  2.027 0.2000000030
116139  40.368  -68.412  2.660 0.2000000030
19502  40.405  -63.931  6.509 0.4000000060
19486  39.213  -63.379  7.392 0.4000000060
21429  34.560  -61.210  11.252 0.5000000000
22405  34.039  -60.101  12.468 0.4000000060
23406  42.771  -60.340  12.132 0.4000000060
14412  37.745  -69.569  1.505 0.2000000030
15313  41.498  -68.644  1.896 0.2000000030
16181  42.624  -67.735  2.381 0.2000000030
16161  43.229  -67.121  2.962 0.2000000030
18618  41.664  -64.769  4.703 0.4000000060
20461  36.988  -63.114  8.475 0.5000000000
20431  36.037  -62.038  9.751 0.5000000000
132484  36.997  -69.967  0.863 0.2000000030
130884  42.334  -65.275  4.018 0.4000000060
123109  41.218  -64.473  5.376 0.3000000119
20460  37.949  -62.914  8.226 0.5000000000
20446  36.829  -62.627  9.017 0.5000000000
22414  34.195  -60.669  11.833 0.5000000000
23408  39.728  -58.999  12.710 0.4000000060
23407  41.368  -59.804  12.472 0.2000000030
23391  37.269  -59.028  14.236 0.4000000060
23392  34.852  -59.222  14.104 0.4000000060
15314  39.363  -68.797  2.392 0.2000000030
17771  42.661  -66.209  2.824 0.4000000060
22415  33.929  -59.849  11.630 0.4000000060
24458  34.361  -58.984  13.465 0.4000000060
14399  39.562  -69.175  1.628 0.2000000030
15312  42.315  -68.309  2.063 0.2000000030
16180  42.749  -67.476  2.365 0.2000000030
15326  40.422  -68.859  1.832 0.2000000030
24455  37.556  -58.446  13.599 0.4000000060
24457  35.103  -58.389  13.657 0.4000000060
24475  35.076  -57.765  13.071 0.4000000060
19503  39.545  -63.956  6.722 0.3000000119
116437  36.092  -62.313  9.205 0.5000000000
21435  34.658  -61.145  10.354 0.5000000000
125576  33.975  -58.929  12.858 0.4000000060
17752  42.025  -65.545  3.354 0.4000000060
18602  40.513  -64.377  5.739 0.4000000060
18584  39.836  -64.310  6.089 0.3000000119
19487  38.272  -63.455  7.589 0.4000000060
17740  41.272  -65.145  4.051 0.4000000060
19474  35.937  -62.992  8.619 0.5000000000
15325  41.308  -69.103  1.230 0.2000000030
25485  36.688  -57.959  13.517 0.4000000060
22421  34.169  -60.430  10.803 0.5000000000
22423  34.196  -60.599  9.806 0.5000000000
19504  38.640  -64.074  6.913 0.4000000060
118277  34.669  -61.242  9.546 0.5000000000
19489  36.213  -63.606  7.918 0.5000000000
19488  37.284  -63.608  7.789 0.5000000000
17687  42.644  -65.489  10.857 0.4000000060
19457  41.641  -63.510  9.080 0.4000000060
24454  38.381  -58.603  13.328 0.4000000060
24456  36.582  -58.622  14.097 0.4000000060
136360  34.565  -61.424  8.856 0.5000000000
18542  47.053  -64.442  9.439 0.3000000119
18544  45.693  -64.325  9.746 0.3000000119
17685  45.064  -64.873  10.550 0.2000000030
17686  43.745  -65.206  10.646 0.2000000030
16900  46.001  -66.276  9.060 0.2000000030
17704  46.968  -64.825  8.847 0.3000000119
139446  46.493  -64.178  8.522 0.3000000119
18557  46.157  -64.032  8.854 0.3000000119
16914  45.767  -65.666  8.163 0.2000000030
17706  45.848  -65.076  7.418 0.2000000030
18573  46.037  -64.465  7.735 0.2000000030
134467  36.229  -70.771  -0.284 0.1000000015
12639  35.079  -71.846  -1.650 0.1000000015
16227  40.358  -67.830  -0.444 0.1000000015
16888  47.610  -65.979  11.932 0.1000000015
17667  46.998  -65.235  11.150 0.2000000030
16898  47.276  -65.201  9.830 0.2000000030
17684  46.453  -64.683  10.359 0.2000000030
16077  45.487  -67.761  11.253 0.1000000015
16091  46.114  -66.728  9.918 0.1000000015
16899  46.934  -65.892  9.427 0.2000000030
16084  45.226  -67.400  10.519 0.1000000015
16092  45.025  -66.912  9.731 0.1000000015
14401  37.360  -69.257  2.368 0.1000000015
13537  35.836  -70.418  0.508 0.1000000015
14408  41.536  -69.190  0.571 0.1000000015
15335  41.823  -68.644  0.478 0.1000000015
17022  41.849  -67.517  0.772 0.1000000015
17007  40.714  -66.744  1.334 0.1000000015
13534  40.655  -70.194  -0.480 0.1000000015
16225  41.569  -68.302  -0.035 0.1000000015
16210  40.741  -67.448  0.173 0.1000000015
16991  40.230  -66.411  2.044 0.1000000015
16226  41.172  -67.871  -0.292 0.1000000015
128019  39.337  -67.077  0.928 0.1000000015
17775  37.843  -66.106  2.844 0.1000000015
16993  38.238  -66.428  2.170 0.1000000015
16994  37.114  -66.419  2.225 0.1000000015
16896  47.171  -66.163  10.404 0.2000000030
16083  46.226  -67.174  10.711 0.1000000015
131008  41.767  -65.836  2.771 0.1000000015
18603  39.760  -64.616  5.377 0.3000000119
14410  39.898  -69.523  0.941 0.1000000015
14409  40.876  -69.507  0.707 0.1000000015
15311  42.555  -68.081  1.844 0.1000000015
16990  42.087  -66.421  2.132 0.1000000015
17754  40.126  -65.609  3.322 0.2000000030
18620  39.702  -65.012  4.607 0.3000000119
119290  37.055  -64.649  6.450 0.3000000119
18587  36.440  -64.239  7.164 0.3000000119
12625  36.057  -71.175  -0.896 0.1000000015
14423  39.300  -69.859  0.491 0.1000000015
17006  41.788  -66.971  1.316 0.1000000015
17773  39.768  -66.064  2.746 0.1000000015
17742  39.561  -65.396  3.922 0.2000000030
18605  37.496  -65.064  5.759 0.3000000119
13535  39.793  -70.286  -0.218 0.1000000015
17744  37.254  -65.668  4.277 0.2000000030
18606  36.471  -65.083  5.826 0.3000000119
17756  37.541  -65.870  3.525 0.1000000015
17757  36.521  -65.777  3.615 0.2000000030
18608  34.900  -64.211  5.193 0.4000000060
17010  37.556  -66.811  1.463 0.1000000015
16980  36.055  -65.779  3.009 0.1000000015
17758  35.690  -65.429  3.608 0.3000000119
15990  46.578  -67.670  17.971 0.1000000015
15193  47.330  -67.839  16.220 0.1000000015
20448  34.699  -62.007  8.372 0.4000000060
19505  37.636  -64.177  7.102 0.3000000119
18574  35.628  -63.879  7.334 0.4000000060
20462  34.669  -62.584  7.764 0.4000000060
18588  35.436  -64.208  6.611 0.4000000060
19491  34.497  -62.884  6.976 0.4000000060
19520  34.943  -64.097  5.900 0.4000000060
19521  34.630  -63.509  5.545 0.5000000000
17746  35.612  -65.233  4.388 0.3000000119
19529  34.680  -63.561  4.666 0.5000000000
17011  36.454  -66.470  1.506 0.2000000030
16995  36.103  -66.027  2.246 0.1000000015
18628  34.863  -64.061  3.927 0.4000000060
16213  36.924  -67.378  0.288 0.1000000015
17028  36.013  -66.357  0.802 0.1000000015
134339  35.435  -65.072  2.516 0.2000000030
17776  35.661  -65.457  2.739 0.2000000030
15349  38.100  -68.303  -0.746 0.1000000015
16229  37.405  -67.871  -0.222 0.1000000015
17012  35.875  -66.055  1.456 0.2000000030
15364  37.714  -68.628  -1.414 0.1000000015
15350  37.072  -68.242  -0.902 0.1000000015
23433  33.740  -59.519  10.827 0.4000000060
23425  33.592  -58.997  11.622 0.3000000119
121493  33.551  -59.223  10.155 0.4000000060
21452  34.079  -61.358  8.245 0.4000000060
21440  34.142  -60.866  8.952 0.4000000060
21463  34.146  -61.963  7.492 0.4000000060
23450  33.569  -59.678  8.586 0.4000000060
20473  34.373  -62.837  6.059 0.4000000060
124400  34.236  -62.180  5.843 0.4000000060
21470  34.139  -62.153  6.590 0.4000000060
20483  34.451  -62.793  5.271 0.5000000000
20492  34.637  -62.608  4.456 0.4000000060
18638  35.208  -64.361  2.609 0.3000000119
119152  35.076  -64.411  3.373 0.4000000060
19536  34.773  -63.270  3.835 0.4000000060
120019  35.567  -66.016  -0.662 0.2000000030
122990  35.822  -66.192  0.070 0.2000000030
116966  35.444  -64.774  1.988 0.2000000030
16241  35.859  -67.220  -1.323 0.1000000015
16230  36.419  -67.543  -0.530 0.2000000030
13610  37.824  -71.330  -5.501 0.1000000015
120339  33.437  -57.691  11.011 0.4000000060
24492  33.518  -58.146  11.686 0.4000000060
24523  33.477  -58.809  8.800 0.4000000060
23461  33.669  -59.814  7.731 0.4000000060
24534  33.569  -59.096  8.114 0.4000000060
23470  33.859  -60.150  7.169 0.4000000060
123698  34.414  -61.435  5.679 0.4000000060
22452  34.162  -60.937  6.375 0.4000000060
139565  34.598  -61.612  5.163 0.3000000119
20502  34.883  -62.636  3.700 0.4000000060
21496  35.037  -61.983  3.933 0.4000000060
19553  35.442  -64.004  1.663 0.3000000119
19545  35.201  -63.440  2.417 0.3000000119
20509  34.945  -62.961  3.072 0.4000000060
17048  35.574  -66.413  -1.364 0.2000000030
119526  35.673  -65.350  -0.750 0.2000000030
18663  35.627  -64.877  0.393 0.2000000030
18648  35.540  -64.871  1.262 0.2000000030
16254  35.981  -67.592  -2.121 0.2000000030
129827  36.737  -72.182  -6.230 0.1000000015
12689  36.927  -71.312  -6.259 0.1000000015
118401  37.239  -70.571  -5.847 0.1000000015
25512  36.644  -57.320  12.806 0.3000000119
26540  34.204  -56.666  11.262 0.4000000060
26517  35.224  -56.722  12.163 0.3000000119
25546  33.485  -57.602  9.682 0.4000000060
25560  34.023  -57.412  8.421 0.4000000060
25561  33.477  -57.908  8.924 0.4000000060
24533  33.959  -58.869  7.446 0.4000000060
24522  33.718  -58.290  8.168 0.4000000060
23468  34.939  -59.556  6.196 0.4000000060
24545  34.445  -59.167  6.763 0.4000000060
22465  34.973  -61.062  5.080 0.4000000060
22464  35.409  -60.344  5.256 0.3000000119
20521  36.733  -62.166  1.395 0.3000000119
21506  36.597  -61.765  2.132 0.3000000119
21507  35.868  -61.965  2.639 0.3000000119
21495  35.778  -61.481  3.481 0.3000000119
21484  35.376  -61.278  4.313 0.3000000119
17820  36.262  -64.564  -1.815 0.2000000030
18675  36.152  -64.162  -0.927 0.2000000030
19566  36.255  -63.260  0.388 0.3000000119
20522  36.175  -62.807  1.164 0.2000000030
20508  35.410  -62.656  2.448 0.3000000119
20501  35.269  -62.269  3.188 0.3000000119
17821  35.657  -65.503  -1.472 0.2000000030
19577  35.940  -64.052  -0.079 0.2000000030
17059  35.636  -66.781  -2.104 0.2000000030
127863  37.534  -57.328  12.390 0.3000000119
25525  37.977  -57.077  11.859 0.3000000119
26515  37.038  -56.819  12.114 0.3000000119
26516  36.090  -56.709  12.298 0.4000000060
25513  35.577  -57.208  12.759 0.3000000119
27507  34.897  -55.622  10.140 0.3000000119
27506  35.607  -55.183  10.510 0.4000000060
25559  34.745  -56.921  8.124 0.4000000060
27521  34.818  -55.768  9.271 0.4000000060
25545  33.770  -57.093  9.175 0.4000000060
25573  35.382  -57.201  7.569 0.4000000060
25574  34.493  -57.846  7.640 0.4000000060
24531  36.172  -58.110  6.659 0.3000000119
24544  35.322  -58.731  6.520 0.4000000060
122563  34.658  -58.469  7.034 0.4000000060
22508  38.052  -60.834  2.749 0.3000000119
122359  38.038  -60.479  3.361 0.2000000030
22479  37.889  -60.077  3.982 0.2000000030
117835  37.007  -59.528  5.151 0.2000000030
22463  36.097  -59.922  5.087 0.3000000119
134887  35.643  -59.229  6.011 0.3000000119
21530  37.367  -61.603  1.690 0.3000000119
21493  37.335  -60.866  3.088 0.3000000119
22495  36.599  -60.861  3.555 0.2000000030
134805  36.020  -60.826  4.036 0.2000000030
22481  35.755  -60.555  4.658 0.2000000030
18688  36.987  -63.976  -2.335 0.2000000030
20561  37.714  -62.676  -0.535 0.3000000119
20562  37.000  -62.811  -0.180 0.3000000119
20541  36.868  -62.521  0.623 0.3000000119
24490  39.855  -58.095  11.701 0.3000000119
24473  38.936  -58.383  12.688 0.3000000119
25510  38.332  -57.696  12.364 0.3000000119
118826  36.138  -56.545  7.580 0.3000000119
23486  38.544  -59.181  5.031 0.2000000030
24567  38.131  -58.617  5.601 0.2000000030
24543  36.955  -58.137  6.337 0.2000000030
25587  36.745  -57.657  6.725 0.2000000030
22477  39.358  -59.862  4.124 0.2000000030
23510  37.768  -59.611  4.669 0.2000000030
23487  37.743  -59.161  5.265 0.2000000030
24568  37.167  -58.759  5.719 0.2000000030
23424  40.963  -58.993  11.867 0.2000000030
15376  37.358  -69.177  -2.694 0.1000000015
16240  36.409  -67.959  -1.405 0.1000000015
20582  38.103  -62.835  -1.168 0.3000000119
17833  35.980  -65.375  -2.404 0.2000000030
18545  44.240  -64.616  9.904 0.3000000119
17711  45.685  -64.859  7.041 0.2000000030
16007  45.856  -67.570  17.220 0.1000000015
17653  47.233  -65.695  12.072 0.2000000030
16989  42.940  -66.930  2.525 0.1000000015
18619  40.603  -64.766  4.826 0.3000000119
24471  40.195  -58.641  12.060 0.3000000119
17005  42.562  -67.244  1.824 0.1000000015
25515  33.914  -57.920  12.258 0.3000000119
17753  41.025  -65.499  3.338 0.3000000119
18586  38.054  -64.560  6.326 0.2000000030
17741  40.346  -65.210  4.004 0.2000000030
15324  42.080  -68.628  1.310 0.1000000015
16912  47.162  -65.203  9.181 0.2000000030
18543  46.776  -64.392  9.529 0.3000000119
16913  46.688  -65.458  8.739 0.1000000015
17705  46.366  -64.755  8.154 0.2000000030
131183  39.864  -67.368  0.285 0.1000000015
126549  47.231  -65.381  10.804 0.2000000030
14422  40.350  -69.879  0.235 0.1000000015
14420  41.396  -69.320  -0.142 0.1000000015
15334  42.363  -68.180  1.210 0.1000000015
129412  41.133  -66.460  1.857 0.1000000015
17024  40.262  -67.074  0.808 0.1000000015
16992  39.269  -66.402  2.132 0.1000000015
17755  38.463  -65.819  3.404 0.1000000015
17772  40.865  -65.997  2.592 0.2000000030
127376  38.357  -64.874  5.652 0.3000000119
133088  39.291  -65.750  3.348 0.2000000030
17730  38.051  -65.373  4.969 0.3000000119
130539  36.150  -64.666  6.419 0.4000000060
124577  35.044  -63.609  7.008 0.4000000060
17743  38.231  -65.603  4.070 0.3000000119
17731  36.832  -65.418  5.074 0.3000000119
17732  35.907  -65.281  5.081 0.3000000119
23436  33.555  -59.424  9.423 0.4000000060
22444  33.796  -60.659  7.490 0.4000000060
17039  36.225  -66.817  0.129 0.2000000030
17800  35.702  -65.688  0.855 0.2000000030
24509  33.416  -58.509  9.709 0.4000000060
21464  33.891  -61.207  7.689 0.4000000060
17809  35.679  -65.547  -0.054 0.2000000030
25536  33.548  -57.304  10.378 0.4000000060
20507  36.000  -62.395  1.888 0.3000000119
19567  35.733  -64.083  0.780 0.2000000030
26553  34.515  -56.139  10.721 0.4000000060
126125  35.668  -56.315  11.792 0.4000000060
26562  34.237  -56.359  9.758 0.4000000060
21505  37.350  -61.256  2.449 0.3000000119
19592  36.739  -63.686  -1.445 0.2000000030
19576  36.518  -63.446  -0.557 0.2000000030
26538  36.451  -56.245  11.732 0.4000000060
24532  35.360  -57.938  7.044 0.4000000060
23488  36.269  -59.335  5.628 0.2000000030
22507  38.758  -60.530  3.054 0.2000000030
22494  38.736  -60.188  3.724 0.2000000030
22478  38.584  -59.725  4.347 0.2000000030
22480  36.806  -60.196  4.336 0.2000000030
27496  35.741  -55.712  11.277 0.3000000119
27504  37.339  -55.401  10.991 0.3000000119
122300  39.484  -57.646  11.522 0.2000000030
25535  39.329  -57.183  11.161 0.2000000030
16927  45.244  -65.480  7.437 0.1000000015
16929  43.185  -66.101  7.607 0.1000000015
16928  44.362  -65.653  7.055 0.1000000015
16074  47.524  -66.389  12.507 0.1000000015
17712  45.319  -65.260  6.697 0.1000000015
16945  41.822  -66.307  7.034 0.1000000015
16944  44.478  -66.041  6.188 0.1000000015
115570  43.611  -65.990  6.563 0.1000000015
23422  43.367  -59.951  11.452 0.1000000015
23423  41.993  -59.440  11.688 0.1000000015
118121  44.116  -59.136  10.411 0.1000000015
24499  43.002  -58.772  10.417 0.1000000015
24489  40.554  -58.338  11.445 0.1000000015
24500  41.919  -58.340  10.687 0.1000000015
25523  40.108  -57.666  11.130 0.1000000015
25534  41.475  -57.661  10.387 0.1000000015
122032  40.637  -57.376  10.534 0.1000000015
26536  38.495  -56.768  11.327 0.1000000015
26537  37.463  -56.297  11.498 0.2000000030
117753  39.897  -57.012  10.691 0.1000000015
26549  40.452  -56.655  10.290 0.2000000030
28540  35.999  -54.619  9.896 0.2000000030
27501  40.240  -55.751  10.200 0.2000000030
27503  38.650  -55.379  10.659 0.2000000030
138834  37.947  -55.198  10.742 0.2000000030
27505  36.500  -54.916  10.610 0.2000000030
27519  40.756  -54.969  9.838 0.2000000030
28536  39.884  -54.743  10.114 0.2000000030
125677  37.388  -54.720  10.459 0.2000000030
28556  35.908  -54.748  9.176 0.2000000030
27542  35.702  -55.814  8.202 0.2000000030
26598  36.884  -57.080  7.043 0.1000000015
27518  41.719  -55.356  9.591 0.2000000030
28555  36.459  -54.447  9.384 0.2000000030
28572  36.558  -54.524  8.769 0.2000000030
28584  36.818  -54.809  8.099 0.1000000015
126995  37.262  -55.311  7.526 0.1000000015
26585  37.033  -56.237  7.312 0.1000000015
24488  41.431  -58.662  11.254 0.1000000015
23421  45.021  -60.351  11.289 0.1000000015
23432  43.773  -59.522  10.829 0.1000000015
23431  45.156  -59.745  10.740 0.1000000015
24508  43.866  -58.506  9.938 0.1000000015
25533  42.477  -58.016  10.156 0.1000000015
26550  39.113  -56.385  10.811 0.2000000030
28537  39.042  -54.675  10.312 0.2000000030
20560  38.388  -62.398  -0.530 0.2000000030
21554  38.195  -61.789  0.625 0.2000000030
20539  38.648  -61.928  0.080 0.2000000030
137236  38.788  -62.562  -1.137 0.2000000030
20559  39.246  -62.141  -0.623 0.2000000030
21528  38.951  -61.025  1.686 0.2000000030
21553  39.471  -61.651  0.191 0.2000000030
118939  38.844  -61.468  0.784 0.2000000030
117376  39.967  -62.237  -1.078 0.2000000030
21504  38.088  -61.146  2.054 0.2000000030
119015  39.706  -61.228  1.018 0.1000000015
21552  40.369  -61.481  0.385 0.2000000030
22529  39.931  -60.803  1.858 0.2000000030
21503  39.360  -60.642  2.535 0.2000000030
21551  41.304  -61.428  0.532 0.1000000015
21527  40.726  -61.108  1.305 0.1000000015
22528  40.677  -60.713  2.085 0.1000000015
21567  42.939  -61.769  -0.419 0.1000000015
20555  43.573  -62.252  -0.982 0.1000000015
131844  41.631  -56.438  9.806 0.1000000015
22493  40.701  -60.184  3.445 0.1000000015
22527  41.408  -60.773  1.923 0.1000000015
120330  40.236  -60.530  2.694 0.1000000015
121692  42.053  -61.413  0.651 0.1000000015
21526  41.710  -61.179  1.242 0.1000000015
21549  43.651  -61.882  0.040 0.1000000015
21524  44.040  -61.588  0.863 0.1000000015
20536  45.792  -62.407  -0.141 0.1000000015
28549  42.387  -54.335  9.191 0.1000000015
28548  43.396  -54.830  9.026 0.1000000015
27517  42.655  -55.313  9.353 0.1000000015
116795  39.138  -59.437  4.606 0.1000000015
123896  39.632  -60.292  3.410 0.1000000015
22506  41.096  -60.479  2.674 0.1000000015
22492  41.603  -60.135  3.258 0.1000000015
22525  43.325  -61.079  1.570 0.1000000015
21547  45.497  -62.325  0.336 0.1000000015
21523  44.961  -61.825  0.922 0.1000000015
23507  41.394  -59.491  4.288 0.1000000015
23484  40.099  -58.897  4.983 0.1000000015
23505  43.596  -59.327  4.477 0.1000000015
120392  42.090  -59.696  3.910 0.1000000015
23524  40.845  -59.783  4.028 0.1000000015
23508  40.640  -59.314  4.551 0.1000000015
23521  43.979  -59.751  3.850 0.1000000015
123466  42.516  -60.060  3.155 0.1000000015
23519  45.422  -60.052  3.673 0.1000000015
22491  43.487  -60.110  3.113 0.1000000015
22504  42.912  -60.464  2.377 0.1000000015
22505  41.969  -60.437  2.513 0.1000000015
22488  47.229  -60.583  3.367 0.1000000015
22490  45.644  -60.592  2.905 0.1000000015
119348  43.931  -60.681  2.364 0.1000000015
21501  46.025  -61.209  2.094 0.1000000015
28550  41.350  -54.162  9.448 0.1000000015
24566  39.726  -58.471  5.428 0.1000000015
23502  46.416  -59.422  4.453 0.1000000015
23520  44.749  -59.754  3.896 0.1000000015
22476  46.807  -60.043  4.015 0.1000000015
25608  39.369  -57.919  5.863 0.1000000015
21569  41.024  -61.704  -0.334 0.1000000015
21568  42.059  -61.618  -0.236 0.1000000015
22524  44.422  -61.279  1.617 0.1000000015
119161  46.368  -62.003  1.392 0.1000000015
24584  41.441  -58.846  4.904 0.1000000015
116340  33.664  -68.822  -7.818 0.1000000015
137388  33.910  -67.216  -7.465 0.1000000015
15423  33.262  -68.760  -7.595 0.1000000015
14530  33.262  -69.845  -7.924 0.1000000015
12698  32.770  -70.971  -7.680 0.1000000015
11778  33.251  -72.727  -6.323 0.1000000015
124233  32.396  -73.687  -5.196 0.1000000015
15421  34.189  -68.012  -7.713 0.1000000015
16295  34.233  -67.216  -7.621 0.1000000015
13632  32.890  -70.146  -7.659 0.1000000015
13631  32.997  -70.949  -8.113 0.1000000015
17095  34.688  -66.020  -7.486 0.1000000015
17094  35.344  -65.774  -7.538 0.1000000015
16288  35.765  -67.189  -6.996 0.1000000015
15420  34.963  -68.425  -7.611 0.1000000015
14529  33.850  -69.761  -8.177 0.1000000015
16290  33.152  -67.673  -6.892 0.1000000015
17090  36.363  -66.028  -6.786 0.1000000015
17092  33.907  -66.688  -7.077 0.1000000015
134935  35.581  -65.058  -7.512 0.1000000015
18749  35.722  -64.525  -7.216 0.1000000015
17861  34.559  -65.417  -6.453 0.1000000015
17865  34.661  -65.553  -7.223 0.1000000015
18746  35.405  -64.435  -6.620 0.1000000015
16294  34.870  -67.359  -7.715 0.1000000015
10858  31.754  -73.353  -4.451 0.1000000015
5726  37.747  -80.717  19.737 0.1000000015
5744  36.390  -80.520  17.539 0.1000000015
6334  38.307  -80.425  19.396 0.1000000015
6366  35.631  -80.577  16.739 0.1000000015
7055  34.880  -79.661  12.480 0.1000000015
7078  36.277  -79.074  11.575 0.1000000015
7643  39.715  -77.917  19.414 0.1000000015
7644  37.079  -79.267  19.709 0.1000000015
7735  38.858  -77.782  11.966 0.1000000015
7739  35.725  -79.507  11.890 0.1000000015
8396  40.564  -77.066  12.967 0.1000000015
8975  37.241  -76.010  22.315 0.1000000015
9065  36.550  -75.164  14.928 0.1000000015
9844  37.581  -75.047  13.806 0.1000000015
9845  36.914  -75.323  13.961 0.1000000015
10671  43.638  -73.091  10.657 0.1000000015
10841  38.341  -73.428  -3.953 0.1000000015
11460  37.739  -72.560  16.598 0.1000000015
11545  43.654  -72.663  10.346 0.1000000015
11546  43.296  -72.594  10.805 0.1000000015
11550  36.239  -72.180  10.934 0.1000000015
11551  35.466  -72.199  11.228 0.1000000015
11719  38.080  -72.878  -2.721 0.1000000015
11738  38.736  -72.870  -3.378 0.1000000015
12416  41.766  -71.486  17.248 0.1000000015
12436  42.598  -72.454  16.857 0.1000000015
12501  34.000  -71.819  10.996 0.1000000015
12504  43.755  -72.229  9.962 0.1000000015
12626  35.158  -71.405  -0.973 0.1000000015
12634  40.285  -71.007  -2.325 0.1000000015
12637  37.849  -71.578  -1.583 0.2000000030
12685  32.914  -71.800  -7.191 0.1000000015
12691  32.866  -71.120  -6.526 0.1000000015
13348  40.041  -71.130  18.806 0.1000000015
13536  38.686  -70.234  0.031 0.1000000015
13547  40.693  -70.417  -1.115 0.1000000015
13549  39.144  -70.650  -0.699 0.2000000030
13552  35.320  -70.930  -0.237 0.1000000015
13561  40.586  -70.453  -1.777 0.1000000015
13583  39.988  -70.767  -3.176 0.1000000015
13584  39.537  -70.310  -3.513 0.1000000015
13609  38.559  -71.296  -4.966 0.2000000030
14164  35.996  -69.772  25.708 0.1000000015
14225  46.008  -68.705  20.297 0.1000000015
14242  46.701  -68.835  19.421 0.1000000015
14411  38.832  -69.521  1.233 0.2000000030
14421  41.103  -69.726  0.015 0.1000000015
14531  33.008  -69.388  -7.583 0.1000000015
15042  35.574  -68.844  25.838 0.1000000015
15123  46.404  -68.537  19.816 0.1000000015
15132  36.793  -68.316  19.266 0.2000000030
15152  38.564  -68.656  17.775 0.3000000119
15185  40.679  -68.455  16.261 0.3000000119
15198  39.315  -68.073  15.609 0.5000000000
15290  42.307  -67.930  2.541 0.2000000030
15346  41.418  -68.888  -0.446 0.1000000015
15365  36.941  -68.455  -1.538 0.1000000015
15375  39.410  -69.289  -2.260 0.1000000015
15400  35.758  -68.380  -4.525 0.2000000030
15406  35.988  -68.309  -6.157 0.1000000015
15414  33.198  -68.045  -7.309 0.1000000015
15422  33.670  -67.847  -7.539 0.1000000015
15928  34.446  -67.669  23.907 0.1000000015
15973  46.908  -67.949  18.660 0.1000000015
15975  37.212  -68.147  17.983 0.4000000060
15989  47.177  -67.876  17.679 0.1000000015
16006  47.188  -67.733  16.606 0.1000000015
16039  38.500  -67.145  14.677 0.4000000060
16042  47.506  -66.942  13.573 0.2000000030
16064  47.463  -67.198  12.649 0.1000000015
16076  46.310  -67.517  11.399 0.1000000015
16152  43.217  -67.100  3.351 0.2000000030
16162  43.040  -67.278  2.834 0.2000000030
16163  41.644  -67.686  3.231 0.2000000030
16195  42.578  -67.814  1.707 0.1000000015
16196  42.336  -67.701  1.206 0.1000000015
16208  42.102  -68.081  0.617 0.1000000015
16209  41.501  -67.701  0.256 0.1000000015
16266  35.703  -67.376  -3.662 0.2000000030
16289  33.610  -67.316  -7.279 0.1000000015
16762  33.594  -66.113  23.462 0.1000000015
16769  33.789  -66.348  22.695 0.1000000015
16847  47.016  -66.679  14.312 0.2000000030
16850  38.760  -66.732  13.888 0.4000000060
16852  37.341  -66.289  14.545 0.5000000000
16855  47.428  -66.525  13.240 0.2000000030
16869  47.290  -66.106  12.676 0.1000000015
16873  42.462  -66.376  12.133 0.4000000060
16876  39.325  -66.318  12.461 0.5000000000
16889  47.514  -66.013  11.344 0.1000000015
16956  44.590  -66.130  5.052 0.3000000119
16978  43.283  -66.691  3.226 0.3000000119
16979  36.797  -66.035  2.915 0.1000000015
17008  39.761  -66.714  1.454 0.1000000015
17009  38.777  -66.746  1.525 0.1000000015
17023  41.151  -67.199  0.730 0.1000000015
17027  36.675  -66.863  0.844 0.1000000015
17040  35.826  -66.702  -0.610 0.2000000030
17091  34.249  -66.086  -6.829 0.1000000015
17096  34.196  -66.737  -7.443 0.1000000015
17540  35.728  -65.483  25.706 0.1000000015
17547  33.603  -65.624  24.209 0.1000000015
17590  34.534  -65.347  20.582 0.2000000030
17652  47.501  -65.835  12.151 0.1000000015
17657  38.568  -65.988  12.475 0.5000000000
17666  47.432  -65.617  11.649 0.1000000015
17674  38.774  -65.491  11.704 0.5000000000
17683  47.170  -64.679  10.039 0.3000000119
17695  47.141  -64.640  9.365 0.3000000119
17738  44.523  -65.880  4.673 0.4000000060
17745  36.207  -65.557  4.366 0.3000000119
17774  38.833  -66.094  2.795 0.1000000015
17834  35.789  -66.146  -2.887 0.2000000030
17852  36.555  -65.822  -5.267 0.1000000015
17862  36.800  -64.924  -6.844 0.2000000030
17864  35.047  -65.423  -7.473 0.1000000015
18482  36.829  -64.493  16.869 0.5000000000
18499  35.892  -63.430  15.372 0.5000000000
18524  37.095  -65.056  12.309 0.5000000000
18526  35.832  -64.113  13.093 0.5000000000
18549  39.555  -64.431  10.414 0.5000000000
18556  46.820  -64.366  8.863 0.3000000119
18567  46.375  -64.277  8.255 0.3000000119
18581  45.661  -64.466  7.062 0.2000000030
18582  45.309  -64.958  6.098 0.4000000060
18585  39.027  -64.481  6.033 0.2000000030
18604  39.003  -64.913  5.156 0.3000000119
18607  35.540  -64.717  5.741 0.4000000060
18615  44.651  -65.470  4.939 0.3000000119
18621  38.946  -65.312  4.432 0.3000000119
18622  35.329  -64.807  4.825 0.3000000119
18623  34.960  -64.307  4.514 0.5000000000
18627  35.193  -64.812  3.977 0.3000000119
18639  34.940  -63.741  3.195 0.4000000060
18676  35.779  -64.785  -0.427 0.2000000030
18689  35.891  -64.852  -1.108 0.2000000030
18703  37.347  -64.241  -3.137 0.3000000119
18712  37.830  -64.333  -3.937 0.3000000119
18723  39.180  -63.829  -4.591 0.2000000030
18734  39.058  -63.738  -5.030 0.2000000030
18735  38.476  -64.056  -5.417 0.2000000030
18736  37.953  -64.357  -5.833 0.2000000030
18743  38.180  -63.890  -5.931 0.2000000030
18745  36.892  -64.318  -6.770 0.2000000030
18747  35.143  -64.961  -7.301 0.1000000015
19283  39.256  -62.267  24.383 0.1000000015
19322  39.070  -63.201  19.744 0.2000000030
19337  41.805  -63.235  19.139 0.1000000015
19338  41.137  -63.196  19.302 0.2000000030
19353  42.314  -63.058  18.653 0.1000000015
19356  39.508  -63.567  19.173 0.3000000119
19411  35.498  -63.217  14.832 0.5000000000
19425  35.663  -63.437  12.706 0.5000000000
19431  37.918  -64.044  10.891 0.5000000000
19444  38.344  -63.426  10.287 0.4000000060
19455  43.951  -63.709  8.592 0.4000000060
19458  40.752  -63.688  9.490 0.4000000060
19460  38.727  -62.862  9.673 0.5000000000
19468  45.889  -64.131  7.704 0.2000000030
19482  44.252  -63.377  7.377 0.4000000060
19485  40.199  -63.331  7.257 0.4000000060
19490  35.237  -63.263  7.754 0.4000000060
19506  34.731  -63.557  6.340 0.4000000060
19575  37.264  -63.091  -0.984 0.2000000030
19587  41.161  -62.859  -2.465 0.2000000030
19589  39.731  -63.020  -2.239 0.3000000119
19600  41.462  -63.151  -3.427 0.2000000030
19610  40.262  -63.462  -4.296 0.2000000030
19622  40.257  -63.157  -4.736 0.1000000015
19632  38.717  -63.284  -5.589 0.2000000030
19633  37.973  -63.325  -6.023 0.1000000015
19642  36.552  -63.942  -6.719 0.2000000030
19643  35.967  -64.040  -6.737 0.1000000015
19644  36.098  -64.254  -7.072 0.1000000015
20302  42.117  -62.711  19.258 0.1000000015
20317  42.133  -63.053  19.135 0.1000000015
20327  43.427  -62.310  17.215 0.1000000015
20329  42.467  -62.967  17.969 0.1000000015
20342  43.141  -62.560  17.137 0.2000000030
20362  44.205  -62.122  16.090 0.2000000030
20368  36.250  -62.893  15.838 0.5000000000
20381  34.806  -62.084  14.146 0.5000000000
20399  34.791  -61.989  12.542 0.4000000060
20406  36.235  -62.631  11.007 0.5000000000
20408  34.942  -61.830  11.664 0.4000000060
20417  36.538  -62.400  10.238 0.5000000000
20426  39.883  -62.713  8.949 0.4000000060
20428  38.297  -62.482  9.248 0.5000000000
20429  37.515  -62.502  9.363 0.5000000000
20440  41.914  -62.779  8.017 0.4000000060
20442  40.284  -62.660  8.333 0.4000000060
20445  37.662  -62.573  8.791 0.5000000000
20447  35.488  -62.274  8.784 0.5000000000
20459  38.841  -62.788  8.014 0.5000000000
20520  37.527  -61.960  0.944 0.2000000030
20537  45.151  -62.482  -0.412 0.1000000015
20540  37.782  -62.301  0.150 0.3000000119
20553  45.638  -62.353  -0.900 0.1000000015
20556  42.675  -62.000  -1.193 0.2000000030
20576  44.201  -62.430  -2.053 0.1000000015
20581  39.471  -62.577  -1.457 0.3000000119
20592  45.169  -61.664  -2.637 0.1000000015
20594  43.265  -62.392  -3.241 0.1000000015
20610  41.522  -62.416  -4.514 0.1000000015
20620  40.048  -62.691  -5.074 0.1000000015
20621  39.310  -62.700  -5.396 0.1000000015
20624  36.997  -62.963  -5.852 0.1000000015
21345  42.434  -62.223  18.830 0.1000000015
21355  43.608  -62.101  17.199 0.1000000015
21370  43.947  -62.114  16.586 0.1000000015
21384  44.572  -61.956  15.440 0.2000000030
21397  45.171  -61.476  13.739 0.2000000030
21413  41.450  -61.309  14.193 0.4000000060
21428  35.153  -61.693  10.796 0.5000000000
21434  35.342  -61.627  9.982 0.5000000000
21439  35.312  -61.802  9.247 0.5000000000
21453  33.756  -60.573  8.264 0.4000000060
21471  33.925  -61.353  6.989 0.4000000060
21479  34.416  -62.095  5.181 0.5000000000
21485  34.753  -61.784  4.679 0.3000000119
21494  36.560  -61.371  2.882 0.3000000119
21502  45.417  -61.542  1.540 0.1000000015
21522  45.773  -62.167  0.967 0.1000000015
21525  42.542  -61.287  1.111 0.1000000015
21529  38.160  -61.473  1.281 0.2000000030
21548  44.634  -62.208  0.189 0.1000000015
21550  42.745  -61.538  0.359 0.1000000015
21570  40.106  -61.838  -0.433 0.1000000015
21604  43.539  -61.638  -3.641 0.1000000015
21615  41.795  -61.575  -4.647 0.1000000015
21628  39.837  -62.148  -5.175 0.1000000015
22368  36.322  -61.065  15.205 0.5000000000
22373  44.885  -61.210  14.671 0.2000000030
22379  34.437  -60.622  13.976 0.4000000060
22386  45.723  -61.145  12.994 0.2000000030
22389  42.581  -61.371  13.484 0.3000000119
22403  45.716  -61.254  12.492 0.2000000030
22453  33.916  -60.646  6.937 0.4000000060
22489  46.278  -60.350  3.491 0.1000000015
22502  46.665  -60.917  2.700 0.1000000015
22503  44.994  -60.860  2.249 0.1000000015
22526  42.300  -60.842  1.776 0.1000000015
22580  45.412  -60.932  -2.725 0.1000000015
22581  44.679  -60.620  -3.083 0.1000000015
22599  41.687  -60.614  -4.195 0.1000000015
22612  40.138  -61.103  -4.512 0.1000000015
23327  40.418  -59.815  18.718 0.1000000015
23352  42.776  -60.241  16.168 0.1000000015
23377  35.380  -59.722  14.493 0.5000000000
23393  34.362  -59.755  13.760 0.4000000060
23409  38.969  -59.028  13.333 0.4000000060
23410  34.040  -59.553  13.068 0.4000000060
23411  33.830  -59.328  12.342 0.4000000060
23460  33.981  -59.586  7.106 0.4000000060
23467  36.282  -58.701  6.148 0.2000000030
23469  34.255  -60.048  6.599 0.4000000060
23485  39.380  -59.004  5.025 0.1000000015
23489  35.498  -59.798  5.650 0.3000000119
23490  34.755  -60.442  5.812 0.4000000060
23503  45.368  -59.461  4.298 0.1000000015
23509  39.800  -59.413  4.548 0.1000000015
23518  46.032  -59.887  4.049 0.1000000015
23522  43.065  -59.726  3.877 0.1000000015
23523  41.316  -59.867  3.779 0.1000000015
23525  40.171  -59.858  4.034 0.1000000015
23639  42.047  -60.196  -3.500 0.1000000015
24327  33.977  -58.043  23.421 0.1000000015
24393  37.943  -57.934  18.975 0.1000000015
24424  40.532  -58.978  16.366 0.1000000015
24472  39.595  -58.390  12.219 0.3000000119
24474  38.164  -58.157  12.991 0.4000000060
24476  34.364  -58.281  12.876 0.4000000060
24477  33.759  -58.587  12.310 0.3000000119
24487  42.500  -59.078  11.033 0.1000000015
24491  39.207  -57.903  12.018 0.3000000119
24498  45.222  -59.223  10.228 0.1000000015
24501  40.967  -58.015  10.871 0.1000000015
24502  33.438  -58.583  10.773 0.4000000060
24541  38.560  -57.999  5.963 0.2000000030
25486  35.813  -57.731  13.382 0.3000000119
25511  37.518  -57.767  12.974 0.4000000060
25514  34.605  -57.413  12.428 0.3000000119
25522  43.284  -57.274  11.790 0.1000000015
25524  38.826  -57.394  11.673 0.3000000119
25526  33.904  -57.364  11.689 0.4000000060
25572  36.155  -57.445  7.118 0.4000000060
26518  34.565  -56.836  11.856 0.3000000119
26539  34.969  -56.230  11.482 0.4000000060
26541  33.684  -57.078  11.006 0.4000000060
26551  38.180  -55.958  11.042 0.2000000030
26552  35.097  -55.690  10.876 0.4000000060
26554  33.913  -56.699  10.502 0.4000000060
26561  40.961  -56.096  9.899 0.2000000030
26563  33.688  -56.959  9.851 0.4000000060
26571  35.005  -56.084  8.514 0.4000000060
26572  34.364  -56.569  8.808 0.4000000060
26586  35.361  -56.477  7.966 0.4000000060
26597  37.593  -56.865  6.880 0.1000000015
27495  36.579  -55.574  11.235 0.3000000119
27502  39.447  -55.494  10.467 0.2000000030
27520  35.396  -55.126  9.646 0.2000000030
27530  36.106  -55.095  8.507 0.2000000030
27531  35.405  -55.343  8.881 0.2000000030
27541  36.474  -55.603  7.855 0.1000000015
28538  38.207  -54.667  10.371 0.2000000030
28539  36.796  -54.394  9.914 0.2000000030
116842  35.300  -65.012  3.161 0.2000000030
117252  35.573  -63.081  1.716 0.3000000119
117272  42.763  -66.269  6.291 0.1000000015
117909  35.630  -65.459  1.866 0.2000000030
118503  33.766  -60.193  9.176 0.4000000060
118828  40.033  -59.148  17.608 0.1000000015
119327  43.249  -61.462  0.817 0.1000000015
119879  38.960  -58.542  5.497 0.2000000030
119888  35.545  -66.029  -2.074 0.2000000030
119983  34.751  -66.572  -7.642 0.1000000015
120054  35.431  -66.664  -7.472 0.1000000015
120645  35.211  -61.968  14.791 0.5000000000
120823  34.234  -60.840  12.694 0.4000000060
121817  34.144  -68.822  -7.888 0.1000000015
121821  44.580  -60.263  3.175 0.1000000015
122204  40.002  -63.606  -3.732 0.3000000119
123143  34.329  -64.090  24.693 0.1000000015
124247  41.155  -62.009  19.554 0.1000000015
124851  35.043  -76.683  17.368 0.1000000015
125118  36.459  -69.325  -5.786 0.1000000015
125761  38.192  -64.351  -4.563 0.3000000119
126476  38.920  -59.552  13.808 0.5000000000
126837  33.379  -57.935  10.310 0.4000000060
127807  32.708  -69.497  -7.031 0.1000000015
128241  36.005  -66.589  -6.910 0.1000000015
128905  34.340  -66.233  -7.282 0.1000000015
129309  37.291  -68.800  -1.950 0.1000000015
129397  42.570  -56.419  9.563 0.1000000015
129451  38.073  -68.848  19.788 0.1000000015
129677  44.124  -62.452  -1.453 0.2000000030
129892  34.324  -60.949  13.367 0.4000000060
130189  34.906  -65.146  25.446 0.1000000015
130349  44.834  -62.276  -2.122 0.1000000015
130433  44.833  -65.468  5.384 0.3000000119
131050  34.851  -64.952  -6.867 0.1000000015
131412  38.643  -60.804  2.425 0.2000000030
131422  43.843  -59.567  13.956 0.2000000030
131436  35.182  -62.660  8.295 0.4000000060
131528  46.054  -60.997  12.358 0.2000000030
132399  35.839  -63.450  1.121 0.2000000030
133007  39.094  -68.852  18.344 0.3000000119
133032  38.586  -77.773  11.834 0.1000000015
133600  39.833  -56.327  10.487 0.2000000030
133615  33.786  -59.921  10.033 0.4000000060
134010  43.296  -65.469  4.042 0.4000000060
134303  35.938  -58.251  13.868 0.4000000060
134721  42.009  -59.224  4.507 0.1000000015
135314  44.426  -58.912  12.622 0.1000000015
135429  46.842  -67.596  17.215 0.1000000015
135686  40.445  -69.262  1.282 0.2000000030
136280  36.126  -65.867  -3.723 0.2000000030
136474  42.693  -61.511  -4.220 0.1000000015
136509  43.050  -62.106  -3.687 0.1000000015
136565  36.514  -65.317  14.617 0.5000000000
136578  37.338  -60.476  3.646 0.2000000030
137490  45.047  -61.140  -3.023 0.1000000015
137495  34.977  -72.225  11.348 0.1000000015
137797  34.133  -61.621  6.293 0.4000000060
138442  34.711  -64.175  25.049 0.1000000015
138676  36.092  -55.294  10.942 0.2000000030
138852  46.872  -67.252  11.597 0.2000000030
138871  40.495  -59.218  12.408 0.2000000030
139370  37.263  -63.506  20.037 0.2000000030
139503  40.767  -66.117  11.824 0.4000000060
139649  36.396  -80.284  18.296 0.1000000015
139814  38.914  -65.582  3.839 0.3000000119
