#!ascii label  , from subject sub-v2s18x29501_ses-1 vox2ras=TkReg
1448
56650  -40.111  -28.484  41.690 0.0000000000
68649  -52.104  -14.606  38.653 0.0000000000
138285  -46.075  -21.810  38.178 0.0000000000
33207  -15.428  -52.833  61.096 0.0000000000
141216  -36.021  -28.624  45.786 0.0000000000
128550  -23.839  -41.963  60.870 0.0000000000
47915  -30.928  -36.548  59.679 0.0000000000
121360  -35.757  -33.690  54.201 0.0000000000
52755  -39.830  -31.520  52.360 0.0000000000
133293  -18.582  -44.654  55.367 0.0000000000
139485  -19.290  -42.492  60.394 0.0000000000
43379  -20.128  -41.386  55.153 0.0000000000
136142  -28.985  -39.324  53.123 0.0000000000
49965  -30.981  -35.141  53.017 0.0000000000
57499  -41.903  -26.310  48.613 0.0000000000
56581  -45.373  -28.063  45.536 0.0000000000
65045  -49.851  -18.520  38.048 0.0000000000
58546  -42.904  -24.884  39.994 0.0000000000
69592  -51.061  -13.468  33.610 0.0000000000
31385  -12.108  -54.938  61.585 0.0000000000
56497  -40.459  -26.967  50.296 0.0000000000
56593  -37.275  -27.955  44.903 0.0000000000
44330  -24.409  -39.967  54.599 0.0000000000
44253  -28.092  -40.292  59.493 0.0000000000
58494  -48.471  -25.531  44.210 0.0000000000
71383  -57.800  -11.687  30.569 0.0000000000
50965  -33.725  -33.764  50.670 0.0000000000
51895  -35.498  -32.452  50.038 0.0000000000
42441  -19.006  -42.559  55.448 0.0000000000
49005  -29.364  -35.633  50.656 0.0000000000
49985  -31.581  -34.700  50.754 0.0000000000
49960  -33.111  -34.153  53.389 0.0000000000
55637  -41.027  -28.648  45.226 0.0000000000
56539  -43.757  -27.633  47.456 0.0000000000
123675  -42.698  -28.353  43.748 0.0000000000
142983  -51.095  -16.376  38.321 0.0000000000
65028  -52.851  -18.579  40.404 0.0000000000
69535  -53.841  -12.725  38.115 0.0000000000
34130  -13.503  -52.084  59.045 0.0000000000
32299  -14.065  -54.003  61.964 0.0000000000
53780  -38.500  -29.733  48.878 0.0000000000
55584  -40.959  -29.337  51.211 0.0000000000
55609  -38.302  -27.809  48.649 0.0000000000
57512  -38.438  -26.723  47.483 0.0000000000
57541  -35.159  -26.537  45.912 0.0000000000
43314  -21.030  -42.258  60.775 0.0000000000
42407  -19.906  -42.281  63.624 0.0000000000
122340  -22.823  -41.969  64.134 0.0000000000
43280  -24.636  -41.714  63.846 0.0000000000
44370  -22.810  -39.729  51.940 0.0000000000
45301  -24.906  -38.797  51.048 0.0000000000
143205  -31.053  -38.270  56.302 0.0000000000
45236  -28.609  -39.693  56.160 0.0000000000
46099  -29.958  -38.828  59.932 0.0000000000
45170  -28.676  -39.558  63.001 0.0000000000
140837  -17.245  -48.768  57.932 0.0000000000
37629  -16.460  -47.887  60.738 0.0000000000
36701  -17.117  -48.950  63.367 0.0000000000
60321  -44.493  -23.329  39.395 0.0000000000
59390  -46.169  -24.916  42.266 0.0000000000
60294  -47.431  -23.500  41.431 0.0000000000
72280  -59.263  -9.929  30.419 0.0000000000
32293  -14.921  -53.630  64.590 0.0000000000
50894  -37.800  -33.410  57.461 0.0000000000
52716  -39.965  -31.715  56.915 0.0000000000
51874  -37.624  -32.376  53.285 0.0000000000
122391  -37.627  -31.576  50.213 0.0000000000
39445  -17.538  -45.472  58.515 0.0000000000
41469  -18.044  -43.824  60.406 0.0000000000
41485  -18.512  -43.238  57.885 0.0000000000
119565  -19.674  -42.072  58.213 0.0000000000
43354  -22.038  -41.641  57.208 0.0000000000
46211  -26.529  -38.393  49.725 0.0000000000
47122  -28.190  -36.986  49.986 0.0000000000
47993  -30.081  -36.498  52.255 0.0000000000
48926  -31.720  -35.548  55.836 0.0000000000
49936  -32.769  -34.360  56.419 0.0000000000
122749  -34.615  -34.092  57.128 0.0000000000
39475  -17.949  -46.093  55.572 0.0000000000
59340  -42.991  -25.451  51.224 0.0000000000
59295  -46.076  -24.963  53.886 0.0000000000
58448  -44.876  -25.669  50.388 0.0000000000
139289  -46.331  -27.510  49.147 0.0000000000
64084  -47.905  -20.125  37.821 0.0000000000
61220  -49.100  -21.931  40.935 0.0000000000
63113  -51.326  -20.246  40.589 0.0000000000
25687  -9.373  -61.061  64.162 0.0000000000
57611  -41.565  -26.115  40.318 0.0000000000
60359  -41.461  -23.432  37.330 0.0000000000
63156  -45.236  -19.898  36.831 0.0000000000
65065  -46.095  -18.291  36.521 0.0000000000
66924  -48.288  -16.474  36.755 0.0000000000
68669  -49.670  -14.522  36.464 0.0000000000
69558  -51.122  -13.489  35.968 0.0000000000
68705  -49.061  -14.137  33.803 0.0000000000
31357  -13.689  -54.986  65.591 0.0000000000
28685  -12.507  -57.389  65.191 0.0000000000
26659  -11.525  -59.482  64.765 0.0000000000
140002  -42.488  -26.179  56.400 0.0000000000
53681  -41.256  -30.090  54.979 0.0000000000
133411  -42.054  -28.156  53.905 0.0000000000
57443  -42.133  -26.206  52.192 0.0000000000
58458  -40.656  -25.992  49.412 0.0000000000
134999  -39.577  -27.668  46.009 0.0000000000
55686  -38.515  -29.124  42.466 0.0000000000
42397  -18.004  -43.234  63.711 0.0000000000
44314  -22.741  -40.702  54.818 0.0000000000
120162  -24.340  -41.271  57.578 0.0000000000
45261  -26.462  -39.463  53.569 0.0000000000
144182  -26.275  -40.392  56.780 0.0000000000
43332  -25.946  -41.393  59.896 0.0000000000
44216  -27.014  -40.967  63.881 0.0000000000
34143  -15.122  -51.709  58.534 0.0000000000
35037  -16.501  -50.815  58.326 0.0000000000
34114  -16.705  -51.396  61.255 0.0000000000
57579  -44.356  -26.263  42.676 0.0000000000
56599  -47.209  -27.187  44.712 0.0000000000
56586  -50.245  -27.269  46.064 0.0000000000
60265  -50.351  -23.364  44.092 0.0000000000
69559  -53.645  -13.645  35.109 0.0000000000
69579  -55.728  -13.957  34.843 0.0000000000
139070  -57.819  -12.036  33.676 0.0000000000
68715  -57.086  -13.829  31.558 0.0000000000
71357  -58.841  -11.476  33.188 0.0000000000
49995  -33.037  -34.155  49.127 0.0000000000
50986  -33.730  -33.642  48.847 0.0000000000
50011  -33.024  -34.049  47.544 0.0000000000
49019  -31.001  -34.926  49.453 0.0000000000
136917  -32.364  -34.440  49.413 0.0000000000
49987  -33.048  -34.195  50.463 0.0000000000
55671  -40.385  -28.951  43.539 0.0000000000
55673  -42.057  -28.611  43.846 0.0000000000
56631  -41.486  -28.254  42.684 0.0000000000
67771  -51.540  -15.138  38.390 0.0000000000
121884  -52.809  -16.074  39.159 0.0000000000
125378  -53.292  -14.899  39.285 0.0000000000
69514  -53.557  -13.399  39.182 0.0000000000
69525  -52.918  -13.278  38.692 0.0000000000
33230  -14.013  -52.643  59.650 0.0000000000
33218  -13.476  -53.047  60.263 0.0000000000
32317  -14.739  -53.387  61.428 0.0000000000
54719  -37.521  -28.968  47.451 0.0000000000
54712  -38.336  -28.680  48.758 0.0000000000
55617  -36.926  -27.776  47.480 0.0000000000
56535  -36.353  -26.978  47.308 0.0000000000
55624  -35.303  -27.016  46.393 0.0000000000
38483  -16.566  -46.340  62.499 0.0000000000
120816  -22.343  -41.971  60.078 0.0000000000
43289  -21.930  -42.122  62.403 0.0000000000
43291  -23.292  -41.946  62.174 0.0000000000
43279  -23.710  -41.809  63.932 0.0000000000
126960  -24.090  -41.942  61.777 0.0000000000
47024  -30.938  -37.726  57.734 0.0000000000
46130  -30.174  -38.946  58.225 0.0000000000
46100  -30.593  -37.910  59.335 0.0000000000
46063  -30.121  -38.161  61.430 0.0000000000
141798  -16.998  -46.432  59.379 0.0000000000
38502  -16.693  -46.551  60.276 0.0000000000
120420  -16.324  -47.088  61.910 0.0000000000
58356  -44.039  -25.776  57.270 0.0000000000
61229  -45.739  -22.611  39.386 0.0000000000
133758  -46.276  -23.451  40.845 0.0000000000
61217  -47.041  -22.635  40.307 0.0000000000
124573  -37.018  -33.573  56.023 0.0000000000
51858  -38.047  -32.946  55.056 0.0000000000
50941  -36.987  -32.760  53.807 0.0000000000
51909  -36.198  -32.044  49.552 0.0000000000
52815  -36.649  -31.754  48.226 0.0000000000
52829  -37.070  -31.260  47.586 0.0000000000
40489  -17.992  -44.675  56.974 0.0000000000
136760  -18.235  -44.017  57.655 0.0000000000
40490  -18.554  -43.517  57.025 0.0000000000
43388  -19.527  -41.690  54.948 0.0000000000
43366  -19.444  -42.010  56.552 0.0000000000
43367  -20.176  -41.748  56.686 0.0000000000
120190  -21.057  -41.890  58.000 0.0000000000
133596  -21.312  -41.463  56.378 0.0000000000
136434  -27.149  -36.879  48.633 0.0000000000
48992  -30.137  -35.384  51.785 0.0000000000
48975  -29.969  -35.806  52.000 0.0000000000
48961  -30.875  -35.605  53.315 0.0000000000
47955  -31.175  -36.376  54.767 0.0000000000
135345  -31.253  -35.452  54.124 0.0000000000
49934  -32.059  -35.237  56.026 0.0000000000
134998  -31.936  -34.884  54.991 0.0000000000
50938  -34.845  -33.845  53.334 0.0000000000
50928  -34.517  -34.055  54.940 0.0000000000
50918  -35.316  -33.985  55.574 0.0000000000
124576  -36.048  -33.852  57.009 0.0000000000
39476  -18.416  -45.490  55.059 0.0000000000
58460  -42.189  -25.552  49.954 0.0000000000
58447  -43.682  -25.376  50.496 0.0000000000
57480  -43.365  -26.241  48.986 0.0000000000
56580  -44.547  -28.171  45.851 0.0000000000
56525  -44.858  -27.554  48.492 0.0000000000
56542  -46.581  -27.913  47.701 0.0000000000
138003  -47.740  -27.549  48.711 0.0000000000
122272  -47.189  -27.918  46.916 0.0000000000
64085  -49.302  -19.243  37.941 0.0000000000
63122  -49.471  -20.531  38.909 0.0000000000
64076  -50.575  -19.531  38.749 0.0000000000
65937  -53.784  -17.705  42.364 0.0000000000
64102  -45.840  -19.188  36.856 0.0000000000
65999  -44.795  -17.444  35.661 0.0000000000
66936  -47.087  -16.237  35.892 0.0000000000
67802  -47.361  -15.525  35.327 0.0000000000
67793  -48.606  -15.589  36.422 0.0000000000
67817  -47.977  -14.921  34.946 0.0000000000
68680  -49.462  -14.305  35.661 0.0000000000
139044  -11.588  -54.104  60.730 0.0000000000
30507  -10.997  -55.967  61.968 0.0000000000
32273  -14.920  -54.062  66.496 0.0000000000
31366  -14.336  -54.366  65.117 0.0000000000
30485  -14.281  -54.994  66.421 0.0000000000
28680  -13.318  -57.019  66.036 0.0000000000
119471  -12.961  -57.771  65.590 0.0000000000
28678  -12.045  -58.271  64.964 0.0000000000
124166  -12.069  -59.347  64.889 0.0000000000
25685  -11.607  -60.245  64.714 0.0000000000
141625  -40.017  -31.926  54.281 0.0000000000
135410  -40.691  -31.183  55.895 0.0000000000
53711  -40.960  -30.987  53.654 0.0000000000
55591  -40.577  -28.385  50.777 0.0000000000
54673  -41.793  -29.381  52.963 0.0000000000
143718  -41.653  -27.910  51.867 0.0000000000
56477  -42.179  -27.314  53.382 0.0000000000
140852  -41.795  -26.720  52.005 0.0000000000
57462  -41.249  -26.069  50.494 0.0000000000
57461  -40.650  -26.328  50.155 0.0000000000
57544  -37.480  -26.637  46.384 0.0000000000
57528  -38.777  -26.673  46.994 0.0000000000
56574  -38.039  -27.475  45.731 0.0000000000
56595  -39.200  -28.625  44.830 0.0000000000
55651  -37.976  -28.836  44.145 0.0000000000
41470  -18.382  -43.143  60.087 0.0000000000
41457  -17.750  -43.563  61.855 0.0000000000
138201  -18.873  -42.684  62.046 0.0000000000
44357  -24.024  -39.643  52.952 0.0000000000
122819  -22.897  -40.129  53.182 0.0000000000
124754  -23.692  -40.143  54.217 0.0000000000
43368  -23.458  -41.209  56.518 0.0000000000
44298  -24.784  -40.710  56.146 0.0000000000
46180  -28.421  -38.728  51.501 0.0000000000
46160  -26.894  -39.071  52.143 0.0000000000
45274  -28.055  -39.465  52.962 0.0000000000
45212  -28.305  -39.902  58.047 0.0000000000
45235  -27.678  -39.885  56.646 0.0000000000
44252  -27.308  -40.635  59.010 0.0000000000
44265  -26.059  -40.863  58.131 0.0000000000
44243  -26.741  -41.082  60.153 0.0000000000
43306  -26.313  -41.306  61.559 0.0000000000
44234  -27.580  -40.674  60.942 0.0000000000
50874  -32.692  -33.310  58.753 0.0000000000
35896  -16.806  -50.104  57.911 0.0000000000
35889  -17.155  -50.231  59.039 0.0000000000
35027  -16.951  -50.954  59.600 0.0000000000
35867  -17.845  -48.887  64.297 0.0000000000
58545  -41.793  -25.538  39.790 0.0000000000
57577  -42.816  -26.562  42.143 0.0000000000
58522  -43.156  -25.451  41.192 0.0000000000
58510  -46.797  -24.979  42.835 0.0000000000
57567  -46.511  -26.133  43.804 0.0000000000
58493  -47.816  -26.014  44.238 0.0000000000
56585  -49.300  -27.488  45.805 0.0000000000
57559  -49.391  -26.643  44.847 0.0000000000
62112  -50.843  -21.907  42.407 0.0000000000
61174  -49.651  -22.716  42.445 0.0000000000
61158  -50.780  -22.681  43.937 0.0000000000
69575  -51.289  -13.543  35.047 0.0000000000
69543  -52.225  -13.237  36.090 0.0000000000
69576  -52.049  -13.560  34.656 0.0000000000
69578  -54.040  -13.794  34.168 0.0000000000
122326  -56.133  -14.066  34.064 0.0000000000
69563  -57.266  -12.834  34.807 0.0000000000
69597  -56.877  -13.987  33.317 0.0000000000
70506  -56.767  -12.245  29.662 0.0000000000
137074  -55.964  -12.468  29.969 0.0000000000
70502  -57.355  -12.643  30.413 0.0000000000
70485  -57.789  -12.129  32.442 0.0000000000
71374  -58.313  -11.033  31.647 0.0000000000
71375  -58.848  -10.844  31.720 0.0000000000
70508  -59.819  -11.728  29.713 0.0000000000
50956  -34.554  -33.582  51.727 0.0000000000
50949  -36.083  -32.983  52.497 0.0000000000
50967  -34.889  -32.956  50.495 0.0000000000
51918  -34.885  -32.758  48.604 0.0000000000
41499  -18.780  -43.772  55.249 0.0000000000
122033  -29.739  -35.198  49.188 0.0000000000
49007  -30.827  -34.955  50.409 0.0000000000
49975  -31.505  -34.710  51.614 0.0000000000
127118  -32.300  -34.496  53.863 0.0000000000
49967  -32.638  -34.301  51.998 0.0000000000
50946  -34.021  -33.954  52.197 0.0000000000
56557  -41.776  -27.797  46.656 0.0000000000
56538  -42.985  -27.306  47.386 0.0000000000
56578  -42.279  -28.232  45.988 0.0000000000
55639  -42.808  -28.459  45.241 0.0000000000
56596  -44.097  -28.090  44.390 0.0000000000
65968  -50.360  -17.812  38.176 0.0000000000
65040  -51.925  -18.467  39.277 0.0000000000
65955  -52.214  -17.547  39.121 0.0000000000
121407  -53.756  -17.463  40.999 0.0000000000
70438  -55.856  -12.085  38.229 0.0000000000
32315  -12.917  -53.655  60.665 0.0000000000
31386  -12.760  -54.604  61.627 0.0000000000
52783  -38.998  -30.855  50.699 0.0000000000
53724  -40.459  -30.961  51.876 0.0000000000
53760  -39.128  -29.719  49.922 0.0000000000
54693  -39.545  -29.069  49.997 0.0000000000
56510  -38.979  -27.541  49.021 0.0000000000
57477  -39.273  -27.000  48.866 0.0000000000
56523  -37.842  -26.923  47.787 0.0000000000
57527  -37.000  -26.373  46.861 0.0000000000
56572  -36.345  -26.829  45.607 0.0000000000
43313  -20.002  -42.308  60.716 0.0000000000
139370  -19.648  -42.461  61.953 0.0000000000
124433  -21.057  -42.229  62.413 0.0000000000
43288  -21.422  -42.131  63.286 0.0000000000
43269  -24.277  -41.756  64.882 0.0000000000
45285  -23.403  -39.404  51.474 0.0000000000
45270  -24.564  -39.249  52.467 0.0000000000
46146  -30.030  -38.944  54.260 0.0000000000
120658  -29.367  -39.447  54.797 0.0000000000
130313  -29.965  -39.438  56.104 0.0000000000
119171  -29.579  -39.459  57.910 0.0000000000
45202  -28.639  -39.930  59.832 0.0000000000
44235  -28.335  -40.146  61.161 0.0000000000
45192  -29.542  -39.231  60.643 0.0000000000
142092  -17.471  -47.652  56.581 0.0000000000
37650  -17.356  -47.936  58.095 0.0000000000
36719  -16.874  -48.674  60.384 0.0000000000
130346  -16.498  -49.151  61.941 0.0000000000
36706  -16.307  -48.344  62.157 0.0000000000
59430  -44.033  -24.038  39.845 0.0000000000
59403  -44.601  -24.740  41.119 0.0000000000
59419  -45.096  -24.206  40.846 0.0000000000
59405  -46.323  -24.369  41.734 0.0000000000
59392  -48.170  -24.323  42.773 0.0000000000
69604  -50.590  -13.184  32.938 0.0000000000
69593  -52.010  -13.529  33.667 0.0000000000
70481  -50.908  -12.676  32.390 0.0000000000
71392  -57.672  -10.841  29.329 0.0000000000
72268  -58.913  -10.044  30.732 0.0000000000
72279  -58.613  -10.025  30.172 0.0000000000
73191  -58.931  -9.099  29.830 0.0000000000
33200  -15.891  -52.769  62.749 0.0000000000
32301  -15.272  -53.489  62.722 0.0000000000
52694  -39.316  -31.606  58.626 0.0000000000
51849  -38.873  -32.736  56.766 0.0000000000
130405  -38.934  -32.777  55.076 0.0000000000
52754  -39.065  -31.857  52.838 0.0000000000
51879  -36.726  -32.403  52.104 0.0000000000
51888  -37.400  -31.965  51.626 0.0000000000
126137  -38.510  -31.348  50.971 0.0000000000
142705  -37.922  -30.966  48.860 0.0000000000
121634  -37.767  -29.984  47.559 0.0000000000
120139  -17.400  -45.209  59.353 0.0000000000
39424  -17.255  -44.964  60.170 0.0000000000
40467  -17.689  -44.602  59.571 0.0000000000
41474  -18.069  -43.809  59.444 0.0000000000
122103  -18.671  -42.610  58.902 0.0000000000
119281  -18.995  -42.713  56.906 0.0000000000
42424  -19.054  -42.400  58.292 0.0000000000
43339  -19.240  -42.238  59.000 0.0000000000
140162  -20.992  -41.978  59.270 0.0000000000
43328  -21.885  -41.923  59.359 0.0000000000
43329  -22.770  -41.841  59.412 0.0000000000
47101  -27.977  -37.922  50.269 0.0000000000
46198  -28.621  -37.981  50.918 0.0000000000
49004  -28.839  -35.919  50.239 0.0000000000
47090  -29.630  -37.013  51.654 0.0000000000
46163  -29.960  -38.284  52.634 0.0000000000
47059  -30.976  -37.517  54.667 0.0000000000
135962  -31.311  -36.676  56.197 0.0000000000
48917  -31.220  -36.184  57.461 0.0000000000
124994  -31.148  -35.536  59.854 0.0000000000
49928  -31.886  -34.938  57.525 0.0000000000
50888  -32.366  -34.283  57.887 0.0000000000
50890  -32.942  -33.438  58.030 0.0000000000
50915  -32.814  -34.131  55.044 0.0000000000
127239  -33.278  -34.105  56.275 0.0000000000
50876  -33.960  -33.424  58.524 0.0000000000
138440  -36.021  -33.586  58.678 0.0000000000
38531  -17.623  -46.979  56.771 0.0000000000
137559  -43.531  -25.136  53.105 0.0000000000
134458  -44.464  -24.911  52.333 0.0000000000
59330  -45.129  -25.082  52.083 0.0000000000
57463  -46.582  -26.066  51.446 0.0000000000
57501  -44.032  -26.760  48.671 0.0000000000
123400  -45.457  -26.453  49.970 0.0000000000
62157  -47.513  -21.364  38.730 0.0000000000
62148  -47.620  -21.724  39.523 0.0000000000
62150  -49.017  -21.116  39.603 0.0000000000
63095  -50.425  -21.234  41.045 0.0000000000
63083  -51.938  -20.943  42.364 0.0000000000
64067  -51.897  -19.564  40.325 0.0000000000
63097  -52.369  -20.237  41.956 0.0000000000
56685  -39.361  -27.343  39.447 0.0000000000
56667  -40.525  -27.448  40.486 0.0000000000
57622  -39.783  -26.729  39.083 0.0000000000
128143  -40.596  -25.904  38.833 0.0000000000
59441  -41.328  -24.863  38.430 0.0000000000
59442  -42.135  -24.375  38.465 0.0000000000
60334  -43.425  -23.480  38.394 0.0000000000
61240  -43.949  -22.924  38.032 0.0000000000
62166  -45.516  -21.703  37.636 0.0000000000
63139  -45.598  -20.817  37.160 0.0000000000
63141  -47.168  -20.126  37.500 0.0000000000
64093  -47.467  -19.351  37.387 0.0000000000
132198  -48.048  -18.708  37.380 0.0000000000
66934  -45.532  -17.048  35.714 0.0000000000
65986  -47.671  -17.226  36.719 0.0000000000
119674  -48.938  -17.666  37.467 0.0000000000
65976  -49.977  -16.881  37.906 0.0000000000
67785  -50.383  -15.192  37.785 0.0000000000
68660  -50.523  -14.359  37.389 0.0000000000
68662  -51.780  -13.368  37.566 0.0000000000
68681  -50.237  -13.905  36.045 0.0000000000
68693  -49.955  -13.892  35.104 0.0000000000
69590  -49.559  -13.792  33.412 0.0000000000
69603  -49.760  -13.374  32.892 0.0000000000
32300  -14.592  -53.987  62.798 0.0000000000
31371  -13.920  -54.704  62.942 0.0000000000
30501  -13.366  -55.343  63.517 0.0000000000
29599  -13.669  -55.595  66.257 0.0000000000
30494  -12.841  -56.057  65.048 0.0000000000
29620  -12.337  -56.130  62.934 0.0000000000
28694  -11.922  -57.672  64.208 0.0000000000
122546  -11.031  -57.996  63.578 0.0000000000
27675  -10.332  -58.623  63.641 0.0000000000
133835  -10.308  -60.141  64.527 0.0000000000
58364  -43.039  -25.679  56.357 0.0000000000
54632  -41.193  -28.946  56.335 0.0000000000
53712  -41.435  -30.203  53.288 0.0000000000
133979  -41.576  -29.469  54.463 0.0000000000
56451  -41.924  -27.406  55.455 0.0000000000
57418  -42.888  -26.027  54.721 0.0000000000
58389  -43.278  -25.539  54.295 0.0000000000
58417  -42.820  -25.631  52.153 0.0000000000
58445  -41.574  -25.742  50.240 0.0000000000
58472  -41.077  -25.940  48.895 0.0000000000
58471  -39.212  -26.684  48.084 0.0000000000
57514  -40.010  -26.525  47.740 0.0000000000
57530  -40.438  -27.089  47.175 0.0000000000
56576  -40.519  -28.060  45.908 0.0000000000
55653  -39.778  -28.921  44.290 0.0000000000
55687  -39.312  -28.989  41.974 0.0000000000
55634  -34.497  -26.949  45.378 0.0000000000
56592  -34.410  -26.777  45.065 0.0000000000
119650  -35.021  -27.331  43.802 0.0000000000
56608  -36.008  -27.888  43.870 0.0000000000
55667  -36.801  -28.670  43.049 0.0000000000
55685  -37.588  -28.949  42.195 0.0000000000
55705  -38.040  -28.587  40.578 0.0000000000
55706  -38.803  -28.429  40.448 0.0000000000
119240  -19.147  -42.401  63.037 0.0000000000
44327  -20.745  -40.844  53.859 0.0000000000
44340  -21.525  -40.648  53.555 0.0000000000
44313  -21.716  -40.918  54.788 0.0000000000
136463  -22.498  -41.357  56.451 0.0000000000
43342  -23.471  -41.549  58.023 0.0000000000
121247  -23.555  -41.768  59.009 0.0000000000
46196  -25.646  -38.648  50.367 0.0000000000
45271  -25.372  -39.168  52.668 0.0000000000
45252  -25.843  -39.603  54.247 0.0000000000
142302  -27.929  -39.723  55.041 0.0000000000
44318  -26.428  -40.020  55.633 0.0000000000
44317  -25.790  -40.162  55.649 0.0000000000
44281  -25.085  -40.899  56.990 0.0000000000
136973  -24.961  -41.612  58.938 0.0000000000
43318  -24.473  -41.897  60.256 0.0000000000
43292  -24.933  -41.867  61.901 0.0000000000
130678  -25.936  -41.387  63.073 0.0000000000
34142  -14.014  -51.649  58.453 0.0000000000
33220  -15.506  -52.499  60.243 0.0000000000
35907  -16.365  -49.901  57.122 0.0000000000
35906  -15.507  -50.131  56.914 0.0000000000
35036  -15.614  -51.159  58.007 0.0000000000
34121  -16.229  -52.010  60.138 0.0000000000
33221  -16.114  -52.353  60.874 0.0000000000
33201  -16.477  -52.126  62.325 0.0000000000
35866  -16.888  -49.818  63.419 0.0000000000
56632  -42.208  -27.471  42.405 0.0000000000
56633  -43.125  -27.205  42.812 0.0000000000
125903  -44.803  -27.849  44.330 0.0000000000
58509  -44.839  -25.657  42.165 0.0000000000
57556  -45.990  -27.039  44.104 0.0000000000
134394  -46.716  -27.709  45.282 0.0000000000
56563  -47.781  -27.849  46.180 0.0000000000
61196  -48.602  -22.537  41.309 0.0000000000
60276  -48.569  -23.665  42.388 0.0000000000
59385  -49.244  -24.347  43.922 0.0000000000
129625  -52.346  -13.032  36.879 0.0000000000
69545  -53.979  -13.096  37.037 0.0000000000
69546  -55.306  -13.367  36.786 0.0000000000
69577  -52.965  -13.743  34.216 0.0000000000
122000  -54.693  -13.803  34.967 0.0000000000
69547  -56.422  -13.136  36.429 0.0000000000
70461  -57.323  -12.265  35.820 0.0000000000
71343  -58.080  -11.581  35.142 0.0000000000
69617  -55.796  -13.810  31.427 0.0000000000
69598  -57.563  -13.053  32.883 0.0000000000
71355  -58.034  -11.564  33.458 0.0000000000
70503  -59.691  -11.660  30.726 0.0000000000
50001  -32.573  -34.425  47.931 0.0000000000
50002  -33.078  -34.069  48.341 0.0000000000
50000  -31.906  -34.846  47.973 0.0000000000
124504  -32.458  -34.446  48.618 0.0000000000
55689  -40.820  -28.688  42.935 0.0000000000
56630  -40.797  -28.337  42.235 0.0000000000
67758  -52.733  -15.166  39.028 0.0000000000
68650  -52.787  -14.096  38.993 0.0000000000
68637  -53.725  -14.327  39.483 0.0000000000
69524  -52.229  -13.545  38.329 0.0000000000
33219  -14.570  -52.948  60.491 0.0000000000
54727  -36.978  -28.764  46.666 0.0000000000
55625  -36.018  -27.908  46.420 0.0000000000
55616  -36.313  -27.500  47.065 0.0000000000
39414  -16.807  -45.606  61.730 0.0000000000
43316  -22.934  -41.977  60.699 0.0000000000
43302  -22.535  -42.057  61.632 0.0000000000
43303  -23.337  -41.979  61.420 0.0000000000
47924  -30.951  -36.654  58.780 0.0000000000
47011  -30.783  -37.585  58.591 0.0000000000
46993  -30.793  -37.241  59.257 0.0000000000
129474  -30.784  -36.962  60.416 0.0000000000
38493  -16.599  -46.393  61.318 0.0000000000
61243  -46.230  -22.104  38.937 0.0000000000
61230  -46.457  -22.456  39.747 0.0000000000
139422  -47.118  -22.137  39.835 0.0000000000
139266  -36.741  -33.456  54.966 0.0000000000
125895  -36.491  -33.330  54.337 0.0000000000
51919  -35.729  -32.292  48.113 0.0000000000
125957  -36.172  -32.021  48.812 0.0000000000
40503  -18.469  -44.120  56.164 0.0000000000
43378  -19.588  -41.775  55.828 0.0000000000
121448  -20.394  -41.500  55.887 0.0000000000
43380  -21.037  -41.209  55.424 0.0000000000
48976  -30.515  -35.523  52.439 0.0000000000
49957  -31.250  -35.167  53.855 0.0000000000
49949  -31.649  -35.201  54.712 0.0000000000
49950  -31.715  -34.848  54.318 0.0000000000
50939  -35.444  -33.662  53.572 0.0000000000
122146  -35.031  -33.878  54.125 0.0000000000
50930  -36.087  -33.786  55.061 0.0000000000
40502  -18.154  -45.161  55.974 0.0000000000
58474  -42.661  -25.883  49.356 0.0000000000
57500  -42.650  -26.270  48.712 0.0000000000
56561  -45.233  -28.076  46.574 0.0000000000
56541  -45.544  -27.999  47.634 0.0000000000
56562  -46.253  -28.063  46.812 0.0000000000
64075  -49.805  -19.859  38.481 0.0000000000
64086  -50.071  -19.226  38.274 0.0000000000
65000  -53.642  -18.274  43.283 0.0000000000
122477  -44.727  -18.135  36.049 0.0000000000
67803  -48.240  -15.196  35.719 0.0000000000
31384  -11.438  -54.599  61.126 0.0000000000
30516  -11.217  -55.281  61.549 0.0000000000
30517  -11.985  -55.641  62.183 0.0000000000
31352  -14.519  -54.620  66.361 0.0000000000
31353  -14.949  -54.339  66.528 0.0000000000
27660  -12.552  -58.547  65.156 0.0000000000
26654  -12.691  -59.233  64.942 0.0000000000
52742  -40.309  -31.670  53.643 0.0000000000
52735  -40.591  -31.554  54.396 0.0000000000
52756  -40.476  -31.313  52.859 0.0000000000
142528  -40.305  -27.686  50.428 0.0000000000
131356  -41.326  -28.366  51.464 0.0000000000
56490  -40.840  -27.502  50.867 0.0000000000
56491  -41.451  -27.229  51.512 0.0000000000
57450  -41.009  -26.602  50.735 0.0000000000
57460  -40.149  -26.764  49.795 0.0000000000
56573  -37.230  -27.160  45.696 0.0000000000
142194  -37.723  -27.811  45.305 0.0000000000
56594  -38.323  -28.333  44.926 0.0000000000
56609  -37.027  -28.472  43.981 0.0000000000
42414  -18.798  -42.815  60.607 0.0000000000
121024  -18.708  -42.883  61.359 0.0000000000
138489  -19.314  -42.599  61.184 0.0000000000
44343  -24.244  -39.776  53.761 0.0000000000
44342  -23.501  -39.972  53.436 0.0000000000
44316  -24.562  -40.336  55.402 0.0000000000
46153  -28.757  -39.093  52.238 0.0000000000
46161  -27.782  -39.194  52.187 0.0000000000
44267  -27.609  -40.161  58.131 0.0000000000
141185  -27.031  -40.895  59.630 0.0000000000
44244  -27.463  -40.729  59.997 0.0000000000
141453  -27.174  -40.911  60.506 0.0000000000
50859  -33.174  -33.093  59.345 0.0000000000
129354  -16.818  -50.002  61.453 0.0000000000
141973  -42.289  -25.108  39.783 0.0000000000
140616  -42.389  -25.500  40.579 0.0000000000
58536  -43.172  -25.056  40.609 0.0000000000
58503  -47.784  -25.394  43.793 0.0000000000
57558  -48.554  -26.475  44.558 0.0000000000
58495  -49.386  -25.743  44.540 0.0000000000
61176  -51.206  -22.095  43.559 0.0000000000
61175  -50.411  -22.459  42.916 0.0000000000
69574  -50.620  -13.677  34.435 0.0000000000
137449  -51.420  -13.593  34.265 0.0000000000
69596  -55.471  -14.017  33.148 0.0000000000
70507  -57.217  -12.209  29.804 0.0000000000
70497  -57.788  -12.243  31.390 0.0000000000
72259  -58.654  -10.506  31.126 0.0000000000
120771  -34.932  -33.142  51.241 0.0000000000
50966  -34.367  -33.405  50.952 0.0000000000
50994  -33.610  -33.594  47.948 0.0000000000
50987  -34.357  -33.168  48.953 0.0000000000
122609  -34.247  -33.183  48.254 0.0000000000
49034  -30.291  -35.138  48.474 0.0000000000
49994  -31.660  -34.697  49.851 0.0000000000
49974  -30.693  -34.981  51.368 0.0000000000
135910  -32.070  -34.545  51.781 0.0000000000
49976  -32.380  -34.459  51.132 0.0000000000
49977  -33.212  -34.121  51.256 0.0000000000
50955  -33.892  -33.816  51.448 0.0000000000
50947  -34.727  -33.753  52.521 0.0000000000
56577  -41.419  -28.211  45.940 0.0000000000
55638  -41.929  -28.530  45.218 0.0000000000
55657  -43.249  -28.375  44.436 0.0000000000
55640  -43.788  -28.316  45.287 0.0000000000
66896  -50.804  -17.039  38.274 0.0000000000
65047  -51.309  -17.973  38.608 0.0000000000
124938  -51.542  -16.944  38.620 0.0000000000
66874  -53.989  -16.477  40.747 0.0000000000
66867  -54.089  -16.722  42.025 0.0000000000
66868  -54.276  -15.927  41.813 0.0000000000
70430  -54.935  -11.958  39.253 0.0000000000
70431  -55.697  -11.712  38.977 0.0000000000
70437  -54.831  -12.221  38.595 0.0000000000
32316  -13.835  -53.532  61.039 0.0000000000
32307  -13.209  -54.116  61.398 0.0000000000
53742  -38.856  -30.429  50.022 0.0000000000
53743  -39.640  -30.142  50.404 0.0000000000
140997  -38.828  -29.949  49.475 0.0000000000
54704  -38.900  -29.037  49.433 0.0000000000
55601  -38.757  -28.166  49.117 0.0000000000
127704  -39.283  -28.012  49.661 0.0000000000
56524  -38.542  -27.253  48.422 0.0000000000
132952  -37.834  -27.460  48.120 0.0000000000
57526  -36.125  -26.573  46.744 0.0000000000
57511  -36.860  -26.647  47.360 0.0000000000
57542  -35.726  -26.404  46.092 0.0000000000
57543  -36.548  -26.459  46.314 0.0000000000
57555  -35.435  -26.637  45.522 0.0000000000
122149  -20.490  -42.332  61.610 0.0000000000
120831  -22.296  -42.001  63.264 0.0000000000
43278  -21.817  -42.118  64.454 0.0000000000
45300  -23.962  -38.995  50.731 0.0000000000
45286  -24.278  -39.121  51.651 0.0000000000
46147  -30.617  -38.663  55.056 0.0000000000
45246  -30.274  -39.233  55.701 0.0000000000
46136  -30.700  -38.691  56.729 0.0000000000
46117  -29.999  -38.974  59.143 0.0000000000
45214  -29.509  -39.449  58.748 0.0000000000
45203  -29.357  -39.460  59.704 0.0000000000
45191  -28.849  -39.790  60.495 0.0000000000
143729  -29.648  -38.627  62.413 0.0000000000
37662  -17.455  -47.725  57.189 0.0000000000
142109  -16.621  -47.348  60.298 0.0000000000
36713  -16.470  -48.520  61.298 0.0000000000
37618  -16.221  -47.785  61.569 0.0000000000
122496  -16.437  -47.109  62.988 0.0000000000
136472  -16.537  -47.572  63.177 0.0000000000
60320  -43.704  -23.733  39.141 0.0000000000
60309  -44.798  -23.753  40.167 0.0000000000
60311  -46.923  -23.197  40.843 0.0000000000
60293  -46.660  -23.753  41.308 0.0000000000
59406  -47.097  -24.084  41.875 0.0000000000
59391  -47.435  -24.488  42.452 0.0000000000
60275  -47.845  -23.889  42.088 0.0000000000
71391  -57.046  -11.593  29.230 0.0000000000
71400  -57.143  -10.799  28.666 0.0000000000
72278  -57.986  -9.973  29.147 0.0000000000
33192  -15.745  -52.373  64.015 0.0000000000
32275  -16.079  -53.025  66.924 0.0000000000
51839  -38.014  -33.233  58.116 0.0000000000
121670  -38.535  -32.832  57.544 0.0000000000
51865  -37.783  -32.556  54.136 0.0000000000
51866  -38.613  -32.515  54.439 0.0000000000
139760  -38.969  -32.220  54.098 0.0000000000
134122  -38.490  -32.162  53.630 0.0000000000
51886  -35.592  -32.621  51.052 0.0000000000
50957  -36.035  -32.694  51.783 0.0000000000
51887  -36.504  -32.196  51.312 0.0000000000
51910  -36.996  -31.778  49.884 0.0000000000
51897  -37.096  -31.828  50.750 0.0000000000
52782  -37.883  -31.625  50.900 0.0000000000
52768  -38.343  -31.735  51.601 0.0000000000
52803  -38.297  -31.163  50.204 0.0000000000
52802  -37.701  -31.350  49.394 0.0000000000
124974  -37.583  -30.725  47.767 0.0000000000
40477  -17.790  -44.625  58.880 0.0000000000
41479  -18.134  -43.912  58.422 0.0000000000
41480  -18.302  -43.092  58.728 0.0000000000
41475  -18.361  -42.944  59.358 0.0000000000
131059  -18.681  -42.768  58.310 0.0000000000
127009  -18.841  -43.051  56.201 0.0000000000
43351  -19.597  -42.064  57.260 0.0000000000
43365  -19.240  -42.310  56.994 0.0000000000
43338  -19.286  -42.322  57.659 0.0000000000
123277  -20.038  -41.969  59.132 0.0000000000
43340  -20.577  -41.933  58.483 0.0000000000
120003  -21.746  -41.775  57.957 0.0000000000
43341  -21.426  -41.882  58.623 0.0000000000
119836  -22.223  -41.796  58.657 0.0000000000
48029  -27.721  -36.747  49.233 0.0000000000
47121  -27.673  -37.517  49.670 0.0000000000
47102  -28.533  -37.238  50.523 0.0000000000
49018  -29.162  -35.478  49.834 0.0000000000
49017  -28.578  -35.706  49.492 0.0000000000
48005  -29.528  -36.218  51.526 0.0000000000
46162  -29.971  -37.519  52.151 0.0000000000
47079  -30.349  -37.436  52.872 0.0000000000
123900  -30.564  -38.244  54.217 0.0000000000
47071  -30.682  -37.455  53.717 0.0000000000
47949  -31.385  -36.076  55.617 0.0000000000
127696  -31.233  -37.021  55.502 0.0000000000
128362  -31.422  -35.935  56.592 0.0000000000
48918  -31.464  -35.509  57.441 0.0000000000
48927  -31.829  -35.355  56.670 0.0000000000
49935  -32.413  -34.813  56.347 0.0000000000
136551  -32.380  -34.715  57.163 0.0000000000
136614  -32.784  -34.191  57.348 0.0000000000
50889  -32.722  -33.598  58.152 0.0000000000
49952  -32.935  -34.187  54.223 0.0000000000
50917  -34.344  -34.073  56.082 0.0000000000
50916  -33.537  -34.038  55.428 0.0000000000
50891  -33.582  -33.847  57.797 0.0000000000
131372  -34.528  -33.993  57.985 0.0000000000
50877  -35.222  -33.723  58.508 0.0000000000
50892  -35.353  -33.995  57.630 0.0000000000
50893  -36.946  -33.653  57.320 0.0000000000
50878  -37.307  -33.517  58.136 0.0000000000
38541  -17.760  -46.723  55.982 0.0000000000
59314  -43.278  -25.294  52.446 0.0000000000
59315  -43.834  -24.973  52.553 0.0000000000
59328  -43.441  -25.173  51.840 0.0000000000
58462  -44.163  -25.612  50.080 0.0000000000
59342  -44.291  -25.247  50.756 0.0000000000
58433  -45.021  -25.287  51.177 0.0000000000
58434  -45.866  -25.507  51.779 0.0000000000
58449  -45.658  -25.965  50.899 0.0000000000
57517  -43.366  -26.779  48.087 0.0000000000
57518  -44.092  -27.324  48.017 0.0000000000
57502  -45.559  -27.322  49.247 0.0000000000
56512  -46.309  -27.174  49.842 0.0000000000
132188  -46.397  -26.570  50.575 0.0000000000
139195  -47.047  -27.095  50.279 0.0000000000
57482  -47.900  -27.056  50.224 0.0000000000
56514  -48.292  -27.224  49.359 0.0000000000
63130  -48.116  -20.751  38.409 0.0000000000
62149  -48.258  -21.260  39.097 0.0000000000
63121  -48.790  -20.791  38.772 0.0000000000
63112  -50.516  -20.636  40.229 0.0000000000
63111  -49.792  -20.765  39.689 0.0000000000
144030  -50.975  -20.780  40.997 0.0000000000
62128  -51.145  -21.279  41.768 0.0000000000
63096  -51.580  -20.582  41.411 0.0000000000
65027  -52.300  -18.897  39.910 0.0000000000
141587  -51.752  -19.202  39.594 0.0000000000
144431  -52.497  -19.139  40.540 0.0000000000
64052  -53.003  -19.504  42.120 0.0000000000
133208  -9.564  -60.389  64.312 0.0000000000
134191  -8.694  -60.621  64.109 0.0000000000
59440  -40.630  -25.326  38.324 0.0000000000
58557  -41.197  -25.481  38.890 0.0000000000
59455  -40.654  -24.590  37.943 0.0000000000
59456  -41.354  -24.161  37.943 0.0000000000
59457  -42.059  -23.889  37.731 0.0000000000
60333  -42.699  -23.723  38.027 0.0000000000
60346  -42.411  -23.292  37.385 0.0000000000
61255  -43.718  -22.474  37.318 0.0000000000
61256  -44.636  -22.275  37.670 0.0000000000
62165  -44.145  -21.893  37.042 0.0000000000
63155  -44.676  -20.628  36.717 0.0000000000
63140  -46.498  -20.484  37.410 0.0000000000
64091  -45.949  -20.009  37.112 0.0000000000
65053  -46.699  -18.795  37.035 0.0000000000
65054  -47.371  -18.521  37.172 0.0000000000
66000  -46.994  -17.024  36.249 0.0000000000
66923  -47.586  -16.582  36.327 0.0000000000
65975  -48.363  -17.362  37.164 0.0000000000
66908  -49.101  -16.817  37.373 0.0000000000
67794  -49.265  -15.225  36.840 0.0000000000
67795  -49.896  -14.827  37.210 0.0000000000
68670  -50.193  -14.204  36.800 0.0000000000
68692  -49.237  -14.232  34.751 0.0000000000
69573  -49.775  -13.892  34.165 0.0000000000
30506  -10.203  -56.133  61.921 0.0000000000
32294  -15.439  -53.233  63.616 0.0000000000
124718  -14.985  -53.742  63.448 0.0000000000
31365  -13.845  -54.909  64.296 0.0000000000
30495  -13.238  -55.511  64.776 0.0000000000
29600  -14.264  -55.652  66.397 0.0000000000
128247  -12.811  -57.086  65.720 0.0000000000
29601  -12.824  -56.481  65.566 0.0000000000
30500  -12.885  -56.106  63.812 0.0000000000
29606  -12.555  -56.787  64.575 0.0000000000
29613  -12.133  -56.764  63.484 0.0000000000
27668  -11.626  -58.981  64.792 0.0000000000
27676  -11.363  -58.610  64.381 0.0000000000
27667  -10.877  -59.436  64.560 0.0000000000
27666  -9.885  -59.547  64.112 0.0000000000
25689  -11.980  -61.172  64.416 0.0000000000
57398  -42.648  -26.113  56.992 0.0000000000
57399  -43.398  -25.816  57.185 0.0000000000
52708  -39.854  -31.567  57.953 0.0000000000
53680  -40.987  -30.726  55.478 0.0000000000
133775  -40.703  -30.634  56.939 0.0000000000
54631  -40.964  -29.790  56.899 0.0000000000
54649  -41.174  -29.934  55.888 0.0000000000
53734  -40.436  -30.203  51.117 0.0000000000
53725  -41.037  -30.649  52.684 0.0000000000
53726  -41.463  -30.018  52.538 0.0000000000
55575  -41.890  -28.978  53.823 0.0000000000
55552  -41.521  -28.211  55.846 0.0000000000
55562  -41.801  -28.431  54.750 0.0000000000
56463  -42.164  -27.423  54.452 0.0000000000
133645  -42.406  -26.366  53.085 0.0000000000
57431  -42.523  -26.619  54.061 0.0000000000
57432  -42.881  -25.912  53.647 0.0000000000
58403  -43.165  -25.455  53.161 0.0000000000
58402  -42.652  -25.868  52.612 0.0000000000
58444  -40.894  -25.908  49.984 0.0000000000
58459  -41.325  -25.730  49.666 0.0000000000
57496  -38.875  -26.938  48.190 0.0000000000
57497  -39.528  -26.619  48.700 0.0000000000
143133  -39.275  -27.017  46.614 0.0000000000
57529  -39.599  -26.838  47.150 0.0000000000
57515  -40.732  -26.790  47.721 0.0000000000
56555  -40.071  -27.422  46.575 0.0000000000
56556  -40.929  -27.696  46.595 0.0000000000
55652  -38.911  -28.926  44.193 0.0000000000
55670  -39.526  -29.158  43.463 0.0000000000
129885  -39.238  -29.255  42.754 0.0000000000
56606  -33.792  -26.866  44.306 0.0000000000
125460  -34.979  -27.588  42.811 0.0000000000
56648  -35.787  -28.046  41.880 0.0000000000
55684  -36.647  -28.577  41.993 0.0000000000
56649  -36.551  -28.409  41.028 0.0000000000
40456  -17.588  -44.369  60.729 0.0000000000
40445  -17.382  -44.245  61.601 0.0000000000
142393  -17.833  -43.863  61.108 0.0000000000
42405  -17.753  -43.282  62.763 0.0000000000
43287  -20.154  -42.295  62.608 0.0000000000
142548  -22.951  -40.357  53.936 0.0000000000
44341  -22.274  -40.387  53.341 0.0000000000
44329  -22.121  -40.612  54.103 0.0000000000
43381  -22.081  -41.128  55.609 0.0000000000
43369  -24.255  -41.068  56.699 0.0000000000
135304  -23.718  -41.339  57.189 0.0000000000
43343  -24.308  -41.583  58.522 0.0000000000
140847  -26.405  -38.708  50.590 0.0000000000
45273  -27.113  -39.373  52.877 0.0000000000
45288  -26.006  -38.937  52.036 0.0000000000
45272  -26.230  -39.239  52.783 0.0000000000
45260  -25.612  -39.427  53.432 0.0000000000
45244  -28.631  -39.644  55.328 0.0000000000
44301  -26.756  -40.185  56.743 0.0000000000
45234  -26.973  -40.011  56.025 0.0000000000
44300  -26.219  -40.320  56.252 0.0000000000
44299  -25.487  -40.531  56.250 0.0000000000
120491  -25.836  -40.564  56.839 0.0000000000
43344  -25.780  -41.291  58.973 0.0000000000
43331  -25.143  -41.717  59.656 0.0000000000
43319  -25.316  -41.741  60.489 0.0000000000
43304  -24.687  -41.898  61.098 0.0000000000
43305  -25.509  -41.672  61.317 0.0000000000
43294  -26.546  -41.195  62.448 0.0000000000
136623  -26.675  -41.144  63.278 0.0000000000
134073  -28.541  -39.956  62.017 0.0000000000
44226  -28.139  -40.228  62.684 0.0000000000
48905  -31.364  -34.835  59.048 0.0000000000
34131  -14.535  -52.193  59.087 0.0000000000
34132  -15.609  -52.088  59.364 0.0000000000
36748  -17.243  -48.525  57.303 0.0000000000
124687  -16.937  -48.930  56.794 0.0000000000
35908  -16.945  -49.313  57.433 0.0000000000
35046  -16.076  -50.567  57.527 0.0000000000
35045  -15.075  -50.698  57.397 0.0000000000
35022  -16.791  -51.329  60.347 0.0000000000
34133  -16.483  -51.543  59.487 0.0000000000
138758  -16.509  -51.860  60.782 0.0000000000
33209  -16.520  -52.039  61.475 0.0000000000
34109  -16.636  -51.557  61.987 0.0000000000
141926  -16.589  -48.779  62.597 0.0000000000
130188  -16.707  -49.422  62.709 0.0000000000
58381  -45.987  -25.498  54.647 0.0000000000
56668  -41.259  -26.872  40.815 0.0000000000
56651  -41.625  -27.047  41.620 0.0000000000
57578  -43.579  -26.440  42.441 0.0000000000
57564  -43.933  -27.006  43.098 0.0000000000
56612  -44.396  -27.554  43.728 0.0000000000
57565  -44.758  -26.801  43.277 0.0000000000
59404  -45.370  -24.852  41.637 0.0000000000
58523  -44.420  -25.289  41.548 0.0000000000
123320  -45.613  -25.457  42.452 0.0000000000
57568  -47.191  -26.415  44.260 0.0000000000
57557  -46.661  -26.880  44.299 0.0000000000
56598  -46.378  -27.456  44.667 0.0000000000
56583  -47.530  -27.618  45.375 0.0000000000
56565  -49.620  -27.534  46.634 0.0000000000
56566  -50.672  -27.170  46.925 0.0000000000
61219  -48.351  -22.071  40.624 0.0000000000
61157  -49.960  -23.027  43.312 0.0000000000
60277  -49.253  -23.356  42.806 0.0000000000
60264  -49.572  -23.679  43.599 0.0000000000
60263  -48.857  -24.015  43.190 0.0000000000
60249  -49.903  -23.969  44.220 0.0000000000
69533  -51.558  -13.348  36.692 0.0000000000
119800  -52.670  -13.471  35.273 0.0000000000
122001  -53.148  -13.172  36.210 0.0000000000
69560  -54.365  -13.560  35.977 0.0000000000
123271  -52.801  -13.520  33.348 0.0000000000
69561  -55.506  -13.730  35.766 0.0000000000
69562  -56.554  -13.480  35.452 0.0000000000
139919  -57.809  -12.021  34.367 0.0000000000
71348  -58.190  -11.710  34.473 0.0000000000
71347  -58.046  -11.668  34.298 0.0000000000
69623  -56.295  -13.354  30.611 0.0000000000
68714  -56.599  -14.058  31.743 0.0000000000
69609  -57.138  -13.956  32.238 0.0000000000
69610  -57.481  -13.341  31.810 0.0000000000
71363  -58.052  -11.423  32.482 0.0000000000
137551  -57.950  -11.532  32.963 0.0000000000
71364  -58.213  -11.398  33.081 0.0000000000
71356  -58.253  -11.614  33.744 0.0000000000
71385  -59.116  -10.375  30.997 0.0000000000
127997  -59.505  -10.697  30.675 0.0000000000
50976  -33.555  -33.830  49.781 0.0000000000
50977  -34.247  -33.359  50.143 0.0000000000
140976  -30.723  -35.211  47.865 0.0000000000
49035  -31.100  -35.027  48.490 0.0000000000
125292  -31.750  -34.689  48.954 0.0000000000
49986  -32.341  -34.459  50.218 0.0000000000
140524  -32.890  -34.243  49.791 0.0000000000
55654  -40.669  -28.874  44.416 0.0000000000
55655  -41.588  -28.720  44.439 0.0000000000
55672  -41.338  -28.717  43.544 0.0000000000
56610  -42.120  -28.294  43.196 0.0000000000
66897  -51.590  -16.060  38.529 0.0000000000
66898  -52.164  -15.625  38.761 0.0000000000
67759  -53.381  -15.600  39.427 0.0000000000
68638  -54.294  -13.606  39.999 0.0000000000
69509  -54.932  -12.759  40.760 0.0000000000
120201  -54.919  -12.200  40.179 0.0000000000
69515  -54.294  -12.743  39.635 0.0000000000
69526  -53.668  -12.749  38.845 0.0000000000
69534  -52.907  -12.932  38.155 0.0000000000
33229  -13.037  -52.626  59.498 0.0000000000
54711  -37.969  -29.337  48.240 0.0000000000
55608  -37.630  -28.112  48.138 0.0000000000
56536  -37.156  -27.267  47.679 0.0000000000
56553  -35.749  -26.938  46.844 0.0000000000
56552  -35.415  -26.645  46.281 0.0000000000
43315  -21.997  -42.124  60.800 0.0000000000
43301  -21.535  -42.222  61.582 0.0000000000
43290  -22.639  -41.986  62.478 0.0000000000
120828  -23.131  -41.896  63.094 0.0000000000
120827  -24.053  -41.846  62.817 0.0000000000
143422  -24.526  -41.874  62.295 0.0000000000
47037  -31.110  -38.029  56.951 0.0000000000
46131  -30.638  -38.508  57.519 0.0000000000
124237  -30.621  -38.258  58.184 0.0000000000
46118  -30.444  -38.390  58.821 0.0000000000
138587  -30.303  -38.477  59.444 0.0000000000
46079  -30.052  -38.530  60.724 0.0000000000
46080  -30.388  -38.173  60.008 0.0000000000
135635  -30.456  -37.665  60.758 0.0000000000
137168  -16.341  -47.175  60.988 0.0000000000
61228  -45.117  -22.805  39.181 0.0000000000
60322  -45.291  -23.131  39.782 0.0000000000
143384  -45.890  -22.910  39.977 0.0000000000
60323  -46.366  -23.014  40.366 0.0000000000
50909  -37.428  -33.481  56.686 0.0000000000
50921  -37.799  -33.279  55.958 0.0000000000
50920  -37.246  -33.333  55.346 0.0000000000
50931  -37.192  -32.998  54.607 0.0000000000
51908  -35.523  -32.402  49.115 0.0000000000
51896  -36.272  -32.099  50.439 0.0000000000
52801  -36.909  -31.729  49.034 0.0000000000
52816  -37.473  -31.242  48.438 0.0000000000
121154  -17.888  -44.709  57.996 0.0000000000
42442  -19.225  -42.008  55.445 0.0000000000
42432  -19.155  -42.224  56.207 0.0000000000
43352  -20.331  -41.899  57.656 0.0000000000
43353  -21.112  -41.757  57.314 0.0000000000
49006  -29.999  -35.273  51.028 0.0000000000
48991  -29.630  -35.731  51.368 0.0000000000
47994  -30.387  -35.900  52.615 0.0000000000
47980  -30.646  -36.396  53.222 0.0000000000
130949  -30.969  -36.672  54.031 0.0000000000
47965  -31.056  -35.905  54.025 0.0000000000
48938  -31.470  -35.631  54.891 0.0000000000
49941  -31.839  -35.323  55.367 0.0000000000
49942  -32.062  -35.049  55.464 0.0000000000
49943  -32.365  -34.608  55.544 0.0000000000
50937  -34.012  -33.978  53.083 0.0000000000
124212  -33.606  -33.992  53.803 0.0000000000
125453  -34.273  -33.908  53.948 0.0000000000
50907  -35.340  -33.977  56.466 0.0000000000
126689  -36.185  -33.819  56.035 0.0000000000
50908  -36.730  -33.680  56.612 0.0000000000
139745  -17.787  -45.899  56.589 0.0000000000
39455  -17.707  -45.510  57.567 0.0000000000
131920  -42.996  -25.483  50.575 0.0000000000
59341  -43.654  -25.178  51.173 0.0000000000
58461  -43.291  -25.708  49.844 0.0000000000
57481  -44.065  -26.108  49.385 0.0000000000
56560  -44.235  -28.064  46.741 0.0000000000
56540  -44.588  -27.869  47.515 0.0000000000
56526  -45.912  -27.793  48.528 0.0000000000
56513  -47.216  -27.389  49.485 0.0000000000
56527  -46.912  -27.625  48.536 0.0000000000
56528  -47.687  -27.815  47.803 0.0000000000
63131  -48.885  -20.155  38.202 0.0000000000
63123  -50.253  -20.227  39.247 0.0000000000
64077  -51.129  -19.824  39.636 0.0000000000
65029  -53.440  -18.285  41.139 0.0000000000
65015  -52.953  -18.971  41.204 0.0000000000
65016  -53.412  -18.687  42.185 0.0000000000
71333  -57.978  -11.488  36.419 0.0000000000
61253  -42.026  -22.731  36.895 0.0000000000
65063  -44.678  -18.766  36.339 0.0000000000
64101  -45.071  -19.194  36.588 0.0000000000
65064  -45.311  -18.545  36.399 0.0000000000
65080  -45.450  -17.822  36.077 0.0000000000
67801  -46.508  -15.961  35.325 0.0000000000
66937  -47.875  -15.933  36.054 0.0000000000
66925  -48.954  -15.949  37.025 0.0000000000
67804  -48.991  -14.883  36.100 0.0000000000
68679  -48.725  -14.665  35.300 0.0000000000
68691  -48.507  -14.482  34.410 0.0000000000
32287  -14.774  -53.835  66.055 0.0000000000
31358  -14.329  -54.526  66.205 0.0000000000
30484  -13.878  -55.035  66.261 0.0000000000
28681  -14.093  -56.979  65.962 0.0000000000
28679  -12.522  -57.933  65.298 0.0000000000
27659  -12.071  -58.758  64.929 0.0000000000
26653  -12.298  -60.129  64.714 0.0000000000
52725  -40.116  -31.741  55.916 0.0000000000
52726  -40.662  -31.411  55.216 0.0000000000
129844  -41.049  -30.898  54.638 0.0000000000
54681  -41.518  -29.367  51.995 0.0000000000
55585  -41.792  -28.543  52.267 0.0000000000
55580  -41.983  -28.373  53.133 0.0000000000
134647  -41.898  -27.524  52.377 0.0000000000
56485  -42.048  -26.769  52.620 0.0000000000
58416  -42.278  -25.904  51.688 0.0000000000
57451  -41.679  -26.286  51.309 0.0000000000
57479  -40.381  -26.308  49.669 0.0000000000
134195  -37.885  -26.479  46.881 0.0000000000
56554  -38.548  -26.950  46.314 0.0000000000
56575  -38.958  -28.006  45.510 0.0000000000
55668  -37.764  -28.940  43.240 0.0000000000
41464  -18.332  -43.333  61.053 0.0000000000
132732  -18.209  -42.983  61.980 0.0000000000
42406  -18.339  -42.769  62.879 0.0000000000
43277  -20.688  -42.260  64.254 0.0000000000
42400  -19.784  -42.435  64.598 0.0000000000
127572  -23.319  -39.581  52.076 0.0000000000
142218  -23.288  -40.410  54.506 0.0000000000
43382  -23.105  -40.954  55.728 0.0000000000
44315  -23.700  -40.435  55.037 0.0000000000
44297  -24.013  -40.837  55.904 0.0000000000
46197  -27.215  -38.542  50.368 0.0000000000
46178  -26.834  -38.887  51.261 0.0000000000
144392  -27.576  -38.976  51.584 0.0000000000
45262  -27.364  -39.516  53.682 0.0000000000
141268  -28.539  -39.748  56.895 0.0000000000
45225  -28.022  -39.897  57.460 0.0000000000
44284  -27.183  -40.112  57.431 0.0000000000
122202  -26.843  -40.519  58.128 0.0000000000
44266  -26.522  -40.896  58.722 0.0000000000
44251  -26.558  -41.039  59.393 0.0000000000
43320  -26.117  -41.410  60.725 0.0000000000
126129  -26.868  -41.101  60.943 0.0000000000
44233  -27.120  -40.933  61.788 0.0000000000
35897  -17.186  -49.375  58.323 0.0000000000
129606  -16.730  -51.047  59.011 0.0000000000
137892  -16.846  -50.758  61.081 0.0000000000
57594  -41.896  -26.264  41.163 0.0000000000
57595  -42.582  -25.976  41.501 0.0000000000
57596  -43.289  -25.902  41.843 0.0000000000
57597  -44.033  -25.830  42.032 0.0000000000
136889  -46.197  -25.337  42.775 0.0000000000
128185  -47.072  -25.427  43.502 0.0000000000
142801  -47.256  -25.829  43.960 0.0000000000
144506  -47.782  -26.721  44.486 0.0000000000
57545  -48.100  -27.229  44.865 0.0000000000
57546  -48.952  -27.195  45.067 0.0000000000
57547  -49.814  -27.054  45.376 0.0000000000
62126  -49.837  -21.760  41.281 0.0000000000
61197  -49.376  -22.362  41.643 0.0000000000
61198  -50.112  -22.170  42.014 0.0000000000
142131  -51.701  -13.343  36.080 0.0000000000
119730  -51.856  -13.415  35.530 0.0000000000
120185  -55.053  -13.805  34.068 0.0000000000
143938  -56.555  -13.763  34.696 0.0000000000
69580  -56.909  -13.645  34.173 0.0000000000
69581  -57.413  -12.964  33.875 0.0000000000
143419  -56.491  -11.824  29.454 0.0000000000
70501  -56.835  -12.830  30.103 0.0000000000
69619  -57.191  -13.402  30.885 0.0000000000
123039  -58.481  -11.072  32.487 0.0000000000
119431  -59.218  -11.389  32.428 0.0000000000
71393  -59.794  -10.609  29.958 0.0000000000
50948  -35.443  -33.517  52.868 0.0000000000
50940  -36.140  -33.236  53.436 0.0000000000
137537  -35.338  -33.228  51.956 0.0000000000
137011  -34.143  -33.383  49.455 0.0000000000
50978  -34.765  -32.881  49.548 0.0000000000
42450  -19.096  -42.153  54.652 0.0000000000
43389  -19.970  -41.165  54.273 0.0000000000
49032  -28.541  -35.353  48.611 0.0000000000
138168  -29.018  -35.375  49.164 0.0000000000
126574  -30.459  -35.034  49.110 0.0000000000
121258  -30.050  -35.201  49.980 0.0000000000
48977  -30.769  -35.061  52.181 0.0000000000
49958  -31.600  -34.795  53.466 0.0000000000
49966  -31.644  -34.705  52.471 0.0000000000
49959  -32.414  -34.437  52.969 0.0000000000
49968  -33.283  -34.101  52.568 0.0000000000
124771  -33.429  -34.059  51.884 0.0000000000
56537  -42.128  -27.267  47.335 0.0000000000
57516  -42.469  -26.734  47.989 0.0000000000
56558  -42.615  -27.873  46.738 0.0000000000
56559  -43.419  -27.976  46.793 0.0000000000
56579  -43.128  -28.258  46.052 0.0000000000
132607  -43.836  -28.215  46.147 0.0000000000
126428  -44.720  -28.181  45.003 0.0000000000
65046  -50.617  -18.721  38.420 0.0000000000
65041  -52.622  -18.197  39.672 0.0000000000
125006  -52.878  -16.940  39.385 0.0000000000
65956  -52.906  -17.596  39.641 0.0000000000
65945  -53.236  -17.932  40.259 0.0000000000
66861  -54.234  -16.687  43.380 0.0000000000
71303  -55.509  -11.800  40.551 0.0000000000
138764  -56.469  -11.587  38.582 0.0000000000
128489  -12.046  -53.709  60.383 0.0000000000
32306  -12.315  -54.257  61.067 0.0000000000
31377  -12.739  -55.106  62.100 0.0000000000
141603  -39.619  -31.276  51.698 0.0000000000
53733  -39.745  -30.836  51.122 0.0000000000
54686  -40.194  -29.235  50.574 0.0000000000
55590  -39.953  -28.273  50.220 0.0000000000
56496  -39.930  -27.439  49.962 0.0000000000
56511  -39.561  -27.166  49.472 0.0000000000
139465  -37.531  -26.505  47.270 0.0000000000
126657  -36.191  -27.554  44.776 0.0000000000
141832  -19.865  -42.406  61.349 0.0000000000
136034  -20.658  -42.206  63.196 0.0000000000
42391  -21.040  -42.356  65.451 0.0000000000
43268  -23.404  -41.931  64.991 0.0000000000
45269  -23.802  -39.457  52.218 0.0000000000
45259  -24.797  -39.441  53.246 0.0000000000
46154  -29.704  -38.877  53.331 0.0000000000
45264  -29.182  -39.341  53.973 0.0000000000
45255  -30.064  -39.267  55.078 0.0000000000
45245  -29.543  -39.509  55.680 0.0000000000
45237  -29.478  -39.529  56.670 0.0000000000
45227  -30.110  -39.161  57.256 0.0000000000
141358  -29.561  -39.483  57.341 0.0000000000
45226  -28.935  -39.706  57.527 0.0000000000
45213  -28.899  -39.765  58.356 0.0000000000
129574  -28.784  -39.852  59.145 0.0000000000
44245  -28.167  -40.292  60.317 0.0000000000
45182  -29.029  -39.613  61.339 0.0000000000
134575  -29.065  -39.431  62.108 0.0000000000
45183  -29.676  -38.910  61.688 0.0000000000
45171  -29.308  -38.982  62.645 0.0000000000
36763  -17.214  -48.288  56.463 0.0000000000
36737  -17.263  -48.599  58.533 0.0000000000
37639  -17.180  -47.953  59.032 0.0000000000
35883  -16.813  -49.356  60.923 0.0000000000
37610  -16.332  -47.673  62.446 0.0000000000
121043  -16.663  -48.103  63.169 0.0000000000
59429  -43.306  -24.343  39.545 0.0000000000
59417  -43.601  -24.622  40.244 0.0000000000
59418  -44.331  -24.409  40.528 0.0000000000
60310  -45.649  -23.458  40.472 0.0000000000
60292  -45.875  -23.958  41.171 0.0000000000
123894  -46.784  -24.597  42.194 0.0000000000
58511  -47.615  -24.871  43.185 0.0000000000
59384  -48.440  -24.768  43.635 0.0000000000
69605  -51.443  -13.156  32.932 0.0000000000
69606  -52.296  -13.168  32.843 0.0000000000
129613  -57.681  -11.355  29.818 0.0000000000
71384  -58.356  -10.637  30.705 0.0000000000
142729  -58.050  -10.720  29.936 0.0000000000
73180  -59.020  -9.542  30.341 0.0000000000
33208  -16.078  -52.596  61.721 0.0000000000
32309  -15.447  -53.182  61.932 0.0000000000
32281  -15.361  -53.375  66.587 0.0000000000
51828  -39.039  -32.177  58.101 0.0000000000
51840  -39.304  -32.249  57.272 0.0000000000
51859  -38.721  -32.876  55.915 0.0000000000
51860  -39.473  -32.384  55.468 0.0000000000
51867  -39.397  -32.293  54.598 0.0000000000
52741  -39.444  -31.964  53.747 0.0000000000
125372  -39.897  -31.726  53.065 0.0000000000
51873  -36.858  -32.661  52.917 0.0000000000
51880  -37.453  -32.220  52.473 0.0000000000
51881  -38.174  -32.069  52.779 0.0000000000
126500  -38.536  -31.907  52.257 0.0000000000
119197  -39.078  -31.633  51.996 0.0000000000
52769  -39.011  -31.278  51.352 0.0000000000
53759  -38.377  -30.641  49.283 0.0000000000
53779  -38.002  -30.435  48.406 0.0000000000
53809  -37.429  -29.643  46.918 0.0000000000
39423  -16.878  -45.677  60.715 0.0000000000
138009  -17.802  -44.344  60.056 0.0000000000
42419  -18.840  -42.583  59.720 0.0000000000
142474  -18.790  -43.002  57.368 0.0000000000
42428  -18.952  -42.640  57.635 0.0000000000
43326  -19.621  -42.245  59.814 0.0000000000
43327  -20.524  -42.137  59.955 0.0000000000
121289  -21.479  -42.076  60.045 0.0000000000
142030  -22.903  -41.918  60.060 0.0000000000
47120  -27.022  -37.617  49.155 0.0000000000
46212  -27.351  -38.132  49.762 0.0000000000
46179  -27.848  -38.597  50.931 0.0000000000
142616  -29.459  -38.799  52.551 0.0000000000
48030  -28.318  -36.231  49.772 0.0000000000
48004  -28.687  -36.496  50.437 0.0000000000
48016  -29.077  -36.074  50.972 0.0000000000
47089  -29.070  -36.935  51.047 0.0000000000
46181  -29.410  -38.158  51.685 0.0000000000
46155  -30.274  -38.290  53.485 0.0000000000
127853  -31.112  -38.056  55.615 0.0000000000
47047  -31.231  -37.573  56.280 0.0000000000
47940  -31.195  -37.017  57.061 0.0000000000
47932  -31.048  -36.860  57.982 0.0000000000
48904  -31.116  -35.738  58.963 0.0000000000
48911  -31.352  -35.147  58.277 0.0000000000
49922  -31.839  -34.470  58.407 0.0000000000
141233  -32.156  -35.081  56.715 0.0000000000
50873  -32.273  -33.745  58.615 0.0000000000
50875  -33.244  -33.207  58.587 0.0000000000
49951  -32.246  -34.511  54.698 0.0000000000
141496  -32.826  -34.158  55.747 0.0000000000
50927  -33.602  -33.993  54.553 0.0000000000
122440  -33.036  -33.983  57.182 0.0000000000
141503  -33.245  -33.335  58.229 0.0000000000
51824  -34.706  -33.162  59.204 0.0000000000
133427  -36.276  -33.803  58.043 0.0000000000
51825  -36.681  -33.309  58.890 0.0000000000
37676  -17.466  -47.550  55.894 0.0000000000
38520  -17.478  -46.912  57.843 0.0000000000
140879  -17.607  -46.271  57.352 0.0000000000
135892  -17.232  -45.832  59.148 0.0000000000
123466  -44.010  -24.922  53.377 0.0000000000
59329  -44.385  -25.031  51.528 0.0000000000
58418  -45.981  -25.179  52.645 0.0000000000
123676  -44.677  -26.037  49.757 0.0000000000
119319  -44.748  -26.781  49.272 0.0000000000
62156  -46.734  -21.563  38.443 0.0000000000
62147  -46.927  -21.874  39.243 0.0000000000
62142  -48.292  -21.641  39.905 0.0000000000
140692  -48.874  -21.608  40.311 0.0000000000
121953  -49.647  -21.289  40.447 0.0000000000
62127  -50.467  -21.667  41.666 0.0000000000
62113  -51.600  -21.542  42.957 0.0000000000
65039  -51.263  -18.998  39.016 0.0000000000
64050  -51.884  -20.034  41.057 0.0000000000
64051  -52.432  -19.593  41.143 0.0000000000
27674  -9.245  -58.823  63.542 0.0000000000
126306  -39.658  -27.923  40.225 0.0000000000
130336  -40.134  -28.047  40.963 0.0000000000
56686  -40.153  -27.133  39.708 0.0000000000
57610  -40.924  -26.727  39.960 0.0000000000
57623  -40.473  -26.476  39.284 0.0000000000
57624  -41.163  -25.981  39.475 0.0000000000
143651  -41.506  -25.532  39.318 0.0000000000
58558  -41.832  -25.068  39.152 0.0000000000
59428  -42.584  -24.650  39.283 0.0000000000
59443  -42.985  -24.067  38.797 0.0000000000
60335  -44.026  -23.236  38.749 0.0000000000
60347  -43.194  -23.106  37.670 0.0000000000
61241  -44.621  -22.796  38.622 0.0000000000
61242  -45.444  -22.323  38.506 0.0000000000
63138  -44.803  -21.467  37.073 0.0000000000
62167  -46.308  -21.248  37.720 0.0000000000
63129  -47.199  -20.816  37.977 0.0000000000
64092  -46.602  -19.662  37.220 0.0000000000
64094  -48.423  -19.434  37.665 0.0000000000
140410  -48.713  -18.803  37.571 0.0000000000
65056  -49.168  -18.361  37.654 0.0000000000
65081  -46.231  -17.459  36.187 0.0000000000
65066  -46.968  -17.892  36.735 0.0000000000
65974  -47.790  -17.955  37.139 0.0000000000
65055  -48.500  -18.141  37.397 0.0000000000
65967  -49.574  -17.683  37.760 0.0000000000
66909  -50.479  -16.150  38.034 0.0000000000
67784  -49.692  -15.831  37.489 0.0000000000
66910  -51.017  -15.612  38.169 0.0000000000
67786  -50.982  -14.688  37.943 0.0000000000
68648  -51.534  -14.138  38.145 0.0000000000
68661  -51.124  -13.849  37.475 0.0000000000
68671  -50.766  -13.759  36.744 0.0000000000
69557  -50.636  -13.682  35.356 0.0000000000
69591  -50.235  -13.585  33.542 0.0000000000
70480  -50.059  -12.742  32.422 0.0000000000
32308  -14.855  -53.640  62.133 0.0000000000
31372  -14.468  -54.253  63.832 0.0000000000
31378  -13.341  -54.620  62.067 0.0000000000
30509  -13.264  -55.099  62.637 0.0000000000
30508  -12.821  -55.599  62.810 0.0000000000
30486  -14.794  -55.123  66.473 0.0000000000
30488  -13.206  -55.660  65.861 0.0000000000
29602  -13.107  -56.273  66.108 0.0000000000
29619  -11.561  -56.385  62.619 0.0000000000
29612  -11.155  -57.181  63.055 0.0000000000
25688  -10.203  -61.025  64.380 0.0000000000
26658  -10.920  -60.258  64.673 0.0000000000
58365  -43.789  -25.549  56.661 0.0000000000
128174  -39.751  -30.897  58.910 0.0000000000
52709  -40.410  -31.082  57.396 0.0000000000
53696  -41.359  -30.255  54.127 0.0000000000
54665  -41.653  -29.697  53.738 0.0000000000
54650  -41.387  -29.186  55.361 0.0000000000
56441  -41.742  -27.322  56.404 0.0000000000
57407  -42.131  -26.641  56.010 0.0000000000
57417  -42.369  -26.672  55.091 0.0000000000
57408  -42.657  -26.058  55.725 0.0000000000
58377  -43.178  -25.630  55.328 0.0000000000
59327  -43.009  -25.470  51.804 0.0000000000
58431  -41.892  -25.887  50.890 0.0000000000
58432  -42.538  -25.740  51.374 0.0000000000
58446  -42.310  -25.691  50.693 0.0000000000
58473  -41.890  -25.810  49.256 0.0000000000
57478  -39.842  -26.645  49.317 0.0000000000
58457  -40.046  -26.255  49.116 0.0000000000
57513  -39.287  -26.644  47.667 0.0000000000
58479  -39.841  -26.377  48.377 0.0000000000
143778  -40.401  -26.123  48.839 0.0000000000
57498  -40.506  -26.303  48.311 0.0000000000
130787  -41.442  -26.693  48.043 0.0000000000
55636  -39.969  -28.517  45.199 0.0000000000
55688  -40.052  -28.992  42.632 0.0000000000
55697  -39.436  -28.556  41.070 0.0000000000
56571  -34.913  -26.739  45.970 0.0000000000
57540  -34.819  -26.733  45.505 0.0000000000
56607  -34.245  -26.781  44.593 0.0000000000
119274  -34.999  -26.764  44.850 0.0000000000
56629  -35.920  -28.014  42.872 0.0000000000
56664  -36.493  -28.214  40.268 0.0000000000
55695  -37.403  -28.797  41.164 0.0000000000
55696  -38.455  -28.931  41.356 0.0000000000
40455  -17.105  -44.923  61.152 0.0000000000
40444  -16.958  -44.828  62.185 0.0000000000
43398  -20.224  -40.995  53.388 0.0000000000
43390  -20.763  -40.996  54.627 0.0000000000
43355  -22.955  -41.492  57.226 0.0000000000
121630  -22.557  -41.671  57.949 0.0000000000
119711  -22.911  -41.711  58.619 0.0000000000
43317  -23.545  -41.908  59.974 0.0000000000
46177  -25.791  -38.803  51.244 0.0000000000
45287  -25.127  -38.899  51.905 0.0000000000
44344  -25.010  -39.623  54.065 0.0000000000
45263  -28.295  -39.536  53.793 0.0000000000
45253  -27.640  -39.647  54.430 0.0000000000
45243  -27.811  -39.802  55.731 0.0000000000
45242  -27.071  -39.831  55.172 0.0000000000
124484  -26.722  -39.624  54.360 0.0000000000
44332  -26.141  -39.766  55.036 0.0000000000
44331  -25.248  -39.845  54.996 0.0000000000
143904  -25.183  -40.335  55.703 0.0000000000
44282  -25.692  -40.795  57.471 0.0000000000
43356  -25.174  -41.201  58.098 0.0000000000
43330  -24.337  -41.818  59.405 0.0000000000
120577  -25.045  -41.771  62.808 0.0000000000
43293  -25.705  -41.514  62.166 0.0000000000
43281  -25.440  -41.543  63.742 0.0000000000
127319  -27.882  -40.499  61.918 0.0000000000
44225  -27.436  -40.793  62.970 0.0000000000
33231  -14.903  -52.585  59.710 0.0000000000
34144  -16.103  -51.482  58.727 0.0000000000
135860  -17.372  -49.481  64.013 0.0000000000
120173  -40.839  -27.687  41.411 0.0000000000
131083  -41.388  -27.719  42.074 0.0000000000
119250  -42.740  -27.883  43.142 0.0000000000
56652  -42.207  -26.610  41.774 0.0000000000
56611  -43.489  -27.871  43.590 0.0000000000
58537  -43.842  -24.973  40.993 0.0000000000
137614  -45.920  -25.811  43.160 0.0000000000
57580  -45.138  -26.026  42.924 0.0000000000
56613  -45.189  -27.326  43.875 0.0000000000
56597  -45.532  -27.772  44.640 0.0000000000
139657  -46.035  -27.838  45.187 0.0000000000
126514  -46.922  -27.896  46.077 0.0000000000
56543  -48.023  -27.891  46.925 0.0000000000
124411  -48.834  -27.675  47.415 0.0000000000
56584  -48.390  -27.584  45.548 0.0000000000
56564  -48.658  -27.756  46.395 0.0000000000
60312  -47.710  -22.704  40.954 0.0000000000
60295  -48.201  -23.233  41.678 0.0000000000
61173  -48.941  -22.983  42.024 0.0000000000
136810  -49.004  -24.960  44.270 0.0000000000
121156  -49.860  -24.681  44.471 0.0000000000
58496  -50.178  -26.416  45.017 0.0000000000
143391  -52.394  -13.023  37.635 0.0000000000
69544  -53.019  -12.919  37.316 0.0000000000
69536  -55.029  -12.827  37.755 0.0000000000
70447  -56.191  -12.728  37.373 0.0000000000
70448  -57.245  -11.975  36.823 0.0000000000
70449  -57.843  -11.519  36.132 0.0000000000
71342  -58.032  -11.466  35.768 0.0000000000
70462  -57.903  -11.640  35.190 0.0000000000
71344  -58.501  -11.801  34.947 0.0000000000
121439  -55.276  -13.873  32.202 0.0000000000
120502  -56.189  -14.157  32.343 0.0000000000
70474  -57.820  -11.869  33.102 0.0000000000
139274  -59.316  -10.802  31.219 0.0000000000
44268  -28.150  -40.100  58.695 0.0000000000
44283  -26.366  -40.499  57.343 0.0000000000
44356  -23.252  -39.788  52.634 0.0000000000
45238  -30.274  -39.203  56.395 0.0000000000
45254  -28.509  -39.593  54.558 0.0000000000
46140  -30.770  -38.766  55.957 0.0000000000
48910  -31.137  -35.966  58.163 0.0000000000
50895  -38.220  -33.154  56.726 0.0000000000
50906  -33.732  -34.164  56.907 0.0000000000
50919  -36.658  -33.626  55.488 0.0000000000
50929  -35.352  -33.955  54.795 0.0000000000
51850  -39.438  -32.322  56.377 0.0000000000
51889  -37.975  -32.015  52.136 0.0000000000
52717  -40.514  -31.208  56.564 0.0000000000
53672  -40.876  -30.618  56.272 0.0000000000
54680  -41.113  -30.188  51.827 0.0000000000
55656  -42.400  -28.560  44.461 0.0000000000
55669  -38.657  -29.135  43.402 0.0000000000
56582  -46.091  -27.990  45.913 0.0000000000
57531  -41.260  -27.253  47.253 0.0000000000
57566  -45.573  -26.531  43.507 0.0000000000
58502  -46.513  -25.539  43.228 0.0000000000
59318  -46.084  -24.971  53.387 0.0000000000
61218  -47.664  -22.124  40.220 0.0000000000
64989  -53.855  -18.378  44.199 0.0000000000
68630  -53.791  -15.099  39.644 0.0000000000
69618  -56.621  -13.827  31.196 0.0000000000
121390  -43.755  -25.492  41.510 0.0000000000
122006  -40.109  -31.967  54.976 0.0000000000
127819  -54.303  -12.410  38.846 0.0000000000
128691  -44.187  -24.953  54.059 0.0000000000
142355  -43.928  -24.993  51.867 0.0000000000
142671  -35.378  -33.981  57.030 0.0000000000
