#!ascii label  , from subject sub-v2s18x29501_ses-1 vox2ras=TkReg
2136
12760  -42.484  -74.372  -14.859 0.1000000015
11749  -41.639  -75.688  -15.818 0.1000000015
124040  -39.250  -77.174  -16.353 0.1000000015
11765  -40.714  -75.640  -16.664 0.1000000015
11764  -39.918  -75.759  -16.846 0.1000000015
11784  -41.182  -75.141  -17.282 0.1000000015
11794  -39.318  -75.248  -18.265 0.1000000015
12800  -42.317  -74.860  -18.957 0.1000000015
11797  -42.201  -75.221  -19.630 0.1000000015
126015  -41.120  -75.097  -19.468 0.1000000015
11811  -40.646  -75.259  -20.194 0.1000000015
12808  -43.415  -75.233  -19.573 0.1000000015
11812  -41.749  -75.513  -20.374 0.1000000015
11828  -39.081  -75.341  -20.885 0.1000000015
11830  -42.197  -75.928  -21.240 0.1000000015
133896  -43.197  -75.235  -21.707 0.1000000015
11829  -40.189  -75.522  -21.006 0.1000000015
10893  -41.419  -76.321  -22.272 0.1000000015
10892  -40.860  -76.288  -21.909 0.1000000015
15856  -44.001  -71.192  -13.952 0.1000000015
13784  -42.369  -73.761  -15.373 0.1000000015
14790  -43.061  -72.503  -14.337 0.1000000015
12774  -42.128  -74.326  -16.173 0.1000000015
14801  -43.818  -71.983  -15.745 0.1000000015
14809  -43.469  -72.710  -16.234 0.1000000015
13792  -42.510  -73.688  -16.247 0.1000000015
14810  -44.553  -72.522  -16.866 0.1000000015
12786  -41.889  -74.743  -18.038 0.1000000015
13799  -43.879  -73.917  -18.183 0.1000000015
12802  -43.713  -74.600  -18.795 0.1000000015
12809  -44.211  -75.178  -19.952 0.1000000015
18992  -44.899  -67.723  -21.212 0.1000000015
18030  -44.452  -68.249  -23.183 0.1000000015
137921  -44.719  -69.260  -23.087 0.1000000015
17006  -44.943  -70.367  -22.234 0.1000000015
14910  -44.238  -72.520  -21.683 0.1000000015
14909  -43.754  -73.369  -21.937 0.1000000015
136703  -44.245  -73.629  -21.177 0.1000000015
13829  -44.211  -74.555  -20.817 0.1000000015
11852  -42.723  -75.694  -21.716 0.1000000015
11831  -42.859  -75.767  -21.189 0.1000000015
16874  -45.756  -70.698  -12.781 0.1000000015
17907  -48.050  -68.514  -14.618 0.2000000030
17896  -46.269  -69.467  -13.702 0.2000000030
16883  -44.807  -70.849  -13.250 0.1000000015
17922  -47.387  -68.930  -15.253 0.1000000015
17920  -46.093  -69.795  -15.331 0.1000000015
16884  -45.437  -70.055  -13.562 0.1000000015
17921  -46.944  -69.597  -15.855 0.1000000015
16911  -44.950  -70.527  -15.196 0.1000000015
21688  -44.596  -65.105  -12.671 0.1000000015
21698  -45.351  -65.587  -13.081 0.1000000015
16939  -46.105  -70.922  -16.657 0.1000000015
15888  -45.720  -71.602  -16.938 0.1000000015
20803  -44.810  -66.331  -13.519 0.1000000015
20828  -45.239  -66.739  -14.234 0.1000000015
20829  -46.140  -66.421  -14.666 0.1000000015
19918  -46.237  -66.931  -17.386 0.1000000015
20869  -46.740  -66.417  -16.863 0.1000000015
19943  -46.321  -66.331  -19.970 0.1000000015
15889  -46.258  -71.308  -17.336 0.1000000015
14848  -45.585  -72.568  -18.001 0.1000000015
130428  -44.192  -74.862  -19.416 0.1000000015
20868  -45.962  -67.000  -16.239 0.1000000015
19931  -45.625  -67.362  -17.830 0.1000000015
19932  -46.321  -66.614  -18.674 0.1000000015
19963  -46.317  -66.369  -20.993 0.1000000015
19007  -47.444  -66.951  -21.342 0.1000000015
18004  -46.474  -69.157  -21.174 0.1000000015
13812  -44.770  -73.936  -18.977 0.1000000015
13822  -44.712  -74.050  -19.563 0.1000000015
18972  -45.297  -67.622  -19.380 0.1000000015
18993  -45.540  -67.122  -20.818 0.1000000015
19982  -46.111  -66.783  -21.540 0.1000000015
18019  -46.314  -67.909  -21.970 0.1000000015
15950  -45.553  -71.250  -20.471 0.1000000015
122399  -44.634  -72.799  -20.836 0.1000000015
18031  -45.096  -68.186  -22.711 0.1000000015
17018  -45.217  -69.077  -22.646 0.1000000015
17007  -45.525  -69.941  -21.842 0.1000000015
15961  -44.775  -71.686  -21.460 0.1000000015
13830  -44.561  -73.891  -20.359 0.1000000015
12817  -44.015  -75.176  -20.600 0.1000000015
19886  -49.098  -67.812  -14.446 0.1000000015
18895  -48.355  -68.724  -13.460 0.2000000030
17885  -47.513  -70.206  -12.621 0.1000000015
18884  -49.988  -69.461  -12.203 0.2000000030
17887  -49.617  -70.300  -12.000 0.2000000030
128237  -48.523  -68.074  -15.101 0.1000000015
18923  -48.060  -68.633  -15.756 0.1000000015
23515  -43.145  -63.607  -12.420 0.1000000015
135447  -44.115  -64.633  -12.549 0.1000000015
122328  -47.642  -69.251  -16.308 0.1000000015
16940  -46.687  -70.614  -17.234 0.1000000015
16941  -47.275  -70.020  -17.529 0.1000000015
20804  -45.770  -66.177  -13.789 0.1000000015
20850  -46.456  -66.494  -15.711 0.1000000015
15911  -46.481  -71.295  -17.862 0.1000000015
20851  -47.171  -65.924  -16.321 0.1000000015
20885  -47.033  -65.965  -18.362 0.1000000015
20910  -47.545  -65.588  -20.736 0.1000000015
19965  -47.985  -66.538  -20.864 0.1000000015
139243  -47.459  -68.871  -19.765 0.1000000015
16985  -46.475  -70.922  -19.087 0.1000000015
15925  -46.033  -72.020  -18.157 0.1000000015
14889  -45.356  -71.910  -19.750 0.1000000015
12818  -44.462  -74.755  -20.083 0.1000000015
22616  -51.736  -64.933  -14.065 0.1000000015
21701  -51.587  -65.932  -13.145 0.1000000015
21720  -50.808  -65.576  -14.511 0.1000000015
20831  -50.680  -66.429  -13.824 0.1000000015
20805  -50.545  -67.225  -13.370 0.1000000015
20806  -51.273  -66.902  -12.813 0.2000000030
19862  -51.091  -67.652  -12.435 0.2000000030
19860  -49.594  -68.066  -13.471 0.2000000030
18885  -50.393  -69.129  -11.983 0.2000000030
17888  -49.931  -69.895  -11.837 0.2000000030
19907  -49.046  -67.479  -15.434 0.1000000015
141556  -50.328  -66.099  -14.841 0.1000000015
19908  -49.555  -66.877  -16.229 0.1000000015
19919  -49.030  -67.375  -16.676 0.1000000015
23516  -44.163  -63.855  -12.272 0.1000000015
22600  -46.177  -64.042  -12.818 0.1000000015
22614  -46.921  -64.286  -13.364 0.1000000015
18924  -48.527  -68.109  -16.144 0.1000000015
18955  -48.307  -68.845  -17.538 0.1000000015
23500  -42.715  -62.884  -12.065 0.1000000015
22599  -45.411  -64.677  -12.667 0.1000000015
22613  -46.245  -64.950  -13.077 0.1000000015
21719  -47.640  -65.218  -14.864 0.1000000015
21738  -47.697  -65.376  -15.999 0.1000000015
128509  -48.285  -64.731  -18.368 0.1000000015
21791  -49.053  -64.704  -19.806 0.1000000015
126511  -48.904  -66.620  -19.192 0.1000000015
18956  -48.712  -67.895  -18.182 0.1000000015
17959  -47.805  -69.462  -17.885 0.1000000015
23514  -42.612  -63.189  -12.625 0.1000000015
138327  -47.716  -65.216  -19.635 0.1000000015
21801  -48.596  -64.970  -20.326 0.1000000015
19945  -48.201  -67.534  -19.789 0.1000000015
130365  -47.834  -68.475  -19.349 0.1000000015
16973  -46.755  -70.734  -18.379 0.1000000015
24554  -42.255  -62.685  -12.856 0.1000000015
25561  -41.924  -61.451  -13.230 0.1000000015
140194  -42.277  -61.812  -13.891 0.1000000015
25562  -42.323  -61.109  -14.024 0.1000000015
24617  -52.475  -61.561  -16.233 0.1000000015
23554  -52.194  -63.241  -14.878 0.1000000015
25599  -51.688  -61.427  -16.795 0.1000000015
23570  -51.617  -63.139  -16.394 0.1000000015
23535  -52.575  -63.658  -13.653 0.1000000015
20807  -51.689  -66.502  -12.334 0.1000000015
20794  -51.482  -67.122  -12.124 0.2000000030
23571  -51.382  -62.410  -17.133 0.1000000015
22647  -51.200  -63.598  -16.913 0.1000000015
21741  -50.956  -64.616  -15.578 0.1000000015
19847  -51.187  -67.795  -11.935 0.2000000030
25598  -50.811  -61.416  -16.807 0.1000000015
26492  -41.673  -60.604  -10.949 0.1000000015
25535  -42.115  -61.679  -11.628 0.1000000015
24543  -42.930  -62.469  -11.517 0.1000000015
132548  -43.589  -62.445  -11.393 0.1000000015
24555  -44.600  -63.259  -11.958 0.1000000015
128703  -45.289  -63.601  -12.319 0.1000000015
23517  -46.322  -63.169  -12.637 0.1000000015
142325  -50.220  -61.720  -16.598 0.1000000015
23581  -50.306  -62.762  -18.079 0.1000000015
20871  -50.404  -65.292  -17.195 0.1000000015
136079  -50.099  -66.193  -16.988 0.1000000015
23501  -43.560  -63.071  -11.855 0.1000000015
22615  -47.743  -64.472  -14.101 0.1000000015
23551  -48.248  -63.773  -14.303 0.1000000015
22632  -48.462  -64.202  -15.324 0.1000000015
140290  -49.824  -64.417  -18.954 0.1000000015
120288  -50.070  -65.343  -18.204 0.1000000015
19920  -49.668  -66.561  -17.397 0.1000000015
26510  -41.530  -60.618  -11.684 0.1000000015
22646  -48.911  -63.759  -17.302 0.1000000015
21759  -48.894  -63.901  -18.432 0.1000000015
22677  -49.581  -63.825  -18.944 0.1000000015
20887  -49.306  -65.541  -19.344 0.1000000015
19933  -49.242  -66.992  -18.019 0.1000000015
25534  -41.794  -61.236  -11.629 0.1000000015
142394  -42.135  -62.222  -12.498 0.1000000015
134069  -41.497  -60.450  -12.289 0.1000000015
26533  -41.729  -60.559  -13.072 0.1000000015
136381  -42.558  -59.833  -14.290 0.1000000015
26547  -42.746  -60.567  -14.719 0.1000000015
23555  -52.781  -62.765  -14.293 0.1000000015
26567  -51.621  -60.739  -16.635 0.1000000015
143073  -52.292  -60.197  -16.508 0.1000000015
25584  -53.081  -61.032  -15.661 0.1000000015
144060  -52.440  -64.517  -13.006 0.1000000015
25583  -50.725  -60.777  -15.945 0.1000000015
26549  -50.307  -60.320  -14.903 0.1000000015
24574  -52.993  -62.361  -14.002 0.1000000015
136465  -52.239  -65.167  -12.466 0.1000000015
119178  -49.278  -61.358  -14.396 0.1000000015
130844  -49.978  -60.965  -14.958 0.1000000015
22581  -52.011  -65.375  -11.924 0.2000000030
25523  -42.074  -61.290  -11.073 0.1000000015
24544  -44.365  -62.585  -11.568 0.1000000015
24556  -45.232  -62.701  -11.906 0.1000000015
144105  -49.462  -62.013  -14.890 0.1000000015
23569  -49.857  -62.410  -17.329 0.1000000015
144233  -51.847  -64.864  -11.886 0.1000000015
22580  -51.351  -64.980  -11.664 0.2000000030
24528  -43.227  -61.990  -10.976 0.1000000015
23532  -46.791  -63.568  -13.060 0.1000000015
24573  -47.630  -62.672  -13.396 0.1000000015
23552  -48.765  -63.281  -15.105 0.1000000015
22662  -49.395  -63.543  -18.376 0.1000000015
133402  -41.380  -59.059  -12.188 0.1000000015
27547  -41.526  -59.726  -12.662 0.1000000015
27548  -42.030  -59.538  -13.578 0.1000000015
28549  -42.338  -58.420  -13.612 0.1000000015
27565  -42.720  -59.078  -14.272 0.1000000015
26548  -43.094  -59.663  -14.882 0.1000000015
27566  -50.512  -59.465  -14.571 0.1000000015
27551  -50.611  -58.631  -14.272 0.1000000015
27568  -52.111  -58.961  -15.806 0.1000000015
26537  -49.606  -59.970  -14.022 0.1000000015
26550  -51.475  -59.838  -15.955 0.1000000015
27581  -52.794  -58.581  -15.831 0.1000000015
24595  -52.947  -61.944  -14.977 0.1000000015
27582  -53.314  -59.120  -15.944 0.1000000015
23520  -52.674  -63.125  -13.563 0.1000000015
25564  -48.391  -61.414  -13.656 0.1000000015
26536  -48.867  -60.627  -13.617 0.1000000015
25566  -53.301  -60.845  -14.071 0.1000000015
26476  -41.837  -60.251  -10.246 0.1000000015
26493  -42.210  -60.809  -10.409 0.1000000015
26494  -42.928  -60.886  -10.000 0.1000000015
25536  -44.149  -61.967  -11.089 0.1000000015
131429  -45.488  -61.119  -11.317 0.1000000015
24557  -46.606  -62.249  -12.523 0.1000000015
24558  -47.362  -62.109  -13.004 0.1000000015
119391  -47.958  -62.058  -13.565 0.1000000015
25553  -52.614  -61.683  -13.447 0.1000000015
139138  -52.492  -63.199  -13.012 0.1000000015
27511  -41.407  -60.035  -11.228 0.1000000015
25548  -45.917  -62.031  -12.027 0.1000000015
24572  -47.057  -62.878  -12.981 0.1000000015
25581  -48.678  -62.052  -14.204 0.1000000015
24559  -50.945  -62.555  -12.343 0.1000000015
28509  -41.194  -59.165  -11.216 0.1000000015
28528  -41.391  -58.213  -11.936 0.1000000015
142531  -41.545  -58.505  -12.494 0.1000000015
29494  -41.799  -57.973  -12.847 0.1000000015
30421  -42.680  -56.806  -13.517 0.1000000015
29530  -42.848  -57.671  -13.910 0.1000000015
30434  -43.535  -56.388  -14.744 0.1000000015
28531  -49.561  -58.000  -13.134 0.1000000015
28550  -50.305  -58.091  -13.827 0.1000000015
28551  -51.295  -57.705  -14.566 0.1000000015
27533  -49.037  -58.879  -12.960 0.1000000015
28573  -52.226  -58.046  -15.433 0.1000000015
27549  -48.984  -59.697  -13.204 0.1000000015
28529  -48.056  -58.707  -12.177 0.1000000015
28574  -53.141  -57.688  -15.498 0.1000000015
26552  -53.690  -60.391  -14.935 0.1000000015
26535  -48.125  -60.895  -13.179 0.1000000015
26524  -48.298  -60.229  -12.878 0.1000000015
28576  -54.036  -58.185  -15.274 0.1000000015
28494  -41.182  -58.826  -10.255 0.1000000015
25537  -45.170  -61.840  -11.524 0.1000000015
26522  -46.963  -60.877  -12.299 0.1000000015
26523  -47.579  -60.712  -12.650 0.1000000015
127307  -47.784  -59.956  -12.433 0.1000000015
27554  -54.168  -58.923  -14.441 0.1000000015
123017  -41.098  -58.165  -10.891 0.1000000015
140674  -41.792  -59.747  -9.804 0.1000000015
26477  -42.365  -60.290  -9.824 0.1000000015
132549  -43.664  -60.698  -9.945 0.1000000015
26495  -44.529  -60.656  -10.380 0.1000000015
25538  -45.953  -61.290  -11.734 0.1000000015
26527  -52.610  -60.583  -13.451 0.1000000015
29475  -41.306  -57.362  -11.555 0.1000000015
31285  -41.992  -55.589  -12.401 0.1000000015
30410  -41.678  -56.539  -12.153 0.1000000015
32206  -42.274  -54.822  -12.605 0.1000000015
30411  -42.293  -56.237  -12.895 0.1000000015
128008  -42.711  -55.992  -13.386 0.1000000015
31293  -43.367  -55.255  -14.098 0.1000000015
31292  -42.961  -55.372  -13.525 0.1000000015
28511  -47.497  -58.551  -11.645 0.1000000015
28512  -48.254  -57.961  -12.033 0.1000000015
29511  -50.510  -57.221  -13.748 0.1000000015
28510  -46.713  -58.891  -11.128 0.1000000015
29512  -51.755  -56.634  -14.257 0.1000000015
27495  -45.176  -59.818  -10.409 0.1000000015
27512  -45.908  -59.993  -11.092 0.1000000015
27513  -46.427  -59.556  -11.255 0.1000000015
27531  -47.614  -59.345  -12.099 0.1000000015
29532  -52.597  -57.085  -15.105 0.1000000015
29458  -41.097  -57.874  -9.967 0.1000000015
28474  -41.455  -58.562  -9.485 0.1000000015
26478  -43.142  -60.237  -9.590 0.1000000015
26496  -45.364  -60.591  -10.917 0.1000000015
26512  -46.504  -60.735  -11.893 0.1000000015
28552  -54.204  -57.956  -14.369 0.1000000015
138681  -41.044  -57.377  -10.752 0.1000000015
26538  -53.735  -59.912  -13.998 0.1000000015
125301  -51.576  -60.983  -13.038 0.1000000015
30398  -41.098  -56.543  -11.121 0.1000000015
31277  -41.412  -55.665  -11.651 0.1000000015
32205  -41.673  -54.817  -11.995 0.1000000015
33105  -41.995  -54.076  -12.307 0.1000000015
126599  -42.554  -54.200  -12.771 0.1000000015
33106  -42.590  -53.416  -12.549 0.1000000015
34928  -43.636  -51.696  -12.542 0.1000000015
122692  -43.542  -54.002  -13.828 0.1000000015
29496  -49.049  -57.539  -12.439 0.1000000015
29497  -49.881  -56.991  -13.017 0.1000000015
140898  -50.764  -56.580  -13.515 0.1000000015
137905  -41.378  -57.813  -9.268 0.1000000015
27483  -43.560  -59.451  -9.308 0.1000000015
27484  -44.582  -59.204  -9.680 0.1000000015
27496  -46.030  -59.299  -10.737 0.1000000015
31271  -40.898  -55.656  -10.835 0.1000000015
129961  -40.851  -56.252  -10.350 0.1000000015
124007  -41.158  -57.167  -9.393 0.1000000015
143077  -41.789  -59.193  -9.472 0.1000000015
27482  -42.489  -59.536  -9.348 0.1000000015
26479  -44.124  -60.081  -9.765 0.1000000015
29533  -53.658  -57.150  -15.062 0.1000000015
32197  -41.108  -54.866  -11.245 0.1000000015
33095  -41.370  -53.921  -11.534 0.1000000015
34919  -41.508  -52.038  -11.011 0.1000000015
33096  -41.913  -53.367  -11.993 0.1000000015
34920  -42.117  -51.890  -11.482 0.1000000015
34006  -42.319  -52.630  -12.011 0.1000000015
120672  -42.810  -50.954  -11.409 0.1000000015
34927  -42.879  -51.767  -12.027 0.1000000015
136002  -44.191  -50.438  -12.122 0.1000000015
123067  -46.395  -57.708  -10.323 0.1000000015
29476  -47.777  -57.500  -11.490 0.1000000015
29477  -48.565  -57.071  -11.847 0.1000000015
29478  -49.427  -56.682  -12.247 0.1000000015
30399  -49.038  -56.212  -11.432 0.1000000015
28479  -45.784  -58.013  -9.916 0.1000000015
28495  -45.469  -58.857  -10.133 0.1000000015
132890  -40.527  -54.145  -10.136 0.1000000015
32187  -40.543  -54.895  -9.591 0.1000000015
33085  -40.851  -53.359  -10.708 0.1000000015
34914  -41.886  -51.325  -10.867 0.1000000015
35784  -43.810  -50.293  -11.617 0.1000000015
36618  -44.350  -49.129  -11.820 0.1000000015
28497  -46.996  -57.896  -10.944 0.1000000015
29461  -48.093  -56.597  -11.208 0.1000000015
28478  -44.953  -58.334  -9.531 0.1000000015
31261  -40.814  -55.671  -9.088 0.1000000015
30372  -41.134  -56.549  -8.969 0.1000000015
28454  -41.767  -58.024  -8.906 0.1000000015
28476  -43.020  -58.807  -8.886 0.1000000015
33997  -40.729  -52.617  -10.190 0.1000000015
34913  -41.134  -51.821  -10.371 0.1000000015
35775  -42.391  -50.459  -10.602 0.1000000015
36601  -43.857  -49.150  -10.601 0.1000000015
37519  -44.044  -48.694  -11.183 0.1000000015
141274  -43.693  -48.131  -11.611 0.1000000015
29443  -46.147  -57.071  -9.850 0.1000000015
29429  -44.028  -57.105  -8.534 0.1000000015
29441  -44.485  -57.765  -8.989 0.1000000015
29442  -45.344  -57.467  -9.419 0.1000000015
132101  -40.416  -54.098  -9.285 0.1000000015
32180  -40.643  -54.740  -8.803 0.1000000015
30361  -41.637  -56.614  -8.566 0.1000000015
29427  -42.058  -57.357  -8.572 0.1000000015
29428  -42.995  -57.301  -8.403 0.1000000015
33084  -40.502  -53.370  -9.825 0.1000000015
36593  -43.546  -48.861  -9.862 0.1000000015
37505  -43.708  -48.448  -10.221 0.1000000015
38358  -42.916  -47.391  -10.168 0.1000000015
124634  -42.757  -47.305  -10.957 0.1000000015
30363  -43.506  -56.409  -8.150 0.1000000015
31248  -41.091  -55.273  -8.445 0.1000000015
140126  -41.851  -55.765  -8.109 0.1000000015
30362  -42.451  -56.576  -8.222 0.1000000015
34901  -40.600  -51.978  -9.131 0.1000000015
35770  -41.994  -49.995  -9.830 0.1000000015
36600  -43.003  -49.628  -10.237 0.1000000015
38347  -43.601  -47.932  -9.614 0.1000000015
39241  -41.690  -46.339  -9.352 0.1000000015
33980  -40.526  -52.652  -8.754 0.1000000015
35769  -41.335  -50.566  -9.312 0.1000000015
36591  -41.876  -49.695  -8.977 0.1000000015
36592  -42.806  -49.271  -9.443 0.1000000015
37477  -43.667  -48.039  -9.051 0.1000000015
39234  -42.466  -46.909  -8.829 0.1000000015
39233  -41.636  -46.348  -8.398 0.1000000015
39222  -42.587  -46.970  -7.947 0.1000000015
35761  -41.280  -50.404  -8.354 0.1000000015
37464  -43.320  -47.932  -8.023 0.1000000015
38334  -43.175  -47.542  -8.419 0.1000000015
38321  -42.939  -47.560  -7.646 0.1000000015
11748  -41.095  -76.110  -15.986 0.1000000015
10831  -38.773  -76.614  -16.735 0.1000000015
12773  -41.780  -74.766  -16.963 0.1000000015
11783  -40.474  -75.321  -17.425 0.1000000015
13798  -43.124  -73.685  -17.247 0.1000000015
11796  -41.260  -74.964  -18.520 0.1000000015
132372  -39.130  -75.098  -18.913 0.1000000015
12801  -42.788  -74.641  -18.572 0.1000000015
14800  -42.973  -72.453  -15.147 0.1000000015
141102  -44.260  -71.102  -15.184 0.1000000015
13785  -42.679  -73.132  -15.621 0.1000000015
15887  -44.883  -71.781  -16.415 0.1000000015
13794  -44.028  -73.187  -17.404 0.1000000015
14829  -45.023  -72.924  -17.829 0.1000000015
13800  -44.630  -73.570  -18.416 0.1000000015
19018  -44.593  -67.876  -22.785 0.1000000015
15979  -43.691  -70.614  -23.414 0.1000000015
15980  -44.315  -71.284  -22.364 0.1000000015
14931  -43.746  -72.113  -22.566 0.1000000015
17897  -46.945  -69.528  -13.156 0.1000000015
17906  -45.834  -69.620  -14.370 0.1000000015
17898  -47.878  -69.379  -12.895 0.2000000030
16912  -45.705  -70.409  -15.761 0.1000000015
21718  -46.692  -65.826  -14.253 0.1000000015
19944  -47.093  -65.646  -19.966 0.1000000015
140921  -45.825  -66.900  -20.028 0.1000000015
19983  -46.729  -66.478  -21.616 0.1000000015
19020  -46.180  -67.053  -21.950 0.1000000015
20929  -47.404  -65.993  -21.261 0.1000000015
18994  -47.313  -68.066  -20.960 0.1000000015
15962  -45.369  -70.958  -21.260 0.1000000015
16996  -45.972  -70.259  -20.982 0.1000000015
14868  -45.237  -72.528  -19.129 0.1000000015
16997  -46.548  -70.173  -20.072 0.1000000015
14888  -44.850  -72.928  -19.827 0.1000000015
137590  -49.683  -67.402  -14.139 0.1000000015
18896  -49.361  -68.665  -12.970 0.2000000030
17899  -49.066  -69.434  -12.562 0.2000000030
20830  -50.076  -66.790  -14.507 0.1000000015
18938  -48.229  -68.848  -16.691 0.1000000015
21737  -47.043  -65.988  -15.218 0.1000000015
122867  -47.705  -65.252  -17.035 0.1000000015
20898  -48.037  -65.144  -20.389 0.1000000015
20912  -48.806  -65.310  -20.206 0.1000000015
17977  -47.080  -69.991  -19.164 0.1000000015
15939  -45.824  -71.797  -18.919 0.1000000015
21740  -50.509  -65.360  -15.793 0.1000000015
21700  -46.989  -65.137  -13.786 0.1000000015
138379  -42.315  -62.494  -12.329 0.1000000015
21739  -48.284  -64.636  -17.168 0.1000000015
21777  -48.512  -64.771  -19.800 0.1000000015
18973  -48.184  -68.535  -18.550 0.1000000015
122765  -42.434  -63.069  -13.674 0.1000000015
26568  -53.160  -60.077  -16.218 0.1000000015
24594  -52.459  -62.389  -15.549 0.1000000015
120932  -51.986  -62.636  -16.215 0.1000000015
140080  -50.683  -63.199  -17.998 0.1000000015
21678  -51.169  -66.267  -11.525 0.2000000030
21761  -50.699  -64.126  -17.504 0.1000000015
24593  -49.738  -62.060  -16.147 0.1000000015
22663  -50.054  -63.355  -18.463 0.1000000015
21760  -50.215  -64.284  -18.473 0.1000000015
23534  -48.321  -62.888  -14.030 0.1000000015
23553  -49.355  -62.747  -15.946 0.1000000015
129413  -52.039  -62.580  -12.835 0.1000000015
29531  -43.272  -57.837  -14.603 0.1000000015
131030  -41.649  -57.404  -12.306 0.1000000015
30433  -43.194  -57.012  -14.268 0.1000000015
26513  -47.117  -60.153  -12.096 0.1000000015
27514  -46.981  -59.439  -11.645 0.1000000015
33116  -43.102  -53.909  -13.213 0.1000000015
124790  -44.213  -50.937  -12.523 0.1000000015
28477  -44.040  -58.640  -9.076 0.1000000015
20722  -45.823  -66.870  -4.340 0.5000000000
16813  -41.429  -70.047  -6.075 0.5000000000
16796  -41.848  -70.824  -6.004 0.5000000000
20709  -46.173  -66.685  -3.412 0.5000000000
19771  -45.622  -67.030  -5.100 0.5000000000
19792  -45.684  -67.464  -5.606 0.5000000000
131199  -41.572  -69.248  -5.721 0.5000000000
20698  -46.680  -66.490  -2.643 0.5000000000
18810  -41.745  -68.408  -5.578 0.5000000000
20708  -45.516  -66.024  -3.588 0.5000000000
21596  -46.055  -66.018  -2.937 0.5000000000
21608  -44.932  -65.585  -4.157 0.5000000000
132553  -45.308  -65.224  -3.588 0.4000000060
19804  -41.271  -67.688  -7.724 0.5000000000
19805  -41.695  -67.717  -8.555 0.5000000000
20755  -41.591  -66.160  -8.402 0.5000000000
134869  -42.274  -66.167  -9.068 0.5000000000
136021  -43.689  -64.074  -9.057 0.5000000000
22541  -42.427  -64.763  -8.673 0.5000000000
24510  -44.903  -62.847  -8.973 0.4000000060
25496  -45.938  -60.999  -8.728 0.4000000060
12651  -43.752  -74.540  -6.543 0.1000000015
15751  -42.391  -71.550  -5.962 0.5000000000
19741  -46.740  -67.248  -3.237 0.5000000000
19756  -46.501  -67.424  -4.133 0.5000000000
19772  -46.292  -67.504  -5.299 0.5000000000
19791  -44.957  -67.466  -5.680 0.4000000060
17814  -42.029  -70.011  -5.562 0.5000000000
21586  -47.056  -65.860  -2.078 0.5000000000
21574  -48.088  -65.754  -0.999 0.5000000000
21573  -47.380  -65.305  -1.540 0.5000000000
21585  -46.478  -65.567  -2.551 0.5000000000
21554  -47.590  -64.802  -0.941 0.4000000060
21572  -46.891  -65.053  -2.082 0.3000000119
21584  -45.858  -65.242  -3.041 0.4000000060
21622  -44.070  -65.594  -5.275 0.6999999881
135879  -43.709  -65.949  -5.542 0.5000000000
22450  -47.320  -64.380  -1.552 0.3000000119
22468  -47.040  -64.532  -2.254 0.3000000119
22467  -46.480  -64.849  -2.618 0.3000000119
22477  -45.508  -64.555  -3.519 0.4000000060
21607  -44.416  -65.096  -4.678 0.5000000000
22509  -43.924  -64.659  -5.120 0.6000000238
124474  -42.941  -65.865  -5.712 0.6000000238
121701  -41.981  -67.559  -5.531 0.6000000238
18819  -41.251  -68.626  -6.098 0.5000000000
18823  -41.066  -68.353  -7.326 0.3000000119
22478  -46.183  -64.424  -3.154 0.3000000119
23394  -45.593  -63.450  -4.285 0.4000000060
136316  -43.777  -63.826  -5.112 0.5000000000
21620  -42.525  -65.056  -5.776 0.6000000238
139586  -41.674  -65.346  -6.506 0.6000000238
119289  -41.319  -66.864  -6.630 0.5000000000
20751  -41.324  -66.225  -7.504 0.5000000000
121350  -46.785  -63.759  -3.578 0.4000000060
23395  -46.319  -63.380  -4.201 0.4000000060
23393  -44.876  -63.120  -4.626 0.5000000000
23425  -43.269  -63.331  -5.479 0.5000000000
23436  -41.854  -64.221  -6.855 0.5000000000
22519  -41.623  -64.739  -7.141 0.5000000000
21641  -41.492  -65.463  -7.937 0.5000000000
23396  -47.872  -63.473  -4.053 0.4000000060
124948  -47.099  -63.321  -4.183 0.4000000060
24441  -45.810  -62.759  -4.679 0.5000000000
24461  -43.618  -62.578  -5.585 0.5000000000
24477  -43.233  -62.266  -6.601 0.4000000060
22520  -41.818  -64.418  -7.538 0.5000000000
129820  -42.232  -64.143  -8.144 0.5000000000
24442  -46.791  -62.803  -4.595 0.4000000060
24464  -46.456  -62.199  -5.114 0.5000000000
25455  -44.055  -61.887  -5.825 0.5000000000
25483  -43.553  -61.800  -7.020 0.4000000060
130187  -43.419  -62.607  -8.098 0.4000000060
22528  -42.901  -64.011  -8.736 0.5000000000
25458  -46.972  -61.627  -5.506 0.5000000000
26431  -45.205  -60.728  -6.650 0.4000000060
25494  -44.456  -61.304  -7.854 0.4000000060
25495  -45.167  -61.253  -8.418 0.4000000060
25472  -46.427  -60.888  -6.019 0.3000000119
26433  -46.957  -60.421  -6.581 0.4000000060
26446  -46.628  -60.108  -7.271 0.3000000119
27444  -47.152  -59.729  -7.820 0.3000000119
27462  -47.619  -59.527  -8.277 0.3000000119
11641  -44.392  -76.079  -6.721 0.1000000015
140151  -43.897  -75.330  -6.696 0.1000000015
12652  -44.652  -75.013  -6.435 0.1000000015
14674  -44.666  -72.510  -5.630 0.4000000060
13665  -44.099  -73.073  -5.963 0.4000000060
14672  -42.886  -72.198  -5.975 0.4000000060
15752  -43.202  -71.498  -5.646 0.5000000000
14673  -43.790  -72.216  -5.705 0.4000000060
16798  -43.469  -70.707  -5.421 0.5000000000
16797  -42.634  -70.776  -5.624 0.5000000000
19757  -47.409  -67.946  -3.766 0.5000000000
19773  -47.080  -67.893  -5.235 0.5000000000
18813  -45.625  -67.927  -5.940 0.4000000060
122531  -42.875  -69.940  -5.356 0.5000000000
19728  -47.437  -66.704  -2.180 0.5000000000
19742  -47.309  -67.313  -2.765 0.5000000000
20687  -47.750  -66.254  -1.586 0.5000000000
121283  -43.270  -69.146  -5.281 0.6000000238
22432  -47.404  -64.042  -0.774 0.2000000030
23334  -47.619  -63.500  -0.191 0.2000000030
23344  -47.509  -63.666  -0.994 0.3000000119
23362  -47.449  -63.941  -2.013 0.3000000119
120380  -47.648  -63.851  -2.889 0.4000000060
24374  -47.812  -63.193  -0.555 0.3000000119
23345  -48.011  -63.223  -1.386 0.3000000119
140073  -48.257  -62.793  -0.613 0.3000000119
24421  -48.918  -62.889  -2.127 0.4000000060
23364  -48.881  -63.420  -2.997 0.4000000060
23376  -48.306  -63.595  -3.469 0.4000000060
24444  -48.498  -63.158  -4.666 0.4000000060
141081  -48.099  -62.602  -4.962 0.4000000060
23398  -49.691  -63.456  -4.535 0.3000000119
24466  -48.781  -62.752  -5.217 0.3000000119
24468  -50.369  -63.091  -5.761 0.3000000119
25460  -49.091  -62.222  -5.727 0.3000000119
26434  -47.934  -60.510  -6.542 0.4000000060
26447  -47.468  -59.965  -7.149 0.3000000119
24469  -51.218  -63.317  -6.022 0.2000000030
24479  -50.750  -62.871  -6.274 0.2000000030
26436  -50.401  -61.622  -6.706 0.3000000119
26448  -48.378  -59.954  -7.107 0.3000000119
123389  -52.678  -63.389  -6.934 0.1000000015
25477  -51.880  -62.658  -7.188 0.2000000030
135610  -49.763  -60.897  -6.680 0.4000000060
25462  -53.412  -61.690  -4.880 0.1000000015
13686  -45.344  -74.235  -6.151 0.1000000015
13666  -44.989  -73.309  -5.844 0.2000000030
133328  -45.201  -71.921  -5.452 0.5000000000
139048  -44.478  -71.870  -5.496 0.4000000060
15753  -44.000  -71.389  -5.466 0.4000000060
18799  -48.046  -68.571  -4.903 0.5000000000
123151  -46.918  -67.893  -6.005 0.4000000060
17819  -47.062  -68.293  -6.149 0.4000000060
120446  -46.409  -69.026  -6.039 0.4000000060
135484  -44.561  -69.974  -5.320 0.5000000000
16799  -44.279  -70.653  -5.357 0.5000000000
124678  -47.917  -67.332  -2.350 0.5000000000
19758  -48.193  -67.863  -2.957 0.5000000000
120800  -43.791  -69.923  -5.280 0.4000000060
20678  -48.825  -66.130  -0.403 0.4000000060
20688  -48.819  -66.700  -1.150 0.4000000060
19729  -48.215  -67.047  -1.824 0.5000000000
21555  -48.732  -65.496  0.201 0.4000000060
138884  -48.246  -65.332  -0.479 0.4000000060
22418  -48.357  -64.717  0.541 0.3000000119
22433  -47.890  -64.503  -0.166 0.3000000119
22417  -47.812  -63.933  0.590 0.3000000119
23322  -47.732  -63.261  0.584 0.2000000030
24327  -47.853  -62.901  0.964 0.1000000015
24375  -48.615  -62.451  -0.026 0.3000000119
142926  -48.904  -62.485  -0.721 0.3000000119
24398  -48.691  -62.700  -1.254 0.3000000119
24376  -49.499  -62.285  -0.310 0.2000000030
142508  -49.765  -62.744  -2.208 0.2000000030
23365  -49.823  -63.202  -3.015 0.2000000030
23399  -50.597  -63.456  -4.803 0.2000000030
24422  -50.723  -62.744  -2.287 0.2000000030
122809  -51.300  -63.449  -4.199 0.2000000030
24423  -51.954  -63.189  -2.792 0.2000000030
123200  -52.466  -63.587  -4.180 0.1000000015
24480  -51.686  -63.081  -6.692 0.2000000030
130579  -54.124  -63.483  -3.205 0.1000000015
23401  -53.481  -63.711  -4.862 0.1000000015
23439  -53.451  -63.668  -6.361 0.1000000015
24481  -53.713  -63.492  -7.059 0.1000000015
23382  -54.706  -63.429  -4.489 0.1000000015
23403  -54.913  -63.553  -5.187 0.1000000015
23431  -54.849  -63.575  -6.046 0.1000000015
25439  -54.680  -62.623  -4.307 0.1000000015
25463  -54.731  -62.529  -5.468 0.1000000015
25438  -52.200  -61.482  -4.362 0.1000000015
25413  -51.030  -61.155  -3.117 0.1000000015
131103  -45.939  -73.577  -5.861 0.3000000119
14675  -45.564  -72.687  -5.621 0.3000000119
15756  -48.680  -71.476  -6.156 0.3000000119
14677  -48.119  -72.380  -6.108 0.3000000119
134568  -46.250  -71.943  -5.523 0.3000000119
15754  -44.770  -71.278  -5.404 0.4000000060
131815  -49.240  -70.530  -6.113 0.3000000119
15755  -47.383  -71.434  -5.717 0.3000000119
124311  -45.626  -71.180  -5.432 0.5000000000
16800  -45.103  -70.518  -5.378 0.5000000000
18800  -49.438  -69.021  -4.972 0.4000000060
125001  -48.489  -69.034  -5.672 0.5000000000
130232  -47.504  -69.302  -6.075 0.4000000060
135901  -45.308  -69.615  -5.508 0.5000000000
19712  -50.003  -66.841  -0.472 0.4000000060
119236  -49.131  -67.401  -1.692 0.4000000060
19743  -48.798  -67.662  -2.292 0.5000000000
20643  -50.648  -66.498  1.096 0.4000000060
20663  -50.486  -66.644  0.297 0.4000000060
19730  -50.051  -67.390  -1.311 0.5000000000
21535  -49.620  -66.036  0.725 0.4000000060
21513  -49.808  -65.835  1.716 0.3000000119
21534  -48.913  -65.270  1.033 0.3000000119
21512  -48.856  -64.942  1.972 0.3000000119
22396  -48.343  -64.397  1.257 0.3000000119
120193  -48.431  -64.123  2.209 0.3000000119
24328  -48.208  -62.826  1.736 0.1000000015
24329  -48.938  -62.274  1.514 0.1000000015
24351  -49.193  -62.164  0.584 0.1000000015
129358  -50.175  -62.096  0.311 0.1000000015
24377  -50.560  -62.333  -0.587 0.2000000030
24352  -51.226  -62.207  0.068 0.1000000015
24400  -50.969  -62.522  -1.383 0.2000000030
24401  -52.097  -62.853  -1.811 0.2000000030
24402  -53.476  -63.094  -1.698 0.1000000015
24425  -54.280  -63.203  -2.305 0.1000000015
23367  -54.645  -63.223  -3.777 0.1000000015
136395  -54.937  -63.100  -4.388 0.1000000015
25416  -54.591  -61.799  -2.486 0.1000000015
25428  -54.539  -62.164  -3.218 0.1000000015
25414  -52.142  -61.410  -3.050 0.1000000015
26378  -51.411  -60.959  -2.305 0.1000000015
26357  -49.707  -60.715  -1.853 0.1000000015
26356  -48.226  -60.594  -1.341 0.1000000015
26338  -47.657  -60.447  -0.587 0.1000000015
27325  -46.586  -59.670  0.594 0.1000000015
13689  -48.977  -73.516  -6.206 0.3000000119
13688  -48.051  -73.966  -6.329 0.2000000030
15767  -49.694  -71.515  -6.251 0.3000000119
16803  -49.646  -69.833  -5.843 0.4000000060
16804  -50.551  -70.013  -5.735 0.3000000119
121527  -51.048  -67.449  -0.925 0.3000000119
19744  -50.193  -67.910  -2.232 0.4000000060
18784  -50.115  -68.626  -4.045 0.4000000060
121526  -50.937  -68.964  -4.948 0.3000000119
20664  -51.636  -67.114  0.684 0.3000000119
19713  -51.580  -67.299  -0.234 0.3000000119
120580  -50.861  -68.318  -3.274 0.4000000060
18785  -51.445  -68.669  -4.131 0.4000000060
18801  -51.882  -69.126  -4.739 0.3000000119
20628  -51.773  -67.051  2.853 0.3000000119
20644  -51.710  -67.045  1.625 0.3000000119
21514  -50.846  -66.505  1.964 0.3000000119
125830  -50.631  -66.288  2.937 0.3000000119
21496  -48.945  -64.615  2.774 0.3000000119
23290  -48.414  -63.450  2.294 0.2000000030
144304  -48.446  -63.017  2.328 0.1000000015
24303  -48.942  -62.665  2.375 0.1000000015
24304  -49.825  -62.474  2.928 0.1000000015
25365  -50.614  -61.886  1.955 0.1000000015
25376  -49.868  -61.995  1.238 0.1000000015
25377  -50.854  -61.950  0.962 0.1000000015
24378  -51.847  -62.505  -0.837 0.2000000030
24353  -52.356  -62.372  -0.026 0.2000000030
24379  -53.343  -62.706  -0.837 0.2000000030
24380  -54.678  -62.567  -0.631 0.1000000015
24403  -54.437  -62.804  -1.518 0.1000000015
25417  -54.877  -62.252  -2.549 0.1000000015
26362  -55.161  -61.577  -1.341 0.1000000015
25402  -54.867  -61.652  -1.911 0.1000000015
25401  -54.004  -61.300  -2.073 0.1000000015
26379  -52.615  -61.139  -2.237 0.1000000015
26359  -51.876  -60.650  -1.519 0.1000000015
26377  -50.374  -60.900  -2.458 0.1000000015
26339  -48.565  -60.429  -0.464 0.1000000015
26340  -49.558  -60.312  -0.332 0.1000000015
26321  -48.801  -60.196  0.371 0.1000000015
26319  -47.072  -60.200  0.095 0.1000000015
125737  -47.356  -59.808  0.768 0.1000000015
28336  -46.324  -59.135  1.058 0.1000000015
27317  -46.921  -59.395  1.094 0.1000000015
29317  -45.696  -57.884  1.273 0.1000000015
11629  -48.457  -74.894  -5.152 0.2000000030
12638  -48.146  -74.821  -5.988 0.2000000030
12626  -49.200  -74.389  -4.783 0.2000000030
14694  -50.101  -72.291  -6.168 0.3000000119
13645  -49.971  -73.415  -4.350 0.2000000030
14678  -50.333  -72.642  -5.710 0.3000000119
15768  -50.295  -71.491  -6.094 0.3000000119
136995  -51.503  -67.745  -1.717 0.3000000119
18761  -51.953  -68.098  -2.690 0.3000000119
17821  -51.303  -69.858  -5.481 0.3000000119
19714  -52.578  -67.549  0.254 0.3000000119
19731  -52.394  -67.626  -1.101 0.3000000119
18762  -53.017  -67.940  -1.950 0.3000000119
138692  -52.006  -68.470  -3.447 0.3000000119
18786  -52.392  -68.922  -3.868 0.3000000119
20629  -52.390  -67.773  3.112 0.3000000119
19681  -52.700  -67.965  2.178 0.3000000119
18774  -52.730  -68.527  -2.913 0.3000000119
17781  -52.823  -69.097  -3.294 0.3000000119
17790  -52.341  -69.436  -4.270 0.2000000030
131302  -52.188  -70.163  -4.569 0.2000000030
19654  -52.203  -67.791  3.911 0.2000000030
135255  -52.136  -67.491  3.858 0.2000000030
21498  -51.669  -66.912  4.083 0.3000000119
22383  -49.491  -64.931  3.630 0.3000000119
21497  -49.616  -65.395  2.869 0.3000000119
23291  -48.817  -63.330  2.842 0.1000000015
141070  -49.465  -63.726  3.648 0.2000000030
24284  -49.602  -63.042  3.353 0.1000000015
25336  -51.452  -62.252  3.976 0.1000000015
25337  -52.388  -62.430  5.025 0.1000000015
25315  -53.795  -61.941  5.328 0.1000000015
25353  -51.434  -61.927  2.819 0.1000000015
119840  -52.294  -62.061  3.711 0.1000000015
121012  -54.771  -62.115  4.301 0.1000000015
25316  -55.295  -61.861  5.019 0.1000000015
25305  -56.743  -61.286  5.760 0.1000000015
25366  -51.804  -62.039  1.614 0.1000000015
122064  -52.583  -62.123  2.618 0.1000000015
25339  -54.389  -62.307  3.494 0.1000000015
25317  -56.557  -61.573  4.918 0.1000000015
26273  -57.120  -61.053  5.505 0.1000000015
139671  -51.736  -62.158  0.661 0.1000000015
25367  -53.145  -62.343  1.664 0.1000000015
25378  -52.680  -62.329  0.798 0.1000000015
24354  -53.640  -62.552  0.069 0.2000000030
24381  -55.276  -62.221  -0.216 0.1000000015
24404  -55.055  -62.219  -1.203 0.1000000015
140335  -55.140  -61.080  -0.921 0.1000000015
26361  -54.532  -60.941  -1.352 0.1000000015
131009  -51.340  -60.370  -0.892 0.1000000015
26341  -50.541  -60.294  -0.620 0.1000000015
27326  -48.178  -59.840  0.992 0.1000000015
129972  -47.566  -59.325  1.331 0.1000000015
140304  -47.738  -72.969  -2.579 0.2000000030
14642  -50.324  -72.775  -4.441 0.2000000030
15757  -50.969  -71.422  -5.432 0.3000000119
16815  -50.980  -70.432  -5.656 0.3000000119
15709  -48.186  -71.652  -3.062 0.2000000030
14640  -48.772  -72.302  -3.426 0.2000000030
15732  -50.563  -71.913  -4.415 0.2000000030
15733  -51.191  -71.520  -4.868 0.3000000119
129149  -51.463  -70.995  -5.252 0.3000000119
17741  -53.412  -68.237  0.017 0.3000000119
18742  -53.544  -67.954  -0.772 0.3000000119
17762  -53.452  -68.245  -0.994 0.3000000119
17782  -53.217  -68.391  -2.105 0.3000000119
18716  -52.600  -68.522  1.802 0.3000000119
17731  -52.897  -68.746  0.907 0.3000000119
17761  -52.772  -69.060  -1.173 0.3000000119
120618  -52.702  -69.326  -2.279 0.3000000119
19667  -50.348  -68.103  3.424 0.2000000030
18699  -52.031  -68.439  3.228 0.3000000119
16770  -52.349  -69.767  -3.843 0.2000000030
16769  -51.949  -70.570  -3.875 0.2000000030
18686  -51.699  -68.237  3.879 0.2000000030
20616  -51.868  -67.470  4.529 0.2000000030
19652  -50.996  -67.827  4.495 0.2000000030
21487  -51.471  -67.037  5.059 0.3000000119
20604  -51.609  -67.303  4.995 0.3000000119
21486  -50.720  -66.034  4.399 0.3000000119
22377  -50.169  -65.044  4.755 0.2000000030
21467  -50.932  -65.977  5.972 0.2000000030
23274  -50.128  -64.427  4.619 0.2000000030
131211  -51.515  -63.547  5.761 0.1000000015
119735  -54.010  -62.440  2.467 0.1000000015
119469  -55.295  -62.344  2.753 0.1000000015
128030  -56.058  -62.101  3.069 0.1000000015
25341  -56.239  -61.747  3.633 0.1000000015
25368  -54.195  -62.463  1.576 0.1000000015
24305  -55.244  -62.346  1.745 0.1000000015
25354  -56.045  -62.100  2.200 0.1000000015
26300  -56.176  -61.458  2.819 0.1000000015
24330  -53.861  -62.465  0.907 0.1000000015
24331  -54.844  -62.453  1.032 0.1000000015
25369  -55.981  -62.023  1.478 0.1000000015
135616  -56.149  -61.584  1.656 0.1000000015
26306  -56.042  -61.144  2.117 0.1000000015
24355  -54.890  -62.516  0.254 0.1000000015
134001  -55.520  -62.160  0.776 0.1000000015
140947  -55.305  -60.723  0.798 0.1000000015
124284  -55.616  -61.665  0.184 0.1000000015
25391  -55.424  -61.654  -0.677 0.1000000015
26345  -55.335  -61.045  -0.266 0.1000000015
26325  -53.506  -60.310  0.063 0.1000000015
26344  -54.531  -60.660  -0.546 0.1000000015
26343  -53.400  -60.454  -0.716 0.1000000015
143541  -49.522  -60.129  0.497 0.1000000015
14612  -46.606  -72.682  -1.668 0.3000000119
137524  -47.860  -71.277  -2.791 0.3000000119
16744  -48.509  -70.889  -2.794 0.3000000119
16767  -49.516  -71.046  -3.214 0.2000000030
15711  -50.110  -71.459  -3.673 0.2000000030
15712  -51.175  -71.265  -4.196 0.2000000030
16745  -49.683  -70.625  -2.798 0.3000000119
16768  -50.570  -70.898  -3.425 0.3000000119
16783  -51.781  -70.881  -4.699 0.2000000030
17719  -52.306  -68.906  1.525 0.3000000119
17738  -50.570  -69.558  -0.492 0.3000000119
17759  -50.310  -69.871  -1.390 0.3000000119
16746  -51.028  -70.372  -2.956 0.3000000119
19680  -49.731  -68.177  2.276 0.2000000030
18728  -51.255  -68.922  1.491 0.3000000119
18741  -49.709  -68.978  0.034 0.3000000119
19651  -49.664  -67.602  3.978 0.2000000030
19645  -50.292  -67.448  4.869 0.2000000030
19646  -51.201  -67.332  5.087 0.2000000030
20603  -51.049  -66.665  5.373 0.3000000119
23256  -51.232  -65.187  6.544 0.2000000030
26312  -53.541  -60.202  0.862 0.1000000015
27330  -52.693  -60.060  0.581 0.1000000015
26324  -52.471  -60.152  -0.058 0.1000000015
26342  -52.246  -60.357  -0.784 0.1000000015
14585  -45.925  -72.412  0.626 0.1000000015
14600  -45.808  -72.325  -0.332 0.2000000030
14611  -45.892  -72.077  -1.204 0.3000000119
15687  -46.233  -71.709  -1.888 0.3000000119
16725  -45.987  -70.763  -1.901 0.3000000119
17776  -46.709  -70.376  -2.163 0.3000000119
17737  -49.199  -69.282  -0.796 0.3000000119
17758  -48.187  -69.332  -1.404 0.3000000119
18713  -49.369  -68.184  1.280 0.3000000119
18726  -49.070  -68.405  0.451 0.3000000119
18740  -48.855  -68.664  -0.226 0.3000000119
19696  -48.568  -67.777  0.835 0.2000000030
19666  -49.144  -67.655  2.831 0.2000000030
20627  -48.600  -67.046  3.341 0.1000000015
20602  -50.311  -66.993  5.385 0.2000000030
20614  -48.044  -66.368  3.781 0.1000000015
20615  -49.136  -66.936  4.505 0.2000000030
138964  -49.336  -66.547  5.267 0.2000000030
20581  -50.245  -66.352  5.837 0.3000000119
15686  -45.559  -71.085  -1.396 0.3000000119
17756  -46.458  -69.488  -1.736 0.3000000119
19711  -47.262  -67.687  -0.446 0.3000000119
18760  -48.209  -68.734  -0.765 0.3000000119
19695  -47.725  -67.459  0.456 0.2000000030
19678  -48.089  -67.191  1.315 0.2000000030
20641  -47.045  -66.111  1.351 0.1000000015
20626  -47.797  -66.494  2.778 0.1000000015
21495  -47.241  -65.861  3.253 0.1000000015
20601  -48.394  -66.197  4.724 0.1000000015
16724  -45.260  -70.223  -1.456 0.3000000119
17754  -44.586  -69.654  -1.131 0.2000000030
119673  -45.791  -69.947  -1.766 0.3000000119
139408  -45.712  -69.243  -1.590 0.3000000119
19710  -46.404  -67.333  -0.778 0.2000000030
18738  -46.695  -68.065  -1.190 0.3000000119
18759  -47.222  -68.874  -1.408 0.3000000119
20677  -46.179  -66.582  -0.389 0.2000000030
21553  -45.193  -65.596  -0.096 0.1000000015
20660  -45.935  -65.842  0.053 0.1000000015
21531  -43.897  -65.205  -0.143 0.1000000015
21532  -45.560  -65.284  0.647 0.1000000015
21533  -46.348  -65.642  0.980 0.1000000015
20625  -47.174  -65.993  2.281 0.1000000015
21510  -45.883  -65.110  1.846 0.1000000015
21494  -46.538  -65.436  2.724 0.1000000015
21484  -46.642  -65.216  3.745 0.1000000015
127473  -44.571  -68.850  -1.236 0.2000000030
18757  -45.279  -68.656  -1.442 0.2000000030
19726  -44.860  -67.117  -1.240 0.2000000030
20675  -44.240  -66.494  -0.881 0.1000000015
19709  -45.625  -66.999  -1.011 0.2000000030
119199  -43.672  -65.899  -0.511 0.1000000015
131212  -44.731  -65.144  0.241 0.1000000015
22395  -45.073  -64.644  1.130 0.1000000015
119208  -45.153  -64.349  2.336 0.1000000015
22382  -45.773  -64.767  3.286 0.1000000015
22415  -43.256  -64.604  0.145 0.1000000015
22416  -44.211  -64.539  0.582 0.1000000015
22394  -44.482  -63.989  1.581 0.1000000015
23321  -42.818  -63.782  0.671 0.1000000015
22393  -43.675  -63.808  0.965 0.1000000015
123649  -44.422  -66.954  -5.574 0.4000000060
20737  -45.013  -66.832  -5.355 0.5000000000
20721  -45.200  -66.406  -4.575 0.5000000000
20720  -44.588  -66.035  -4.917 0.5000000000
20736  -44.255  -66.358  -5.410 0.6000000238
120799  -43.775  -68.482  -5.387 0.5000000000
17817  -45.447  -68.669  -5.756 0.4000000060
140349  -41.063  -68.907  -6.599 0.5000000000
18812  -44.700  -68.182  -5.642 0.4000000060
129197  -43.556  -66.624  -5.555 0.5000000000
17815  -42.287  -69.150  -5.347 0.5000000000
19790  -43.895  -67.593  -5.515 0.6000000238
19800  -41.332  -67.767  -6.100 0.5000000000
18818  -41.089  -68.348  -6.642 0.3000000119
18811  -42.748  -68.241  -5.340 0.5000000000
131276  -41.176  -70.719  -6.589 0.5000000000
22489  -44.924  -64.709  -4.009 0.4000000060
124489  -41.250  -67.054  -7.379 0.4000000060
21642  -41.967  -65.456  -8.591 0.5000000000
23458  -44.123  -62.915  -8.665 0.4000000060
23473  -44.481  -63.700  -9.120 0.4000000060
24498  -44.281  -62.088  -8.408 0.4000000060
26465  -46.364  -60.205  -8.182 0.3000000119
26464  -45.578  -60.576  -7.982 0.4000000060
13685  -44.394  -73.920  -6.230 0.2000000030
18814  -46.383  -67.847  -6.014 0.5000000000
23375  -45.860  -63.876  -3.699 0.3000000119
134667  -44.459  -64.007  -4.619 0.4000000060
21621  -43.392  -65.227  -5.498 0.6000000238
22479  -46.978  -64.261  -2.878 0.4000000060
22508  -43.053  -64.265  -5.468 0.6000000238
21619  -41.971  -65.737  -6.006 0.6000000238
20735  -42.286  -66.647  -5.670 0.6000000238
123976  -42.829  -67.327  -5.439 0.6000000238
19789  -41.649  -67.046  -5.900 0.5000000000
19799  -41.100  -67.654  -6.914 0.5000000000
24462  -44.399  -62.452  -5.261 0.5000000000
22512  -42.078  -64.268  -6.287 0.6000000238
23424  -42.509  -63.714  -5.857 0.5000000000
126005  -41.481  -65.980  -6.625 0.5000000000
20734  -41.673  -66.445  -6.097 0.5000000000
128007  -47.479  -63.760  -3.369 0.4000000060
133345  -45.120  -62.429  -5.057 0.5000000000
24460  -42.841  -62.852  -6.044 0.5000000000
24487  -42.638  -62.857  -6.823 0.4000000060
23437  -42.295  -63.589  -6.466 0.5000000000
22527  -41.780  -64.845  -8.111 0.5000000000
23397  -48.865  -63.484  -4.311 0.3000000119
24465  -47.370  -62.340  -5.027 0.5000000000
24463  -45.663  -62.143  -5.219 0.5000000000
25456  -44.986  -61.730  -5.570 0.5000000000
24488  -43.207  -62.322  -7.304 0.4000000060
24497  -42.815  -62.908  -7.575 0.5000000000
25457  -45.971  -61.529  -5.564 0.5000000000
25470  -44.564  -61.237  -6.363 0.4000000060
25493  -43.766  -61.824  -7.635 0.4000000060
26444  -44.706  -60.857  -7.137 0.4000000060
25473  -47.469  -61.063  -5.998 0.4000000060
25459  -48.063  -61.960  -5.463 0.4000000060
25471  -45.489  -60.977  -6.083 0.4000000060
26445  -45.386  -60.553  -7.238 0.4000000060
18815  -47.483  -68.432  -5.858 0.5000000000
17818  -46.262  -68.226  -6.114 0.4000000060
17816  -44.386  -69.152  -5.391 0.5000000000
24349  -47.926  -62.885  0.163 0.2000000030
23363  -48.131  -63.519  -2.487 0.4000000060
23377  -49.302  -63.551  -3.763 0.3000000119
24445  -49.256  -63.269  -4.946 0.3000000119
122165  -50.246  -63.495  -3.964 0.2000000030
23427  -50.009  -63.300  -5.207 0.3000000119
24478  -49.955  -62.592  -6.005 0.3000000119
23428  -50.761  -63.351  -5.462 0.2000000030
25475  -49.558  -61.719  -6.288 0.3000000119
26435  -48.922  -60.705  -6.566 0.4000000060
25476  -51.038  -62.431  -6.723 0.3000000119
25485  -51.278  -61.740  -7.176 0.2000000030
23438  -52.299  -63.494  -6.224 0.2000000030
24489  -52.957  -63.009  -7.473 0.2000000030
25478  -54.936  -62.312  -6.563 0.1000000015
25427  -53.191  -61.688  -3.839 0.1000000015
18783  -48.685  -68.477  -3.869 0.4000000060
126314  -47.980  -68.940  -5.979 0.5000000000
16801  -46.096  -70.236  -5.569 0.4000000060
21556  -49.481  -66.240  0.100 0.4000000060
23308  -47.995  -63.483  1.379 0.2000000030
24350  -48.358  -62.532  0.826 0.2000000030
24399  -49.728  -62.527  -1.365 0.2000000030
23378  -50.970  -63.195  -3.326 0.2000000030
23379  -51.882  -63.405  -3.555 0.1000000015
23400  -51.874  -63.550  -5.236 0.2000000030
24424  -53.228  -63.348  -2.488 0.1000000015
23366  -52.887  -63.539  -3.320 0.1000000015
23380  -53.565  -63.626  -3.984 0.1000000015
23429  -53.146  -63.693  -5.688 0.2000000030
23381  -54.319  -63.478  -4.120 0.1000000015
134276  -54.645  -62.950  -2.918 0.1000000015
23402  -54.455  -63.640  -4.805 0.1000000015
23430  -54.310  -63.763  -5.631 0.1000000015
24482  -54.585  -63.348  -6.856 0.1000000015
24431  -54.762  -62.777  -3.491 0.1000000015
24470  -55.100  -63.181  -5.142 0.1000000015
25464  -55.108  -62.990  -5.896 0.1000000015
25426  -51.696  -61.401  -3.772 0.1000000015
13667  -46.986  -73.812  -6.191 0.3000000119
14676  -46.537  -72.907  -5.740 0.3000000119
14693  -49.244  -72.572  -6.320 0.3000000119
14692  -48.489  -73.178  -6.264 0.3000000119
13668  -47.592  -73.131  -6.088 0.3000000119
139915  -47.143  -72.355  -5.732 0.3000000119
136379  -46.469  -71.050  -5.524 0.3000000119
16802  -48.149  -70.403  -5.932 0.3000000119
132945  -48.598  -69.634  -5.916 0.3000000119
17820  -48.791  -69.389  -5.784 0.3000000119
122188  -47.060  -70.371  -5.722 0.3000000119
17802  -50.440  -69.491  -5.473 0.4000000060
18816  -49.365  -69.449  -5.609 0.4000000060
18773  -49.438  -68.202  -3.061 0.4000000060
143465  -52.660  -62.763  -1.288 0.1000000015
24426  -54.734  -62.531  -2.107 0.1000000015
25415  -53.544  -61.599  -2.900 0.1000000015
26358  -50.723  -60.591  -1.525 0.1000000015
127649  -49.932  -60.415  -1.116 0.1000000015
12656  -48.511  -74.167  -6.116 0.2000000030
13670  -49.836  -73.205  -5.987 0.2000000030
12655  -47.830  -74.741  -6.248 0.2000000030
16814  -50.215  -70.665  -6.002 0.3000000119
19697  -52.706  -67.663  1.211 0.3000000119
20645  -52.378  -67.566  2.215 0.3000000119
22376  -49.022  -64.171  3.300 0.1000000015
25364  -49.702  -62.131  2.153 0.1000000015
25352  -50.522  -62.116  2.970 0.1000000015
26360  -53.141  -60.710  -1.467 0.1000000015
12639  -48.879  -74.275  -5.660 0.2000000030
12618  -49.713  -73.856  -4.527 0.2000000030
13654  -50.239  -73.226  -5.129 0.2000000030
12640  -49.622  -73.791  -5.388 0.3000000119
14657  -50.712  -72.273  -5.147 0.2000000030
123374  -53.091  -68.012  1.282 0.3000000119
141811  -52.896  -67.683  -0.464 0.3000000119
19732  -53.433  -67.909  -1.038 0.3000000119
18687  -52.176  -68.167  3.672 0.3000000119
18700  -52.330  -68.354  2.777 0.3000000119
24285  -50.684  -62.770  4.103 0.1000000015
25338  -53.346  -62.120  4.514 0.1000000015
138871  -53.292  -62.218  3.358 0.1000000015
25340  -56.039  -62.121  4.025 0.1000000015
25304  -55.678  -61.636  5.736 0.1000000015
138238  -55.448  -62.269  3.525 0.1000000015
27289  -57.214  -60.669  5.438 0.1000000015
14626  -47.867  -72.389  -2.890 0.2000000030
15710  -49.084  -71.517  -3.376 0.2000000030
14641  -49.614  -73.036  -3.807 0.2000000030
15696  -47.421  -71.691  -2.713 0.3000000119
133050  -49.777  -72.164  -3.850 0.2000000030
17740  -52.891  -68.911  -0.086 0.3000000119
18715  -52.076  -68.682  2.361 0.3000000119
17730  -52.131  -69.242  0.737 0.3000000119
17760  -51.730  -69.654  -1.263 0.3000000119
17739  -51.888  -69.497  -0.251 0.3000000119
17780  -51.488  -69.923  -2.199 0.3000000119
16747  -52.276  -69.805  -3.133 0.3000000119
18698  -51.032  -68.554  2.675 0.3000000119
18714  -50.192  -68.573  1.716 0.3000000119
23275  -50.518  -63.722  4.743 0.1000000015
143153  -51.021  -64.514  5.715 0.2000000030
26285  -56.863  -61.256  4.712 0.1000000015
25355  -56.267  -61.792  2.536 0.1000000015
25379  -55.969  -61.660  1.003 0.1000000015
26327  -55.686  -61.092  0.617 0.1000000015
26326  -54.707  -60.567  0.334 0.1000000015
14625  -47.010  -72.350  -2.367 0.3000000119
16742  -46.710  -71.335  -2.347 0.3000000119
17777  -47.809  -70.287  -2.289 0.3000000119
17779  -50.007  -70.205  -2.207 0.3000000119
17778  -48.814  -70.239  -2.258 0.3000000119
17729  -50.894  -69.276  0.422 0.3000000119
126202  -49.041  -69.779  -1.652 0.3000000119
19679  -48.842  -67.639  1.761 0.2000000030
18727  -49.994  -68.782  0.902 0.3000000119
21446  -50.873  -65.695  6.273 0.2000000030
22358  -51.246  -65.218  6.769 0.2000000030
121164  -46.746  -73.066  1.075 0.1000000015
15677  -45.336  -71.463  -0.694 0.2000000030
127774  -48.221  -69.811  -1.900 0.3000000119
17757  -47.405  -69.678  -1.861 0.3000000119
18725  -48.181  -68.124  -0.062 0.3000000119
19665  -48.345  -67.053  2.261 0.2000000030
18739  -47.529  -68.285  -0.798 0.3000000119
19694  -46.964  -67.021  0.032 0.2000000030
20662  -47.394  -66.771  0.895 0.2000000030
20642  -47.641  -66.598  1.804 0.1000000015
20661  -46.681  -66.304  0.459 0.1000000015
21485  -47.469  -65.695  4.203 0.1000000015
17755  -45.134  -69.448  -1.459 0.3000000119
18758  -46.135  -68.669  -1.483 0.3000000119
19727  -45.628  -67.810  -1.309 0.2000000030
20676  -45.225  -66.294  -0.659 0.1000000015
18737  -43.889  -68.224  -1.005 0.2000000030
18756  -44.685  -67.975  -1.303 0.2000000030
18827  -41.373  -68.500  -8.218 0.3000000119
17842  -40.657  -69.721  -8.978 0.3000000119
17833  -41.128  -69.229  -8.514 0.3000000119
13746  -39.321  -72.986  -12.788 0.2000000030
13759  -37.914  -73.814  -13.192 0.2000000030
16837  -40.218  -70.317  -9.352 0.4000000060
15818  -40.127  -71.101  -11.028 0.3000000119
18831  -41.634  -68.979  -8.862 0.4000000060
16845  -41.171  -70.281  -10.351 0.3000000119
17858  -41.653  -69.767  -9.847 0.4000000060
15833  -40.130  -71.661  -11.756 0.3000000119
13747  -40.159  -73.201  -12.838 0.2000000030
18832  -42.002  -68.489  -8.987 0.4000000060
17844  -42.177  -69.174  -9.394 0.4000000060
15802  -41.609  -70.769  -10.829 0.4000000060
19809  -42.509  -67.782  -9.244 0.4000000060
133819  -41.883  -66.892  -8.871 0.4000000060
130785  -42.063  -70.259  -10.361 0.4000000060
14744  -41.041  -71.274  -11.451 0.3000000119
125819  -40.888  -72.797  -12.552 0.3000000119
123908  -42.627  -68.614  -9.386 0.4000000060
17859  -42.584  -69.725  -9.980 0.4000000060
138806  -42.398  -70.786  -10.678 0.3000000119
14765  -41.673  -72.572  -12.085 0.4000000060
139752  -42.620  -66.880  -9.326 0.4000000060
17860  -43.435  -69.698  -10.153 0.4000000060
14746  -42.425  -72.305  -11.520 0.3000000119
21653  -42.756  -65.446  -9.179 0.4000000060
19810  -43.469  -67.397  -9.708 0.4000000060
18833  -43.250  -68.347  -9.679 0.4000000060
16847  -43.781  -70.394  -10.402 0.4000000060
20764  -43.341  -66.296  -9.543 0.4000000060
122072  -44.137  -71.127  -10.537 0.3000000119
22542  -43.258  -64.684  -9.181 0.4000000060
19811  -44.320  -67.564  -10.165 0.4000000060
18848  -43.853  -68.894  -10.085 0.4000000060
20765  -44.223  -66.772  -9.952 0.4000000060
132581  -44.942  -67.097  -10.305 0.4000000060
18849  -44.467  -68.286  -10.302 0.4000000060
125068  -44.581  -68.959  -10.347 0.4000000060
21654  -43.786  -65.394  -9.531 0.4000000060
19821  -44.909  -67.793  -10.413 0.4000000060
18850  -45.280  -68.508  -10.515 0.4000000060
16848  -44.761  -70.455  -10.449 0.3000000119
14731  -44.564  -71.881  -10.597 0.2000000030
22543  -44.221  -64.605  -9.402 0.3000000119
20766  -44.931  -66.286  -10.053 0.4000000060
21655  -44.848  -65.382  -9.731 0.4000000060
20767  -45.554  -65.833  -10.012 0.4000000060
19822  -45.588  -67.592  -10.517 0.4000000060
134325  -44.871  -71.298  -10.505 0.2000000030
127955  -45.597  -71.118  -10.479 0.2000000030
14733  -46.158  -72.751  -10.592 0.3000000119
23474  -45.495  -63.561  -9.407 0.3000000119
22544  -45.201  -64.444  -9.522 0.3000000119
21656  -45.831  -65.115  -9.775 0.3000000119
18851  -46.486  -68.300  -10.641 0.3000000119
17863  -46.732  -70.054  -10.559 0.2000000030
128189  -45.982  -69.271  -10.596 0.2000000030
15806  -46.370  -71.860  -10.556 0.2000000030
13735  -46.070  -74.415  -11.136 0.2000000030
25508  -45.690  -61.798  -9.094 0.3000000119
20775  -45.751  -66.632  -10.348 0.4000000060
127661  -46.810  -69.250  -10.622 0.1000000015
25509  -46.269  -61.653  -9.339 0.3000000119
123442  -46.326  -63.338  -9.673 0.3000000119
22561  -47.039  -64.476  -10.051 0.2000000030
133115  -47.131  -65.966  -10.426 0.2000000030
15807  -47.480  -71.815  -10.771 0.1000000015
119714  -46.654  -74.395  -11.687 0.2000000030
23492  -47.633  -62.951  -10.395 0.2000000030
23491  -47.559  -63.842  -10.308 0.2000000030
20777  -47.613  -66.542  -10.643 0.1000000015
18852  -47.664  -69.009  -10.654 0.1000000015
16849  -48.000  -70.932  -10.568 0.1000000015
14735  -47.971  -72.392  -11.297 0.1000000015
26466  -47.127  -59.893  -8.676 0.2000000030
24512  -46.494  -62.456  -9.654 0.3000000119
24513  -47.174  -62.299  -10.049 0.3000000119
27445  -47.941  -59.578  -7.690 0.2000000030
27485  -47.784  -59.499  -8.957 0.1000000015
26480  -46.711  -60.748  -9.173 0.3000000119
24529  -47.811  -62.121  -10.471 0.2000000030
22562  -47.757  -64.739  -10.485 0.1000000015
18853  -48.365  -68.263  -10.755 0.1000000015
16850  -48.944  -70.801  -10.871 0.1000000015
15808  -48.438  -71.840  -11.149 0.1000000015
125878  -48.218  -59.293  -8.338 0.2000000030
26481  -47.468  -60.163  -9.499 0.2000000030
26497  -47.928  -60.483  -10.175 0.2000000030
138951  -48.164  -62.738  -10.696 0.1000000015
23493  -48.238  -63.432  -10.711 0.1000000015
130322  -48.560  -65.082  -11.024 0.1000000015
20785  -49.503  -66.876  -11.141 0.1000000015
132186  -48.966  -69.409  -10.752 0.1000000015
15821  -48.823  -71.551  -11.600 0.1000000015
13749  -46.630  -73.671  -12.465 0.1000000015
26482  -48.244  -59.608  -9.803 0.1000000015
25528  -48.209  -61.254  -10.645 0.2000000030
24530  -48.434  -62.149  -10.918 0.1000000015
22578  -49.019  -63.779  -11.178 0.1000000015
21677  -50.130  -66.166  -11.331 0.1000000015
18867  -49.639  -68.902  -11.058 0.1000000015
17876  -49.735  -70.172  -11.496 0.1000000015
14769  -48.191  -72.385  -11.992 0.1000000015
13763  -45.815  -73.971  -12.917 0.1000000015
24545  -49.108  -62.299  -11.374 0.1000000015
131810  -50.485  -65.341  -11.462 0.1000000015
20786  -50.766  -67.025  -11.406 0.1000000015
17886  -48.829  -70.471  -12.255 0.1000000015
16875  -47.083  -70.985  -12.542 0.1000000015
19835  -50.982  -67.808  -11.624 0.1000000015
21445  -50.015  -65.768  6.276 0.2000000030
26449  -49.373  -60.130  -7.116 0.2000000030
27446  -48.851  -59.425  -7.779 0.1000000015
27486  -48.456  -59.042  -9.011 0.1000000015
28457  -49.175  -58.688  -8.922 0.1000000015
143504  -48.658  -60.948  -11.026 0.1000000015
28498  -48.951  -58.894  -9.645 0.1000000015
26514  -49.201  -60.762  -11.406 0.1000000015
23503  -49.573  -63.186  -11.475 0.1000000015
15837  -48.437  -71.528  -12.161 0.1000000015
16876  -49.151  -71.127  -11.835 0.1000000015
19834  -50.419  -68.436  -11.428 0.1000000015
23504  -50.605  -63.370  -11.914 0.1000000015
16838  -40.801  -69.946  -9.724 0.3000000119
17843  -41.318  -69.435  -9.223 0.4000000060
14763  -39.955  -72.372  -12.379 0.3000000119
16862  -40.834  -70.746  -10.843 0.3000000119
14764  -40.891  -71.987  -12.133 0.3000000119
17845  -43.039  -69.111  -9.707 0.4000000060
14745  -41.621  -71.881  -11.694 0.3000000119
16846  -42.924  -70.344  -10.372 0.4000000060
15803  -43.171  -71.117  -10.647 0.3000000119
17862  -45.081  -69.498  -10.451 0.2000000030
15805  -45.419  -71.953  -10.485 0.2000000030
21657  -46.557  -64.967  -9.914 0.3000000119
19823  -46.324  -67.309  -10.566 0.2000000030
14734  -47.112  -72.562  -10.921 0.2000000030
24511  -45.736  -62.632  -9.333 0.3000000119
22545  -46.204  -64.260  -9.725 0.3000000119
19824  -47.278  -67.473  -10.650 0.2000000030
17864  -47.506  -69.845  -10.547 0.1000000015
21667  -46.377  -65.763  -10.172 0.4000000060
127317  -46.854  -63.830  -9.923 0.2000000030
13736  -47.114  -73.688  -11.727 0.1000000015
19825  -48.395  -67.210  -10.853 0.1000000015
17865  -48.495  -70.094  -10.601 0.1000000015
25527  -47.410  -61.237  -9.971 0.3000000119
22563  -48.379  -64.247  -10.806 0.1000000015
19833  -49.462  -67.882  -11.018 0.1000000015
16863  -49.291  -70.896  -11.429 0.1000000015
13737  -47.596  -73.086  -11.932 0.1000000015
27464  -49.490  -58.982  -8.374 0.1000000015
26498  -48.597  -60.333  -10.719 0.1000000015
23502  -48.733  -62.942  -11.043 0.1000000015
123962  -49.274  -64.663  -11.304 0.1000000015
143469  -50.377  -67.662  -11.286 0.1000000015
14767  -46.616  -72.737  -12.502 0.1000000015
22579  -50.205  -64.225  -11.569 0.1000000015
14766  -45.401  -72.812  -12.902 0.1000000015
25540  -49.466  -61.593  -11.688 0.1000000015
26499  -49.022  -59.439  -10.494 0.1000000015
14703  -41.399  -72.841  -7.024 0.3000000119
14702  -40.762  -72.740  -7.440 0.2000000030
127890  -40.003  -72.673  -8.101 0.3000000119
15787  -39.828  -71.635  -8.299 0.2000000030
15766  -42.224  -72.146  -6.299 0.4000000060
14689  -41.782  -72.454  -6.658 0.2000000030
15765  -41.600  -71.605  -6.518 0.4000000060
15778  -41.118  -72.116  -7.065 0.3000000119
14711  -39.290  -72.237  -8.729 0.2000000030
15777  -40.408  -71.881  -7.618 0.2000000030
14710  -38.805  -72.813  -9.171 0.1000000015
14719  -38.359  -72.594  -9.780 0.1000000015
125154  -40.279  -71.032  -7.875 0.3000000119
13707  -38.302  -73.448  -9.419 0.1000000015
15786  -39.425  -71.349  -9.047 0.2000000030
139292  -38.065  -72.418  -10.410 0.1000000015
15793  -38.561  -71.968  -10.235 0.1000000015
14730  -38.198  -72.114  -10.939 0.1000000015
13721  -36.023  -73.658  -10.856 0.1000000015
13722  -36.789  -73.198  -10.667 0.1000000015
14741  -37.667  -72.441  -11.563 0.1000000015
13730  -35.849  -73.599  -11.557 0.1000000015
14728  -36.907  -72.768  -11.489 0.1000000015
16819  -40.676  -70.331  -7.321 0.3000000119
16826  -39.834  -70.724  -8.985 0.2000000030
15794  -39.162  -71.384  -10.016 0.2000000030
14720  -38.883  -72.026  -9.437 0.2000000030
15800  -38.872  -71.648  -10.825 0.2000000030
129541  -36.633  -73.290  -12.419 0.1000000015
12729  -34.910  -74.865  -11.948 0.1000000015
17830  -40.796  -69.636  -7.596 0.2000000030
16836  -39.706  -70.849  -9.648 0.2000000030
15817  -39.427  -71.584  -11.315 0.2000000030
14761  -37.933  -72.509  -12.146 0.1000000015
11719  -34.873  -75.580  -12.159 0.1000000015
12730  -35.435  -74.494  -12.388 0.1000000015
17832  -40.763  -69.609  -8.256 0.3000000119
16844  -40.343  -70.554  -10.254 0.3000000119
18822  -40.933  -68.945  -7.080 0.2000000030
14743  -39.365  -71.952  -11.885 0.2000000030
14762  -38.903  -72.404  -12.271 0.1000000015
12744  -35.788  -74.922  -13.048 0.1000000015
13758  -36.998  -73.768  -12.982 0.1000000015
13745  -38.394  -73.004  -12.744 0.1000000015
10785  -35.649  -76.243  -13.694 0.1000000015
18826  -41.000  -69.067  -7.769 0.2000000030
12747  -38.655  -74.532  -13.372 0.1000000015
13761  -39.622  -73.606  -13.068 0.1000000015
10786  -36.260  -76.455  -14.159 0.1000000015
12746  -37.859  -74.794  -13.464 0.1000000015
12749  -40.230  -74.036  -13.104 0.1000000015
12748  -39.492  -74.342  -13.270 0.1000000015
12732  -40.852  -74.492  -12.955 0.1000000015
8309  -36.066  -78.979  -13.241 0.1000000015
10787  -37.743  -76.231  -14.074 0.1000000015
11731  -38.485  -75.373  -13.517 0.1000000015
11733  -40.233  -75.083  -13.185 0.1000000015
9913  -38.903  -77.406  -14.278 0.1000000015
17827  -40.892  -69.490  -6.924 0.3000000119
15764  -40.787  -71.281  -7.108 0.2000000030
13744  -37.443  -73.085  -12.617 0.1000000015
123946  -37.067  -75.104  -13.580 0.1000000015
135328  -39.463  -71.293  -10.755 0.2000000030
16827  -40.373  -70.291  -8.396 0.3000000119
14742  -38.604  -72.078  -11.536 0.1000000015
9924  -35.770  -76.992  -14.126 0.1000000015
9925  -36.455  -77.382  -14.511 0.1000000015
121493  -38.972  -76.002  -13.527 0.1000000015
9058  -35.663  -78.386  -12.740 0.1000000015
10788  -38.555  -76.525  -13.936 0.1000000015
13748  -41.678  -73.437  -12.406 0.2000000030
10791  -41.257  -77.077  -13.058 0.1000000015
137222  -41.196  -78.452  -13.253 0.1000000015
143319  -42.391  -77.389  -12.605 0.2000000030
9082  -40.505  -79.241  -14.179 0.1000000015
12734  -42.586  -74.853  -12.182 0.2000000030
10775  -41.706  -76.270  -12.727 0.2000000030
124879  -41.876  -78.940  -13.055 0.2000000030
129535  -42.725  -76.398  -12.351 0.1000000015
8311  -41.947  -79.764  -13.541 0.1000000015
10776  -43.442  -77.209  -12.282 0.2000000030
11724  -43.881  -76.455  -11.922 0.1000000015
134942  -42.335  -74.041  -12.229 0.2000000030
11723  -42.937  -75.676  -12.148 0.1000000015
9073  -42.599  -79.189  -13.115 0.1000000015
9903  -43.442  -77.962  -12.551 0.1000000015
13732  -42.607  -73.289  -11.856 0.2000000030
12714  -43.130  -74.316  -11.815 0.2000000030
12715  -43.542  -75.307  -11.818 0.1000000015
10768  -44.937  -76.574  -11.895 0.1000000015
13733  -43.707  -73.717  -11.452 0.1000000015
11709  -44.620  -75.747  -11.664 0.1000000015
15820  -43.158  -71.943  -11.034 0.2000000030
126049  -43.374  -72.797  -11.309 0.2000000030
14748  -44.415  -73.249  -11.016 0.2000000030
11710  -45.542  -75.889  -11.759 0.1000000015
13734  -44.848  -74.143  -11.194 0.1000000015
14747  -44.079  -72.406  -10.845 0.2000000030
13723  -45.362  -73.662  -10.865 0.1000000015
10769  -45.490  -76.273  -11.974 0.1000000015
12733  -41.655  -74.447  -12.576 0.1000000015
11721  -41.199  -75.303  -12.844 0.1000000015
14690  -42.477  -72.747  -6.422 0.2000000030
13700  -40.533  -73.430  -7.751 0.1000000015
131204  -46.573  -75.452  -6.359 0.1000000015
14613  -47.384  -73.228  -2.083 0.1000000015
11606  -48.692  -75.300  -3.349 0.1000000015
11614  -47.963  -75.618  -4.327 0.1000000015
13644  -49.439  -73.865  -3.654 0.1000000015
11615  -48.823  -74.954  -4.246 0.1000000015
13618  -47.288  -73.497  -1.268 0.2000000030
13619  -48.251  -74.013  -1.621 0.1000000015
10672  -47.841  -76.359  -1.484 0.1000000015
13633  -48.261  -73.660  -2.471 0.1000000015
12609  -48.935  -74.960  -2.687 0.1000000015
11593  -48.406  -75.654  -2.213 0.1000000015
13683  -42.723  -73.490  -6.576 0.2000000030
13687  -46.478  -74.625  -6.285 0.1000000015
128157  -49.047  -74.410  -3.064 0.1000000015
14627  -48.588  -73.175  -3.157 0.1000000015
14601  -46.451  -72.947  -0.812 0.2000000030
12654  -47.242  -75.196  -6.382 0.1000000015
11605  -47.908  -76.182  -3.110 0.1000000015
142103  -47.668  -76.502  -2.303 0.1000000015
13634  -48.883  -73.983  -2.919 0.1000000015
12594  -48.816  -74.773  -1.062 0.1000000015
13682  -41.971  -73.224  -6.787 0.1000000015
136681  -44.038  -69.740  -0.439 0.1000000015
16706  -44.347  -70.624  0.049 0.1000000015
15652  -44.884  -71.192  0.647 0.1000000015
14573  -46.164  -72.366  1.558 0.1000000015
16715  -44.773  -70.549  -0.865 0.1000000015
15666  -44.851  -71.130  -0.217 0.1000000015
17718  -44.087  -70.071  1.674 0.1000000015
16682  -44.724  -70.582  2.177 0.1000000015
16683  -45.194  -70.876  2.858 0.1000000015
15614  -45.975  -71.198  3.871 0.1000000015
17728  -43.924  -70.033  0.652 0.1000000015
16693  -44.488  -70.622  1.162 0.1000000015
138142  -45.259  -71.113  2.277 0.1000000015
15638  -45.712  -71.423  2.702 0.1000000015
14547  -47.134  -72.297  3.421 0.1000000015
17727  -43.489  -69.294  0.426 0.1000000015
16664  -44.804  -70.323  4.433 0.1000000015
17717  -43.629  -69.571  2.029 0.1000000015
17708  -44.136  -70.047  2.512 0.1000000015
16673  -44.672  -70.396  3.024 0.1000000015
16674  -45.207  -70.711  3.682 0.1000000015
133347  -43.641  -69.583  1.284 0.1000000015
140352  -45.629  -71.164  3.269 0.1000000015
15615  -46.600  -71.365  4.567 0.1000000015
17736  -43.594  -68.791  -0.437 0.1000000015
17699  -43.599  -69.596  3.597 0.1000000015
17700  -44.110  -69.993  3.277 0.1000000015
132784  -44.568  -70.280  3.676 0.1000000015
17707  -43.602  -69.616  2.806 0.1000000015
18724  -43.006  -68.539  0.288 0.1000000015
23244  -51.627  -64.342  7.166 0.1000000015
19707  -43.454  -67.521  -0.747 0.1000000015
19708  -44.076  -67.311  -1.115 0.1000000015
21466  -49.032  -66.014  5.536 0.1000000015
23257  -51.603  -64.534  6.743 0.1000000015
139046  -49.664  -65.309  6.335 0.1000000015
136787  -51.953  -63.146  6.589 0.1000000015
23245  -51.899  -63.817  6.887 0.1000000015
17693  -44.142  -69.945  4.063 0.1000000015
125136  -44.306  -69.889  5.037 0.1000000015
15667  -45.329  -71.722  0.180 0.1000000015
132388  -44.124  -69.051  -0.891 0.1000000015
22345  -51.398  -64.896  7.040 0.1000000015
16694  -45.080  -71.132  1.583 0.1000000015
15653  -45.453  -71.758  1.110 0.1000000015
14562  -46.492  -72.224  2.543 0.1000000015
15625  -46.250  -71.605  3.248 0.1000000015
133296  -43.155  -68.993  1.391 0.1000000015
26450  -50.491  -60.637  -7.206 0.1000000015
26451  -51.720  -60.940  -7.645 0.1000000015
10734  -41.688  -77.688  -7.803 0.1000000015
11673  -40.677  -76.322  -8.280 0.1000000015
11654  -41.171  -75.511  -7.997 0.1000000015
9862  -41.303  -78.260  -7.586 0.1000000015
9861  -40.592  -77.932  -7.603 0.1000000015
10749  -40.186  -76.847  -8.363 0.1000000015
11674  -41.416  -76.574  -7.952 0.1000000015
10720  -40.613  -77.773  -6.685 0.1000000015
9863  -42.055  -78.517  -7.443 0.1000000015
10735  -42.245  -76.737  -7.655 0.1000000015
10706  -40.145  -76.855  -6.156 0.1000000015
121950  -41.179  -76.866  -6.065 0.1000000015
9000  -41.732  -78.786  -7.086 0.1000000015
11625  -41.376  -75.553  -5.593 0.1000000015
9850  -41.536  -78.325  -6.638 0.1000000015
12531  -37.701  -74.151  3.417 0.1000000015
13553  -37.650  -73.341  3.231 0.1000000015
13578  -36.578  -72.971  1.139 0.1000000015
131053  -35.895  -72.601  -0.104 0.1000000015
14596  -36.321  -71.700  -0.255 0.1000000015
15673  -36.721  -70.915  -0.906 0.1000000015
12668  -41.665  -74.699  -7.527 0.1000000015
15682  -35.567  -71.360  -1.576 0.1000000015
16719  -36.797  -70.520  -1.726 0.1000000015
11624  -40.404  -75.928  -5.711 0.1000000015
122321  -40.720  -74.992  -5.544 0.1000000015
13709  -40.019  -73.787  -8.257 0.1000000015
15693  -35.541  -70.902  -2.362 0.1000000015
16763  -36.326  -70.297  -3.916 0.1000000015
15729  -38.253  -71.022  -4.878 0.1000000015
13663  -39.570  -73.937  -5.384 0.1000000015
14671  -40.141  -73.126  -5.241 0.1000000015
12636  -41.405  -74.531  -5.363 0.1000000015
11626  -42.100  -76.236  -5.588 0.1000000015
13708  -39.293  -73.302  -8.695 0.1000000015
14622  -34.325  -71.975  -2.190 0.1000000015
15747  -36.647  -71.075  -5.190 0.1000000015
14654  -39.916  -72.403  -5.075 0.1000000015
13651  -40.968  -73.148  -5.101 0.1000000015
13568  -37.195  -73.402  2.359 0.1000000015
14570  -36.829  -72.254  1.199 0.1000000015
129900  -43.103  -76.916  -7.417 0.1000000015
11656  -42.793  -75.855  -7.376 0.1000000015
11655  -41.982  -75.686  -7.650 0.1000000015
142323  -36.713  -71.631  0.258 0.1000000015
15661  -37.029  -71.164  -0.059 0.1000000015
12667  -40.727  -74.419  -7.913 0.1000000015
16764  -38.394  -70.100  -3.704 0.1000000015
16782  -38.793  -70.628  -4.395 0.1000000015
15750  -39.422  -71.861  -5.007 0.1000000015
16765  -39.340  -70.502  -3.809 0.1000000015
15730  -39.517  -71.122  -4.453 0.1000000015
14655  -40.560  -72.458  -4.789 0.1000000015
12623  -41.932  -74.096  -4.958 0.1000000015
13554  -38.117  -72.932  3.900 0.1000000015
14540  -37.956  -72.624  3.275 0.1000000015
14521  -38.912  -72.608  4.345 0.1000000015
13539  -38.898  -73.084  4.983 0.1000000015
11657  -43.594  -76.054  -7.078 0.1000000015
129383  -37.566  -72.605  2.665 0.1000000015
15634  -37.702  -71.837  2.113 0.1000000015
142338  -42.720  -78.471  -7.345 0.1000000015
12670  -43.231  -75.143  -6.928 0.1000000015
15646  -37.646  -71.528  1.414 0.1000000015
9851  -42.317  -78.846  -6.866 0.1000000015
12669  -42.486  -74.939  -7.226 0.1000000015
15662  -38.028  -71.125  0.937 0.1000000015
16711  -37.633  -70.666  -0.578 0.1000000015
132957  -38.096  -70.087  -1.990 0.1000000015
16740  -39.127  -70.122  -3.043 0.1000000015
16739  -38.274  -69.927  -2.772 0.1000000015
127070  -38.868  -70.145  -2.127 0.1000000015
14637  -40.841  -71.906  -4.151 0.1000000015
14656  -41.287  -72.610  -4.458 0.1000000015
16766  -39.795  -70.579  -3.202 0.1000000015
15707  -40.212  -71.126  -3.813 0.1000000015
10736  -43.327  -77.977  -7.406 0.1000000015
14541  -38.569  -72.292  3.539 0.1000000015
14542  -39.453  -71.991  3.717 0.1000000015
124064  -39.924  -72.263  4.390 0.1000000015
131907  -40.405  -72.465  5.059 0.1000000015
8986  -43.063  -78.711  -6.416 0.1000000015
9012  -43.062  -78.787  -6.791 0.1000000015
10721  -44.069  -77.292  -7.115 0.1000000015
15635  -38.612  -71.485  2.287 0.1000000015
15623  -39.006  -71.670  3.024 0.1000000015
10707  -42.010  -77.425  -5.987 0.1000000015
13702  -42.184  -74.061  -6.994 0.1000000015
16692  -38.695  -70.959  1.066 0.1000000015
15648  -39.210  -71.036  1.574 0.1000000015
13653  -42.247  -73.649  -4.300 0.1000000015
16703  -38.588  -70.748  0.467 0.1000000015
15708  -41.037  -71.627  -3.334 0.1000000015
16721  -38.434  -70.335  -1.208 0.1000000015
16722  -39.375  -70.388  -1.386 0.1000000015
16741  -39.784  -70.489  -2.295 0.1000000015
14543  -40.448  -71.886  3.725 0.1000000015
15624  -39.951  -71.540  3.070 0.1000000015
10692  -42.841  -77.147  -5.446 0.1000000015
12650  -42.967  -74.303  -6.743 0.1000000015
13642  -41.905  -72.955  -4.032 0.1000000015
12624  -42.537  -74.446  -4.553 0.1000000015
16723  -40.103  -70.634  -1.422 0.1000000015
16704  -39.304  -70.735  0.747 0.1000000015
16713  -39.226  -70.528  0.004 0.1000000015
133719  -39.882  -70.554  -0.595 0.1000000015
129394  -43.291  -76.475  -4.806 0.1000000015
8987  -44.119  -78.646  -5.674 0.1000000015
11613  -43.275  -75.669  -4.468 0.1000000015
15636  -39.511  -71.315  2.359 0.1000000015
14639  -42.041  -72.850  -3.235 0.1000000015
139330  -42.325  -73.374  -3.614 0.1000000015
12615  -42.746  -74.062  -3.620 0.1000000015
136992  -40.047  -71.016  1.796 0.1000000015
15695  -41.205  -71.583  -2.419 0.1000000015
121394  -41.662  -72.228  -2.841 0.1000000015
16705  -40.055  -70.773  1.086 0.1000000015
15674  -40.791  -71.014  -0.901 0.1000000015
15685  -41.376  -71.595  -1.508 0.1000000015
135465  -40.536  -70.786  -0.129 0.1000000015
10694  -44.338  -77.594  -4.333 0.1000000015
8979  -44.790  -78.444  -4.889 0.1000000015
13632  -43.076  -74.025  -2.761 0.1000000015
11603  -43.672  -75.421  -3.746 0.1000000015
135843  -40.905  -71.690  2.975 0.1000000015
126434  -42.570  -72.766  -1.535 0.1000000015
13631  -42.851  -73.431  -2.166 0.1000000015
14623  -41.836  -72.227  -1.967 0.1000000015
14624  -42.256  -72.826  -2.438 0.1000000015
15663  -40.736  -70.860  0.574 0.1000000015
9823  -45.336  -78.077  -4.181 0.1000000015
11604  -44.386  -76.038  -3.439 0.1000000015
12592  -43.654  -73.984  -2.011 0.1000000015
11590  -44.006  -75.100  -3.038 0.1000000015
15675  -41.616  -71.620  -0.672 0.1000000015
15649  -40.881  -71.118  1.471 0.1000000015
10682  -45.450  -77.725  -3.562 0.1000000015
132065  -40.449  -71.339  2.322 0.1000000015
14522  -39.507  -72.681  5.056 0.1000000015
14494  -41.516  -72.610  6.418 0.1000000015
14510  -40.926  -72.595  5.757 0.1000000015
126671  -41.370  -72.482  5.018 0.1000000015
14509  -39.962  -72.699  5.793 0.1000000015
16720  -37.498  -70.413  -1.445 0.1000000015
15683  -36.129  -70.892  -1.611 0.1000000015
133909  -36.422  -70.465  -2.403 0.1000000015
16737  -35.980  -70.435  -3.187 0.1000000015
130144  -37.639  -69.946  -3.233 0.1000000015
15728  -37.390  -70.739  -4.739 0.1000000015
15749  -38.555  -71.914  -5.264 0.1000000015
14670  -39.242  -72.863  -5.286 0.1000000015
12633  -39.009  -74.625  -5.488 0.1000000015
14571  -37.044  -72.596  1.870 0.1000000015
12637  -42.199  -75.046  -5.251 0.1000000015
14559  -38.203  -72.050  2.848 0.1000000015
15694  -40.471  -71.025  -2.852 0.1000000015
9834  -43.525  -78.413  -5.649 0.1000000015
11612  -42.755  -75.868  -5.114 0.1000000015
10680  -43.924  -76.496  -4.203 0.1000000015
13643  -42.525  -73.464  -2.929 0.1000000015
14597  -42.054  -72.126  -1.142 0.1000000015
10681  -44.728  -77.248  -3.755 0.1000000015
14493  -40.503  -72.732  6.622 0.1000000015
3225  -29.694  -88.011  -19.418 0.1000000015
3215  -29.457  -87.757  -18.197 0.1000000015
4363  -27.682  -84.981  -19.821 0.1000000015
4382  -28.295  -85.700  -20.744 0.1000000015
4383  -29.316  -85.486  -21.263 0.1000000015
4397  -30.051  -86.084  -22.081 0.1000000015
2712  -30.373  -88.375  -21.144 0.1000000015
4967  -27.212  -84.199  -19.391 0.1000000015
6254  -26.731  -82.551  -19.609 0.1000000015
6974  -26.851  -81.889  -19.913 0.1000000015
3216  -29.889  -87.149  -18.926 0.1000000015
3203  -29.634  -87.738  -17.088 0.1000000015
3193  -30.264  -87.998  -16.362 0.1000000015
121056  -30.441  -86.605  -19.508 0.1000000015
3845  -30.511  -86.669  -22.196 0.1000000015
3239  -30.604  -87.903  -21.622 0.1000000015
125643  -30.686  -88.050  -20.975 0.1000000015
2669  -29.734  -88.641  -16.667 0.1000000015
4364  -28.685  -84.932  -20.189 0.1000000015
2738  -30.149  -88.097  -22.171 0.1000000015
3844  -29.507  -86.888  -22.244 0.1000000015
4968  -28.153  -84.279  -19.391 0.1000000015
6962  -27.917  -82.124  -18.834 0.1000000015
135041  -27.329  -81.494  -19.701 0.1000000015
7661  -27.837  -80.123  -20.325 0.1000000015
5513  -34.822  -84.254  -11.158 0.1000000015
4269  -33.308  -86.700  -11.522 0.1000000015
4871  -35.415  -85.428  -10.978 0.1000000015
3204  -30.173  -87.037  -16.727 0.1000000015
3194  -30.823  -87.380  -16.081 0.1000000015
2661  -31.394  -88.954  -14.665 0.1000000015
3155  -33.041  -88.296  -12.924 0.1000000015
2618  -32.944  -88.584  -11.936 0.1000000015
3142  -33.609  -88.065  -11.754 0.1000000015
3793  -30.297  -86.160  -17.250 0.1000000015
2648  -31.654  -89.416  -13.509 0.1000000015
4353  -30.806  -85.568  -19.420 0.1000000015
2660  -30.740  -89.564  -14.931 0.1000000015
3826  -31.504  -86.398  -21.730 0.1000000015
3810  -31.193  -86.798  -20.622 0.1000000015
5596  -28.164  -82.839  -18.736 0.1000000015
5514  -35.844  -84.577  -10.561 0.1000000015
126811  -34.326  -86.554  -11.404 0.1000000015
5505  -35.171  -83.578  -10.512 0.1000000015
3172  -32.859  -87.821  -14.048 0.1000000015
3173  -33.773  -87.479  -13.657 0.1000000015
3156  -33.780  -87.988  -12.427 0.1000000015
3186  -32.610  -87.367  -15.011 0.1000000015
144137  -31.502  -86.935  -15.949 0.1000000015
4398  -31.029  -85.693  -22.444 0.1000000015
5003  -30.335  -85.300  -22.026 0.1000000015
5621  -29.939  -84.069  -20.268 0.1000000015
5610  -29.468  -83.536  -19.311 0.1000000015
5597  -29.044  -82.871  -18.706 0.1000000015
4365  -31.569  -85.881  -20.814 0.1000000015
4270  -33.581  -85.538  -11.777 0.1000000015
3726  -34.977  -87.041  -11.464 0.1000000015
4384  -32.059  -85.534  -21.885 0.1000000015
4285  -32.410  -85.988  -11.816 0.1000000015
4332  -31.077  -85.570  -16.944 0.1000000015
4342  -30.632  -85.340  -18.039 0.1000000015
4885  -32.684  -84.924  -12.468 0.1000000015
4971  -32.722  -84.383  -19.999 0.1000000015
4956  -34.116  -84.262  -19.458 0.1000000015
5612  -34.709  -83.883  -20.007 0.1000000015
122511  -35.248  -86.954  -12.593 0.1000000015
3187  -33.390  -87.014  -14.698 0.1000000015
3773  -33.122  -86.536  -15.466 0.1000000015
136529  -32.439  -84.816  -17.602 0.1000000015
4322  -33.502  -85.691  -15.921 0.1000000015
4944  -31.922  -84.467  -18.458 0.1000000015
4955  -33.604  -84.432  -18.680 0.1000000015
4323  -33.982  -85.605  -15.457 0.1000000015
3758  -34.563  -86.842  -13.675 0.1000000015
122305  -34.024  -86.711  -14.416 0.1000000015
140740  -33.922  -85.111  -15.865 0.1000000015
4333  -32.321  -85.376  -16.838 0.1000000015
4973  -34.108  -83.915  -20.436 0.1000000015
4344  -33.217  -85.045  -17.226 0.1000000015
2633  -32.452  -89.022  -12.296 0.1000000015
2649  -32.362  -88.803  -13.276 0.1000000015
2670  -30.344  -89.051  -15.945 0.1000000015
2681  -29.277  -88.473  -17.550 0.1000000015
2691  -29.147  -88.484  -18.620 0.1000000015
2711  -29.864  -88.763  -21.106 0.1000000015
2724  -30.090  -88.470  -21.679 0.1000000015
3130  -33.394  -87.980  -11.537 0.1000000015
3131  -34.251  -87.541  -11.677 0.1000000015
3141  -32.730  -88.487  -11.625 0.1000000015
3143  -34.489  -87.630  -12.043 0.1000000015
3171  -32.094  -88.310  -14.376 0.1000000015
3184  -30.894  -88.423  -15.599 0.1000000015
3185  -31.695  -87.751  -15.379 0.1000000015
3226  -30.581  -87.629  -20.303 0.1000000015
3255  -30.294  -87.512  -22.192 0.1000000015
3270  -29.675  -87.954  -22.523 0.1000000015
3724  -33.129  -87.605  -11.452 0.1000000015
3725  -33.983  -87.398  -11.520 0.1000000015
3747  -34.454  -87.442  -12.850 0.1000000015
3759  -34.459  -86.096  -14.561 0.1000000015
3772  -32.320  -86.809  -15.692 0.1000000015
3774  -33.796  -86.259  -15.140 0.1000000015
3781  -30.827  -86.466  -16.451 0.1000000015
3782  -31.848  -86.196  -16.297 0.1000000015
3783  -32.817  -86.009  -16.110 0.1000000015
3792  -29.782  -86.934  -17.684 0.1000000015
3802  -30.182  -86.227  -18.448 0.1000000015
3846  -31.390  -86.050  -22.286 0.1000000015
3856  -29.388  -87.591  -22.545 0.1000000015
4334  -33.577  -85.062  -16.734 0.1000000015
4335  -33.729  -84.944  -16.521 0.1000000015
4343  -31.487  -84.879  -17.720 0.1000000015
4381  -27.235  -85.635  -20.303 0.1000000015
4861  -36.798  -84.597  -10.552 0.1000000015
4870  -34.308  -84.855  -11.642 0.1000000015
4886  -33.432  -84.419  -12.265 0.1000000015
4935  -33.762  -84.482  -16.482 0.1000000015
4945  -33.042  -84.650  -18.095 0.1000000015
4946  -33.555  -84.525  -17.747 0.1000000015
4954  -32.552  -84.370  -19.009 0.1000000015
4969  -29.094  -84.247  -19.678 0.1000000015
4970  -31.955  -84.473  -19.398 0.1000000015
4972  -33.463  -84.158  -20.344 0.1000000015
4987  -29.608  -84.772  -20.803 0.1000000015
5599  -35.224  -83.508  -19.612 0.1000000015
5609  -28.586  -83.569  -19.005 0.1000000015
5611  -30.185  -83.446  -19.824 0.1000000015
6244  -29.574  -82.150  -18.645 0.1000000015
6253  -26.188  -82.855  -19.865 0.1000000015
6255  -27.312  -82.063  -19.349 0.1000000015
6975  -27.741  -81.408  -19.174 0.1000000015
6983  -26.754  -81.855  -20.707 0.1000000015
6984  -27.197  -81.351  -20.328 0.1000000015
8299  -36.093  -79.110  -12.384 0.1000000015
8326  -41.234  -79.845  -13.905 0.1000000015
8978  -44.327  -78.282  -4.915 0.1000000015
8988  -44.641  -78.511  -5.495 0.1000000015
8999  -41.017  -78.405  -7.205 0.1000000015
9001  -42.705  -78.823  -6.847 0.1000000015
9011  -42.480  -78.881  -7.039 0.1000000015
9069  -35.732  -78.116  -13.674 0.1000000015
9071  -40.538  -78.388  -13.671 0.1000000015
9072  -41.230  -79.119  -13.517 0.2000000030
9079  -35.986  -77.759  -14.260 0.1000000015
9822  -44.896  -78.158  -4.206 0.1000000015
9833  -42.541  -78.345  -6.207 0.1000000015
9864  -43.228  -78.605  -7.090 0.1000000015
9872  -40.179  -77.449  -8.057 0.1000000015
9873  -40.830  -77.397  -8.062 0.1000000015
9916  -41.643  -78.063  -12.932 0.2000000030
9945  -38.673  -77.508  -16.555 0.1000000015
10693  -43.704  -77.455  -4.830 0.1000000015
10748  -39.654  -76.926  -8.224 0.1000000015
10777  -44.986  -76.848  -12.231 0.1000000015
10803  -37.004  -76.682  -14.440 0.1000000015
10804  -37.889  -76.938  -14.429 0.1000000015
10832  -39.648  -76.447  -16.450 0.1000000015
10833  -40.343  -76.091  -16.362 0.1000000015
11645  -47.480  -75.337  -6.150 0.2000000030
11722  -42.098  -75.461  -12.471 0.2000000030
11730  -36.223  -75.539  -13.617 0.1000000015
11732  -39.266  -75.258  -13.363 0.1000000015
11739  -36.946  -75.905  -14.025 0.1000000015
11763  -39.082  -75.957  -17.022 0.1000000015
11766  -41.353  -75.407  -16.451 0.1000000015
11782  -39.560  -75.483  -17.514 0.1000000015
11795  -40.056  -74.994  -19.114 0.1000000015
11813  -42.808  -75.624  -20.475 0.1000000015
11814  -43.544  -75.466  -20.500 0.1000000015
11832  -43.397  -75.480  -21.156 0.1000000015
11850  -41.657  -76.205  -21.768 0.1000000015
11851  -42.141  -76.113  -21.885 0.1000000015
12607  -43.637  -74.477  -2.676 0.1000000015
12616  -43.360  -74.632  -3.305 0.1000000015
12617  -49.181  -74.535  -3.757 0.2000000030
12625  -43.105  -74.855  -4.088 0.1000000015
12635  -40.590  -74.042  -5.401 0.1000000015
12713  -35.289  -74.188  -11.759 0.1000000015
12716  -45.328  -75.080  -11.448 0.1000000015
12731  -35.956  -74.298  -12.725 0.1000000015
12745  -36.512  -74.545  -13.182 0.1000000015
12767  -41.799  -75.039  -16.052 0.1000000015
12768  -42.213  -74.674  -15.528 0.1000000015
12787  -42.369  -74.171  -17.001 0.1000000015
12788  -43.019  -74.187  -17.978 0.1000000015
12810  -44.488  -74.576  -19.503 0.1000000015
12828  -43.734  -74.973  -21.298 0.1000000015
13652  -41.643  -73.334  -4.700 0.1000000015
13664  -41.343  -73.784  -5.201 0.1000000015
13669  -49.222  -73.770  -5.965 0.2000000030
13724  -46.088  -73.583  -10.763 0.3000000119
13725  -46.853  -73.340  -11.072 0.2000000030
13731  -36.366  -73.213  -11.314 0.1000000015
13742  -35.876  -73.723  -12.212 0.1000000015
13743  -36.389  -73.099  -11.922 0.1000000015
13760  -38.898  -73.646  -13.154 0.1000000015
13793  -43.130  -73.251  -16.550 0.1000000015
13811  -44.467  -74.334  -18.953 0.1000000015
13838  -43.875  -74.269  -21.452 0.1000000015
14581  -36.455  -72.286  0.505 0.1000000015
14582  -37.156  -71.539  0.785 0.1000000015
14610  -35.270  -72.037  -1.176 0.1000000015
14638  -41.498  -72.312  -3.694 0.1000000015
14679  -50.537  -71.883  -5.780 0.3000000119
14691  -43.253  -72.902  -6.198 0.4000000060
14729  -37.490  -72.560  -10.870 0.1000000015
14749  -47.587  -72.955  -11.625 0.1000000015
14750  -48.275  -72.320  -11.767 0.1000000015
14751  -48.663  -71.817  -11.891 0.1000000015
14760  -37.059  -72.716  -12.092 0.1000000015
14768  -47.589  -72.742  -12.149 0.1000000015
14789  -42.621  -73.065  -14.864 0.1000000015
14811  -45.415  -72.294  -17.365 0.1000000015
14847  -45.018  -73.145  -18.464 0.1000000015
14867  -44.959  -73.296  -18.981 0.1000000015
15647  -38.301  -71.299  1.583 0.1000000015
15654  -45.634  -71.676  1.982 0.1000000015
15684  -40.616  -71.045  -1.902 0.1000000015
15692  -34.728  -71.295  -2.681 0.1000000015
15731  -40.118  -71.764  -4.591 0.1000000015
15769  -50.741  -71.093  -5.831 0.3000000119
15801  -39.735  -70.996  -10.370 0.2000000030
15804  -43.806  -71.688  -10.723 0.2000000030
15809  -48.879  -71.339  -11.069 0.1000000015
15819  -42.185  -71.434  -11.122 0.3000000119
15835  -46.699  -71.768  -12.480 0.1000000015
15836  -47.853  -72.096  -12.278 0.1000000015
15867  -43.425  -71.780  -14.603 0.1000000015
15868  -45.283  -71.059  -16.063 0.1000000015
15910  -45.976  -71.900  -17.676 0.1000000015
15926  -46.360  -71.410  -18.405 0.1000000015
15938  -45.941  -71.072  -19.841 0.1000000015
15949  -45.069  -71.940  -20.580 0.1000000015
16702  -37.786  -70.875  0.248 0.1000000015
16712  -38.457  -70.547  -0.273 0.1000000015
16714  -39.970  -70.633  0.288 0.1000000015
16738  -37.368  -70.120  -2.396 0.1000000015
16743  -47.428  -70.954  -2.575 0.3000000119
16781  -38.017  -70.445  -4.376 0.1000000015
16784  -52.000  -69.681  -5.077 0.3000000119
16805  -51.736  -70.380  -5.284 0.3000000119
16812  -41.004  -70.005  -6.635 0.5000000000
16864  -49.574  -70.522  -11.737 0.1000000015
16885  -46.319  -70.004  -12.936 0.1000000015
16894  -44.666  -70.513  -14.238 0.1000000015
16895  -45.338  -70.043  -14.733 0.1000000015
16913  -46.501  -70.238  -16.321 0.1000000015
16961  -46.892  -70.565  -17.834 0.1000000015
16974  -47.291  -70.088  -18.208 0.1000000015
17017  -44.333  -69.987  -23.165 0.1000000015
17803  -51.414  -69.412  -5.192 0.3000000119
17828  -41.167  -69.347  -6.322 0.5000000000
17861  -44.246  -69.645  -10.326 0.4000000060
17875  -49.398  -70.297  -10.951 0.1000000015
17941  -47.153  -69.870  -16.792 0.1000000015
17942  -47.793  -69.444  -17.138 0.1000000015
17978  -47.621  -69.319  -18.717 0.1000000015
17992  -46.978  -69.165  -20.370 0.1000000015
18018  -45.805  -68.810  -22.096 0.1000000015
18041  -44.056  -68.679  -23.705 0.1000000015
18717  -52.721  -68.170  2.015 0.3000000119
18729  -53.173  -68.209  1.024 0.3000000119
18763  -53.464  -67.973  -1.411 0.3000000119
18834  -43.879  -68.091  -10.039 0.4000000060
18868  -50.155  -69.358  -11.629 0.1000000015
18869  -50.714  -68.492  -11.855 0.1000000015
18897  -50.241  -68.643  -12.493 0.2000000030
18939  -48.693  -68.110  -17.154 0.1000000015
18974  -48.522  -67.444  -19.128 0.1000000015
18995  -47.786  -67.750  -20.428 0.1000000015
19004  -44.803  -67.716  -22.251 0.1000000015
19005  -45.548  -67.274  -21.782 0.1000000015
19006  -46.834  -67.344  -21.696 0.1000000015
19019  -45.423  -67.693  -22.271 0.1000000015
19653  -51.857  -67.654  4.484 0.2000000030
19668  -52.455  -68.081  3.036 0.3000000119
19846  -50.819  -68.355  -12.141 0.2000000030
19861  -50.377  -67.905  -12.908 0.2000000030
19946  -48.507  -66.317  -20.222 0.1000000015
19964  -46.883  -65.870  -20.830 0.1000000015
20776  -46.710  -66.601  -10.492 0.2000000030
20778  -48.435  -66.427  -10.905 0.1000000015
20787  -51.394  -66.991  -11.793 0.2000000030
20788  -51.755  -66.133  -11.838 0.2000000030
20795  -51.718  -66.517  -11.979 0.2000000030
20852  -50.070  -66.294  -15.775 0.1000000015
20870  -47.418  -65.605  -17.559 0.1000000015
20886  -47.789  -65.217  -18.754 0.1000000015
20888  -49.613  -65.895  -18.424 0.1000000015
20899  -49.611  -64.797  -19.187 0.1000000015
20911  -48.148  -65.516  -20.642 0.1000000015
21511  -46.614  -65.636  1.833 0.1000000015
21552  -44.481  -65.738  -0.402 0.1000000015
21628  -41.733  -64.792  -6.666 0.6000000238
21629  -41.991  -64.920  -6.170 0.6000000238
21636  -41.467  -65.339  -7.153 0.5000000000
21668  -47.139  -65.260  -10.243 0.2000000030
21669  -47.913  -65.685  -10.662 0.1000000015
21676  -48.930  -65.909  -11.215 0.1000000015
21699  -46.216  -65.586  -13.539 0.1000000015
21702  -52.016  -65.829  -12.222 0.2000000030
21778  -49.097  -64.230  -19.231 0.1000000015
22507  -42.340  -64.410  -5.876 0.6000000238
22526  -41.584  -64.964  -7.594 0.5000000000
22598  -44.708  -64.398  -12.475 0.1000000015
22601  -52.156  -64.619  -12.384 0.1000000015
22617  -52.292  -65.157  -13.006 0.1000000015
22633  -51.603  -63.986  -15.195 0.1000000015
22634  -52.328  -64.298  -13.826 0.1000000015
22645  -48.273  -64.759  -15.994 0.1000000015
22691  -49.420  -64.294  -19.230 0.1000000015
23426  -44.016  -63.138  -5.011 0.5000000000
23440  -54.289  -63.653  -6.406 0.1000000015
23447  -42.249  -63.614  -7.364 0.5000000000
23456  -42.786  -63.387  -8.159 0.5000000000
23457  -43.556  -63.422  -8.657 0.4000000060
23475  -47.003  -63.149  -10.007 0.3000000119
23518  -51.751  -63.510  -12.492 0.1000000015
23519  -52.523  -63.844  -13.019 0.1000000015
23533  -47.543  -63.528  -13.547 0.1000000015
23568  -49.218  -63.235  -16.489 0.1000000015
23580  -49.640  -62.986  -17.936 0.1000000015
23582  -51.015  -62.822  -17.632 0.1000000015
24443  -47.671  -62.969  -4.561 0.4000000060
24467  -49.593  -62.922  -5.472 0.3000000119
24471  -55.065  -63.369  -5.750 0.1000000015
24483  -54.976  -63.048  -6.529 0.1000000015
24499  -45.078  -62.039  -8.840 0.4000000060
24527  -42.543  -61.858  -11.254 0.1000000015
24541  -41.998  -61.887  -12.125 0.1000000015
24542  -42.362  -62.238  -11.825 0.1000000015
24553  -41.958  -61.982  -12.689 0.1000000015
24560  -52.623  -62.649  -13.390 0.1000000015
24571  -42.151  -62.284  -13.350 0.1000000015
24592  -49.086  -62.576  -14.950 0.1000000015
24614  -50.302  -61.929  -17.159 0.1000000015
24615  -51.102  -61.906  -17.281 0.1000000015
24616  -51.883  -62.012  -16.730 0.1000000015
24635  -50.648  -62.315  -17.652 0.1000000015
25403  -55.067  -62.043  -1.841 0.1000000015
25469  -43.788  -61.738  -6.482 0.4000000060
25474  -48.508  -61.343  -6.058 0.4000000060
25484  -44.046  -61.338  -7.091 0.4000000060
25510  -46.795  -61.688  -9.668 0.3000000119
25524  -42.711  -61.430  -10.612 0.1000000015
25525  -43.709  -61.348  -10.462 0.1000000015
25526  -44.806  -61.276  -10.917 0.1000000015
25539  -48.796  -61.484  -11.204 0.1000000015
25549  -46.516  -61.429  -12.187 0.1000000015
25550  -47.128  -61.466  -12.608 0.1000000015
25552  -51.328  -61.729  -12.695 0.1000000015
25563  -47.737  -61.436  -13.105 0.1000000015
25565  -49.542  -60.650  -14.352 0.1000000015
25567  -53.190  -61.407  -14.482 0.1000000015
25582  -50.057  -61.497  -15.634 0.1000000015
25600  -52.379  -60.763  -16.480 0.1000000015
26320  -47.935  -60.215  0.230 0.1000000015
26432  -45.986  -60.482  -6.683 0.4000000060
26463  -45.015  -60.830  -7.729 0.4000000060
26511  -45.951  -60.619  -11.450 0.1000000015
26521  -41.695  -61.219  -12.349 0.1000000015
26534  -42.234  -60.397  -13.893 0.1000000015
26539  -54.066  -59.569  -14.759 0.1000000015
26551  -52.529  -59.474  -16.228 0.1000000015
26569  -53.764  -59.493  -15.460 0.1000000015
27447  -49.905  -59.581  -7.736 0.1000000015
27463  -48.808  -59.021  -8.459 0.1000000015
27481  -41.444  -59.219  -9.881 0.1000000015
27494  -41.456  -59.699  -10.488 0.1000000015
27530  -41.340  -59.892  -11.852 0.1000000015
27532  -48.324  -59.310  -12.583 0.1000000015
27550  -49.784  -58.990  -13.635 0.1000000015
27567  -51.420  -58.854  -14.972 0.1000000015
27569  -54.114  -58.869  -15.086 0.1000000015
27583  -53.804  -58.793  -15.508 0.1000000015
28328  -46.335  -58.412  1.375 0.1000000015
28455  -42.521  -58.088  -8.674 0.1000000015
28456  -43.516  -57.995  -8.685 0.1000000015
28475  -42.122  -58.750  -9.036 0.1000000015
28496  -46.248  -58.464  -10.500 0.1000000015
28530  -48.688  -58.402  -12.530 0.1000000015
28548  -41.663  -58.852  -12.949 0.1000000015
28553  -54.225  -58.251  -14.872 0.1000000015
28571  -42.942  -58.345  -14.249 0.1000000015
28575  -53.758  -57.681  -15.325 0.1000000015
28598  -53.505  -58.292  -15.633 0.1000000015
29426  -41.483  -57.290  -8.901 0.1000000015
29495  -42.082  -57.070  -12.867 0.1000000015
29510  -42.361  -57.576  -13.361 0.1000000015
29515  -54.063  -57.597  -14.960 0.1000000015
30371  -40.895  -56.395  -9.582 0.1000000015
30412  -50.484  -56.207  -12.730 0.1000000015
30422  -43.145  -56.089  -13.984 0.1000000015
31270  -40.686  -55.656  -9.956 0.1000000015
31286  -42.518  -55.462  -12.989 0.1000000015
32188  -40.685  -54.912  -10.452 0.1000000015
32213  -42.775  -54.740  -13.132 0.1000000015
32214  -43.238  -54.643  -13.656 0.1000000015
33077  -40.428  -53.353  -9.028 0.1000000015
33107  -43.269  -53.120  -12.974 0.1000000015
33988  -40.541  -52.666  -9.475 0.1000000015
33998  -41.106  -52.520  -10.751 0.1000000015
34005  -41.529  -52.801  -11.396 0.1000000015
34013  -43.066  -52.523  -12.532 0.1000000015
34902  -40.939  -51.406  -9.614 0.1000000015
34912  -40.723  -52.081  -9.783 0.1000000015
34921  -43.555  -51.022  -12.054 0.1000000015
35774  -41.544  -50.884  -10.155 0.1000000015
35776  -43.379  -50.018  -10.954 0.1000000015
35785  -44.441  -49.730  -11.982 0.1000000015
36582  -42.782  -48.948  -8.634 0.1000000015
36611  -44.126  -49.462  -11.340 0.1000000015
37489  -43.387  -48.542  -9.181 0.1000000015
37490  -43.629  -48.270  -9.559 0.1000000015
38335  -43.537  -47.868  -8.944 0.1000000015
38346  -43.086  -47.424  -9.267 0.1000000015
38374  -43.058  -47.508  -11.612 0.1000000015
39242  -42.322  -46.839  -9.745 0.1000000015
120603  -37.287  -70.167  -3.996 0.1000000015
121652  -47.391  -74.556  -6.362 0.1000000015
121654  -27.592  -80.803  -19.818 0.1000000015
121804  -27.707  -83.543  -19.062 0.1000000015
121975  -40.956  -56.949  -10.180 0.1000000015
122014  -31.040  -87.426  -21.231 0.1000000015
122667  -35.240  -75.243  -12.638 0.1000000015
123205  -51.218  -70.827  -5.538 0.3000000119
123455  -44.152  -74.695  -11.527 0.1000000015
123944  -40.671  -80.376  -14.424 0.1000000015
124945  -42.518  -75.146  -14.984 0.1000000015
124968  -30.483  -84.525  -21.643 0.1000000015
124980  -35.045  -86.331  -13.653 0.1000000015
125147  -30.972  -87.035  -21.926 0.1000000015
125626  -46.829  -68.335  -21.312 0.1000000015
125788  -49.130  -60.549  -1.193 0.1000000015
125825  -36.819  -70.132  -3.209 0.1000000015
126405  -42.792  -75.142  -4.746 0.1000000015
126424  -45.888  -62.741  -12.285 0.1000000015
127252  -33.221  -85.451  -16.542 0.1000000015
128210  -41.025  -78.460  -7.025 0.1000000015
128419  -40.196  -75.107  -18.243 0.1000000015
128545  -44.247  -66.021  -9.795 0.4000000060
128886  -41.283  -75.833  -21.151 0.1000000015
128890  -38.947  -71.270  -4.861 0.1000000015
129108  -46.627  -70.994  -10.524 0.2000000030
129635  -48.810  -68.258  -14.025 0.1000000015
129698  -45.409  -72.588  -18.525 0.1000000015
129790  -45.757  -70.216  -10.489 0.2000000030
130458  -46.480  -60.082  -11.586 0.1000000015
130812  -50.339  -62.320  -6.387 0.3000000119
130856  -43.543  -55.726  -14.527 0.1000000015
131139  -46.626  -73.970  -11.243 0.2000000030
131263  -39.914  -70.973  -8.554 0.2000000030
131441  -45.197  -63.956  -4.109 0.4000000060
131576  -37.210  -71.916  1.522 0.1000000015
131894  -41.413  -80.433  -14.187 0.1000000015
131947  -51.506  -65.671  -11.656 0.2000000030
132041  -42.552  -78.446  -12.781 0.2000000030
132172  -51.329  -64.278  -11.953 0.2000000030
132292  -40.850  -54.235  -10.832 0.1000000015
132595  -45.736  -67.154  -18.962 0.1000000015
133431  -43.478  -62.225  -6.077 0.5000000000
133745  -37.753  -75.560  -13.717 0.1000000015
134489  -49.743  -69.753  -11.140 0.1000000015
134857  -34.738  -75.500  -11.436 0.1000000015
135085  -41.397  -66.926  -8.122 0.5000000000
135315  -37.260  -74.383  -13.321 0.2000000030
135346  -45.967  -60.319  -7.454 0.3000000119
135903  -40.653  -75.003  -18.818 0.1000000015
136457  -53.374  -67.927  0.112 0.3000000119
136865  -46.054  -62.168  -9.402 0.3000000119
137048  -42.314  -74.467  -17.719 0.1000000015
137147  -38.818  -73.400  -9.092 0.1000000015
137303  -43.369  -48.238  -8.551 0.1000000015
137480  -35.596  -77.434  -13.796 0.1000000015
137488  -38.322  -75.944  -13.727 0.1000000015
137547  -49.657  -67.027  -15.228 0.1000000015
137818  -42.274  -78.923  -7.012 0.1000000015
138135  -53.809  -63.670  -4.478 0.1000000015
138192  -27.549  -80.792  -20.757 0.1000000015
138443  -42.057  -60.870  -13.558 0.1000000015
138493  -46.561  -69.299  -14.722 0.1000000015
139316  -39.085  -70.412  -0.678 0.1000000015
139798  -47.246  -68.938  -13.886 0.2000000030
139815  -34.985  -87.251  -11.789 0.1000000015
140141  -43.554  -47.963  -10.717 0.1000000015
140200  -41.258  -55.986  -8.647 0.1000000015
140566  -29.919  -87.371  -22.396 0.1000000015
140722  -49.426  -65.409  -11.334 0.1000000015
140729  -40.927  -73.691  -12.829 0.1000000015
140972  -44.270  -77.316  -12.262 0.1000000015
141124  -34.586  -85.781  -11.364 0.1000000015
141133  -47.391  -68.222  -10.651 0.1000000015
141328  -33.727  -85.248  -16.101 0.1000000015
141331  -47.284  -73.369  -12.075 0.1000000015
141922  -44.736  -63.592  -12.160 0.1000000015
142404  -46.767  -69.715  -5.862 0.4000000060
142606  -43.474  -47.917  -8.608 0.1000000015
143312  -44.716  -61.637  -8.412 0.4000000060
143567  -52.251  -63.085  -7.127 0.2000000030
143592  -46.853  -66.119  -21.264 0.1000000015
144235  -36.384  -73.893  -12.704 0.1000000015
144283  -42.523  -77.825  -7.612 0.1000000015
144558  -33.274  -84.366  -19.467 0.1000000015
144679  -27.648  -86.157  -20.950 0.1000000015
