#!ascii label  , from subject sub-v2s18x29505_ses-1 vox2ras=TkReg
1467
34997  -30.104  -45.048  12.990 0.5000000000
34998  -29.938  -45.930  13.141 0.4000000060
137571  -30.353  -45.328  13.644 0.6000000238
35869  -30.315  -44.192  13.166 0.6000000238
35879  -30.383  -44.422  12.908 0.6000000238
36732  -30.659  -43.661  12.841 0.6000000238
36722  -30.460  -43.830  13.740 0.6999999881
127907  -31.153  -45.176  14.646 0.6999999881
36731  -30.432  -43.670  13.035 0.6999999881
127330  -30.735  -42.894  13.049 0.6999999881
37570  -31.075  -42.596  12.904 0.5000000000
38419  -30.780  -42.037  13.018 0.6999999881
141777  -30.976  -43.100  12.819 0.5000000000
31382  -27.210  -49.132  18.544 0.5000000000
35860  -31.135  -44.249  14.650 0.6999999881
37569  -30.572  -42.095  13.321 0.6999999881
132136  -30.706  -42.517  14.430 0.6999999881
37551  -30.408  -42.062  13.792 0.6999999881
140656  -30.939  -41.428  12.945 0.6000000238
34969  -33.323  -44.564  17.925 0.6999999881
36690  -33.128  -43.044  17.296 0.6999999881
36711  -31.813  -43.780  15.520 0.6999999881
31381  -26.782  -49.121  17.838 0.6000000238
29597  -26.007  -50.721  16.719 0.4000000060
36710  -30.936  -43.371  14.593 0.6999999881
39261  -30.761  -40.773  13.119 0.6999999881
39260  -30.260  -40.462  13.569 0.6999999881
39252  -31.284  -40.274  13.407 0.6000000238
35822  -33.239  -44.348  19.514 0.6999999881
35832  -33.407  -44.061  18.716 0.6999999881
131329  -33.130  -43.936  17.048 0.6999999881
36691  -33.349  -43.638  17.950 0.6999999881
36675  -33.348  -43.415  18.653 0.6999999881
33180  -27.439  -47.656  18.471 0.6000000238
120587  -32.684  -42.470  16.787 0.6999999881
37553  -31.695  -42.804  15.535 0.6999999881
36703  -32.537  -43.277  16.367 0.6999999881
37530  -32.994  -42.250  17.655 0.6999999881
37519  -33.260  -42.872  18.204 0.6999999881
32314  -26.257  -48.393  16.608 0.5000000000
31394  -26.412  -49.189  17.163 0.5000000000
37552  -30.467  -41.721  14.281 0.6999999881
30473  -26.258  -49.988  16.926 0.4000000060
126488  -30.187  -40.984  13.646 0.6999999881
37538  -31.261  -41.933  15.259 0.6999999881
38391  -32.547  -41.600  17.021 0.6999999881
29608  -25.274  -51.199  15.717 0.4000000060
38409  -30.714  -41.045  15.093 0.6999999881
39243  -32.154  -40.852  16.808 0.6999999881
38418  -30.536  -41.329  13.272 0.6999999881
128473  -30.121  -40.974  14.152 0.6999999881
39242  -31.433  -40.526  16.109 0.6999999881
40150  -30.530  -40.013  13.433 0.6999999881
39241  -30.521  -40.138  15.424 0.6999999881
40143  -31.143  -39.499  13.766 0.6000000238
40149  -29.871  -39.524  13.685 0.6999999881
42004  -31.362  -37.570  15.244 0.5000000000
41057  -31.617  -38.276  14.908 0.5000000000
41059  -33.485  -38.421  15.508 0.4000000060
41058  -32.607  -38.477  15.413 0.5000000000
37505  -32.989  -42.339  19.783 0.6999999881
34934  -27.947  -45.708  18.505 0.6000000238
37539  -32.121  -42.120  16.168 0.6999999881
32299  -26.674  -48.358  17.377 0.5000000000
138764  -32.881  -41.571  17.976 0.6999999881
39246  -30.056  -40.368  14.500 0.6999999881
39250  -29.837  -39.914  13.834 0.6999999881
40136  -29.727  -39.672  14.824 0.6999999881
42003  -30.338  -37.203  14.460 0.6999999881
42013  -30.671  -37.986  14.216 0.6999999881
41063  -30.076  -38.487  13.645 0.6999999881
35806  -29.608  -44.278  20.175 0.6999999881
36643  -30.515  -42.969  20.870 0.6999999881
37477  -31.131  -42.387  21.119 0.8000000119
142391  -29.278  -43.389  19.909 0.6000000238
36654  -29.881  -43.434  20.469 0.6000000238
37495  -32.084  -42.822  20.810 0.8000000119
34936  -28.902  -44.457  19.468 0.6000000238
35820  -28.021  -43.164  18.350 0.6000000238
34935  -28.272  -44.741  18.664 0.6000000238
34069  -27.387  -45.826  17.889 0.6000000238
38383  -32.898  -41.215  18.729 0.6999999881
33195  -26.524  -47.292  16.725 0.5000000000
34068  -26.893  -46.345  17.215 0.6000000238
38374  -32.941  -41.607  19.430 0.6999999881
39233  -32.581  -40.790  17.807 0.6999999881
40142  -29.648  -39.818  14.111 0.6999999881
42017  -29.394  -38.431  13.725 0.8000000119
41070  -29.746  -38.896  13.632 0.6999999881
40131  -31.199  -39.719  16.337 0.6999999881
138465  -29.380  -37.401  14.004 0.8000000119
40141  -29.495  -39.271  13.891 0.6999999881
41997  -32.003  -37.288  16.018 0.5000000000
41998  -32.946  -37.295  16.122 0.5000000000
42006  -33.641  -37.682  15.707 0.4000000060
118640  -29.641  -42.546  20.422 0.6000000238
37494  -30.110  -42.063  20.772 0.8000000119
35821  -28.699  -43.302  19.327 0.6000000238
38347  -31.363  -41.661  21.142 0.8000000119
138295  -31.929  -42.100  20.891 0.8000000119
38348  -32.084  -41.341  20.823 0.8000000119
34951  -27.578  -44.650  17.911 0.6000000238
117860  -32.772  -41.500  20.159 0.8000000119
34087  -26.885  -45.204  17.120 0.6000000238
34967  -27.080  -44.382  17.211 0.6000000238
39216  -32.874  -40.888  19.590 0.6999999881
39225  -32.742  -40.376  18.839 0.6999999881
40109  -32.605  -39.474  18.981 0.6999999881
31404  -25.526  -49.166  15.582 0.5000000000
125669  -25.893  -47.520  15.915 0.5000000000
40121  -32.428  -39.838  18.056 0.6999999881
39232  -31.978  -40.163  17.101 0.6999999881
42971  -28.860  -36.978  14.282 0.8000000119
41069  -29.444  -38.909  13.775 0.8000000119
40135  -29.296  -39.121  14.305 0.6999999881
41056  -29.408  -38.979  15.097 0.6999999881
40130  -30.317  -39.334  15.677 0.6999999881
41062  -29.070  -38.528  13.934 0.6999999881
42005  -32.275  -37.835  15.668 0.5000000000
130406  -28.572  -42.310  19.413 0.6999999881
37493  -28.878  -41.566  19.911 0.6999999881
38363  -29.335  -40.932  20.474 0.8000000119
38345  -29.791  -40.286  21.023 0.8000000119
39189  -31.065  -40.781  21.272 0.8000000119
35831  -27.534  -43.147  17.602 0.6000000238
124940  -32.292  -39.922  20.807 0.6999999881
126310  -26.400  -46.050  16.388 0.6000000238
34086  -26.400  -44.991  16.423 0.6000000238
124657  -32.770  -40.050  19.721 0.8000000119
135317  -32.562  -39.819  20.352 0.6999999881
33211  -25.919  -46.316  15.822 0.6000000238
40099  -32.579  -39.125  19.925 0.8000000119
32326  -25.182  -48.372  14.919 0.4000000060
40120  -31.806  -39.343  17.318 0.6999999881
29618  -24.510  -50.979  14.158 0.4000000060
41042  -32.289  -38.939  18.220 0.6999999881
42011  -28.931  -37.878  13.877 0.8000000119
41055  -28.933  -38.455  14.494 0.8000000119
41051  -31.020  -38.903  16.563 0.6999999881
42972  -29.640  -36.813  14.396 0.8000000119
42962  -30.293  -36.390  15.065 0.6999999881
44016  -30.881  -35.904  15.885 0.5000000000
44001  -32.736  -35.733  16.487 0.5000000000
42953  -32.326  -36.603  16.358 0.5000000000
41999  -33.889  -36.926  15.877 0.4000000060
37504  -27.398  -40.965  18.828 0.6000000238
38362  -27.684  -40.378  19.448 0.6999999881
36662  -27.468  -42.069  18.357 0.6999999881
36674  -26.603  -41.701  17.450 0.6999999881
131462  -31.281  -39.971  21.302 0.8000000119
36689  -26.553  -41.993  16.862 0.6000000238
39188  -30.360  -39.710  21.308 0.8000000119
35841  -26.446  -42.550  16.572 0.6000000238
40072  -31.771  -39.464  21.219 0.8000000119
34104  -25.800  -44.902  15.719 0.6000000238
34980  -25.617  -43.436  15.721 0.6000000238
41031  -32.461  -38.566  19.103 0.8999999762
41011  -32.316  -38.597  20.536 0.8000000119
33210  -25.151  -46.544  14.947 0.5000000000
41987  -30.668  -37.267  17.170 0.8000000119
41041  -31.647  -38.484  17.511 0.6999999881
33226  -24.714  -47.441  14.425 0.4000000060
44035  -28.231  -36.253  14.553 0.8000000119
41054  -28.669  -37.935  14.166 0.8000000119
42001  -28.476  -37.340  14.623 0.8000000119
41049  -29.229  -38.250  15.368 0.8000000119
41040  -30.873  -38.077  16.805 0.6999999881
44036  -29.362  -36.231  14.619 0.8000000119
41050  -30.126  -38.560  15.939 0.6999999881
42002  -28.716  -37.974  14.870 0.8000000119
44014  -29.176  -35.458  14.730 0.8000000119
140553  -30.728  -35.380  15.992 0.6000000238
38373  -26.340  -39.964  18.711 0.6000000238
39204  -27.937  -39.591  20.089 0.6999999881
125392  -26.207  -41.155  18.023 0.6000000238
39187  -28.391  -38.680  20.791 0.6999999881
37503  -26.255  -40.528  18.344 0.6000000238
38361  -25.805  -39.946  18.747 0.6000000238
36661  -25.559  -40.956  17.658 0.6000000238
40071  -30.946  -39.256  21.443 0.8000000119
35853  -25.620  -42.316  16.048 0.6000000238
36673  -25.677  -41.368  17.185 0.6000000238
135355  -29.869  -38.790  21.343 0.6999999881
34979  -24.872  -43.699  15.099 0.5000000000
41001  -31.808  -38.536  21.140 0.8000000119
34990  -24.334  -44.126  14.699 0.3000000119
41968  -32.140  -37.472  20.009 0.8000000119
41021  -32.413  -38.200  19.918 0.8000000119
41030  -32.101  -38.066  18.396 0.8000000119
41979  -32.253  -37.725  19.240 0.8000000119
41995  -29.125  -37.457  15.624 0.8000000119
42961  -28.385  -37.145  15.080 0.8000000119
44015  -30.129  -35.560  15.448 0.6999999881
45032  -31.673  -34.722  16.554 0.6000000238
45051  -33.688  -34.557  16.093 0.3000000119
39215  -25.948  -39.444  19.172 0.6000000238
39202  -25.841  -38.901  19.792 0.6999999881
40084  -26.694  -38.574  20.063 0.6999999881
40069  -27.132  -37.874  20.803 0.6999999881
33194  -24.982  -46.539  18.151 0.5000000000
37492  -25.780  -40.615  18.389 0.6000000238
40070  -28.452  -37.856  21.388 0.6999999881
36702  -25.015  -42.126  16.483 0.5000000000
36687  -25.100  -41.463  16.932 0.5000000000
36653  -25.814  -41.425  18.524 0.6000000238
34978  -23.629  -43.816  14.873 0.3000000119
35852  -24.635  -42.766  15.580 0.5000000000
126617  -30.345  -38.361  21.422 0.8000000119
41010  -31.449  -37.659  21.122 0.8000000119
41978  -31.806  -37.269  18.653 0.8999999762
139010  -31.813  -36.933  20.096 0.8999999762
41955  -31.715  -37.278  20.599 0.8000000119
34129  -24.251  -46.349  14.271 0.4000000060
42941  -30.453  -36.422  17.482 0.8999999762
42942  -31.216  -36.813  18.085 0.8999999762
41967  -31.905  -37.024  19.461 0.8999999762
44034  -27.421  -35.651  14.600 0.8000000119
42970  -28.341  -36.906  14.677 0.8000000119
41996  -29.939  -37.781  16.257 0.8000000119
45065  -28.325  -35.359  14.518 0.8000000119
122662  -29.783  -34.863  15.480 0.6999999881
43999  -30.682  -34.723  16.157 0.6000000238
45922  -32.332  -33.727  16.707 0.6000000238
45033  -32.994  -34.864  16.449 0.6000000238
38343  -25.807  -39.259  19.537 0.6000000238
39185  -25.873  -38.683  20.015 0.6999999881
37475  -25.919  -41.097  19.192 0.6000000238
40068  -26.267  -38.310  20.481 0.6999999881
34949  -25.148  -43.934  17.614 0.6000000238
34950  -25.440  -42.987  17.815 0.5000000000
35819  -25.778  -41.985  18.385 0.6000000238
40999  -29.398  -37.428  21.566 0.8000000119
34964  -23.847  -43.440  15.629 0.4000000060
35851  -23.993  -43.389  14.866 0.4000000060
41000  -30.998  -37.969  21.427 0.8000000119
42920  -31.526  -36.384  19.830 0.8000000119
41948  -31.210  -36.978  21.053 0.8000000119
42940  -29.528  -36.131  16.852 0.8999999762
42931  -31.527  -36.474  18.966 0.8000000119
42911  -31.351  -36.612  20.570 0.8000000119
43987  -30.115  -35.554  17.810 0.8000000119
42960  -27.935  -36.659  14.919 0.8000000119
42950  -27.840  -36.469  15.342 0.8000000119
42952  -29.810  -36.938  16.523 0.6999999881
42951  -28.852  -36.700  15.905 0.8000000119
45049  -29.055  -34.526  14.904 0.8000000119
44033  -26.770  -35.573  14.784 0.8000000119
45933  -30.010  -33.215  16.068 0.6999999881
45920  -30.767  -33.676  16.382 0.6999999881
118555  -31.541  -32.299  16.753 0.6000000238
46751  -32.409  -32.223  16.883 0.6000000238
140335  -33.052  -31.850  16.684 0.6000000238
39175  -27.100  -38.514  21.431 0.8000000119
33160  -26.198  -47.011  19.933 0.5000000000
35805  -26.507  -43.143  19.560 0.5000000000
133416  -27.545  -37.647  21.528 0.8000000119
34932  -25.569  -45.103  18.669 0.5000000000
35818  -25.864  -42.997  18.487 0.5000000000
40058  -27.296  -37.780  21.368 0.8000000119
40986  -27.597  -37.445  21.834 0.8000000119
129450  -25.379  -46.190  18.682 0.5000000000
40998  -27.987  -37.365  21.718 0.8000000119
123153  -28.554  -36.869  21.887 0.8000000119
41947  -30.402  -36.986  21.385 0.8000000119
42897  -29.109  -36.218  21.761 0.8000000119
42930  -30.862  -35.994  18.441 0.8000000119
44013  -27.043  -36.071  15.064 0.8000000119
43998  -28.412  -35.972  16.306 0.8999999762
45064  -27.892  -34.787  14.515 0.8000000119
45050  -29.884  -34.102  15.841 0.6999999881
45932  -29.308  -33.540  15.425 0.6999999881
46762  -29.497  -32.635  15.639 0.6999999881
46763  -30.165  -32.455  16.139 0.6999999881
47552  -30.813  -31.956  16.417 0.6999999881
37462  -28.968  -42.226  22.307 0.8000000119
38344  -26.777  -40.491  20.468 0.6000000238
38333  -28.125  -40.923  21.559 0.6000000238
39176  -28.215  -40.036  21.903 0.8000000119
33121  -26.192  -47.154  23.027 0.6000000238
34013  -26.903  -47.004  21.646 0.5000000000
36642  -27.385  -42.611  20.810 0.6000000238
128126  -24.349  -47.038  23.185 0.6000000238
33120  -25.374  -47.231  23.175 0.6000000238
33995  -26.488  -46.551  23.315 0.6000000238
34014  -27.500  -46.176  21.920 0.5000000000
35792  -27.480  -44.351  20.875 0.5000000000
35776  -22.966  -44.187  22.908 0.5000000000
34869  -23.859  -45.321  23.365 0.5000000000
34870  -24.738  -45.520  23.773 0.6000000238
33994  -25.859  -46.616  23.504 0.6000000238
34046  -26.202  -45.882  19.640 0.5000000000
34914  -27.392  -45.403  20.978 0.5000000000
127579  -27.973  -37.547  22.191 0.8000000119
41937  -28.000  -37.074  22.101 0.8000000119
35759  -23.612  -44.475  23.367 0.5000000000
126268  -26.895  -44.464  20.247 0.5000000000
36625  -22.082  -43.486  22.316 0.4000000060
35804  -26.311  -43.787  19.374 0.5000000000
42885  -27.879  -36.384  22.471 0.6999999881
43943  -29.837  -35.248  21.150 0.8000000119
43975  -31.051  -35.727  19.410 0.8000000119
130662  -29.251  -35.610  21.567 0.8000000119
42910  -30.802  -35.752  20.433 0.8000000119
43964  -30.369  -34.951  19.858 0.8000000119
130036  -27.298  -34.125  14.687 0.8999999762
44012  -26.545  -35.532  14.940 0.8999999762
43997  -27.330  -35.700  15.761 0.8000000119
43986  -29.104  -35.302  17.247 0.8000000119
117901  -28.122  -35.037  16.740 0.8000000119
45048  -28.446  -33.839  14.872 0.8000000119
46761  -28.785  -32.946  15.178 0.6999999881
38334  -29.134  -41.320  22.535 0.8000000119
123001  -28.757  -39.577  22.490 0.8000000119
34871  -25.600  -45.375  24.169 0.6000000238
36613  -28.893  -43.203  22.464 0.6000000238
131461  -28.255  -42.549  21.634 0.6000000238
137713  -24.240  -44.757  23.694 0.5000000000
120896  -25.510  -46.016  23.833 0.6000000238
122781  -27.026  -46.103  23.372 0.6000000238
35777  -28.511  -44.112  22.514 0.6000000238
40059  -27.955  -38.309  22.148 0.8000000119
140028  -28.822  -38.416  22.620 0.8000000119
41926  -28.867  -37.380  22.789 0.6999999881
35760  -24.912  -44.567  24.217 0.5000000000
35761  -27.912  -44.946  23.830 0.6000000238
126906  -28.342  -43.331  21.837 0.6000000238
36609  -22.807  -43.068  23.230 0.4000000060
36588  -23.890  -43.150  24.073 0.4000000060
36611  -24.118  -43.998  23.857 0.4000000060
36589  -24.729  -43.492  24.437 0.4000000060
118446  -28.351  -36.566  22.661 0.6999999881
37429  -23.667  -42.372  24.274 0.4000000060
37430  -24.373  -42.650  24.572 0.4000000060
36591  -26.979  -44.002  24.914 0.4000000060
38299  -24.137  -41.910  24.775 0.4000000060
38285  -25.342  -41.708  25.624 0.5000000000
43929  -27.727  -35.743  22.481 0.6999999881
38298  -23.440  -41.616  24.452 0.3000000119
37414  -24.827  -42.208  25.109 0.5000000000
37415  -25.694  -42.567  25.312 0.5000000000
138131  -30.319  -35.042  18.822 0.8000000119
43955  -30.050  -34.884  20.613 0.8000000119
133658  -28.019  -34.835  22.138 0.8000000119
45062  -26.132  -34.436  14.941 0.8000000119
118861  -26.350  -35.140  15.444 1.0000000000
45031  -27.045  -34.606  16.482 0.8000000119
140166  -27.868  -34.451  17.081 0.8000000119
43974  -29.532  -34.742  18.132 0.8000000119
45001  -29.567  -34.328  18.829 0.8000000119
45047  -25.633  -34.477  15.412 1.0000000000
45000  -28.938  -33.899  18.454 0.8000000119
45030  -25.600  -34.322  16.097 0.8000000119
43985  -28.494  -34.394  17.628 0.8000000119
45945  -27.894  -33.213  14.905 0.8999999762
122435  -28.970  -31.939  15.185 0.6999999881
48451  -29.934  -30.736  15.636 0.6999999881
127187  -30.689  -31.115  16.258 0.6999999881
140091  -31.356  -30.634  16.486 0.6999999881
47553  -32.718  -31.339  16.785 0.6000000238
49487  -31.488  -29.775  16.415 0.6999999881
120324  -29.947  -30.015  15.513 0.6999999881
48438  -33.200  -30.575  16.585 0.6000000238
48437  -32.209  -30.564  16.718 0.6000000238
129788  -29.259  -40.618  22.760 0.8000000119
34872  -26.319  -45.958  23.851 0.5000000000
36612  -28.819  -43.708  23.541 0.8000000119
36594  -29.166  -42.924  24.041 0.8000000119
37452  -29.403  -42.195  23.340 0.8000000119
39160  -29.738  -40.430  23.527 0.8000000119
35747  -26.697  -44.693  24.528 0.6000000238
35748  -27.512  -44.550  24.398 0.5000000000
140150  -29.300  -42.944  23.131 0.8000000119
40049  -29.547  -39.250  23.132 0.6999999881
128841  -26.128  -44.035  24.836 0.5000000000
36593  -28.480  -43.433  24.488 0.6999999881
35762  -28.385  -44.470  23.510 0.6999999881
40980  -29.560  -38.371  23.213 0.6999999881
41927  -30.046  -37.727  23.687 0.6999999881
42872  -28.133  -35.949  23.097 0.6999999881
43916  -27.232  -35.111  23.148 0.6999999881
39130  -24.250  -40.782  25.631 0.4000000060
119874  -24.989  -41.001  25.976 0.4000000060
44975  -29.502  -34.148  20.293 0.8000000119
43928  -27.056  -35.047  22.956 0.6999999881
44987  -29.708  -34.285  19.499 0.8000000119
118879  -29.305  -33.588  19.224 0.8000000119
44986  -29.419  -33.660  20.038 0.6999999881
45014  -26.415  -33.759  16.804 0.8000000119
45944  -26.608  -33.435  14.938 0.8999999762
46777  -27.407  -32.549  14.944 0.8999999762
45931  -25.258  -33.673  15.579 0.8999999762
45918  -24.968  -34.026  15.867 0.8000000119
45919  -25.256  -33.585  16.315 0.8000000119
46741  -26.330  -33.155  17.014 0.8000000119
46778  -28.324  -32.486  15.032 0.8999999762
48449  -28.690  -30.971  14.832 0.8000000119
46752  -33.363  -32.422  16.400 0.4000000060
129165  -29.336  -31.101  15.273 0.8000000119
48450  -29.288  -30.256  15.003 0.6999999881
141646  -30.606  -30.277  16.058 0.6999999881
125695  -33.679  -29.068  16.192 0.5000000000
38300  -29.246  -42.086  24.428 0.6999999881
38318  -29.518  -41.366  23.546 0.8000000119
37418  -28.090  -42.285  25.457 0.6999999881
39148  -29.813  -40.515  24.783 0.6999999881
38287  -27.236  -41.999  25.769 0.6000000238
38289  -29.276  -40.914  25.313 0.6999999881
142491  -30.187  -39.116  23.798 0.6999999881
126708  -30.261  -37.144  24.013 0.6999999881
125360  -29.271  -36.934  23.338 0.6999999881
39131  -25.850  -41.086  26.147 0.5000000000
42873  -29.730  -36.390  23.775 0.6999999881
39120  -25.411  -40.387  26.339 0.4000000060
40006  -24.386  -39.631  26.344 0.3000000119
134377  -25.025  -39.837  26.469 0.3000000119
39121  -26.232  -40.342  26.436 0.5000000000
44966  -28.947  -34.234  21.128 0.6999999881
44940  -27.549  -34.861  23.197 0.6999999881
40007  -25.667  -39.725  26.626 0.4000000060
43942  -27.327  -34.662  22.800 0.6999999881
44974  -29.055  -33.818  20.860 0.6999999881
45015  -27.549  -33.973  17.351 0.8000000119
44999  -28.208  -33.499  17.983 0.8000000119
45911  -27.341  -33.303  17.495 0.8000000119
46760  -25.132  -32.659  15.836 0.8000000119
47575  -26.977  -31.806  14.937 0.8000000119
46776  -26.077  -32.634  15.222 0.8999999762
47576  -28.119  -31.796  14.870 0.8999999762
48466  -28.663  -30.201  14.580 0.8000000119
127171  -29.580  -29.361  15.092 0.8000000119
49488  -32.062  -28.989  16.454 0.6999999881
130230  -32.731  -29.667  16.568 0.6000000238
49498  -30.486  -29.500  15.781 0.6999999881
123771  -29.146  -28.244  14.567 0.6999999881
118031  -29.466  -41.247  24.614 0.6999999881
40020  -27.914  -40.002  26.347 0.6000000238
39134  -28.585  -40.703  25.843 0.6000000238
39135  -29.444  -40.184  25.550 0.6999999881
40036  -30.149  -39.772  25.052 0.6999999881
40037  -30.337  -39.162  24.567 0.6999999881
39132  -26.889  -41.101  26.205 0.5000000000
40023  -30.225  -38.942  25.346 0.6999999881
40969  -30.443  -38.504  24.902 0.6999999881
40981  -30.348  -38.459  24.134 0.6999999881
39133  -27.663  -40.689  26.214 0.6000000238
40019  -23.953  -40.091  25.853 0.3000000119
40010  -28.197  -39.197  26.596 0.6000000238
40942  -25.863  -39.063  27.014 0.4000000060
40008  -26.466  -39.619  26.712 0.5000000000
40009  -27.305  -39.448  26.696 0.6000000238
44952  -27.829  -34.473  22.843 0.6999999881
43917  -28.681  -35.395  23.412 0.6999999881
41880  -25.581  -37.704  27.413 0.3000000119
45883  -29.021  -33.751  21.363 0.6999999881
45902  -28.071  -33.012  18.094 0.8000000119
45903  -28.782  -33.131  18.689 0.8000000119
46734  -28.819  -32.827  18.616 0.6999999881
46727  -29.366  -33.070  19.649 0.6999999881
45889  -29.559  -33.457  20.827 0.6999999881
46743  -28.190  -32.460  17.718 0.8000000119
47574  -25.746  -31.759  15.380 0.8000000119
137679  -24.902  -33.295  16.006 0.8000000119
46749  -25.468  -32.717  16.389 0.8000000119
47542  -26.908  -32.562  17.060 0.8000000119
48464  -26.546  -31.043  14.843 0.8000000119
48433  -24.780  -30.093  15.765 0.8000000119
141237  -26.126  -31.034  16.328 0.8000000119
49484  -26.517  -30.173  16.499 0.8000000119
138139  -32.890  -28.833  16.455 0.6000000238
50550  -31.683  -28.436  16.338 0.6999999881
50575  -28.993  -28.982  14.432 0.8000000119
50562  -30.308  -28.754  15.554 0.6000000238
51664  -28.921  -27.383  14.577 0.6999999881
51648  -29.580  -27.708  15.072 0.6000000238
51649  -30.266  -27.987  15.533 0.6000000238
40021  -28.851  -39.770  26.168 0.6000000238
40959  -30.341  -38.145  25.545 0.6999999881
122028  -30.530  -37.671  24.763 0.6999999881
40957  -29.053  -38.893  26.390 0.6000000238
41903  -30.501  -37.294  25.847 0.6999999881
139290  -30.687  -37.116  25.205 0.6999999881
42860  -30.660  -36.718  24.650 0.6999999881
40935  -26.110  -38.324  27.283 0.4000000060
40943  -26.710  -38.927  27.070 0.4000000060
40945  -28.477  -38.288  26.866 0.5000000000
43903  -30.435  -35.836  24.205 0.6999999881
40944  -27.603  -38.648  27.012 0.5000000000
41890  -27.934  -37.805  27.306 0.5000000000
43918  -30.082  -35.182  23.722 0.6999999881
41881  -26.377  -37.487  27.445 0.3000000119
41889  -26.967  -38.118  27.304 0.4000000060
45888  -29.485  -33.449  20.387 0.6999999881
44942  -30.617  -34.543  23.576 0.6999999881
42825  -25.759  -36.921  27.597 0.3000000119
42826  -26.756  -36.603  27.679 0.3000000119
45874  -28.996  -33.848  22.030 0.6999999881
44953  -29.644  -34.268  22.784 0.6999999881
45884  -30.012  -33.469  21.360 0.6999999881
45875  -30.823  -33.657  22.175 0.6999999881
46742  -27.341  -32.916  17.585 0.8000000119
46728  -30.169  -32.586  19.725 0.6999999881
122607  -29.778  -33.034  20.335 0.6999999881
46712  -31.268  -33.015  21.375 0.6999999881
46721  -31.451  -32.449  20.627 0.6999999881
123255  -25.149  -32.539  15.931 0.8000000119
47551  -26.556  -31.751  16.524 0.8000000119
46735  -29.803  -32.463  18.934 0.6999999881
46729  -31.149  -32.207  19.858 0.6999999881
47524  -31.941  -31.826  20.133 0.6999999881
47564  -25.361  -31.658  15.862 0.8000000119
138643  -28.811  -31.656  17.429 0.8000000119
47528  -30.787  -32.031  19.138 0.8000000119
47529  -31.571  -31.586  19.436 0.6999999881
48463  -25.307  -30.744  15.259 0.8000000119
135985  -27.423  -30.947  16.587 0.8000000119
48435  -28.674  -30.855  16.973 0.8000000119
47536  -30.323  -31.241  17.998 0.8000000119
48434  -25.223  -30.580  16.035 0.8000000119
48423  -29.417  -30.380  17.245 0.8000000119
49510  -27.134  -29.698  14.460 0.8000000119
49482  -24.646  -29.587  15.708 0.8000000119
123296  -28.098  -30.142  16.696 0.8000000119
49470  -29.585  -29.631  17.174 0.8000000119
50573  -26.548  -29.019  14.430 0.8000000119
131563  -26.381  -29.213  16.455 0.8000000119
50574  -28.044  -29.005  14.328 0.8000000119
50552  -33.315  -28.193  16.221 0.5000000000
51638  -31.854  -27.787  16.343 0.6000000238
120805  -27.390  -28.352  14.391 0.8000000119
125175  -28.541  -28.321  14.393 0.8000000119
51639  -32.725  -27.574  16.272 0.6000000238
52745  -32.078  -27.005  16.284 0.6000000238
129808  -30.260  -27.160  15.612 0.6000000238
51650  -31.064  -27.321  16.094 0.6000000238
40958  -29.872  -38.537  26.036 0.6999999881
41902  -29.967  -37.743  26.329 0.6999999881
42850  -30.717  -36.585  25.585 0.6999999881
41891  -28.875  -37.568  27.188 0.5000000000
41893  -29.977  -36.986  26.688 0.6999999881
41882  -27.322  -37.243  27.501 0.4000000060
42827  -27.895  -36.859  28.449 0.4000000060
42838  -28.486  -37.186  28.370 0.5000000000
43891  -30.936  -35.871  25.103 0.6999999881
43858  -26.878  -35.700  27.961 0.3000000119
43859  -28.036  -35.686  27.810 0.3000000119
42828  -28.963  -36.475  28.413 0.5000000000
44929  -31.508  -34.272  24.987 0.6999999881
134326  -25.942  -36.215  27.864 0.3000000119
44870  -28.657  -34.313  28.217 0.3000000119
45865  -31.404  -33.834  23.702 0.6999999881
44869  -27.514  -34.204  28.246 0.3000000119
45876  -32.197  -32.945  22.178 0.6999999881
47535  -29.456  -31.996  18.041 0.8000000119
47550  -25.363  -31.592  15.994 0.8000000119
47543  -27.836  -31.713  17.012 0.8000000119
136940  -30.367  -31.829  18.546 0.6999999881
47537  -31.171  -31.297  18.639 0.8000000119
48448  -24.980  -30.648  15.786 0.8000000119
48416  -30.940  -30.649  18.040 0.8000000119
49497  -24.759  -30.015  15.571 0.8000000119
48436  -28.974  -30.079  16.914 0.8000000119
49471  -30.463  -29.428  17.471 0.8000000119
49496  -24.746  -29.176  15.255 0.8000000119
49509  -25.391  -29.752  14.825 0.8000000119
49483  -25.170  -29.827  16.097 0.8000000119
49485  -27.721  -29.371  16.616 0.8000000119
50549  -28.591  -28.739  16.702 0.8000000119
50533  -29.950  -28.775  17.220 0.8000000119
123151  -26.076  -28.378  14.425 0.8000000119
50572  -25.143  -28.699  14.629 0.8000000119
50546  -25.212  -28.846  16.124 0.8000000119
50547  -26.412  -28.377  16.373 0.8000000119
51623  -29.354  -28.216  16.899 0.8000000119
40946  -29.364  -38.023  26.603 0.6000000238
41892  -29.993  -37.621  27.501 0.6000000238
42840  -30.215  -36.744  27.596 0.6000000238
42839  -29.697  -37.179  28.095 0.5000000000
43879  -31.030  -35.513  27.371 0.6999999881
42841  -30.441  -36.417  26.561 0.6999999881
43892  -31.279  -34.964  25.607 0.6999999881
43860  -30.271  -35.738  27.536 0.6000000238
118077  -30.912  -35.595  26.191 0.6999999881
43880  -32.181  -34.774  26.868 0.6999999881
44868  -26.376  -34.023  28.222 0.3000000119
46660  -29.754  -32.784  27.817 0.3000000119
45851  -31.848  -33.552  25.252 0.6999999881
45856  -31.701  -33.665  24.479 0.6999999881
47478  -26.404  -30.933  27.238 0.3000000119
46678  -26.846  -31.659  27.565 0.3000000119
46659  -27.564  -32.075  27.710 0.3000000119
47461  -29.338  -31.943  27.644 0.3000000119
48341  -25.896  -30.187  26.556 0.3000000119
46713  -32.205  -32.438  21.317 0.6999999881
137249  -31.875  -30.959  19.130 0.8000000119
48424  -31.104  -29.934  17.784 0.8000000119
51633  -24.683  -27.622  15.476 0.8000000119
132288  -25.005  -28.046  15.966 0.8000000119
51636  -27.164  -27.454  16.395 0.8000000119
51637  -28.449  -27.771  16.602 0.8000000119
51662  -26.601  -27.710  14.437 0.8000000119
129425  -25.699  -27.819  16.270 0.8000000119
51663  -27.885  -27.571  14.411 0.8000000119
120188  -28.143  -26.667  14.496 0.6999999881
52765  -28.976  -26.293  14.687 0.6000000238
43862  -31.624  -34.133  27.430 0.6000000238
44921  -31.753  -34.100  25.943 0.6999999881
46649  -30.519  -33.292  28.245 0.4000000060
45824  -32.730  -33.682  29.054 0.6000000238
44910  -33.235  -33.974  26.866 0.6999999881
46679  -32.211  -33.043  28.173 0.4000000060
45857  -32.150  -33.044  24.676 0.6999999881
45866  -32.049  -33.248  23.850 0.6999999881
47481  -29.691  -30.911  27.192 0.3000000119
45852  -32.179  -32.870  25.508 0.6000000238
46699  -32.582  -32.516  24.027 0.6999999881
46705  -32.437  -32.840  23.170 0.6999999881
135211  -32.871  -31.988  21.937 0.6999999881
47510  -33.220  -31.492  22.796 0.6999999881
47516  -32.636  -31.848  21.182 0.6999999881
47517  -33.075  -31.287  21.362 0.6999999881
123109  -30.223  -30.349  17.559 0.8000000119
48417  -31.703  -30.331  18.536 0.8000000119
50532  -29.290  -28.994  16.932 0.8000000119
50523  -31.452  -28.663  17.976 0.8000000119
50548  -27.555  -28.479  16.503 0.8000000119
119113  -29.240  -27.104  16.999 0.8000000119
51660  -24.735  -27.254  14.763 0.8000000119
51634  -25.143  -27.173  16.162 0.8000000119
51635  -26.022  -26.936  16.411 0.8000000119
52744  -28.171  -26.690  16.695 0.8000000119
52742  -25.586  -26.068  16.418 0.8000000119
131742  -30.421  -26.315  15.693 0.6000000238
123807  -27.018  -26.887  14.493 0.8000000119
52764  -27.185  -25.889  14.586 0.6999999881
53754  -27.763  -25.033  14.468 0.6999999881
43861  -31.218  -34.586  27.318 0.6000000238
44891  -32.415  -34.076  28.648 0.6000000238
44909  -33.001  -34.240  27.910 0.6000000238
46662  -31.585  -33.267  27.793 0.3000000119
45842  -32.073  -33.324  26.119 0.6000000238
47462  -30.195  -32.058  27.615 0.3000000119
47463  -31.253  -32.061  27.588 0.3000000119
46680  -32.061  -33.127  27.095 0.5000000000
47482  -31.338  -31.572  27.101 0.3000000119
126717  -31.706  -32.216  26.938 0.5000000000
46695  -32.490  -32.349  24.968 0.6999999881
48365  -28.092  -29.656  26.246 0.3000000119
134641  -29.420  -30.270  26.662 0.3000000119
126986  -32.956  -30.981  24.719 0.4000000060
47503  -33.051  -31.823  23.589 0.6999999881
49358  -27.373  -29.116  25.467 0.3000000119
47504  -33.330  -31.012  23.515 0.6000000238
48403  -33.208  -30.673  20.795 0.6000000238
48394  -33.552  -30.430  21.713 0.6000000238
48409  -32.855  -30.631  20.043 0.8000000119
48418  -32.453  -30.320  19.332 0.8000000119
121651  -33.049  -29.996  19.762 0.6999999881
118742  -33.569  -30.028  20.980 0.6999999881
49462  -31.675  -29.425  18.222 0.8000000119
49463  -32.327  -29.523  18.799 0.8000000119
50515  -32.722  -28.725  19.046 0.6999999881
49456  -32.920  -29.454  19.385 0.6999999881
49446  -33.705  -29.378  20.670 0.6999999881
50534  -30.751  -28.615  17.546 0.8000000119
50524  -32.106  -28.717  18.510 0.8000000119
51614  -32.343  -27.870  18.872 0.6999999881
129156  -32.912  -28.122  19.409 0.6999999881
51624  -30.203  -27.715  17.415 0.8000000119
51625  -31.159  -27.870  17.891 0.8000000119
51613  -31.558  -27.357  18.530 0.6999999881
50560  -24.670  -28.045  14.896 0.8000000119
51647  -24.479  -27.215  15.074 0.8000000119
51612  -30.753  -26.957  18.143 0.8000000119
52741  -24.880  -26.588  15.713 0.8000000119
118567  -26.908  -26.297  16.642 0.8000000119
51661  -25.175  -27.898  14.469 0.8000000119
52761  -24.698  -26.682  15.149 0.8000000119
52729  -27.706  -25.696  17.115 0.8000000119
126168  -25.698  -27.094  14.526 0.8000000119
52762  -25.192  -26.428  14.891 0.8000000119
53753  -26.737  -24.957  14.768 0.6999999881
128796  -29.713  -25.563  15.177 0.6000000238
54702  -30.428  -24.735  15.197 0.6000000238
52763  -26.184  -26.344  14.668 0.8000000119
54712  -27.899  -24.091  14.251 0.6999999881
46692  -32.320  -32.242  25.646 0.5000000000
47483  -31.656  -31.063  26.434 0.4000000060
47497  -32.564  -31.540  25.328 0.5000000000
126467  -32.872  -31.743  24.471 0.6000000238
49338  -30.618  -29.924  26.253 0.3000000119
47500  -33.154  -31.235  24.095 0.6000000238
49360  -29.236  -28.899  25.322 0.3000000119
49362  -31.287  -29.559  25.643 0.3000000119
48373  -33.249  -30.578  24.158 0.6000000238
50423  -27.886  -28.459  24.652 0.3000000119
50451  -29.093  -28.339  24.686 0.3000000119
49388  -31.836  -28.977  25.030 0.3000000119
50424  -28.598  -28.485  24.787 0.3000000119
49416  -33.853  -29.612  22.428 0.6000000238
134620  -27.329  -28.193  24.255 0.3000000119
49434  -33.863  -29.476  21.498 0.6999999881
50501  -33.663  -28.628  20.314 0.6999999881
52730  -28.764  -25.940  17.521 0.8000000119
52715  -31.122  -26.438  18.919 0.6999999881
52731  -29.867  -26.496  17.766 0.6999999881
53724  -28.742  -25.184  18.191 0.6999999881
119717  -25.776  -25.311  16.376 0.8000000119
124163  -26.271  -24.720  16.486 0.6999999881
52743  -26.764  -25.214  16.992 0.8000000119
53723  -28.017  -25.148  17.679 0.6000000238
123724  -31.846  -24.175  14.935 0.6000000238
53752  -25.771  -25.054  15.505 0.6999999881
119433  -26.297  -24.734  15.111 0.6999999881
54710  -26.277  -24.487  15.424 0.6999999881
54713  -28.957  -24.167  14.110 0.6999999881
54701  -29.655  -24.748  14.677 0.6999999881
54711  -26.838  -24.025  14.735 0.6999999881
58527  -27.980  -20.373  13.164 0.5000000000
57605  -28.180  -20.134  13.053 0.5000000000
48375  -33.483  -30.321  23.605 0.6000000238
49404  -33.663  -29.673  23.328 0.6000000238
50473  -34.032  -28.708  22.053 0.6000000238
122519  -33.970  -28.638  21.143 0.6999999881
51603  -33.334  -27.925  19.985 0.6999999881
51560  -25.634  -27.487  23.372 0.3000000119
51601  -31.945  -26.905  19.216 0.6999999881
126335  -33.714  -27.838  20.790 0.6999999881
51602  -32.668  -27.388  19.644 0.6999999881
54681  -27.700  -24.761  17.511 0.6999999881
52714  -30.250  -25.968  18.697 0.6999999881
52713  -29.412  -25.499  18.408 0.6999999881
53738  -25.595  -24.964  15.974 0.6999999881
54680  -26.983  -24.571  16.995 0.6999999881
55679  -27.626  -24.064  17.110 0.6000000238
54696  -26.358  -24.274  15.779 0.6999999881
54714  -29.996  -24.119  14.467 0.6000000238
54715  -30.953  -24.061  14.902 0.5000000000
55703  -27.449  -23.196  14.358 0.6999999881
56655  -27.604  -22.605  14.283 0.6999999881
55713  -27.680  -22.601  13.943 0.6999999881
56664  -28.426  -21.773  13.064 0.6000000238
49390  -33.321  -29.696  24.152 0.5000000000
125581  -33.063  -28.805  24.263 0.4000000060
50454  -33.530  -29.041  23.757 0.5000000000
121704  -33.828  -28.739  23.021 0.6000000238
129149  -33.656  -27.930  23.117 0.5000000000
130361  -33.866  -27.937  22.480 0.6000000238
124901  -33.921  -27.879  21.661 0.6000000238
52658  -25.474  -26.500  23.531 0.3000000119
52659  -26.504  -27.545  23.794 0.3000000119
51589  -33.031  -27.024  20.526 0.6999999881
52701  -32.177  -26.467  20.031 0.6000000238
52700  -31.308  -25.966  19.759 0.6000000238
54682  -29.090  -24.361  18.233 0.6000000238
52699  -30.586  -25.544  19.462 0.6000000238
54697  -26.807  -24.071  16.385 0.6999999881
124769  -28.313  -24.426  17.745 0.6000000238
53707  -29.159  -24.938  18.632 0.6000000238
137250  -27.313  -23.605  16.196 0.6999999881
55680  -28.134  -23.484  16.518 0.6000000238
55702  -27.185  -23.318  14.756 0.6999999881
55714  -28.306  -22.588  13.520 0.6999999881
55716  -30.911  -22.685  13.713 0.5000000000
55715  -29.512  -22.711  13.393 0.6000000238
55706  -30.410  -23.410  14.163 0.6000000238
133612  -30.950  -22.005  13.130 0.5000000000
57599  -28.710  -20.994  12.683 0.5000000000
56663  -27.850  -21.755  13.674 0.5000000000
57606  -28.160  -20.271  12.902 0.5000000000
59436  -29.294  -19.410  12.877 0.5000000000
51544  -32.489  -27.962  24.122 0.4000000060
50464  -33.366  -28.308  23.681 0.4000000060
51561  -32.266  -26.931  23.677 0.4000000060
123136  -29.877  -27.896  24.476 0.4000000060
120094  -26.116  -26.615  23.798 0.3000000119
53627  -27.370  -25.643  24.408 0.3000000119
53628  -28.244  -26.009  24.678 0.3000000119
135037  -26.844  -24.961  24.093 0.3000000119
53693  -30.403  -25.033  19.669 0.5000000000
121074  -29.709  -24.716  18.929 0.6000000238
118820  -29.591  -23.756  17.696 0.6000000238
54652  -30.194  -24.886  19.456 0.6000000238
55667  -28.641  -23.871  17.455 0.6000000238
55694  -27.530  -23.123  15.499 0.6999999881
56636  -29.778  -22.982  15.886 0.6000000238
56656  -27.714  -21.955  14.107 0.6999999881
134255  -27.973  -20.393  13.122 0.5000000000
57598  -27.954  -20.869  13.066 0.5000000000
58535  -28.881  -19.619  13.015 0.5000000000
51543  -31.647  -27.540  24.224 0.4000000060
51562  -33.125  -27.489  23.419 0.4000000060
52639  -31.319  -26.835  24.189 0.4000000060
51563  -33.519  -27.293  22.780 0.4000000060
51574  -33.639  -27.159  22.107 0.4000000060
51580  -33.493  -27.094  21.371 0.5000000000
54585  -28.228  -24.944  24.554 0.3000000119
52689  -32.938  -26.423  21.228 0.4000000060
54606  -28.181  -23.986  24.343 0.3000000119
53629  -29.001  -25.381  24.728 0.4000000060
52687  -31.510  -25.479  20.450 0.5000000000
52688  -32.263  -25.999  20.817 0.6000000238
53694  -30.868  -25.151  20.083 0.5000000000
54653  -30.770  -24.860  19.886 0.5000000000
54683  -29.924  -24.115  18.401 0.6000000238
54668  -31.597  -24.298  19.145 0.5000000000
127586  -29.227  -23.433  16.722 0.6000000238
55681  -30.431  -23.428  16.904 0.6000000238
56647  -28.808  -22.248  15.069 0.6000000238
56648  -30.188  -22.221  15.315 0.6000000238
56657  -27.970  -21.525  14.169 0.5000000000
57589  -28.000  -20.950  13.385 0.5000000000
57590  -28.244  -20.751  13.643 0.5000000000
58528  -28.410  -20.146  13.292 0.5000000000
59437  -29.828  -18.851  12.984 0.5000000000
60339  -30.448  -18.068  12.776 0.5000000000
52662  -33.024  -26.678  23.038 0.4000000060
130108  -33.269  -26.678  22.444 0.4000000060
135451  -31.750  -25.940  23.602 0.4000000060
52677  -33.094  -26.287  21.866 0.4000000060
118885  -27.549  -23.788  23.996 0.3000000119
54639  -31.607  -24.880  21.032 0.4000000060
52676  -32.272  -25.605  21.430 0.5000000000
55601  -27.316  -23.127  23.596 0.3000000119
54654  -31.629  -24.579  20.190 0.4000000060
55634  -32.589  -24.011  19.325 0.4000000060
55668  -31.128  -23.618  17.600 0.6000000238
119112  -31.439  -23.911  18.303 0.5000000000
55653  -32.363  -23.722  18.386 0.5000000000
56637  -30.962  -22.929  15.993 0.6000000238
55682  -31.560  -23.290  16.795 0.5000000000
55669  -32.043  -23.521  17.540 0.5000000000
57581  -29.159  -21.432  14.551 0.5000000000
56649  -31.350  -22.195  15.480 0.6000000238
57582  -30.585  -21.370  14.824 0.6000000238
57591  -29.281  -20.607  14.113 0.5000000000
58529  -29.985  -19.529  13.650 0.5000000000
61252  -30.576  -17.389  12.127 0.5000000000
57503  -26.429  -21.413  21.951 0.3000000119
57489  -27.749  -21.554  22.805 0.4000000060
131312  -28.435  -21.284  22.907 0.4000000060
58427  -26.746  -20.675  21.526 0.4000000060
130830  -31.622  -21.545  15.269 0.5000000000
57576  -33.258  -21.697  16.965 0.5000000000
56622  -33.344  -22.287  17.494 0.5000000000
58520  -31.436  -20.824  14.862 0.5000000000
124305  -32.822  -21.302  16.265 0.5000000000
57592  -30.301  -20.327  14.356 0.5000000000
58530  -31.087  -19.851  14.518 0.6000000238
61253  -30.697  -16.860  12.205 0.5000000000
60340  -30.767  -18.248  13.325 0.6000000238
60328  -31.750  -18.128  14.084 0.5000000000
61241  -31.243  -17.494  13.214 0.6000000238
61254  -31.494  -16.410  12.672 0.4000000060
57505  -28.011  -20.835  22.372 0.4000000060
57491  -30.301  -21.079  23.453 0.4000000060
57583  -32.214  -21.131  15.479 0.5000000000
58521  -32.158  -20.170  15.217 0.5000000000
59429  -31.784  -19.317  14.674 0.5000000000
59422  -32.610  -19.345  15.296 0.5000000000
59414  -33.011  -19.912  15.853 0.5000000000
59428  -30.793  -19.038  13.880 0.5000000000
137828  -31.489  -18.685  14.200 0.5000000000
62163  -32.527  -15.905  13.266 0.4000000060
140156  -32.315  -18.081  14.539 0.5000000000
61242  -32.237  -17.354  14.018 0.5000000000
58417  -29.649  -20.508  22.729 0.4000000060
59338  -28.030  -19.825  21.126 0.4000000060
58511  -32.744  -20.612  15.853 0.5000000000
58496  -33.637  -20.807  17.239 0.4000000060
60329  -32.307  -18.660  14.749 0.4000000060
60330  -32.859  -17.970  14.960 0.4000000060
61243  -33.056  -16.799  14.499 0.3000000119
59415  -33.492  -19.595  16.535 0.4000000060
142190  -32.926  -18.721  15.344 0.4000000060
62156  -33.653  -16.126  14.766 0.4000000060
61234  -33.518  -17.362  15.421 0.4000000060
60321  -33.388  -18.317  15.773 0.4000000060
133221  -33.937  -13.770  13.577 0.4000000060
62149  -34.212  -15.458  15.607 0.4000000060
61228  -34.320  -17.339  16.682 0.4000000060
63161  -33.984  -14.011  14.104 0.4000000060
64155  -34.429  -13.021  14.233 0.4000000060
64169  -34.284  -13.138  13.409 0.4000000060
127578  -34.506  -16.534  16.668 0.4000000060
61235  -34.036  -16.646  15.832 0.3000000119
61217  -34.705  -17.406  17.451 0.4000000060
63135  -34.634  -15.507  16.525 0.3000000119
63150  -34.298  -14.254  15.045 0.4000000060
123993  -34.829  -12.199  13.864 0.4000000060
63136  -34.880  -14.397  16.299 0.4000000060
125229  -34.946  -12.842  15.398 0.5000000000
62137  -35.041  -15.550  17.398 0.4000000060
37496  -32.761  -43.025  20.335 0.6999999881
33179  -26.976  -47.532  17.697 0.6000000238
39205  -32.559  -40.575  20.410 0.8000000119
120244  -27.106  -41.277  18.430 0.6000000238
39203  -26.461  -39.370  19.324 0.6000000238
41956  -32.066  -37.939  20.649 0.8000000119
34084  -24.444  -45.393  16.822 0.4000000060
42959  -27.323  -36.163  14.838 0.8000000119
39186  -26.447  -39.060  20.595 0.6000000238
34025  -26.686  -46.569  20.548 0.5000000000
42898  -30.519  -36.215  21.151 0.8000000119
36610  -23.329  -43.591  23.430 0.4000000060
142404  -25.403  -44.013  24.594 0.5000000000
36592  -27.763  -43.788  24.749 0.6000000238
39149  -30.206  -39.827  24.116 0.6999999881
49486  -28.766  -29.486  16.811 0.8000000119
48402  -32.635  -31.382  20.548 0.6999999881
46681  -32.171  -32.615  26.205 0.6000000238
133627  -33.310  -31.179  22.118 0.6000000238
45823  -32.451  -33.675  29.307 0.6000000238
47496  -32.207  -31.077  25.843 0.5000000000
131631  -30.589  -17.641  12.619 0.5000000000
52671  -32.677  -25.965  22.540 0.4000000060
59423  -33.247  -19.124  15.895 0.4000000060
35008  -30.264  -45.148  12.811 0.5000000000
34992  -31.495  -46.012  15.175 0.6999999881
39262  -31.375  -41.024  13.180 0.5000000000
32285  -27.558  -48.439  18.896 0.5000000000
37506  -33.226  -42.906  19.097 0.6999999881
37518  -33.075  -42.097  18.696 0.6999999881
38399  -31.771  -41.332  16.054 0.6999999881
41064  -30.918  -38.748  14.109 0.6999999881
42963  -31.263  -36.726  15.720 0.5000000000
42012  -29.717  -37.870  13.744 0.6999999881
38364  -32.522  -42.199  20.468 0.8000000119
42954  -33.286  -36.389  16.251 0.4000000060
38346  -30.563  -41.451  21.099 0.8000000119
35842  -27.194  -43.229  17.112 0.6000000238
34966  -26.439  -43.829  16.469 0.6000000238
42010  -28.655  -37.508  14.272 0.8000000119
39190  -31.886  -40.363  21.081 0.6999999881
34103  -25.126  -45.154  15.147 0.5000000000
44000  -31.752  -35.943  16.437 0.5000000000
36688  -25.730  -41.703  16.570 0.6000000238
128122  -31.310  -38.761  21.385 0.8000000119
41988  -31.458  -37.637  17.760 0.8000000119
130677  -32.170  -35.150  16.595 0.6000000238
35817  -25.408  -41.377  17.595 0.6000000238
45921  -31.625  -34.065  16.641 0.6000000238
33193  -24.591  -47.099  17.510 0.3000000119
35830  -24.703  -42.241  16.727 0.5000000000
35839  -23.954  -43.106  15.311 0.5000000000
34102  -23.603  -44.895  15.402 0.4000000060
121494  -25.951  -40.327  19.470 0.6000000238
36641  -26.748  -42.748  20.036 0.5000000000
34965  -24.456  -43.460  16.670 0.4000000060
46750  -30.858  -32.771  16.469 0.6999999881
47554  -33.631  -31.432  16.313 0.4000000060
37476  -26.963  -41.530  20.455 0.6000000238
33145  -25.898  -47.896  20.227 0.5000000000
34913  -26.707  -45.319  20.165 0.5000000000
139943  -27.940  -41.677  21.344 0.6000000238
33129  -26.412  -47.444  22.322 0.5000000000
33996  -27.467  -46.136  22.817 0.6000000238
34003  -26.911  -46.728  22.683 0.6000000238
33140  -26.405  -47.583  21.015 0.5000000000
123705  -27.913  -43.776  21.387 0.5000000000
33992  -24.149  -46.160  23.379 0.6000000238
33993  -24.994  -46.458  23.548 0.6000000238
34026  -27.156  -46.190  21.046 0.5000000000
34899  -28.145  -44.811  21.993 0.6000000238
34884  -27.884  -45.610  22.493 0.6000000238
37451  -23.231  -42.779  23.695 0.4000000060
42871  -27.411  -35.600  22.903 0.6999999881
34859  -26.353  -45.270  24.273 0.5000000000
34860  -27.137  -45.381  24.013 0.6000000238
34873  -27.658  -45.610  23.319 0.6000000238
34885  -28.227  -45.050  23.023 0.6000000238
35749  -28.191  -44.226  24.192 0.6000000238
37431  -25.018  -42.835  24.834 0.4000000060
36590  -25.525  -43.370  24.894 0.4000000060
36577  -27.235  -43.296  25.241 0.5000000000
36576  -26.373  -43.344  25.193 0.5000000000
38284  -24.553  -41.489  25.379 0.4000000060
38286  -26.272  -41.838  25.786 0.5000000000
135507  -25.626  -34.510  15.553 0.8000000119
37433  -28.689  -42.623  24.867 0.6999999881
133989  -28.848  -41.695  25.320 0.6999999881
37432  -28.017  -43.073  25.147 0.6000000238
44951  -27.140  -34.839  23.032 0.6999999881
39119  -24.650  -40.312  26.161 0.4000000060
38288  -27.927  -41.439  25.841 0.6000000238
37417  -27.467  -42.673  25.453 0.6000000238
37416  -26.697  -42.631  25.504 0.5000000000
118576  -24.974  -39.141  26.760 0.3000000119
44965  -28.379  -34.213  21.957 0.6999999881
44941  -28.811  -34.792  23.273 0.6999999881
40934  -25.298  -38.413  27.198 0.3000000119
122367  -27.782  -31.101  14.678 0.8999999762
49512  -29.028  -29.642  14.545 0.8000000119
49511  -28.426  -29.610  14.430 0.8000000119
50561  -29.578  -28.537  14.992 0.6000000238
50563  -31.141  -28.935  16.140 0.6000000238
39122  -27.061  -40.192  26.462 0.6000000238
40022  -29.666  -39.365  25.750 0.6999999881
46720  -30.401  -32.968  20.781 0.6999999881
137925  -26.279  -30.372  14.694 0.8000000119
43904  -31.008  -35.003  24.511 0.6999999881
43837  -26.613  -34.809  28.172 0.3000000119
44954  -30.955  -34.024  22.986 0.6999999881
46722  -32.236  -32.033  20.745 0.6999999881
47544  -29.540  -31.112  17.498 0.8000000119
139542  -27.502  -36.243  27.720 0.3000000119
138284  -29.039  -35.069  28.017 0.5000000000
138784  -31.331  -34.247  24.256 0.6999999881
43838  -27.615  -34.967  28.084 0.3000000119
119695  -30.091  -34.953  27.768 0.5000000000
45877  -31.733  -33.464  22.973 0.6999999881
45804  -27.026  -33.464  28.099 0.3000000119
132797  -32.828  -32.270  22.816 0.6999999881
46661  -31.747  -33.382  27.974 0.3000000119
124601  -30.473  -32.709  28.140 0.3000000119
47460  -28.466  -31.952  27.664 0.3000000119
47480  -29.220  -31.332  27.411 0.3000000119
136795  -28.257  -25.905  14.526 0.6999999881
45841  -33.239  -33.552  27.730 0.6000000238
135810  -33.194  -33.269  26.637 0.6000000238
142469  -32.758  -32.362  23.379 0.6999999881
130322  -31.760  -28.088  18.336 0.8000000119
53755  -28.858  -24.944  14.381 0.6000000238
48332  -30.516  -31.099  27.167 0.3000000119
47484  -32.102  -31.781  26.086 0.5000000000
49359  -28.352  -28.984  25.392 0.3000000119
49337  -29.737  -29.680  26.194 0.3000000119
48372  -32.924  -30.161  24.790 0.5000000000
48383  -33.555  -30.552  22.803 0.6000000238
55704  -28.124  -23.311  13.919 0.6999999881
50449  -27.852  -28.112  24.305 0.3000000119
55692  -26.684  -23.888  15.163 0.6999999881
53708  -29.859  -25.135  19.210 0.6000000238
56645  -27.383  -22.866  14.698 0.6999999881
55695  -28.535  -22.951  15.749 0.6000000238
56665  -29.752  -21.932  12.944 0.6000000238
57607  -29.117  -20.208  12.593 0.4000000060
52638  -30.358  -26.978  24.486 0.4000000060
54604  -26.207  -24.945  23.712 0.3000000119
54605  -27.479  -24.545  24.243 0.3000000119
53684  -31.633  -25.139  21.071 0.5000000000
54667  -30.535  -24.414  18.987 0.5000000000
56646  -27.790  -22.454  14.742 0.5000000000
54586  -29.076  -24.242  24.602 0.4000000060
53683  -31.310  -24.930  20.600 0.5000000000
53668  -32.188  -25.243  21.935 0.4000000060
128901  -31.729  -24.685  20.784 0.4000000060
57504  -27.212  -21.096  22.190 0.3000000119
57490  -29.228  -21.379  23.351 0.4000000060
56650  -32.176  -21.924  15.761 0.5000000000
61227  -33.892  -17.787  16.265 0.4000000060
62136  -34.927  -16.394  17.500 0.4000000060
132059  -35.452  -11.923  15.627 0.3000000119
30457  -32.395  -50.173  18.322 0.5000000000
127256  -32.492  -49.115  16.847 0.5000000000
29540  -31.050  -50.744  20.121 0.4000000060
30423  -31.575  -50.280  19.766 0.5000000000
29559  -31.507  -51.065  19.516 0.5000000000
30437  -32.437  -49.549  18.697 0.5000000000
32300  -32.585  -48.591  17.450 0.6000000238
33212  -32.579  -47.848  17.038 0.6000000238
136920  -31.142  -50.055  20.241 0.5000000000
31353  -30.792  -49.425  20.497 0.5000000000
32266  -32.038  -48.942  19.808 0.5000000000
33181  -32.685  -47.822  18.860 0.5000000000
31352  -30.000  -49.813  20.615 0.5000000000
126621  -32.748  -47.029  18.321 0.6000000238
138823  -32.761  -46.538  17.521 0.6000000238
33196  -32.676  -47.873  17.946 0.6000000238
34088  -32.638  -47.182  17.378 0.6000000238
34105  -32.536  -46.591  16.733 0.6000000238
119552  -32.810  -45.786  17.008 0.6000000238
121589  -32.265  -45.959  16.062 0.6000000238
134776  -31.881  -45.398  15.557 0.6000000238
32253  -31.452  -48.761  20.344 0.5000000000
32267  -32.435  -48.397  19.396 0.5000000000
142101  -32.691  -47.180  19.164 0.6000000238
128017  -30.084  -49.118  20.618 0.5000000000
32252  -30.609  -48.448  20.659 0.5000000000
34952  -33.001  -46.071  18.178 0.6000000238
31350  -28.399  -49.293  20.075 0.5000000000
32251  -29.657  -48.533  20.551 0.5000000000
34968  -33.134  -45.327  17.686 0.6000000238
34981  -32.447  -45.156  16.215 0.6000000238
32254  -32.050  -48.096  20.089 0.5000000000
33163  -32.464  -47.626  19.595 0.5000000000
33148  -30.811  -47.436  20.689 0.5000000000
33149  -31.736  -47.407  20.375 0.5000000000
34049  -32.548  -46.832  19.752 0.5000000000
34070  -32.857  -46.514  19.069 0.6000000238
33146  -29.137  -47.869  20.342 0.5000000000
33147  -29.937  -47.750  20.678 0.5000000000
31362  -28.169  -48.540  19.591 0.5000000000
33162  -28.565  -48.004  19.862 0.5000000000
135686  -33.001  -44.845  16.962 0.6000000238
35861  -31.874  -44.676  15.506 0.6000000238
35854  -32.522  -44.278  16.261 0.6000000238
34030  -31.417  -46.682  20.512 0.5000000000
34937  -32.608  -45.498  20.141 0.5000000000
34050  -32.785  -46.029  19.655 0.6000000238
34029  -30.496  -46.549  20.644 0.5000000000
137619  -33.080  -45.851  19.039 0.6000000238
34938  -33.125  -45.220  19.511 0.6000000238
32284  -27.075  -48.382  18.157 0.5000000000
128686  -30.137  -45.867  20.534 0.5000000000
129382  -30.953  -45.916  20.605 0.5000000000
119566  -32.099  -44.896  20.562 0.5000000000
127206  -32.786  -44.606  20.173 0.6000000238
34027  -28.906  -46.473  20.026 0.5000000000
125391  -28.584  -47.173  19.763 0.5000000000
34917  -30.294  -45.187  20.530 0.6000000238
34918  -31.247  -45.143  20.714 0.5000000000
34916  -29.574  -45.340  20.179 0.6000000238
36663  -32.985  -43.772  20.081 0.6000000238
34047  -27.868  -46.779  18.744 0.5000000000
34048  -28.441  -46.121  19.231 0.5000000000
34915  -28.942  -45.618  19.731 0.6000000238
35807  -30.515  -44.382  20.687 0.6000000238
118564  -30.811  -43.745  20.954 0.6000000238
35808  -31.390  -44.327  20.882 0.5000000000
35809  -32.209  -43.829  20.678 0.6000000238
135902  -33.118  -43.139  19.805 0.6000000238
36655  -31.396  -43.290  21.005 0.6999999881
122399  -31.739  -33.133  16.811 0.5000000000
47530  -32.270  -31.148  19.740 0.6000000238
52753  -29.604  -26.711  15.249 0.5000000000
53745  -30.865  -25.474  15.698 0.5000000000
55705  -29.206  -23.471  13.726 0.5000000000
66003  -36.072  -11.054  15.443 0.3000000119
122852  -36.738  -10.334  15.810 0.3000000119
125111  -30.292  -51.888  20.265 0.4000000060
135044  -31.430  -51.752  19.222 0.5000000000
30456  -32.083  -50.542  19.013 0.5000000000
32315  -32.411  -48.456  16.516 0.5000000000
30422  -30.553  -50.264  20.432 0.4000000060
126493  -32.449  -47.230  16.642 0.6000000238
33228  -32.239  -47.697  16.167 0.5000000000
34120  -32.000  -46.817  15.814 0.5000000000
141644  -29.094  -51.410  20.566 0.4000000060
30420  -29.345  -50.245  20.539 0.5000000000
31349  -27.873  -49.975  19.884 0.5000000000
31351  -29.283  -49.383  20.472 0.5000000000
125464  -26.603  -49.854  17.598 0.4000000060
45923  -33.073  -33.943  16.452 0.4000000060
126056  -33.371  -33.234  16.301 0.4000000060
124095  -32.709  -33.110  16.657 0.4000000060
44890  -31.612  -33.995  27.473 0.5000000000
44872  -31.308  -33.591  27.766 0.4000000060
141623  -30.778  -26.783  15.917 0.5000000000
54703  -31.423  -24.729  15.435 0.5000000000
65090  -35.741  -12.361  17.176 0.3000000119
66922  -36.603  -10.191  18.158 0.3000000119
29538  -29.701  -51.645  20.492 0.4000000060
34953  -33.260  -45.316  18.559 0.6000000238
127281  -27.289  -46.885  18.057 0.5000000000
33161  -28.026  -47.780  19.192 0.5000000000
52754  -31.365  -26.330  16.088 0.5000000000
31361  -27.697  -49.202  19.376 0.4000000060
31395  -32.518  -49.493  17.709 0.6000000238
29558  -30.904  -51.644  19.875 0.4000000060
31364  -32.083  -49.722  19.389 0.5000000000
32286  -32.593  -48.702  18.496 0.6000000238
30421  -29.936  -50.467  20.580 0.5000000000
34031  -32.185  -46.771  20.219 0.5000000000
34919  -31.943  -45.903  20.422 0.5000000000
129755  -29.341  -47.108  20.406 0.5000000000
34028  -29.584  -46.299  20.397 0.5000000000
134454  -28.813  -50.822  20.496 0.4000000060
33227  -31.564  -47.495  15.223 0.4000000060
34119  -31.078  -46.736  14.689 0.4000000060
127411  -28.618  -50.078  20.348 0.4000000060
33159  -25.477  -47.303  19.199 0.3000000119
34045  -25.717  -46.347  19.278 0.4000000060
34085  -25.066  -45.224  17.838 0.4000000060
33139  -26.033  -48.069  21.832 0.4000000060
32236  -25.935  -48.282  21.060 0.4000000060
33125  -22.898  -47.489  22.451 0.4000000060
33126  -23.906  -47.731  22.740 0.4000000060
32221  -25.290  -48.391  22.181 0.4000000060
33128  -25.738  -47.734  22.563 0.4000000060
34011  -21.537  -46.601  21.495 0.3000000119
34001  -22.753  -46.484  22.506 0.3000000119
34897  -21.832  -44.990  21.805 0.4000000060
33127  -24.858  -47.821  22.751 0.4000000060
34012  -22.055  -46.032  21.996 0.4000000060
35775  -22.486  -44.623  22.445 0.4000000060
34002  -23.374  -46.006  22.983 0.5000000000
141328  -22.446  -43.974  22.500 0.4000000060
45806  -29.699  -33.688  28.114 0.3000000119
48368  -32.561  -30.649  25.364 0.3000000119
48347  -31.271  -30.281  26.246 0.3000000119
48367  -31.876  -30.423  25.806 0.3000000119
48371  -32.277  -29.785  25.340 0.3000000119
49389  -32.659  -29.321  24.722 0.3000000119
56638  -31.892  -22.683  16.178 0.4000000060
50453  -31.429  -28.253  24.503 0.3000000119
51542  -30.791  -27.700  24.402 0.3000000119
55683  -32.357  -23.000  16.933 0.4000000060
56639  -32.619  -22.208  16.508 0.4000000060
122798  -28.952  -26.340  24.728 0.3000000119
55670  -32.897  -23.069  17.710 0.3000000119
56621  -32.910  -22.457  17.119 0.4000000060
58512  -33.286  -20.472  16.503 0.4000000060
52660  -30.882  -25.963  24.245 0.3000000119
53630  -29.845  -25.988  24.634 0.3000000119
53656  -31.253  -25.124  23.808 0.3000000119
130552  -32.248  -25.575  23.040 0.3000000119
53655  -30.494  -25.066  24.362 0.3000000119
54609  -31.619  -24.486  23.443 0.3000000119
53667  -32.053  -25.117  22.455 0.3000000119
53676  -31.721  -24.925  21.506 0.3000000119
129509  -28.678  -23.278  24.324 0.3000000119
54640  -32.071  -24.551  21.195 0.3000000119
56547  -28.154  -22.675  23.845 0.3000000119
54655  -32.665  -24.148  20.403 0.3000000119
55635  -33.451  -23.516  19.657 0.3000000119
56592  -33.975  -22.798  19.180 0.3000000119
55654  -33.242  -23.338  18.671 0.3000000119
58429  -28.391  -20.205  21.823 0.3000000119
58444  -27.206  -20.031  21.037 0.3000000119
142138  -33.280  -21.062  16.745 0.3000000119
53657  -31.793  -25.119  23.169 0.3000000119
54608  -30.991  -24.326  24.090 0.3000000119
54607  -30.110  -24.190  24.490 0.3000000119
54620  -32.342  -24.510  22.399 0.3000000119
55603  -33.061  -23.952  22.278 0.3000000119
54630  -32.436  -24.492  21.859 0.3000000119
55588  -29.605  -23.339  24.459 0.3000000119
55589  -30.628  -23.433  24.290 0.3000000119
55590  -31.491  -23.675  23.731 0.3000000119
56548  -29.136  -22.427  24.041 0.3000000119
123501  -30.045  -22.741  24.357 0.3000000119
141181  -33.615  -23.582  20.492 0.3000000119
57506  -28.792  -20.666  22.568 0.3000000119
58430  -29.146  -19.942  22.096 0.3000000119
59328  -29.936  -19.772  22.278 0.3000000119
133642  -33.721  -22.445  18.207 0.3000000119
57561  -33.722  -21.628  17.658 0.3000000119
123762  -33.683  -20.023  17.058 0.3000000119
59403  -33.878  -19.342  17.204 0.3000000119
60313  -33.727  -18.711  16.616 0.3000000119
54619  -32.114  -24.542  22.931 0.3000000119
55591  -32.089  -23.996  23.267 0.3000000119
118273  -32.770  -23.815  22.882 0.3000000119
56549  -30.801  -22.638  24.211 0.3000000119
55602  -32.286  -23.268  23.377 0.3000000119
55614  -33.531  -23.662  21.774 0.3000000119
57482  -30.089  -21.961  24.078 0.3000000119
57483  -31.046  -21.823  23.860 0.3000000119
56593  -34.562  -22.259  19.713 0.3000000119
55636  -34.161  -23.001  20.133 0.3000000119
58418  -30.545  -20.340  22.775 0.3000000119
56610  -34.356  -22.057  18.866 0.3000000119
57544  -34.108  -21.656  18.243 0.3000000119
59341  -30.185  -19.159  21.908 0.3000000119
58479  -34.113  -20.930  17.981 0.3000000119
58497  -34.093  -19.997  17.738 0.3000000119
60305  -34.111  -18.732  17.286 0.3000000119
56561  -33.549  -23.212  22.314 0.3000000119
56559  -31.853  -21.679  23.523 0.3000000119
57493  -32.576  -21.641  23.189 0.3000000119
129142  -33.621  -22.335  22.514 0.3000000119
55624  -34.084  -23.216  21.098 0.3000000119
57495  -33.937  -21.610  22.376 0.3000000119
56562  -34.112  -22.422  22.074 0.3000000119
57492  -31.236  -20.901  23.358 0.3000000119
131161  -32.011  -20.858  23.154 0.3000000119
141980  -31.271  -19.672  22.493 0.3000000119
59343  -32.014  -18.852  22.546 0.3000000119
58460  -34.886  -20.750  19.330 0.3000000119
57545  -34.472  -21.229  18.689 0.3000000119
59342  -31.083  -19.128  22.273 0.3000000119
58480  -34.518  -20.403  18.491 0.3000000119
59388  -34.609  -19.592  18.411 0.3000000119
59404  -34.301  -19.115  17.803 0.3000000119
60314  -34.217  -18.076  17.025 0.3000000119
56560  -33.011  -22.659  23.031 0.3000000119
126784  -34.425  -22.421  21.466 0.3000000119
58419  -31.404  -20.205  22.737 0.3000000119
58420  -32.674  -20.898  22.856 0.3000000119
58421  -33.438  -20.853  22.582 0.3000000119
56583  -34.607  -22.381  20.651 0.3000000119
135560  -32.750  -20.214  22.717 0.3000000119
57529  -34.974  -21.437  20.191 0.3000000119
61149  -30.562  -17.678  21.647 0.3000000119
59330  -31.905  -19.696  22.624 0.3000000119
59331  -32.841  -19.417  22.680 0.3000000119
60242  -30.388  -18.513  21.730 0.3000000119
60243  -31.214  -18.246  22.204 0.3000000119
60228  -32.967  -18.485  22.756 0.3000000119
58461  -35.207  -20.022  19.636 0.3000000119
120248  -34.918  -20.033  18.952 0.3000000119
60272  -34.861  -18.724  18.459 0.3000000119
60306  -34.529  -18.341  17.710 0.3000000119
57507  -34.506  -21.665  21.889 0.3000000119
57519  -34.838  -21.637  21.193 0.3000000119
58422  -34.325  -20.751  22.186 0.3000000119
124110  -34.802  -21.004  21.649 0.3000000119
59332  -33.637  -20.028  22.513 0.3000000119
59333  -34.410  -19.732  22.177 0.3000000119
58445  -35.112  -20.699  20.960 0.3000000119
60244  -32.114  -17.919  22.593 0.3000000119
119603  -33.777  -19.101  22.532 0.3000000119
59370  -35.128  -19.377  19.092 0.3000000119
141459  -35.204  -18.192  18.748 0.3000000119
61202  -35.021  -17.896  18.244 0.3000000119
127720  -35.236  -16.061  18.446 0.3000000119
62123  -35.146  -17.036  18.268 0.3000000119
58431  -34.832  -20.252  21.694 0.3000000119
61150  -31.337  -17.346  22.127 0.3000000119
59344  -34.958  -19.439  21.667 0.3000000119
58446  -35.292  -19.988  20.460 0.3000000119
61152  -32.981  -17.512  22.818 0.3000000119
60229  -33.958  -18.051  22.613 0.3000000119
122334  -34.590  -18.817  22.177 0.3000000119
59356  -35.406  -19.322  19.956 0.3000000119
60256  -35.452  -18.596  20.429 0.3000000119
60273  -35.341  -18.524  19.366 0.3000000119
61186  -35.453  -17.036  19.791 0.3000000119
62112  -35.492  -16.266  19.549 0.3000000119
121881  -35.298  -16.787  19.012 0.3000000119
62074  -31.478  -16.474  21.952 0.3000000119
61151  -32.168  -17.009  22.537 0.3000000119
62076  -32.938  -16.639  22.757 0.3000000119
61137  -34.554  -17.304  22.406 0.3000000119
60230  -34.871  -17.979  22.120 0.3000000119
60245  -35.227  -18.562  21.448 0.3000000119
136321  -35.113  -17.323  22.080 0.3000000119
127442  -35.461  -17.983  20.881 0.3000000119
127638  -35.591  -16.554  20.348 0.3000000119
127359  -35.473  -17.826  20.044 0.3000000119
128343  -35.734  -15.852  20.387 0.3000000119
63121  -35.325  -15.016  17.849 0.3000000119
63110  -35.633  -15.222  19.283 0.3000000119
64145  -35.329  -14.067  17.059 0.3000000119
65089  -35.419  -13.223  17.094 0.3000000119
62075  -32.215  -16.163  22.405 0.3000000119
61136  -33.753  -17.073  22.705 0.3000000119
138037  -34.359  -16.656  22.521 0.3000000119
62062  -34.997  -16.719  22.226 0.3000000119
62077  -35.399  -16.910  21.723 0.3000000119
127099  -35.630  -16.346  21.170 0.3000000119
61170  -35.531  -17.202  20.818 0.3000000119
64133  -35.540  -14.286  18.211 0.3000000119
62061  -33.697  -16.255  22.697 0.3000000119
34991  -30.507  -45.972  14.120 0.4000000060
133803  -22.256  -46.844  22.087 0.3000000119
139137  -26.470  -47.581  21.762 0.4000000060
131975  -23.493  -46.904  22.873 0.4000000060
34883  -23.161  -45.007  22.899 0.4000000060
44871  -30.048  -34.188  27.934 0.3000000119
53654  -29.713  -24.937  24.598 0.3000000119
52661  -32.457  -26.164  23.178 0.3000000119
127809  -28.350  -21.885  23.441 0.3000000119
58428  -27.605  -20.448  21.648 0.3000000119
59339  -28.768  -19.578  21.348 0.3000000119
140322  -31.975  -24.819  22.088 0.3000000119
32232  -22.551  -48.346  22.141 0.4000000060
126597  -23.150  -49.036  22.101 0.4000000060
32220  -24.437  -48.468  22.387 0.4000000060
134631  -21.468  -45.625  21.410 0.3000000119
34882  -22.595  -45.540  22.462 0.4000000060
55572  -31.165  -23.121  24.077 0.3000000119
55623  -33.199  -23.949  21.179 0.3000000119
56550  -31.632  -22.707  23.764 0.3000000119
59340  -29.474  -19.362  21.585 0.3000000119
138637  -32.328  -22.409  23.424 0.3000000119
59329  -30.730  -19.688  22.399 0.3000000119
57494  -33.227  -21.649  22.771 0.3000000119
56572  -34.015  -23.035  21.740 0.3000000119
141378  -35.185  -20.591  20.114 0.3000000119
140278  -32.134  -20.346  22.807 0.3000000119
59345  -35.335  -19.320  20.884 0.3000000119
60291  -35.315  -17.613  19.049 0.3000000119
60231  -35.306  -17.669  21.574 0.3000000119
132578  -35.792  -14.301  19.091 0.3000000119
63060  -35.353  -16.091  21.881 0.3000000119
140452  -21.963  -48.121  21.837 0.4000000060
31432  -24.862  -49.772  14.764 0.3000000119
30482  -25.209  -50.405  15.426 0.3000000119
31431  -24.330  -49.411  13.873 0.3000000119
30472  -25.728  -50.024  16.147 0.3000000119
35791  -21.922  -44.118  22.014 0.3000000119
31331  -24.927  -49.361  21.347 0.3000000119
32233  -24.028  -49.106  22.105 0.3000000119
32234  -24.785  -48.984  21.861 0.3000000119
32219  -23.486  -48.398  22.398 0.3000000119
32249  -25.586  -48.670  20.566 0.3000000119
32235  -25.433  -48.785  21.440 0.3000000119
31330  -24.373  -49.589  21.580 0.3000000119
44017  -33.655  -35.469  16.116 0.3000000119
29539  -30.311  -51.092  20.394 0.4000000060
30494  -24.663  -50.279  14.430 0.3000000119
31363  -31.554  -49.538  20.076 0.5000000000
31405  -25.998  -49.234  16.436 0.3000000119
31416  -25.280  -49.702  15.360 0.3000000119
32250  -28.853  -48.605  20.250 0.5000000000
32265  -25.549  -48.297  19.763 0.4000000060
32313  -25.760  -48.451  15.827 0.5000000000
32343  -24.869  -49.066  14.616 0.3000000119
33138  -22.079  -47.540  21.919 0.4000000060
33150  -32.270  -47.363  20.051 0.5000000000
34118  -24.326  -45.182  14.566 0.3000000119
34898  -27.777  -45.346  21.664 0.5000000000
34933  -25.998  -44.429  19.116 0.5000000000
35746  -25.837  -44.681  24.497 0.5000000000
35840  -24.303  -42.641  16.000 0.5000000000
35870  -30.452  -44.603  13.731 0.6999999881
36626  -22.660  -43.536  22.861 0.4000000060
36664  -33.288  -43.612  19.345 0.6999999881
36721  -30.504  -43.022  13.482 0.6999999881
37461  -22.309  -42.927  22.718 0.4000000060
38411  -30.316  -41.529  13.615 0.6999999881
39251  -29.944  -40.456  13.866 0.6999999881
40085  -32.316  -39.252  20.766 0.8000000119
41071  -30.297  -39.216  13.641 0.6999999881
43996  -26.017  -34.938  15.152 0.8999999762
44032  -26.222  -35.119  14.940 0.8999999762
45063  -26.845  -35.079  14.645 0.8000000119
45934  -33.829  -33.745  15.926 0.4000000060
47565  -29.888  -31.701  15.803 0.6999999881
48410  -33.334  -30.044  20.321 0.6999999881
48465  -28.290  -30.639  14.616 0.8000000119
49457  -33.416  -29.385  19.944 0.6999999881
49472  -31.135  -29.241  17.700 0.8000000119
50516  -33.258  -28.700  19.624 0.6999999881
50545  -24.626  -28.615  15.573 0.8000000119
50551  -32.457  -28.295  16.405 0.6000000238
53706  -28.490  -24.845  18.104 0.6000000238
53737  -25.251  -25.659  16.071 0.8000000119
53744  -25.152  -25.815  15.572 0.8000000119
55652  -30.667  -23.926  18.248 0.6000000238
55693  -26.927  -23.565  15.411 0.6999999881
58432  -35.163  -19.940  21.166 0.3000000119
58541  -28.697  -19.810  12.876 0.5000000000
59443  -30.061  -18.882  12.601 0.5000000000
117765  -30.569  -32.615  20.272 0.6999999881
120075  -31.440  -43.818  20.966 0.5000000000
121157  -29.849  -52.440  20.435 0.4000000060
123070  -27.669  -30.378  14.534 0.8999999762
125039  -32.371  -34.399  16.619 0.6000000238
125500  -31.377  -48.049  20.504 0.5000000000
126463  -29.518  -50.939  20.555 0.4000000060
127756  -33.382  -44.723  18.882 0.6999999881
128191  -28.804  -25.565  14.545 0.6000000238
128202  -25.952  -25.522  14.964 0.6999999881
128688  -30.019  -47.041  20.724 0.5000000000
128847  -24.413  -48.253  14.145 0.4000000060
129074  -33.040  -37.958  15.778 0.5000000000
129416  -26.892  -49.684  18.180 0.5000000000
130162  -31.000  -28.212  16.052 0.6000000238
130624  -31.694  -31.439  16.755 0.6000000238
131340  -32.473  -46.233  20.076 0.5000000000
131997  -34.686  -21.547  19.351 0.3000000119
132034  -25.406  -47.714  15.217 0.5000000000
132488  -29.346  -20.017  13.617 0.5000000000
132629  -32.396  -33.376  29.241 0.4000000060
134856  -25.633  -50.771  16.133 0.4000000060
136729  -30.409  -43.692  13.262 0.6999999881
136881  -32.385  -49.081  19.213 0.5000000000
137570  -34.029  -36.167  15.824 0.4000000060
137658  -30.336  -23.716  17.828 0.6000000238
138758  -31.334  -35.299  16.345 0.6000000238
139274  -28.299  -34.993  28.023 0.3000000119
139408  -23.813  -46.547  23.150 0.5000000000
141915  -32.312  -42.650  16.243 0.6999999881
142189  -34.139  -34.950  15.666 0.3000000119
142430  -32.298  -50.021  18.893 0.5000000000
