#!ascii label  , from subject sub-v2s18x29505_ses-1 vox2ras=TkReg
1701
124908  -8.721  -78.149  9.667 0.5000000000
4345  -7.777  -81.564  12.000 0.5000000000
3775  -8.231  -82.216  12.222 0.5000000000
3791  -7.970  -82.910  11.946 0.5000000000
7946  -9.835  -76.628  8.279 0.5000000000
6355  -9.028  -77.657  9.257 0.5000000000
7172  -10.079  -76.896  9.040 0.5000000000
6338  -9.398  -77.936  10.009 0.5000000000
6339  -10.041  -77.580  10.057 0.6000000238
6325  -8.799  -78.505  10.239 0.5000000000
133070  -8.350  -84.079  11.515 0.5000000000
4937  -7.377  -80.938  11.632 0.5000000000
2803  -9.025  -84.020  11.383 0.5000000000
4938  -8.232  -80.692  12.012 0.6000000238
135010  -8.691  -83.398  11.844 0.6000000238
4923  -9.158  -80.944  12.475 0.6000000238
3776  -8.998  -82.217  12.437 0.6000000238
3273  -9.681  -83.410  11.667 0.6999999881
4925  -10.480  -80.895  12.663 0.6999999881
3792  -10.126  -82.613  12.094 0.6999999881
4326  -10.978  -81.353  12.518 0.6999999881
3778  -10.652  -82.082  12.212 0.6999999881
3794  -10.995  -82.307  11.552 0.6999999881
7947  -10.391  -76.360  8.656 0.5000000000
7931  -10.646  -76.619  9.425 0.6000000238
7948  -10.927  -76.003  9.124 0.6000000238
7932  -11.329  -76.358  9.781 0.6000000238
5643  -8.917  -78.916  10.989 0.5000000000
3286  -10.154  -83.607  10.911 0.5000000000
3300  -9.806  -84.172  10.378 0.5000000000
3836  -10.810  -82.661  8.663 0.6999999881
3810  -10.638  -83.152  10.512 0.6999999881
3827  -10.865  -82.981  9.646 0.6999999881
4939  -9.061  -80.119  12.151 0.6000000238
5610  -9.794  -79.640  12.176 0.6999999881
3811  -11.164  -82.563  10.512 0.6999999881
131621  -10.653  -79.963  12.593 0.6999999881
4926  -11.250  -80.547  12.640 0.6999999881
4359  -11.768  -82.037  10.044 0.6999999881
4927  -12.058  -80.288  12.585 0.6999999881
4327  -11.758  -81.032  12.339 0.6999999881
127019  -11.650  -81.953  11.047 0.6999999881
119865  -12.810  -81.168  10.001 0.6999999881
4940  -12.567  -80.755  12.084 0.6999999881
4963  -13.692  -80.509  10.876 0.6999999881
119826  -13.360  -80.741  10.251 0.6999999881
4979  -13.966  -80.277  9.845 0.6999999881
8752  -10.679  -75.742  8.353 0.5000000000
8754  -11.762  -75.109  9.228 0.6000000238
9586  -12.658  -74.500  9.996 0.6000000238
8738  -12.210  -75.262  9.857 0.6000000238
9574  -12.646  -75.031  10.423 0.6000000238
7155  -10.958  -76.936  10.125 0.6000000238
7918  -12.215  -76.299  10.814 0.6000000238
6328  -10.765  -77.923  11.029 0.6000000238
3846  -10.433  -82.308  7.704 0.6999999881
6311  -9.745  -78.837  11.441 0.6999999881
4381  -11.268  -82.004  8.385 0.6999999881
122925  -10.682  -81.586  7.300 0.6999999881
5000  -11.488  -80.970  7.009 0.6999999881
6313  -11.250  -78.227  11.720 0.6999999881
4390  -11.756  -81.342  7.804 0.6999999881
5688  -11.822  -79.988  6.100 0.6999999881
5611  -10.388  -79.211  12.133 0.6999999881
6296  -11.875  -78.462  12.479 0.6999999881
4373  -11.744  -81.934  9.212 0.6999999881
4382  -12.042  -81.515  8.709 0.6999999881
5001  -12.318  -80.697  7.357 0.6999999881
5016  -12.108  -80.354  6.643 0.6999999881
5612  -11.589  -79.797  12.695 0.6999999881
123531  -11.927  -79.144  12.676 0.6999999881
4977  -12.692  -81.121  9.102 0.6999999881
5675  -12.823  -80.046  6.987 0.6999999881
4928  -12.878  -80.094  12.462 0.6999999881
142170  -13.168  -80.627  8.747 0.6999999881
4942  -13.948  -80.182  11.468 0.6999999881
5663  -13.903  -79.663  8.309 0.6999999881
4964  -14.340  -80.063  10.733 0.6999999881
5655  -14.324  -79.706  9.073 0.6999999881
5657  -15.154  -79.211  9.975 0.6999999881
9602  -11.626  -74.642  8.568 0.5000000000
9603  -12.176  -74.567  9.321 0.6000000238
9587  -13.140  -73.805  10.249 0.6000000238
10389  -12.659  -73.725  9.442 0.5000000000
137688  -13.433  -73.868  10.700 0.6000000238
10421  -11.498  -73.606  7.228 0.5000000000
10405  -11.790  -73.847  8.134 0.5000000000
9575  -13.109  -74.441  10.735 0.6000000238
10363  -14.332  -73.249  11.484 0.6000000238
9565  -13.486  -74.721  11.532 0.6000000238
9566  -14.098  -74.138  11.951 0.6000000238
7917  -11.643  -76.673  10.459 0.6000000238
7141  -11.301  -77.432  10.915 0.6999999881
7910  -12.476  -76.543  11.642 0.6999999881
7129  -11.815  -77.663  11.978 0.6999999881
7130  -12.388  -77.181  12.155 0.6999999881
5695  -11.937  -79.360  5.618 0.6999999881
7116  -12.482  -77.905  12.618 0.6999999881
7898  -13.010  -77.364  12.756 0.6999999881
137083  -12.487  -79.692  6.342 0.6999999881
6399  -12.319  -78.555  5.347 0.6999999881
7117  -13.240  -78.006  12.956 0.6999999881
5689  -13.147  -79.353  6.739 0.6999999881
6400  -13.048  -78.192  5.769 0.6999999881
6413  -11.838  -78.045  4.652 0.6999999881
5615  -14.086  -79.302  12.491 0.6000000238
6370  -13.688  -78.944  7.183 0.6999999881
6386  -13.398  -78.619  6.482 0.6999999881
7220  -12.606  -77.779  5.056 0.6999999881
7235  -11.364  -77.528  3.937 0.6999999881
5627  -13.695  -79.920  12.178 0.6999999881
5677  -13.956  -79.152  7.819 0.6999999881
6371  -14.294  -78.505  7.599 0.6000000238
7202  -13.731  -77.753  6.275 0.6999999881
7221  -13.317  -77.292  5.398 0.6999999881
5645  -15.518  -78.969  10.578 0.6000000238
5656  -14.928  -79.153  9.287 0.6999999881
6356  -15.218  -78.552  8.826 0.6999999881
5664  -14.522  -79.032  8.440 0.6999999881
7187  -14.870  -77.848  7.639 0.6000000238
124678  -14.324  -77.791  6.980 0.6000000238
6340  -15.590  -78.641  9.677 0.6000000238
7173  -14.873  -78.370  8.193 0.6000000238
7188  -15.357  -77.311  7.640 0.5000000000
7962  -14.918  -77.189  7.025 0.5000000000
7971  -14.948  -76.401  6.487 0.5000000000
7157  -16.278  -77.496  8.902 0.6000000238
7949  -15.956  -77.068  7.999 0.5000000000
10390  -13.381  -73.062  9.854 0.6000000238
10407  -12.961  -72.767  9.102 0.6000000238
10351  -14.878  -72.976  12.098 0.5000000000
11192  -14.864  -72.179  11.972 0.6999999881
10406  -12.370  -73.336  8.596 0.5000000000
11245  -13.428  -71.971  8.663 0.6000000238
11230  -13.705  -72.255  9.479 0.6000000238
12077  -12.483  -71.449  6.737 0.6000000238
11256  -12.348  -72.283  7.355 0.6000000238
10352  -15.077  -73.552  12.801 0.4000000060
11257  -13.118  -71.579  7.727 0.6000000238
123529  -14.611  -73.617  12.245 0.5000000000
9556  -14.602  -74.279  12.783 0.6000000238
9555  -13.907  -75.078  12.554 0.6000000238
142481  -12.777  -76.788  12.342 0.6999999881
8705  -13.509  -76.004  12.698 0.6000000238
7100  -13.793  -77.341  13.198 0.6999999881
6299  -14.461  -78.655  12.863 0.6000000238
7101  -14.527  -77.586  13.380 0.6000000238
5616  -14.974  -79.166  12.254 0.6000000238
7222  -13.918  -76.994  5.853 0.6000000238
7982  -13.838  -76.499  5.294 0.6000000238
7992  -13.252  -76.656  4.719 0.6999999881
7991  -12.577  -76.727  4.179 0.6999999881
7990  -11.794  -76.889  3.690 0.6999999881
6314  -15.811  -78.756  11.220 0.6000000238
7203  -14.353  -77.084  6.416 0.6000000238
7998  -11.071  -76.943  3.027 0.6999999881
7158  -16.801  -77.428  9.677 0.6000000238
7963  -15.566  -76.513  7.154 0.4000000060
8792  -15.036  -75.635  5.934 0.4000000060
7983  -14.406  -76.363  5.859 0.5000000000
8806  -14.338  -75.734  5.155 0.6000000238
8816  -13.160  -76.089  3.997 0.6000000238
8824  -12.019  -76.153  3.105 0.6000000238
7934  -16.919  -77.021  9.109 0.5000000000
7951  -17.251  -76.354  8.831 0.5000000000
7950  -16.605  -76.728  8.427 0.5000000000
7964  -16.285  -76.219  7.620 0.5000000000
133337  -14.917  -75.160  5.286 0.4000000060
8818  -14.497  -74.977  4.592 0.6000000238
12036  -14.807  -71.346  11.371 0.6000000238
10378  -14.386  -72.390  10.811 0.6000000238
135631  -15.259  -72.044  13.885 0.6000000238
131303  -13.818  -71.182  8.360 0.6000000238
12057  -14.508  -71.048  9.418 0.5000000000
12044  -14.735  -70.874  10.051 0.6000000238
12898  -14.515  -69.856  9.873 0.6000000238
122548  -15.190  -72.840  12.745 0.6000000238
12078  -13.028  -70.717  7.091 0.6999999881
12934  -14.214  -70.176  8.603 0.6000000238
136271  -14.080  -69.617  9.444 0.6000000238
10341  -15.507  -73.481  13.447 0.5000000000
10331  -15.961  -73.449  14.240 0.6000000238
12962  -12.769  -70.018  6.623 0.6000000238
13761  -13.265  -69.413  7.886 0.6999999881
9542  -15.337  -74.324  13.507 0.5000000000
13778  -12.938  -69.573  7.155 0.6999999881
121055  -14.708  -75.140  13.434 0.6000000238
121260  -12.237  -69.093  6.681 0.6000000238
7900  -13.833  -76.616  13.220 0.6000000238
8706  -14.210  -75.964  13.370 0.6000000238
8695  -15.119  -76.079  13.902 0.6000000238
7884  -14.570  -76.872  13.571 0.6000000238
6284  -15.743  -77.954  13.109 0.6000000238
119583  -16.746  -77.795  11.932 0.6000000238
8725  -17.993  -75.978  10.286 0.6000000238
7131  -16.763  -77.834  10.990 0.6000000238
8740  -18.237  -75.211  9.568 0.6000000238
7935  -17.405  -76.720  9.736 0.6000000238
8817  -13.837  -75.470  4.275 0.6000000238
8826  -13.217  -75.260  3.347 0.6000000238
8825  -12.549  -75.616  3.045 0.6000000238
8777  -17.250  -75.170  7.792 0.5000000000
8776  -16.603  -75.433  7.376 0.5000000000
8836  -12.909  -75.440  1.875 0.6000000238
9663  -14.604  -74.171  4.073 0.4000000060
9669  -13.245  -74.233  2.693 0.6000000238
12027  -14.987  -71.174  12.731 0.6000000238
131119  -15.234  -70.193  13.483 0.5000000000
12015  -15.186  -71.196  13.553 0.6000000238
139235  -15.532  -71.048  15.060 0.5000000000
12045  -14.832  -70.869  10.752 0.6000000238
13691  -15.092  -69.823  12.684 0.6000000238
127926  -15.044  -71.985  12.917 0.5000000000
12000  -15.398  -71.565  14.517 0.5000000000
11984  -15.649  -71.758  15.434 0.5000000000
13729  -14.822  -69.881  11.142 0.5000000000
12883  -14.892  -70.463  11.297 0.6000000238
13728  -14.530  -69.694  10.749 0.5000000000
135667  -15.671  -72.495  14.673 0.6000000238
14541  -12.873  -69.164  8.576 0.6999999881
13742  -13.408  -69.342  9.409 0.6000000238
14540  -12.230  -68.909  9.338 0.6000000238
9527  -16.027  -74.821  14.212 0.5000000000
14566  -10.920  -68.451  7.168 0.5000000000
124857  -11.963  -68.660  8.361 0.6999999881
7871  -15.865  -75.752  14.253 0.5000000000
7886  -16.653  -76.610  13.944 0.5000000000
7103  -16.114  -77.269  13.611 0.6000000238
8716  -18.352  -76.030  12.097 0.6000000238
7912  -17.737  -76.708  12.011 0.5000000000
8726  -18.446  -75.719  11.123 0.6000000238
7920  -17.914  -76.407  11.255 0.6000000238
8757  -17.942  -75.144  8.897 0.5000000000
10468  -14.617  -73.214  3.519 0.5000000000
119846  -13.913  -73.686  3.092 0.5000000000
9674  -12.764  -73.786  1.792 0.6000000238
9678  -12.878  -73.936  0.915 0.6000000238
12840  -15.393  -69.710  14.155 0.6000000238
125766  -15.541  -70.273  15.002 0.6000000238
13680  -15.202  -69.266  13.316 0.6000000238
13679  -14.886  -69.064  12.593 0.6000000238
14517  -14.211  -68.985  12.134 0.6999999881
11142  -16.116  -72.465  15.671 0.6000000238
13707  -13.091  -69.192  10.946 0.6000000238
13727  -13.949  -69.425  10.237 0.6000000238
11163  -16.304  -73.140  15.116 0.6000000238
14539  -11.140  -68.145  8.532 0.6000000238
14526  -11.949  -68.867  10.522 0.6000000238
122338  -16.297  -74.144  14.319 0.5000000000
7872  -16.376  -76.109  14.295 0.5000000000
14565  -10.219  -68.359  7.242 0.5000000000
14552  -11.108  -68.250  7.702 0.6000000238
7104  -17.004  -77.041  13.290 0.5000000000
8707  -19.034  -75.386  12.577 0.6000000238
137477  -17.743  -76.493  12.868 0.5000000000
9576  -19.213  -74.735  10.533 0.5000000000
127587  -18.574  -75.256  10.374 0.5000000000
10475  -13.873  -72.578  2.491 0.6000000238
11313  -13.135  -72.897  1.149 0.6000000238
13660  -15.567  -69.202  14.885 0.6000000238
13648  -15.807  -69.255  15.830 0.5000000000
12810  -15.899  -70.200  16.385 0.5000000000
122962  -15.414  -68.098  14.530 0.6999999881
128945  -16.086  -71.035  16.796 0.5000000000
14504  -14.277  -68.567  12.940 0.6999999881
126306  -15.022  -68.621  13.372 0.6000000238
134608  -16.606  -70.955  17.349 0.5000000000
14516  -13.215  -69.019  11.849 0.6000000238
11964  -16.058  -71.808  16.298 0.5000000000
11150  -16.648  -72.931  15.764 0.6000000238
14502  -12.186  -68.636  12.355 0.6999999881
10320  -16.979  -73.486  15.433 0.6000000238
139228  -11.283  -68.302  9.472 0.6000000238
10333  -17.350  -74.127  15.065 0.6000000238
15346  -9.500  -66.950  7.979 0.6999999881
14524  -10.310  -67.440  8.616 0.6999999881
8684  -16.578  -75.487  14.369 0.5000000000
9528  -16.844  -74.650  14.575 0.5000000000
14538  -10.114  -67.379  7.926 0.6000000238
8697  -17.760  -75.798  14.018 0.5000000000
15362  -9.358  -67.140  7.778 0.5000000000
8698  -18.427  -75.527  13.667 0.6000000238
7887  -17.385  -76.377  13.694 0.5000000000
13740  -9.015  -68.389  8.009 0.6000000238
7901  -18.443  -75.825  13.005 0.5000000000
8717  -19.016  -75.379  11.729 0.6000000238
10379  -20.391  -73.410  10.591 0.5000000000
122152  -15.723  -68.400  15.259 0.6999999881
14450  -15.977  -68.362  16.020 0.5000000000
13649  -16.215  -69.331  16.736 0.5000000000
15295  -15.118  -67.492  14.985 0.8000000119
14468  -15.613  -67.685  15.487 0.6999999881
13636  -16.645  -69.745  17.388 0.5000000000
12793  -16.932  -70.354  17.621 0.5000000000
14490  -13.352  -68.090  13.564 0.6999999881
15304  -13.871  -67.595  14.275 0.6999999881
15294  -14.871  -67.768  14.270 0.8000000119
14503  -13.288  -68.666  12.696 0.6999999881
11954  -17.411  -71.040  17.603 0.5000000000
14489  -11.751  -68.026  13.023 0.6999999881
129639  -12.493  -68.322  13.132 0.6999999881
11143  -16.656  -72.445  16.321 0.6000000238
11965  -16.758  -71.741  17.026 0.5000000000
14513  -10.623  -67.788  11.298 0.6000000238
14501  -11.289  -68.072  12.207 0.6000000238
10321  -17.801  -73.597  15.554 0.6000000238
129423  -9.659  -67.133  10.124 0.6999999881
14525  -10.653  -67.905  10.105 0.6999999881
9529  -17.714  -74.715  14.697 0.6000000238
9513  -18.023  -74.254  15.117 0.6000000238
15345  -8.665  -66.899  8.310 0.6000000238
8686  -18.203  -75.207  14.280 0.6000000238
8699  -18.959  -75.305  13.263 0.6000000238
13724  -8.706  -68.496  8.679 0.6000000238
9557  -19.663  -74.889  12.170 0.6000000238
9568  -20.153  -74.303  11.711 0.5000000000
15265  -15.754  -67.150  16.294 0.6000000238
122778  -16.025  -67.731  16.228 0.5000000000
13637  -17.245  -69.600  17.823 0.5000000000
15281  -14.225  -67.202  14.999 0.8000000119
133593  -17.706  -70.217  17.963 0.5000000000
15292  -12.779  -67.330  14.307 0.6999999881
11144  -17.370  -72.378  16.578 0.6000000238
14481  -9.379  -68.341  13.991 0.6000000238
15311  -11.181  -67.400  12.745 0.8000000119
134596  -7.967  -67.438  12.636 0.6000000238
15321  -9.943  -67.146  11.123 0.6999999881
15310  -10.571  -67.406  11.995 0.8000000119
11152  -17.937  -72.896  16.122 0.6000000238
14500  -8.513  -68.581  11.708 0.6000000238
140160  -8.684  -66.661  8.743 0.6000000238
9530  -18.493  -74.557  14.618 0.6000000238
119994  -19.178  -74.223  14.472 0.6000000238
14512  -8.028  -68.320  10.130 0.6000000238
14523  -8.029  -67.634  8.743 0.6000000238
15330  -7.916  -66.599  8.750 0.6000000238
9543  -19.051  -74.893  13.932 0.6000000238
9531  -19.828  -74.116  13.880 0.6000000238
14537  -8.634  -67.579  8.014 0.5000000000
10364  -20.577  -73.572  12.041 0.5000000000
131523  -20.670  -72.610  11.516 0.5000000000
11205  -20.648  -72.911  12.334 0.5000000000
16115  -16.107  -66.710  16.932 0.5000000000
126102  -16.585  -66.990  17.254 0.5000000000
15282  -15.031  -66.833  15.860 0.6000000238
16114  -15.483  -66.328  16.633 0.5000000000
15293  -13.248  -66.952  14.887 0.8000000119
16130  -14.217  -65.958  16.026 0.6999999881
16139  -12.554  -66.451  14.606 0.8000000119
16147  -12.003  -66.748  14.069 0.8000000119
11966  -17.745  -71.755  17.108 0.6000000238
133076  -18.139  -70.631  17.861 0.5000000000
15289  -8.788  -67.044  14.051 0.6000000238
16146  -11.527  -66.267  13.562 0.8000000119
11956  -19.121  -71.121  17.260 0.5000000000
16154  -7.452  -66.821  12.203 0.6999999881
15300  -8.092  -66.972  13.219 0.6000000238
124490  -10.608  -66.679  12.522 0.8000000119
10322  -18.442  -73.211  15.625 0.6000000238
11153  -18.794  -72.483  15.849 0.6000000238
11967  -18.587  -71.625  16.894 0.6000000238
15309  -7.536  -67.346  11.482 0.6000000238
10334  -19.502  -73.381  14.672 0.6000000238
9514  -18.658  -73.826  15.117 0.6000000238
14511  -7.722  -67.824  10.774 0.6000000238
16164  -9.734  -66.580  11.571 0.5000000000
10335  -20.025  -73.214  14.066 0.6000000238
15344  -7.779  -66.794  8.720 0.6000000238
10353  -20.479  -73.529  12.739 0.6000000238
11178  -20.168  -72.388  13.730 0.6000000238
11193  -20.417  -72.622  12.987 0.5000000000
124609  -19.948  -70.776  12.545 0.5000000000
138731  -20.235  -71.458  11.844 0.5000000000
12885  -19.760  -70.343  11.728 0.5000000000
16113  -14.783  -65.705  16.411 0.6000000238
16905  -13.524  -65.721  15.642 0.6999999881
16903  -10.023  -65.343  15.162 0.6000000238
16137  -9.226  -66.104  14.490 0.6000000238
142159  -12.586  -65.717  14.737 0.8000000119
131713  -19.678  -70.611  17.715 0.5000000000
16911  -8.552  -65.372  13.856 0.6000000238
16921  -12.178  -65.053  13.723 0.8000000119
12796  -20.455  -70.537  17.499 0.5000000000
16144  -7.483  -66.139  12.775 0.6999999881
137020  -11.135  -65.159  12.831 0.8000000119
11146  -18.874  -71.903  16.294 0.6000000238
11968  -19.301  -71.464  16.553 0.6000000238
16153  -6.772  -66.042  11.578 0.8000000119
16156  -10.092  -65.926  12.288 0.6999999881
10323  -19.024  -73.085  15.317 0.6000000238
11985  -19.457  -71.765  15.783 0.6000000238
16162  -6.257  -65.789  10.407 0.6999999881
141180  -6.978  -66.082  9.452 0.6999999881
16163  -8.490  -65.941  10.570 0.6000000238
11165  -19.898  -72.399  14.424 0.6000000238
12001  -19.884  -71.583  15.124 0.6000000238
14522  -7.460  -67.326  9.307 0.6000000238
129283  -19.939  -71.686  14.656 0.5000000000
12028  -20.054  -71.357  13.287 0.5000000000
17619  -14.773  -64.776  16.415 0.6000000238
17620  -15.530  -64.378  16.647 0.5000000000
16904  -10.302  -64.773  16.122 0.6000000238
17632  -14.309  -64.453  15.757 0.6999999881
17630  -9.873  -64.361  15.274 0.6000000238
16914  -12.914  -65.281  15.158 0.6999999881
17643  -13.983  -64.157  14.860 0.6000000238
16912  -9.417  -64.898  14.548 0.6000000238
17642  -13.097  -64.662  14.771 0.6000000238
17641  -12.784  -64.638  13.973 0.6999999881
135833  -7.263  -65.339  12.647 0.8000000119
16920  -11.572  -65.478  13.385 0.6999999881
17650  -12.605  -64.657  13.069 0.6000000238
16918  -6.746  -65.491  12.034 0.8000000119
16929  -10.431  -65.157  12.371 0.8000000119
17659  -10.795  -64.643  12.191 0.6999999881
16946  -6.374  -65.139  10.197 0.6999999881
16173  -6.503  -65.736  9.919 0.6999999881
16937  -8.404  -65.363  10.961 0.6000000238
17658  -9.853  -64.423  11.613 0.8000000119
17618  -9.953  -63.944  16.648 0.6000000238
17639  -8.783  -64.328  13.895 0.6999999881
118403  -14.143  -64.156  12.866 0.6000000238
16919  -7.681  -64.703  13.049 0.6999999881
17648  -7.221  -63.667  12.328 0.6999999881
17660  -12.459  -64.662  11.926 0.6999999881
17671  -13.171  -64.525  11.282 0.6000000238
17656  -6.266  -63.927  11.402 0.8000000119
129277  -7.433  -63.307  11.075 0.6000000238
17667  -7.294  -63.934  10.701 0.5000000000
118271  -11.440  -64.525  11.486 0.6999999881
17670  -12.317  -64.649  10.175 0.6999999881
120887  -13.504  -64.576  10.200 0.6000000238
130965  -5.858  -64.480  10.953 0.8000000119
17668  -9.650  -63.447  10.672 0.6000000238
18342  -9.193  -63.286  17.052 0.6000000238
18351  -9.152  -63.171  16.017 0.6000000238
18378  -9.007  -62.923  14.607 0.6999999881
131187  -9.859  -63.936  15.881 0.6000000238
122238  -8.861  -63.280  13.912 0.6999999881
19240  -8.194  -62.145  12.936 0.6999999881
18399  -7.630  -62.769  12.374 0.6999999881
19257  -7.763  -62.373  12.202 0.6000000238
119353  -14.126  -64.264  11.498 0.6000000238
19256  -7.331  -63.043  11.669 0.6000000238
18408  -8.397  -63.341  10.885 0.6000000238
122571  -15.032  -64.010  10.976 0.5000000000
17681  -14.070  -64.419  9.177 0.6000000238
17682  -15.000  -64.197  9.805 0.5000000000
18419  -16.110  -63.284  9.946 0.5000000000
120214  -13.318  -64.269  8.505 0.6000000238
17698  -14.866  -64.117  8.987 0.5000000000
19199  -7.442  -62.006  16.776 0.6000000238
18350  -8.302  -62.436  16.476 0.6000000238
138793  -8.888  -62.720  15.263 0.6999999881
18364  -8.320  -62.104  15.626 0.6999999881
20138  -8.912  -61.478  14.598 0.6999999881
19228  -8.645  -62.137  13.885 0.6999999881
20147  -8.999  -61.505  13.079 0.6000000238
20157  -8.831  -61.614  12.493 0.5000000000
20165  -9.098  -61.740  11.860 0.6999999881
120254  -11.181  -62.524  11.501 0.6000000238
129451  -9.491  -62.444  11.078 0.6000000238
19288  -10.236  -62.915  10.344 0.6000000238
19290  -11.923  -63.161  9.462 0.6000000238
17695  -11.985  -64.066  8.630 0.6000000238
18430  -12.897  -64.059  8.367 0.5000000000
19315  -14.777  -63.297  8.568 0.5000000000
19316  -15.580  -62.970  8.598 0.5000000000
21030  -6.065  -59.540  16.903 0.6999999881
137051  -7.283  -59.946  17.569 0.6999999881
21927  -7.101  -59.323  18.268 0.6999999881
20120  -6.865  -60.958  16.385 0.6000000238
21048  -7.039  -60.367  16.751 0.6999999881
139230  -8.948  -60.432  18.435 0.6999999881
21015  -9.563  -60.495  19.165 0.6999999881
21006  -10.803  -60.234  20.224 0.6000000238
19208  -7.650  -61.441  16.199 0.6999999881
21059  -7.861  -60.751  16.201 0.6999999881
20109  -9.350  -61.062  17.053 0.6999999881
21033  -10.208  -60.986  18.896 0.6999999881
118892  -8.751  -61.078  15.368 0.6999999881
126403  -8.586  -60.871  15.715 0.6999999881
125618  -10.490  -61.350  18.153 0.6999999881
128864  -8.963  -61.572  13.729 0.6999999881
19241  -10.265  -61.635  12.962 0.6000000238
20158  -9.471  -61.543  12.610 0.6000000238
120537  -12.255  -62.607  11.534 0.6000000238
126903  -13.346  -62.545  11.775 0.6000000238
19271  -10.457  -62.640  10.670 0.6000000238
19272  -11.472  -62.745  10.384 0.6000000238
19274  -13.764  -62.427  10.685 0.6000000238
19291  -12.965  -63.033  9.454 0.5000000000
134594  -14.483  -62.073  10.149 0.6000000238
20177  -15.162  -61.492  10.143 0.6000000238
19308  -13.334  -63.418  8.687 0.5000000000
136871  -13.886  -62.667  9.420 0.5000000000
20176  -15.087  -62.249  9.194 0.5000000000
22841  -6.089  -59.186  17.706 0.6999999881
21014  -8.400  -60.043  18.692 0.6999999881
21918  -9.234  -59.945  20.023 0.6000000238
139664  -10.946  -59.631  20.522 0.6000000238
21920  -11.590  -59.899  20.232 0.6000000238
21930  -12.866  -59.522  19.498 0.4000000060
20095  -11.497  -61.422  18.627 0.6000000238
20085  -11.072  -61.101  19.133 0.5000000000
21017  -12.347  -60.266  19.702 0.5000000000
21946  -14.038  -59.552  18.604 0.4000000060
22844  -14.340  -58.691  18.317 0.5000000000
124686  -8.433  -61.330  15.523 0.6999999881
20122  -9.330  -60.990  15.345 0.8000000119
20110  -10.242  -61.453  17.009 0.6999999881
20112  -12.645  -61.887  17.753 0.5000000000
20097  -13.235  -61.202  18.400 0.4000000060
21036  -14.206  -60.073  18.290 0.4000000060
21947  -14.649  -59.436  18.090 0.4000000060
22858  -15.599  -58.545  16.930 0.4000000060
20132  -9.898  -61.137  14.856 0.8000000119
19209  -10.386  -61.464  15.655 0.8000000119
20123  -9.991  -61.232  16.082 0.8000000119
142137  -12.085  -62.433  16.860 0.8000000119
19200  -13.148  -62.196  16.980 0.6000000238
20113  -13.580  -61.480  17.568 0.5000000000
20114  -14.282  -60.939  17.227 0.4000000060
21960  -15.150  -59.421  17.361 0.4000000060
20140  -9.726  -61.210  14.336 0.6999999881
142344  -10.183  -61.402  13.785 0.8000000119
19229  -11.481  -62.369  14.555 0.6999999881
19244  -12.942  -62.652  13.742 0.5000000000
20126  -14.580  -61.161  16.364 0.5000000000
21060  -14.909  -60.275  16.826 0.4000000060
21965  -15.492  -59.436  16.420 0.4000000060
19242  -11.088  -62.166  13.649 0.6000000238
19260  -12.759  -62.638  12.624 0.5000000000
130070  -13.716  -62.496  12.907 0.5000000000
19261  -14.358  -62.168  12.063 0.6000000238
141333  -14.320  -62.048  11.069 0.6000000238
20166  -14.788  -61.495  11.150 0.6000000238
123310  -7.634  -59.036  19.456 0.5000000000
126910  -9.483  -59.269  20.813 0.5000000000
22823  -10.534  -58.943  20.822 0.4000000060
22824  -11.451  -59.096  20.399 0.5000000000
22832  -12.639  -58.654  19.468 0.5000000000
138354  -13.297  -58.911  19.147 0.5000000000
23780  -13.250  -57.595  18.114 0.5000000000
23781  -14.056  -57.828  18.002 0.5000000000
23797  -14.317  -57.004  17.226 0.5000000000
22857  -15.043  -58.643  17.697 0.5000000000
24714  -15.272  -55.760  16.350 0.5000000000
19210  -11.444  -62.324  16.015 0.6999999881
19211  -12.938  -62.494  16.268 0.6000000238
19221  -13.689  -62.375  15.594 0.5000000000
134800  -13.619  -62.232  16.357 0.5000000000
23815  -15.739  -57.517  16.287 0.5000000000
121596  -15.516  -56.398  16.007 0.5000000000
20141  -10.484  -61.578  14.349 0.8000000119
118756  -11.867  -62.565  15.368 0.6999999881
19230  -12.443  -62.631  14.665 0.6000000238
20133  -14.721  -61.382  15.494 0.5000000000
21061  -15.110  -60.403  15.675 0.4000000060
21972  -15.483  -59.369  15.222 0.5000000000
125354  -15.890  -57.727  15.513 0.4000000060
23824  -15.697  -56.664  15.377 0.5000000000
19245  -13.881  -62.393  13.869 0.5000000000
20149  -14.585  -61.957  13.898 0.5000000000
20142  -14.748  -61.601  14.695 0.6000000238
21071  -15.064  -60.900  14.856 0.5000000000
21971  -15.180  -60.034  14.559 0.5000000000
22875  -15.140  -57.955  13.775 0.5000000000
128433  -14.335  -62.217  13.165 0.5000000000
139417  -15.200  -60.804  12.868 0.5000000000
21077  -15.156  -60.906  13.847 0.5000000000
123909  -15.158  -59.699  13.738 0.5000000000
21088  -15.011  -61.264  12.151 0.6000000238
21083  -15.223  -60.072  12.299 0.6000000238
22820  -7.742  -58.547  20.370 0.5000000000
22815  -8.875  -57.881  21.333 0.5000000000
22822  -9.621  -58.411  21.162 0.5000000000
23749  -10.435  -57.862  20.763 0.4000000060
23750  -11.235  -58.148  20.311 0.4000000060
23747  -7.789  -57.827  21.196 0.5000000000
23748  -9.617  -57.514  21.159 0.4000000060
23761  -11.614  -57.462  19.388 0.5000000000
23762  -12.331  -57.753  19.148 0.6000000238
23779  -12.530  -57.320  18.279 0.5000000000
23796  -13.495  -57.129  17.564 0.5000000000
24701  -13.392  -56.400  17.405 0.4000000060
25631  -14.490  -55.799  17.022 0.4000000060
117905  -14.864  -55.536  17.868 0.4000000060
24655  -9.348  -56.560  21.023 0.4000000060
24656  -10.255  -56.884  20.429 0.4000000060
23760  -10.995  -57.176  19.825 0.4000000060
24670  -11.130  -56.745  18.479 0.5000000000
23778  -11.771  -56.999  18.377 0.5000000000
24686  -11.984  -56.623  17.808 0.5000000000
24684  -10.603  -56.204  17.741 0.4000000060
24698  -10.732  -55.973  17.369 0.4000000060
24699  -11.416  -56.185  17.487 0.5000000000
25610  -12.021  -55.822  17.613 0.4000000060
135111  -12.974  -55.938  17.560 0.4000000060
25611  -14.063  -55.537  17.875 0.4000000060
135636  -14.671  -55.229  18.658 0.4000000060
25575  -9.097  -55.589  20.506 0.4000000060
24668  -9.934  -55.998  19.843 0.4000000060
24683  -9.997  -55.816  18.202 0.4000000060
125988  -8.418  -53.895  18.468 0.4000000060
26597  -8.835  -54.423  17.884 0.4000000060
25609  -10.137  -55.612  17.528 0.4000000060
25628  -10.284  -55.400  17.407 0.4000000060
26619  -11.465  -55.224  17.749 0.5000000000
26599  -12.236  -54.973  18.337 0.5000000000
26600  -12.909  -55.381  18.115 0.4000000060
26601  -13.859  -54.987  18.744 0.4000000060
137529  -11.041  -53.560  18.147 0.4000000060
27561  -12.957  -53.374  19.228 0.4000000060
27562  -13.874  -53.381  19.415 0.4000000060
26582  -13.444  -54.195  19.205 0.4000000060
26583  -14.992  -54.802  19.218 0.4000000060
26581  -8.150  -53.877  19.326 0.4000000060
27581  -8.423  -53.071  18.817 0.3000000119
27599  -9.357  -53.722  17.745 0.3000000119
139472  -10.329  -53.777  17.734 0.4000000060
29567  -9.172  -51.005  19.592 0.4000000060
27582  -9.016  -52.958  18.330 0.3000000119
28606  -9.604  -52.862  18.121 0.3000000119
27601  -10.470  -52.824  18.043 0.4000000060
29569  -12.141  -50.997  18.222 0.5000000000
137732  -12.621  -52.575  19.008 0.4000000060
28586  -13.361  -52.515  19.261 0.4000000060
28587  -14.243  -52.451  19.388 0.4000000060
122634  -15.693  -53.115  19.593 0.3000000119
129467  -11.668  -50.535  18.198 0.5000000000
30447  -12.388  -49.970  18.284 0.5000000000
29547  -13.663  -51.595  19.118 0.4000000060
28588  -15.140  -52.343  19.457 0.3000000119
28605  -8.772  -52.059  19.255 0.4000000060
30410  -9.336  -49.910  20.234 0.4000000060
30445  -10.079  -50.218  19.071 0.4000000060
130824  -10.923  -50.361  18.362 0.5000000000
30427  -9.690  -49.529  20.012 0.4000000060
30446  -11.500  -49.732  18.576 0.5000000000
31373  -12.082  -49.099  18.784 0.5000000000
30449  -14.323  -49.667  18.178 0.4000000060
29548  -14.589  -51.529  19.225 0.3000000119
32258  -12.373  -48.418  19.494 0.3000000119
32276  -12.513  -48.586  18.943 0.3000000119
31374  -13.162  -49.039  18.268 0.3000000119
29545  -8.644  -51.341  20.333 0.4000000060
134137  -10.423  -49.314  20.378 0.3000000119
31338  -12.018  -48.620  20.493 0.4000000060
31376  -14.767  -48.778  17.608 0.3000000119
29529  -10.756  -50.010  20.718 0.3000000119
30397  -13.494  -50.328  21.008 0.3000000119
11216  -13.939  -72.525  10.155 0.6000000238
12035  -14.677  -71.522  10.683 0.5000000000
17680  -12.067  -64.312  8.942 0.6000000238
17678  -10.938  -63.726  9.775 0.6000000238
118849  -7.406  -82.314  11.883 0.5000000000
4324  -9.441  -81.647  12.520 0.6000000238
6326  -9.387  -78.434  10.665 0.5000000000
4325  -10.213  -81.670  12.500 0.6999999881
3793  -10.473  -82.900  11.379 0.6999999881
5613  -12.353  -79.592  12.680 0.6999999881
4360  -12.283  -81.570  10.576 0.6999999881
4962  -12.960  -81.024  11.087 0.6999999881
8714  -12.700  -75.905  11.270 0.5000000000
4989  -12.638  -80.893  8.192 0.6999999881
6298  -13.555  -78.622  12.875 0.6999999881
5614  -13.188  -79.387  12.633 0.6999999881
4990  -13.358  -80.233  8.182 0.6999999881
5628  -14.516  -79.709  11.644 0.6999999881
10377  -13.782  -73.263  10.632 0.6000000238
6387  -13.874  -78.328  6.915 0.6999999881
6300  -15.339  -78.522  12.665 0.6000000238
6329  -16.166  -78.368  10.546 0.6000000238
7156  -15.798  -78.127  9.071 0.5000000000
131767  -13.588  -70.803  7.762 0.6999999881
6315  -16.255  -78.339  11.525 0.6000000238
8805  -13.711  -76.086  4.704 0.6000000238
142388  -12.805  -75.800  3.464 0.6000000238
7144  -17.142  -77.329  10.426 0.5000000000
9604  -17.765  -74.778  8.308 0.5000000000
12068  -14.290  -70.767  8.811 0.6000000238
12947  -13.527  -70.126  7.543 0.6999999881
133113  -16.511  -77.649  12.853 0.5000000000
7132  -17.357  -77.204  11.375 0.5000000000
7919  -17.592  -76.751  10.612 0.5000000000
8739  -17.740  -75.795  9.306 0.5000000000
9673  -12.714  -74.188  1.955 0.6000000238
10474  -13.187  -73.243  2.047 0.6000000238
11305  -14.513  -72.096  3.059 0.5000000000
14515  -12.351  -68.928  11.477 0.6000000238
11955  -18.313  -71.179  17.486 0.5000000000
14488  -8.946  -68.556  13.011 0.6000000238
123174  -8.650  -68.853  9.763 0.6000000238
9544  -19.664  -74.789  13.104 0.6000000238
14499  -8.183  -68.003  12.284 0.6000000238
15319  -7.035  -67.022  9.916 0.6000000238
11164  -19.527  -72.364  15.165 0.6000000238
16174  -7.403  -66.234  9.182 0.6000000238
122331  -20.022  -71.456  14.080 0.6000000238
17649  -11.761  -64.946  12.756 0.8000000119
11969  -19.958  -71.244  16.251 0.6000000238
16155  -9.347  -65.868  11.608 0.6000000238
16936  -7.024  -65.645  9.684 0.6999999881
125982  -7.220  -64.783  10.399 0.6000000238
19270  -8.518  -62.744  11.052 0.6000000238
121363  -11.387  -64.254  9.808 0.6999999881
18416  -10.629  -63.342  10.074 0.6000000238
18444  -14.389  -63.845  8.564 0.5000000000
19258  -11.131  -62.320  12.580 0.5000000000
19306  -11.699  -63.653  9.052 0.6000000238
19310  -15.189  -62.761  8.662 0.5000000000
21047  -6.093  -60.082  16.675 0.6999999881
20108  -6.344  -60.789  16.609 0.6000000238
21032  -9.355  -60.772  18.062 0.6999999881
123353  -9.243  -60.960  16.033 0.8000000119
20111  -11.450  -61.859  17.725 0.6000000238
21917  -8.568  -59.233  20.333 0.6000000238
21035  -13.601  -60.355  18.768 0.5000000000
20086  -11.988  -61.067  19.292 0.5000000000
22876  -15.677  -58.354  14.866 0.5000000000
22821  -8.725  -58.606  21.069 0.5000000000
23814  -15.164  -56.607  16.594 0.5000000000
19220  -12.789  -62.610  15.479 0.6000000238
19231  -13.369  -62.535  14.707 0.6000000238
126982  -15.180  -59.819  13.104 0.5000000000
23737  -9.014  -57.224  21.344 0.5000000000
24700  -12.400  -56.310  17.610 0.5000000000
24685  -11.181  -56.435  17.656 0.6000000238
25590  -8.633  -54.741  19.771 0.4000000060
25591  -9.320  -55.320  18.966 0.4000000060
25608  -9.441  -55.224  17.756 0.4000000060
26615  -8.766  -53.846  17.978 0.3000000119
25627  -9.611  -55.090  17.446 0.4000000060
27583  -11.654  -54.345  18.386 0.5000000000
27584  -12.544  -54.158  18.880 0.4000000060
28608  -11.210  -52.410  18.208 0.4000000060
128134  -11.959  -53.243  18.789 0.4000000060
126560  -14.402  -54.230  19.394 0.4000000060
27563  -15.339  -54.101  19.560 0.4000000060
28607  -9.708  -50.993  18.843 0.3000000119
29568  -10.475  -51.105  18.254 0.5000000000
28622  -10.671  -51.869  18.027 0.4000000060
28610  -12.798  -51.728  18.866 0.5000000000
28609  -12.021  -52.044  18.520 0.4000000060
127906  -14.780  -53.288  19.546 0.4000000060
30448  -13.361  -49.674  18.218 0.5000000000
29570  -13.028  -50.737  18.610 0.4000000060
29571  -13.974  -50.634  18.728 0.4000000060
31371  -10.640  -49.453  19.352 0.5000000000
31337  -11.217  -48.753  20.253 0.5000000000
31372  -11.373  -48.986  19.231 0.4000000060
31375  -13.999  -48.908  17.745 0.4000000060
32240  -11.720  -48.348  20.014 0.4000000060
30412  -11.626  -49.386  20.811 0.3000000119
31322  -13.680  -49.716  20.706 0.3000000119
31339  -12.941  -48.880  20.371 0.3000000119
5715  -14.557  -79.735  3.631 0.5000000000
5716  -15.243  -79.744  3.745 0.5000000000
5063  -17.698  -80.262  2.713 0.5000000000
5717  -16.579  -80.215  3.914 0.5000000000
5727  -18.204  -79.441  2.047 0.5000000000
5718  -17.363  -80.228  3.756 0.5000000000
6435  -18.712  -79.082  2.536 0.6000000238
6421  -14.073  -78.920  3.369 0.5000000000
6422  -14.820  -78.753  3.505 0.5000000000
6423  -15.479  -78.938  3.873 0.5000000000
6424  -16.228  -79.262  4.340 0.5000000000
6436  -19.293  -78.417  2.476 0.6000000238
5706  -17.053  -79.767  4.441 0.6000000238
126846  -17.713  -79.776  4.247 0.6000000238
5714  -13.156  -79.152  3.378 0.4000000060
5039  -8.843  -80.220  4.842 0.4000000060
5704  -9.415  -79.783  4.218 0.4000000060
5055  -9.730  -80.022  3.660 0.5000000000
5723  -9.982  -79.325  3.437 0.5000000000
5057  -11.173  -79.814  3.462 0.5000000000
5724  -10.606  -79.046  2.986 0.5000000000
6429  -10.785  -78.158  2.781 0.5000000000
5713  -12.547  -79.792  3.569 0.5000000000
5726  -12.199  -78.999  3.174 0.5000000000
7249  -20.087  -77.707  2.704 0.6000000238
7250  -20.887  -77.103  3.047 0.6000000238
6432  -13.486  -78.276  3.019 0.5000000000
130380  -14.230  -78.225  3.197 0.5000000000
7254  -12.951  -77.649  2.522 0.5000000000
6426  -19.686  -78.432  3.733 0.6000000238
6433  -14.711  -77.805  3.249 0.5000000000
130838  -15.731  -78.104  4.052 0.6000000238
5707  -17.498  -79.472  4.779 0.6000000238
6427  -20.420  -77.695  3.634 0.6000000238
5696  -17.742  -79.173  5.313 0.6000000238
6416  -19.461  -78.791  4.910 0.6000000238
6405  -19.997  -78.505  5.545 0.6999999881
6403  -18.092  -78.816  5.988 0.6000000238
6404  -19.018  -78.783  5.876 0.6999999881
4400  -9.749  -81.313  6.436 0.6000000238
5014  -10.302  -80.611  6.096 0.6000000238
5687  -10.944  -79.888  5.677 0.6000000238
5028  -8.757  -80.660  5.148 0.5000000000
5693  -9.421  -79.934  4.712 0.5000000000
6397  -10.557  -78.862  4.502 0.6000000238
6419  -9.897  -79.123  3.634 0.5000000000
6411  -10.296  -78.589  3.806 0.5000000000
6420  -10.406  -78.363  3.255 0.5000000000
6439  -10.990  -77.664  2.257 0.5000000000
7245  -10.843  -77.428  2.902 0.5000000000
138548  -12.171  -77.582  2.281 0.5000000000
7251  -21.711  -76.829  3.435 0.6999999881
7239  -21.008  -77.365  4.052 0.6000000238
121050  -21.788  -77.214  4.492 0.8000000119
7255  -13.881  -77.531  2.784 0.5000000000
7247  -15.301  -77.248  3.473 0.6000000238
6417  -20.300  -78.162  4.494 0.6999999881
7225  -20.964  -77.941  5.093 0.6999999881
6414  -16.953  -79.087  5.046 0.6000000238
6390  -19.560  -78.420  6.579 0.6999999881
6401  -16.714  -78.176  5.300 0.6000000238
7224  -17.222  -77.744  5.856 0.6000000238
7984  -17.315  -76.709  5.655 0.6999999881
7205  -18.325  -77.702  6.862 0.6999999881
7189  -18.829  -77.251  7.357 0.6000000238
4389  -9.663  -81.970  6.910 0.5000000000
4999  -10.694  -81.019  6.667 0.6000000238
121794  -11.057  -79.246  5.143 0.6000000238
6412  -10.935  -78.193  4.206 0.6000000238
7246  -11.096  -77.111  3.264 0.6000000238
7260  -10.975  -77.097  2.042 0.5000000000
8834  -11.728  -76.056  2.102 0.6000000238
7240  -22.681  -76.934  3.859 0.6999999881
7262  -12.428  -77.104  2.067 0.5000000000
123737  -12.256  -75.898  1.861 0.5000000000
7226  -21.773  -77.606  5.645 0.5000000000
7227  -22.926  -77.578  5.890 0.6000000238
7263  -13.225  -77.056  2.337 0.6000000238
8008  -15.165  -76.210  2.985 0.5000000000
135621  -15.693  -76.435  3.487 0.5000000000
6391  -20.253  -78.201  6.966 0.6000000238
7993  -16.433  -76.624  4.369 0.5000000000
6372  -19.657  -78.032  7.307 0.6000000238
7190  -19.465  -77.479  7.644 0.6000000238
8819  -16.737  -75.629  4.040 0.5000000000
7994  -16.994  -76.179  4.832 0.6000000238
7972  -18.295  -76.801  6.833 0.5000000000
8809  -18.196  -75.319  5.659 0.5000000000
129080  -19.343  -75.883  7.515 0.5000000000
3835  -10.356  -82.872  8.032 0.4000000060
8835  -12.470  -75.411  2.270 0.5000000000
7208  -22.154  -77.664  6.407 0.6000000238
8016  -13.604  -75.694  1.973 0.5000000000
128516  -15.398  -75.321  2.699 0.5000000000
7207  -21.170  -78.057  6.876 0.5000000000
7191  -21.559  -77.832  7.663 0.5000000000
7192  -22.444  -77.862  7.898 0.5000000000
8833  -16.025  -74.577  2.686 0.5000000000
6373  -20.342  -77.783  7.742 0.5000000000
7952  -20.004  -76.607  8.343 0.5000000000
8827  -16.429  -75.070  3.407 0.6000000238
9670  -16.767  -74.073  2.944 0.6000000238
7973  -18.847  -76.348  7.244 0.5000000000
8758  -19.791  -75.923  8.020 0.6000000238
9665  -17.630  -74.317  3.893 0.6000000238
9666  -18.233  -74.014  4.229 0.5000000000
3301  -10.368  -83.610  9.974 0.4000000060
8837  -14.025  -74.910  1.509 0.5000000000
128377  -21.661  -77.504  8.695 0.5000000000
8832  -15.178  -74.639  2.007 0.5000000000
9680  -15.222  -73.738  1.543 0.5000000000
7953  -20.534  -76.809  8.719 0.5000000000
7938  -22.258  -76.755  9.853 0.5000000000
7921  -22.817  -76.663  10.248 0.5000000000
7923  -24.450  -76.564  10.419 0.5000000000
8746  -26.583  -75.947  9.628 0.5000000000
9681  -16.000  -73.275  1.768 0.6000000238
9677  -17.157  -73.278  2.515 0.6000000238
8759  -20.389  -75.973  8.645 0.5000000000
9671  -17.396  -73.737  3.115 0.6000000238
9625  -20.637  -74.469  7.672 0.5000000000
10476  -17.833  -73.084  2.642 0.5000000000
10470  -18.773  -73.272  3.642 0.5000000000
12111  -14.202  -71.404  1.928 0.5000000000
7937  -21.693  -76.568  9.567 0.5000000000
8742  -22.311  -76.037  10.117 0.5000000000
8729  -24.007  -75.870  10.478 0.5000000000
8730  -24.878  -75.907  10.360 0.5000000000
10490  -14.112  -72.715  1.059 0.5000000000
12126  -14.673  -71.427  1.639 0.6000000238
8760  -20.997  -75.640  9.100 0.5000000000
9590  -22.266  -75.198  9.779 0.5000000000
8744  -24.445  -75.268  10.119 0.5000000000
8745  -25.306  -75.379  9.910 0.5000000000
8762  -26.558  -75.276  9.087 0.5000000000
10482  -17.449  -72.734  2.323 0.5000000000
9606  -20.769  -75.083  8.515 0.5000000000
10410  -21.903  -74.025  8.563 0.5000000000
11304  -14.129  -71.534  2.237 0.5000000000
9609  -23.437  -74.154  9.218 0.5000000000
9592  -23.978  -74.673  9.703 0.5000000000
9593  -24.913  -74.728  9.468 0.5000000000
9628  -26.833  -74.344  7.417 0.4000000060
9610  -24.433  -74.151  8.936 0.4000000060
9621  -11.278  -74.401  7.668 0.4000000060
15290  -9.208  -67.707  14.250 0.5000000000
16127  -10.443  -65.835  15.853 0.5000000000
125447  -10.001  -66.254  15.133 0.5000000000
17609  -10.578  -64.734  17.242 0.5000000000
16892  -10.902  -65.543  16.795 0.5000000000
16126  -9.657  -67.131  14.842 0.5000000000
20107  -6.039  -60.304  16.854 0.5000000000
21029  -5.781  -59.948  17.532 0.5000000000
22830  -6.431  -58.640  18.892 0.5000000000
9682  -13.320  -73.426  0.841 0.5000000000
8838  -14.489  -74.228  1.376 0.5000000000
6425  -18.933  -79.053  3.529 0.6000000238
6434  -15.228  -78.156  3.569 0.6000000238
138007  -19.013  -79.033  4.407 0.6000000238
7238  -16.243  -77.630  4.571 0.6000000238
6388  -17.807  -78.160  6.350 0.6999999881
5694  -10.192  -79.491  4.910 0.6000000238
7256  -14.582  -76.962  2.942 0.5000000000
7223  -16.717  -77.206  5.207 0.6000000238
7204  -17.734  -77.291  6.394 0.6000000238
8808  -17.581  -75.738  5.261 0.6000000238
121808  -22.628  -77.184  4.817 0.6999999881
8831  -14.671  -75.540  2.313 0.5000000000
8001  -16.195  -76.070  3.732 0.5000000000
8828  -17.052  -74.666  3.620 0.6000000238
8820  -17.325  -75.249  4.400 0.6000000238
8795  -18.496  -75.801  6.495 0.5000000000
8779  -20.230  -75.261  8.034 0.5000000000
117695  -20.764  -77.337  8.503 0.5000000000
7176  -21.185  -77.029  9.122 0.5000000000
9675  -15.853  -73.907  2.098 0.5000000000
9672  -18.026  -73.524  3.343 0.5000000000
10486  -14.960  -73.002  1.245 0.5000000000
10487  -15.980  -72.678  1.627 0.5000000000
11323  -14.900  -72.305  1.394 0.5000000000
8743  -23.550  -75.277  10.246 0.5000000000
9607  -21.520  -74.898  9.136 0.5000000000
9608  -22.473  -74.382  9.295 0.5000000000
8761  -25.778  -74.920  9.248 0.5000000000
10411  -22.860  -73.704  8.610 0.4000000060
9611  -25.434  -74.290  8.537 0.4000000060
5007  -24.792  -80.401  7.275 0.5000000000
5665  -25.040  -79.119  8.164 0.6000000238
117725  -24.387  -78.775  7.750 0.6000000238
6375  -24.014  -78.698  6.930 0.6000000238
5690  -23.999  -79.049  6.368 0.4000000060
6342  -25.035  -78.265  9.364 0.4000000060
7161  -23.431  -77.693  9.436 0.4000000060
7179  -23.853  -78.218  8.776 0.5000000000
6357  -23.793  -78.348  7.772 0.6000000238
118666  -23.089  -78.011  8.043 0.5000000000
7177  -22.641  -77.703  8.836 0.4000000060
6392  -23.618  -78.451  5.902 0.5000000000
7209  -22.589  -77.833  6.873 0.5000000000
7228  -23.470  -77.866  5.297 0.6000000238
7252  -23.336  -77.109  3.363 0.6000000238
8003  -22.958  -76.943  2.645 0.6000000238
8011  -22.010  -76.497  1.453 0.6000000238
128613  -21.491  -76.579  2.100 0.6000000238
8018  -21.618  -76.809  1.040 0.6000000238
133618  -20.494  -77.054  2.078 0.5000000000
7257  -19.468  -77.456  1.357 0.5000000000
6441  -18.408  -78.412  1.263 0.4000000060
8763  -27.248  -75.057  8.190 0.3000000119
5052  -16.766  -80.775  3.046 0.4000000060
131084  -20.597  -70.852  16.743 0.4000000060
12813  -21.481  -70.690  16.554 0.4000000060
12812  -20.712  -71.060  16.004 0.5000000000
21097  -15.921  -61.124  10.039 0.5000000000
20167  -15.336  -60.828  10.903 0.5000000000
21993  -16.960  -60.119  10.319 0.5000000000
21992  -16.129  -59.548  11.387 0.4000000060
22897  -15.691  -58.725  12.189 0.4000000060
132365  -21.077  -58.148  9.865 0.4000000060
22888  -15.155  -58.546  12.717 0.4000000060
126540  -16.213  -58.102  12.275 0.4000000060
23861  -17.163  -58.163  11.669 0.4000000060
22880  -14.985  -58.354  13.298 0.4000000060
23850  -14.953  -57.315  12.954 0.4000000060
23864  -19.742  -57.269  10.722 0.4000000060
138265  -14.922  -56.927  13.159 0.4000000060
24744  -16.239  -56.568  12.838 0.4000000060
24746  -18.921  -56.087  12.135 0.4000000060
132253  -15.049  -57.031  13.561 0.4000000060
24736  -15.409  -55.717  13.627 0.4000000060
138672  -15.288  -56.303  14.265 0.4000000060
24730  -15.255  -55.465  14.023 0.4000000060
25632  -15.360  -55.607  16.725 0.3000000119
25646  -15.621  -55.402  15.895 0.4000000060
26584  -15.892  -54.682  19.366 0.3000000119
141949  -16.121  -55.358  18.750 0.3000000119
25647  -15.945  -55.351  16.212 0.3000000119
25633  -16.306  -55.609  17.317 0.3000000119
22910  -19.292  -58.908  9.910 0.4000000060
22900  -18.129  -58.379  10.914 0.4000000060
22899  -17.424  -58.753  11.115 0.4000000060
22909  -18.162  -59.152  10.356 0.4000000060
23862  -17.870  -57.574  11.605 0.4000000060
23851  -16.799  -57.465  12.343 0.4000000060
24753  -20.291  -56.729  10.886 0.4000000060
24752  -18.650  -56.882  11.593 0.4000000060
118280  -18.088  -56.206  12.631 0.4000000060
3833  -29.860  -82.929  10.429 0.3000000119
4388  -29.863  -81.616  9.157 0.3000000119
140164  -29.513  -83.672  10.710 0.4000000060
3844  -29.452  -83.123  9.555 0.3000000119
4387  -29.623  -82.377  9.000 0.4000000060
3323  -28.442  -83.976  9.434 0.3000000119
3856  -29.068  -82.386  7.981 0.4000000060
2842  -28.012  -84.664  9.897 0.3000000119
3843  -28.780  -83.233  8.718 0.3000000119
3855  -28.354  -82.721  7.366 0.3000000119
3322  -27.651  -84.120  8.758 0.3000000119
3333  -28.039  -83.408  8.066 0.3000000119
3867  -28.027  -82.376  6.633 0.3000000119
3321  -26.949  -84.242  8.263 0.3000000119
3343  -27.094  -83.164  6.889 0.3000000119
3866  -27.421  -82.635  6.717 0.3000000119
2848  -26.299  -84.089  7.948 0.3000000119
3342  -26.447  -83.200  6.792 0.3000000119
128325  -26.258  -82.776  6.679 0.3000000119
136217  -24.370  -83.223  9.068 0.3000000119
3319  -25.261  -83.864  8.314 0.3000000119
3853  -25.267  -83.318  7.285 0.3000000119
3864  -25.722  -83.083  6.761 0.3000000119
131549  -26.057  -81.963  6.963 0.3000000119
3842  -24.571  -83.140  8.201 0.4000000060
118952  -29.526  -81.707  7.871 0.3000000119
3298  -29.303  -84.128  11.019 0.4000000060
4397  -29.115  -81.754  6.985 0.4000000060
3310  -28.749  -84.271  10.519 0.3000000119
4396  -28.610  -82.089  6.771 0.4000000060
133011  -26.990  -85.240  9.753 0.3000000119
4408  -27.706  -82.056  6.484 0.4000000060
4395  -26.997  -81.896  6.800 0.4000000060
2831  -25.968  -85.099  9.619 0.3000000119
5009  -26.580  -81.174  7.371 0.4000000060
3307  -24.122  -83.599  10.076 0.3000000119
2821  -25.245  -84.749  10.623 0.4000000060
5008  -25.635  -80.901  7.498 0.4000000060
5023  -24.848  -81.471  6.937 0.3000000119
3293  -23.749  -83.914  11.438 0.3000000119
4995  -29.851  -80.932  7.734 0.3000000119
130796  -30.209  -80.158  7.570 0.3000000119
4996  -30.062  -80.364  8.555 0.3000000119
5012  -29.486  -81.086  6.682 0.3000000119
5027  -29.723  -80.365  6.006 0.3000000119
4366  -28.559  -81.985  10.842 0.4000000060
5026  -29.114  -80.684  5.807 0.3000000119
5035  -28.907  -80.201  5.522 0.3000000119
2823  -27.699  -84.694  10.423 0.3000000119
3821  -28.218  -83.845  10.786 0.4000000060
5025  -28.717  -80.672  5.923 0.4000000060
5691  -28.698  -79.986  5.701 0.3000000119
5011  -28.228  -80.703  6.446 0.4000000060
5682  -28.238  -79.914  7.035 0.4000000060
135464  -26.796  -85.057  10.371 0.3000000119
3804  -26.164  -83.539  10.973 0.3000000119
5010  -27.529  -81.374  6.740 0.4000000060
5681  -27.317  -80.383  7.518 0.4000000060
2810  -25.752  -84.738  10.720 0.3000000119
3803  -25.235  -83.165  11.567 0.3000000119
5680  -26.263  -80.255  7.927 0.4000000060
6360  -26.399  -78.803  8.871 0.5000000000
3281  -25.414  -84.216  11.239 0.3000000119
5666  -25.916  -79.424  8.385 0.4000000060
6359  -25.467  -78.777  8.820 0.5000000000
3801  -23.135  -83.467  11.816 0.3000000119
5683  -30.683  -79.564  7.001 0.3000000119
4365  -27.562  -81.631  10.597 0.4000000060
121092  -28.805  -79.236  6.547 0.4000000060
6361  -27.348  -78.665  8.757 0.4000000060
3820  -27.105  -82.682  10.589 0.4000000060
5667  -26.846  -79.500  8.310 0.4000000060
7163  -25.445  -77.701  9.819 0.4000000060
6343  -25.929  -78.273  9.407 0.4000000060
4352  -24.735  -82.185  11.801 0.3000000119
7162  -24.256  -78.033  9.408 0.4000000060
7145  -23.272  -77.193  10.122 0.4000000060
131546  -24.494  -83.912  11.752 0.3000000119
3279  -23.486  -83.708  12.185 0.3000000119
3266  -23.011  -83.581  12.414 0.3000000119
5701  -30.019  -79.408  5.561 0.3000000119
6393  -29.037  -79.221  5.696 0.3000000119
5669  -28.459  -79.088  7.644 0.3000000119
4363  -26.086  -81.092  10.851 0.4000000060
132353  -27.654  -77.818  9.169 0.5000000000
7148  -25.725  -76.934  10.208 0.4000000060
4353  -25.331  -81.640  11.292 0.4000000060
7147  -24.952  -77.172  10.259 0.4000000060
123116  -23.651  -81.100  12.825 0.3000000119
4947  -24.609  -81.051  11.651 0.3000000119
4336  -24.104  -82.019  12.392 0.3000000119
3786  -23.267  -83.402  12.969 0.3000000119
3785  -22.236  -82.566  13.749 0.3000000119
132254  -22.941  -83.387  13.149 0.3000000119
6377  -29.362  -78.389  6.168 0.3000000119
6362  -28.278  -78.357  8.454 0.4000000060
7165  -27.062  -77.300  9.557 0.4000000060
4316  -23.360  -81.834  13.838 0.3000000119
126193  -23.279  -81.374  14.720 0.3000000119
4335  -23.537  -82.686  13.200 0.3000000119
3759  -22.865  -82.624  14.309 0.3000000119
3772  -23.056  -83.155  13.645 0.3000000119
4889  -23.784  -80.582  15.274 0.3000000119
4287  -23.423  -81.250  15.931 0.3000000119
129297  -23.121  -81.588  15.439 0.3000000119
4286  -22.622  -81.948  15.819 0.3000000119
4301  -22.378  -82.337  15.023 0.3000000119
7965  -29.007  -76.555  7.322 0.3000000119
7954  -27.883  -76.448  8.928 0.4000000060
4276  -23.885  -81.272  16.467 0.3000000119
3742  -23.414  -81.989  16.982 0.3000000119
7995  -30.047  -76.177  5.088 0.3000000119
7966  -29.412  -76.626  6.439 0.3000000119
8764  -27.965  -75.732  8.295 0.3000000119
8810  -30.044  -75.476  5.159 0.3000000119
7974  -29.234  -75.803  6.541 0.3000000119
8781  -28.589  -75.636  7.362 0.3000000119
131300  -15.474  -60.117  11.567 0.5000000000
25658  -15.624  -55.022  15.318 0.5000000000
24723  -15.508  -55.540  14.839 0.4000000060
7242  -23.597  -77.749  4.451 0.6000000238
7210  -23.241  -77.992  6.260 0.5000000000
7160  -22.685  -77.244  9.741 0.4000000060
7924  -25.175  -76.500  10.347 0.4000000060
7941  -27.197  -76.520  9.452 0.4000000060
129601  -27.286  -75.783  9.026 0.4000000060
21099  -17.581  -60.694  9.552 0.5000000000
22004  -18.929  -59.617  9.745 0.4000000060
138246  -20.698  -57.478  10.228 0.4000000060
3311  -29.184  -83.862  10.162 0.3000000119
3320  -25.845  -84.452  8.620 0.3000000119
3309  -25.338  -84.513  9.336 0.3000000119
3822  -29.206  -83.391  11.200 0.4000000060
132139  -28.132  -82.625  10.679 0.4000000060
131556  -27.041  -83.852  10.678 0.3000000119
3282  -26.376  -84.511  10.744 0.3000000119
5668  -27.798  -79.356  8.073 0.4000000060
3802  -24.380  -83.260  12.261 0.3000000119
6344  -26.835  -78.107  9.368 0.4000000060
3267  -23.265  -83.535  12.668 0.3000000119
7181  -28.219  -77.294  8.815 0.4000000060
134865  -24.040  -80.661  12.150 0.3000000119
3771  -22.795  -82.816  13.981 0.3000000119
7195  -29.306  -77.456  6.956 0.3000000119
4275  -23.002  -81.877  16.384 0.3000000119
7269  -20.454  -77.657  0.736 0.5000000000
6442  -21.542  -78.471  1.000 0.5000000000
138707  -22.254  -78.067  0.897 0.5000000000
129462  -23.301  -77.340  3.319 0.5000000000
6418  -23.625  -78.000  4.304 0.4000000060
12116  -14.722  -70.676  1.988 0.4000000060
118477  -24.298  -79.798  6.790 0.5000000000
5022  -24.127  -80.549  6.461 0.3000000119
3862  -24.403  -82.156  6.807 0.3000000119
3852  -24.511  -82.660  7.220 0.3000000119
3863  -25.060  -82.744  6.879 0.3000000119
5631  -25.547  -79.547  11.265 0.3000000119
4948  -25.339  -80.501  11.208 0.3000000119
3823  -29.587  -83.348  11.157 0.3000000119
6316  -25.020  -78.815  11.640 0.3000000119
5632  -26.397  -79.480  11.112 0.3000000119
4969  -26.949  -80.800  10.698 0.3000000119
4970  -27.892  -80.866  10.745 0.3000000119
4971  -28.872  -81.292  11.140 0.3000000119
4950  -28.170  -80.174  11.089 0.3000000119
6317  -26.008  -78.708  11.395 0.3000000119
124390  -26.960  -79.094  11.242 0.3000000119
5647  -27.193  -79.952  10.914 0.3000000119
5633  -27.650  -79.464  11.243 0.3000000119
3805  -29.736  -82.722  11.541 0.3000000119
4354  -30.021  -82.681  11.704 0.3000000119
6318  -26.822  -78.355  11.575 0.3000000119
121687  -29.917  -82.046  12.096 0.3000000119
4951  -29.051  -80.464  11.535 0.3000000119
5730  -17.939  -79.916  1.832 0.3000000119
5698  -23.657  -78.772  5.432 0.5000000000
5722  -23.557  -77.808  3.861 0.4000000060
6443  -22.726  -77.291  2.060 0.5000000000
4405  -24.163  -81.478  6.657 0.3000000119
25683  -21.239  -55.528  11.610 0.3000000119
122145  -19.491  -56.579  11.409 0.3000000119
26665  -16.377  -54.618  13.814 0.3000000119
7268  -19.679  -77.905  0.892 0.4000000060
136733  -21.299  -79.172  0.972 0.4000000060
3840  -18.853  -82.330  8.088 0.4000000060
4415  -19.598  -81.171  5.408 0.4000000060
5041  -21.273  -79.970  4.427 0.4000000060
138033  -21.840  -79.575  4.271 0.4000000060
5721  -23.142  -78.302  3.672 0.4000000060
5728  -21.453  -79.181  2.807 0.4000000060
124572  -22.281  -78.550  2.990 0.4000000060
6437  -22.848  -77.993  2.769 0.4000000060
126684  -19.171  -82.936  9.756 0.3000000119
4391  -18.904  -81.561  7.910 0.4000000060
5018  -20.550  -80.643  6.216 0.4000000060
5729  -21.983  -78.617  1.741 0.4000000060
4402  -19.322  -81.272  6.191 0.4000000060
4421  -20.117  -80.842  4.780 0.4000000060
3306  -19.051  -82.449  8.982 0.3000000119
4392  -19.022  -81.273  7.104 0.4000000060
5030  -19.982  -80.887  5.909 0.4000000060
5720  -22.105  -79.080  3.677 0.4000000060
5042  -22.186  -79.943  4.880 0.4000000060
5709  -22.763  -79.189  4.362 0.4000000060
3832  -19.215  -82.062  9.908 0.3000000119
4383  -18.976  -81.765  8.551 0.3000000119
5003  -19.633  -80.729  7.358 0.3000000119
4384  -19.288  -81.103  8.545 0.3000000119
5032  -22.809  -80.345  5.405 0.3000000119
5033  -23.412  -80.163  5.527 0.3000000119
5031  -21.827  -80.397  5.393 0.3000000119
5034  -23.727  -79.895  5.706 0.3000000119
127777  -23.897  -79.502  5.992 0.3000000119
142284  -23.658  -79.134  5.361 0.3000000119
5043  -23.218  -79.635  4.983 0.3000000119
5697  -23.543  -79.281  5.149 0.3000000119
5710  -23.451  -78.529  4.511 0.3000000119
3198  -23.179  -83.884  21.784 0.3000000119
3197  -22.550  -83.285  21.453 0.3000000119
5582  -24.919  -79.571  15.486 0.3000000119
138588  -21.556  -82.045  21.029 0.3000000119
4260  -22.402  -81.556  19.897 0.3000000119
4856  -23.807  -80.669  19.408 0.3000000119
5549  -24.135  -80.051  18.955 0.3000000119
5552  -24.259  -79.427  18.413 0.3000000119
5553  -25.052  -79.531  17.637 0.3000000119
5573  -25.301  -79.527  16.190 0.3000000119
128108  -24.767  -78.827  15.534 0.3000000119
4847  -21.524  -80.280  20.156 0.3000000119
4854  -22.234  -80.120  19.789 0.3000000119
121244  -23.209  -79.981  19.481 0.3000000119
5548  -23.415  -79.287  19.082 0.3000000119
5019  -21.455  -80.564  5.982 0.3000000119
3205  -23.149  -83.552  20.710 0.3000000119
4267  -24.291  -81.316  19.432 0.3000000119
3723  -22.867  -82.117  19.842 0.3000000119
3204  -22.529  -82.961  20.763 0.3000000119
4266  -23.308  -81.449  19.616 0.3000000119
4855  -22.771  -80.770  19.655 0.3000000119
5539  -21.639  -79.492  20.063 0.3000000119
2822  -25.987  -85.142  10.298 0.3000000119
2824  -28.197  -84.419  10.506 0.3000000119
2830  -25.438  -84.966  10.066 0.3000000119
2832  -26.672  -85.312  9.954 0.3000000119
2833  -27.378  -85.099  10.101 0.3000000119
2840  -26.578  -84.853  9.108 0.3000000119
2841  -27.240  -84.849  9.401 0.3000000119
3260  -9.340  -82.785  12.159 0.6000000238
3280  -23.685  -83.609  12.377 0.3000000119
3285  -9.571  -83.964  11.081 0.5000000000
3294  -24.482  -84.392  11.032 0.4000000060
3295  -27.503  -84.540  10.531 0.3000000119
3296  -28.433  -84.308  10.644 0.4000000060
3297  -28.937  -84.255  10.857 0.3000000119
3308  -24.839  -84.526  10.139 0.3000000119
3330  -26.017  -83.569  7.136 0.3000000119
3331  -26.664  -83.618  7.314 0.3000000119
3332  -27.324  -83.577  7.592 0.3000000119
3711  -22.048  -82.661  21.245 0.3000000119
3717  -22.241  -82.279  20.433 0.3000000119
3735  -23.894  -82.403  17.346 0.3000000119
3777  -9.750  -82.220  12.406 0.6999999881
3787  -23.925  -83.042  12.729 0.3000000119
3800  -22.692  -83.145  12.289 0.3000000119
3819  -26.087  -82.275  10.910 0.4000000060
3828  -11.348  -82.418  9.388 0.6999999881
3851  -18.721  -82.161  7.296 0.4000000060
3854  -27.716  -82.982  7.057 0.3000000119
3865  -26.880  -82.879  6.675 0.3000000119
4323  -8.616  -81.553  12.376 0.5000000000
4346  -11.404  -81.727  11.963 0.6999999881
4347  -12.159  -81.384  11.580 0.6999999881
4364  -26.738  -81.595  10.650 0.4000000060
4401  -18.725  -81.888  6.528 0.4000000060
4406  -25.219  -82.411  6.822 0.3000000119
4407  -26.938  -82.426  6.692 0.3000000119
4409  -28.288  -81.864  6.427 0.4000000060
4410  -28.790  -81.386  6.316 0.4000000060
4416  -20.691  -80.626  5.441 0.4000000060
4848  -21.890  -80.882  20.009 0.3000000119
4924  -9.840  -80.481  12.515 0.6000000238
4941  -13.336  -80.466  11.765 0.6999999881
4949  -26.239  -80.177  10.927 0.3000000119
4978  -13.295  -80.683  9.460 0.6999999881
4991  -19.727  -80.573  8.103 0.3000000119
5002  -12.974  -80.305  7.621 0.6999999881
5013  -30.079  -80.359  6.793 0.3000000119
5015  -11.226  -80.484  6.392 0.6000000238
5017  -19.761  -80.842  6.583 0.4000000060
5020  -22.408  -80.670  5.885 0.3000000119
5024  -28.290  -81.400  6.369 0.4000000060
5029  -9.767  -80.192  5.380 0.5000000000
5036  -29.232  -80.146  5.485 0.3000000119
5037  -29.867  -80.017  5.763 0.3000000119
5040  -21.096  -80.346  4.852 0.4000000060
5051  -15.893  -80.567  3.407 0.5000000000
5054  -21.056  -79.740  3.644 0.4000000060
5547  -22.562  -79.326  19.594 0.3000000119
5626  -9.173  -79.409  11.638 0.5000000000
5629  -15.290  -79.219  11.439 0.6999999881
5644  -14.961  -79.527  10.677 0.6999999881
5676  -13.439  -79.669  7.531 0.6999999881
5678  -24.536  -79.362  7.410 0.5000000000
5679  -25.353  -79.926  7.864 0.4000000060
5699  -28.972  -79.752  5.431 0.3000000119
5700  -29.383  -79.712  5.476 0.3000000119
5705  -9.828  -79.262  4.206 0.5000000000
5708  -18.305  -79.459  4.474 0.6000000238
5711  -9.505  -79.792  3.889 0.5000000000
5719  -18.237  -79.736  3.410 0.6000000238
5725  -11.619  -79.379  3.282 0.5000000000
6282  -14.039  -78.037  13.190 0.6999999881
6283  -14.934  -78.124  13.223 0.6000000238
6295  -11.219  -79.113  12.360 0.6999999881
6297  -12.631  -78.721  12.755 0.6999999881
6312  -10.595  -78.536  11.556 0.6999999881
6327  -10.071  -78.054  10.732 0.5000000000
6337  -8.205  -78.612  9.753 0.5000000000
6341  -16.251  -78.004  9.671 0.6000000238
6358  -24.538  -78.554  8.592 0.6000000238
6374  -23.593  -78.337  6.746 0.5000000000
6376  -28.906  -78.370  7.462 0.4000000060
6385  -12.800  -79.029  6.003 0.6999999881
6389  -18.549  -78.366  6.573 0.6999999881
6398  -11.473  -78.720  4.926 0.6999999881
6402  -17.397  -78.579  5.699 0.6000000238
6406  -23.614  -78.222  4.865 0.5000000000
6415  -18.561  -79.114  5.251 0.6000000238
6428  -10.170  -78.771  3.112 0.5000000000
6430  -11.335  -78.444  2.674 0.5000000000
6431  -12.397  -78.278  2.724 0.5000000000
6438  -22.986  -77.450  2.791 0.5000000000
6440  -11.619  -77.750  2.304 0.5000000000
6447  -21.024  -78.138  0.713 0.5000000000
6448  -21.916  -77.756  0.780 0.5000000000
7102  -15.253  -77.507  13.500 0.6000000238
7118  -16.071  -78.244  12.427 0.6000000238
7119  -17.241  -77.229  12.418 0.5000000000
7135  -26.766  -77.759  11.899 0.3000000119
7140  -10.594  -77.509  10.400 0.6000000238
7142  -11.977  -76.962  11.256 0.6999999881
7143  -16.640  -77.798  10.253 0.6000000238
7146  -24.073  -77.383  10.115 0.4000000060
7153  -9.750  -77.395  9.458 0.5000000000
7154  -10.348  -77.157  9.740 0.6000000238
7159  -21.940  -77.189  9.393 0.5000000000
7164  -26.270  -77.535  9.754 0.4000000060
7171  -9.453  -77.167  8.736 0.5000000000
7174  -15.487  -77.843  8.337 0.6000000238
7175  -19.995  -77.157  8.247 0.5000000000
7178  -23.364  -78.007  8.556 0.4000000060
7180  -27.670  -77.079  9.283 0.4000000060
7193  -23.153  -78.078  7.229 0.5000000000
7194  -28.791  -77.453  8.034 0.4000000060
7206  -18.938  -77.956  7.221 0.6000000238
7234  -10.726  -77.825  3.487 0.5000000000
7236  -12.164  -77.344  4.390 0.6999999881
7237  -12.807  -77.169  4.748 0.6999999881
7241  -23.382  -77.311  4.130 0.6000000238
7248  -15.904  -77.015  3.925 0.5000000000
7253  -10.974  -77.361  2.317 0.5000000000
7258  -20.445  -76.717  1.217 0.5000000000
7259  -22.910  -77.049  2.453 0.5000000000
7261  -11.572  -77.007  1.935 0.5000000000
7264  -18.937  -77.867  0.938 0.4000000060
7265  -19.837  -77.198  0.870 0.5000000000
7266  -22.511  -77.369  1.055 0.5000000000
7267  -22.652  -76.984  1.650 0.5000000000
7270  -21.242  -77.402  0.718 0.5000000000
7271  -21.984  -77.158  0.841 0.5000000000
7873  -17.064  -76.048  14.256 0.5000000000
7885  -15.882  -76.500  14.132 0.5000000000
7888  -17.966  -76.023  13.468 0.5000000000
7899  -13.273  -76.727  12.788 0.6999999881
7911  -12.913  -76.198  12.139 0.6000000238
7922  -23.599  -76.625  10.404 0.5000000000
7933  -11.922  -76.005  10.145 0.6000000238
7936  -21.018  -76.375  9.195 0.5000000000
7939  -25.765  -76.112  10.160 0.4000000060
7940  -26.468  -76.696  9.873 0.4000000060
7955  -28.472  -76.523  8.234 0.3000000119
7985  -17.861  -76.245  6.131 0.6000000238
7986  -29.717  -76.185  5.584 0.3000000119
7996  -30.520  -76.117  4.920 0.3000000119
7999  -11.485  -76.512  3.036 0.6999999881
8000  -12.310  -76.258  3.462 0.6000000238
8002  -22.552  -76.781  2.862 0.6000000238
8004  -11.011  -76.898  2.255 0.5000000000
8005  -11.152  -76.498  2.302 0.6999999881
8006  -13.773  -76.665  2.400 0.6000000238
8007  -14.386  -76.261  2.525 0.5000000000
8009  -15.813  -75.594  3.231 0.5000000000
8010  -21.258  -76.520  1.220 0.6000000238
8012  -22.566  -76.792  1.878 0.6000000238
8013  -11.087  -76.620  1.988 0.5000000000
8014  -12.071  -76.298  1.847 0.6000000238
8015  -12.929  -76.205  2.068 0.5000000000
8017  -20.745  -76.864  0.857 0.5000000000
8019  -22.347  -76.773  1.135 0.6000000238
8685  -17.385  -75.353  14.407 0.6000000238
8696  -15.407  -75.242  13.925 0.5000000000
8715  -13.220  -75.508  11.852 0.5000000000
8723  -12.443  -75.653  10.545 0.6000000238
8724  -12.888  -75.201  11.053 0.6000000238
8727  -18.964  -75.229  11.009 0.6000000238
8728  -23.132  -75.943  10.456 0.5000000000
8737  -11.587  -75.695  9.495 0.6000000238
8741  -21.576  -75.805  9.572 0.5000000000
8753  -11.279  -75.398  8.786 0.5000000000
8755  -16.988  -75.948  8.015 0.5000000000
8756  -17.507  -75.515  8.505 0.5000000000
8797  -29.024  -75.038  6.531 0.3000000119
8821  -17.890  -74.836  4.787 0.5000000000
8829  -11.938  -76.126  2.867 0.6000000238
8830  -12.553  -75.167  2.347 0.5000000000
9545  -20.213  -74.112  13.169 0.6000000238
9558  -20.222  -74.261  12.505 0.5000000000
9567  -19.518  -74.839  11.332 0.5000000000
9577  -19.949  -74.243  10.875 0.5000000000
9591  -23.059  -74.745  9.899 0.5000000000
9605  -18.376  -74.554  8.906 0.5000000000
9612  -26.331  -74.663  8.421 0.4000000060
9662  -13.924  -74.653  3.704 0.6000000238
9668  -12.718  -74.698  2.395 0.6000000238
9676  -16.484  -73.599  2.337 0.5000000000
9679  -13.525  -74.196  0.966 0.5000000000
10332  -16.628  -73.848  14.796 0.6000000238
10422  -12.036  -73.059  7.811 0.5000000000
10477  -18.417  -73.033  2.939 0.5000000000
10479  -12.801  -73.650  1.294 0.6000000238
10480  -12.920  -73.172  1.272 0.6000000238
10481  -16.729  -72.995  2.087 0.5000000000
10484  -12.872  -73.243  1.011 0.5000000000
10485  -14.246  -73.581  1.006 0.5000000000
10488  -13.346  -72.903  0.969 0.5000000000
10489  -13.939  -73.042  0.875 0.5000000000
11145  -18.208  -72.222  16.543 0.6000000238
11151  -17.220  -72.995  16.023 0.6000000238
11177  -15.445  -72.780  13.606 0.6000000238
11204  -14.709  -71.999  11.266 0.6000000238
11217  -14.361  -71.715  9.943 0.5000000000
11244  -12.692  -72.500  8.232 0.6000000238
11265  -11.878  -72.153  6.430 0.6000000238
11314  -13.560  -72.452  1.657 0.6000000238
11322  -13.854  -72.364  1.480 0.5000000000
11986  -20.046  -71.278  15.470 0.6000000238
12056  -14.078  -71.479  9.105 0.6000000238
12067  -13.973  -70.434  8.200 0.6999999881
12088  -12.358  -70.562  6.172 0.6000000238
12778  -18.518  -70.079  18.225 0.5000000000
12794  -18.861  -70.626  17.838 0.5000000000
12795  -19.875  -71.029  17.017 0.5000000000
12811  -16.318  -70.320  17.112 0.5000000000
12868  -14.956  -70.571  12.156 0.6000000238
12899  -14.802  -70.237  10.514 0.6000000238
12917  -14.516  -70.410  9.371 0.6000000238
12933  -13.991  -70.019  8.072 0.6000000238
12961  -12.094  -69.915  5.798 0.6000000238
13708  -14.105  -69.304  11.235 0.6000000238
13709  -14.639  -69.493  11.600 0.6000000238
13710  -14.931  -69.788  11.838 0.6000000238
13726  -12.964  -69.196  10.115 0.6000000238
13743  -14.268  -69.879  9.029 0.6000000238
13762  -13.958  -69.839  8.313 0.6000000238
13777  -12.572  -69.098  7.258 0.6999999881
13779  -13.631  -69.814  7.813 0.6999999881
14483  -15.106  -68.219  13.880 0.6999999881
14491  -14.566  -68.184  13.607 0.6999999881
14492  -15.312  -68.753  13.945 0.6000000238
14514  -11.480  -68.496  11.422 0.6999999881
14550  -9.061  -67.715  7.769 0.5000000000
14551  -10.147  -67.677  7.564 0.5000000000
14553  -12.331  -68.850  7.714 0.6999999881
14567  -11.846  -68.707  7.100 0.6000000238
15266  -16.278  -67.417  16.765 0.5000000000
15301  -8.572  -67.780  13.456 0.6000000238
15302  -11.572  -67.179  13.444 0.8000000119
15303  -12.259  -67.698  13.668 0.6999999881
15318  -6.903  -66.600  10.813 0.6999999881
15320  -8.730  -66.519  9.987 0.6000000238
15328  -6.698  -66.252  9.708 0.6999999881
15329  -7.369  -66.453  9.206 0.6000000238
15331  -9.455  -66.930  8.590 0.6999999881
16128  -12.950  -66.106  15.170 0.8000000119
16129  -13.573  -66.558  15.340 0.8000000119
16136  -8.338  -66.262  13.670 0.6999999881
16138  -12.043  -65.733  14.150 0.8000000119
16145  -10.917  -65.858  12.967 0.8000000119
16157  -11.142  -66.652  13.108 0.8000000119
16893  -15.476  -65.308  16.928 0.6000000238
16894  -15.976  -66.007  17.129 0.5000000000
16906  -14.075  -65.200  16.080 0.6000000238
16913  -12.533  -65.117  14.480 0.6000000238
16927  -5.995  -65.221  11.125 0.8000000119
16928  -9.472  -65.249  11.829 0.6000000238
16935  -5.957  -65.127  10.443 0.6999999881
17621  -16.267  -64.139  16.844 0.5000000000
17631  -13.506  -64.849  15.511 0.6999999881
17640  -9.366  -63.883  14.616 0.6999999881
17657  -8.557  -64.379  10.998 0.6000000238
17661  -13.331  -64.436  12.367 0.6999999881
17666  -6.007  -64.537  10.681 0.8000000119
17669  -10.511  -63.997  11.014 0.6999999881
17672  -14.437  -64.357  10.304 0.6000000238
17677  -6.538  -64.431  10.472 0.5000000000
17679  -11.549  -64.049  9.020 0.6000000238
17696  -12.567  -64.253  8.529 0.6000000238
17697  -14.179  -64.152  8.653 0.5000000000
17710  -13.672  -64.089  8.426 0.5000000000
18365  -9.428  -63.531  15.298 0.6000000238
18389  -8.179  -62.848  13.121 0.6999999881
18398  -7.079  -63.255  11.848 0.6999999881
18407  -6.572  -63.702  11.284 0.8000000119
18414  -6.407  -63.957  10.802 0.6000000238
18415  -9.520  -63.003  10.612 0.6000000238
18417  -11.365  -63.769  9.232 0.6000000238
18418  -15.507  -63.738  9.471 0.5000000000
18431  -14.797  -63.912  8.709 0.5000000000
18445  -15.146  -63.488  8.621 0.5000000000
18446  -15.867  -63.105  8.734 0.5000000000
19198  -6.839  -61.236  16.551 0.6000000238
19212  -14.251  -61.970  16.037 0.5000000000
19218  -8.601  -61.908  14.856 0.6999999881
19219  -10.867  -62.005  15.138 0.6999999881
19222  -14.384  -62.032  15.328 0.6000000238
19232  -14.132  -62.261  14.718 0.6000000238
19243  -12.018  -62.583  13.992 0.5000000000
19259  -11.903  -62.559  12.330 0.6000000238
19269  -7.965  -62.486  11.598 0.6000000238
19273  -12.655  -62.716  10.532 0.6000000238
19289  -11.054  -63.182  9.750 0.6000000238
19307  -12.357  -63.654  8.716 0.6000000238
19309  -14.357  -62.908  8.714 0.5000000000
19314  -13.849  -63.705  8.544 0.5000000000
19317  -16.160  -62.640  8.843 0.5000000000
20096  -12.318  -61.463  18.566 0.5000000000
20121  -7.860  -60.901  16.040 0.6999999881
20124  -10.918  -61.865  16.614 0.8000000119
20125  -13.952  -61.726  16.782 0.5000000000
20131  -9.291  -61.143  14.822 0.6999999881
20139  -9.283  -61.341  14.307 0.6999999881
20146  -8.458  -61.797  12.871 0.6000000238
20148  -9.532  -61.372  13.598 0.6999999881
20156  -8.351  -61.860  12.085 0.5000000000
20164  -8.666  -62.161  11.528 0.6000000238
20195  -15.962  -62.369  8.844 0.5000000000
21005  -10.074  -60.331  20.047 0.6000000238
21007  -11.447  -60.571  19.764 0.5000000000
21016  -10.570  -60.646  19.585 0.5000000000
21018  -13.083  -60.171  19.319 0.5000000000
21031  -8.254  -60.370  17.699 0.6999999881
21034  -12.827  -60.817  19.111 0.5000000000
21046  -5.965  -59.652  16.523 0.6999999881
21049  -8.366  -60.643  16.821 0.6999999881
21050  -13.949  -60.736  18.038 0.4000000060
21051  -14.569  -60.161  17.686 0.4000000060
21058  -6.849  -60.667  16.423 0.6000000238
21089  -16.058  -60.397  10.700 0.5000000000
21098  -16.785  -60.875  9.641 0.5000000000
21108  -15.750  -61.725  9.401 0.5000000000
21919  -10.175  -59.840  20.537 0.6000000238
21928  -8.246  -59.527  19.393 0.6000000238
21929  -12.191  -59.331  19.965 0.6000000238
21931  -13.487  -59.615  19.100 0.4000000060
21945  -6.070  -59.507  17.231 0.5000000000
21959  -5.955  -59.578  16.514 0.6999999881
21977  -15.160  -58.963  14.020 0.5000000000
21981  -15.030  -58.960  13.262 0.5000000000
21986  -15.110  -59.082  12.783 0.5000000000
21987  -15.364  -59.315  12.204 0.4000000060
21994  -17.190  -59.366  10.787 0.4000000060
22003  -17.966  -59.755  9.711 0.4000000060
22831  -11.945  -58.394  19.854 0.5000000000
22842  -12.980  -58.106  18.817 0.6000000238
22843  -13.644  -58.398  18.582 0.5000000000
22870  -15.887  -58.503  15.978 0.4000000060
22887  -14.922  -58.359  12.995 0.4000000060
22889  -15.296  -57.972  12.690 0.4000000060
22898  -16.602  -58.776  11.607 0.4000000060
23795  -12.785  -56.864  17.685 0.5000000000
23798  -15.296  -57.753  17.175 0.5000000000
23840  -14.881  -57.647  13.088 0.4000000060
23841  -15.160  -56.300  13.556 0.4000000060
23849  -14.924  -57.931  12.938 0.4000000060
23863  -18.976  -57.837  10.694 0.4000000060
23872  -20.245  -58.284  9.912 0.4000000060
24669  -10.571  -56.443  18.999 0.4000000060
24702  -14.317  -56.012  16.949 0.5000000000
24715  -15.581  -55.599  15.632 0.5000000000
24743  -15.322  -56.499  13.172 0.4000000060
24745  -17.492  -56.850  12.425 0.4000000060
25592  -15.539  -55.249  18.892 0.3000000119
25607  -8.777  -54.610  18.287 0.4000000060
25612  -15.779  -55.562  18.110 0.3000000119
25629  -11.006  -55.711  17.314 0.5000000000
25630  -13.733  -55.917  17.368 0.4000000060
25667  -15.558  -54.896  14.492 0.4000000060
25672  -15.601  -54.994  13.886 0.4000000060
25682  -19.817  -55.954  11.839 0.3000000119
25691  -20.823  -56.244  11.153 0.4000000060
26598  -9.148  -54.849  17.646 0.4000000060
26616  -9.220  -54.524  17.600 0.4000000060
26617  -9.826  -54.446  17.435 0.4000000060
26618  -10.702  -54.725  17.545 0.5000000000
27600  -9.900  -53.299  17.788 0.4000000060
28621  -10.049  -52.097  18.184 0.5000000000
29546  -9.109  -50.466  20.167 0.4000000060
30411  -9.748  -49.445  20.255 0.4000000060
30413  -12.663  -49.413  20.783 0.3000000119
30426  -9.369  -50.153  19.783 0.4000000060
30428  -14.953  -50.630  18.808 0.3000000119
31336  -10.338  -49.190  20.168 0.4000000060
31355  -11.152  -48.768  19.883 0.4000000060
32239  -11.443  -48.445  19.958 0.4000000060
32241  -12.439  -48.419  20.001 0.3000000119
32257  -11.722  -48.470  19.568 0.4000000060
118113  -20.374  -71.985  12.420 0.5000000000
118931  -15.848  -79.764  3.922 0.5000000000
119128  -20.282  -73.401  13.440 0.6000000238
119375  -10.101  -61.949  11.775 0.6000000238
120011  -10.546  -66.788  15.658 0.5000000000
120054  -15.666  -70.014  15.638 0.5000000000
120522  -14.650  -72.550  11.529 0.5000000000
121466  -22.592  -77.779  1.876 0.5000000000
121578  -15.373  -76.895  13.839 0.6000000238
121876  -20.621  -78.262  6.181 0.6000000238
122106  -15.890  -74.017  13.877 0.5000000000
122185  -6.420  -64.639  11.876 0.8000000119
122197  -19.205  -81.026  7.829 0.4000000060
122222  -23.533  -77.609  3.849 0.4000000060
122471  -14.185  -66.581  15.589 0.8000000119
122578  -24.734  -83.779  9.189 0.3000000119
123188  -8.184  -63.752  13.293 0.6999999881
123307  -14.837  -61.692  13.010 0.5000000000
123805  -9.842  -81.155  12.608 0.6999999881
124105  -15.383  -70.677  14.301 0.6000000238
124855  -12.781  -74.620  1.756 0.6000000238
124883  -13.339  -48.446  18.652 0.3000000119
125070  -13.699  -73.941  11.170 0.6000000238
125708  -22.832  -75.407  10.222 0.5000000000
125727  -14.706  -58.018  17.753 0.5000000000
125873  -11.297  -51.283  18.030 0.5000000000
126059  -12.007  -62.587  13.188 0.5000000000
126368  -7.848  -65.615  13.287 0.6000000238
126528  -13.708  -80.201  8.902 0.6999999881
127632  -21.110  -79.521  1.722 0.4000000060
128369  -12.123  -74.041  8.813 0.6000000238
128657  -13.768  -69.554  8.737 0.6999999881
128733  -23.347  -77.676  3.394 0.5000000000
128842  -22.379  -76.655  2.112 0.6000000238
129193  -24.743  -77.754  9.794 0.4000000060
129637  -25.769  -83.866  7.738 0.3000000119
130099  -15.642  -57.266  12.702 0.4000000060
130178  -29.233  -84.122  10.953 0.4000000060
130258  -14.649  -79.692  9.886 0.6999999881
130449  -23.239  -77.452  5.001 0.6999999881
130962  -9.388  -51.968  18.656 0.3000000119
131687  -13.172  -74.738  1.229 0.6000000238
131719  -20.469  -73.678  11.342 0.5000000000
131724  -8.731  -61.793  13.582 0.6999999881
131942  -15.588  -57.352  14.618 0.4000000060
132088  -12.221  -81.590  9.596 0.6999999881
132388  -15.651  -78.767  11.993 0.6000000238
132471  -24.062  -84.045  11.744 0.3000000119
132600  -15.075  -70.587  12.939 0.5000000000
133314  -15.692  -70.925  15.890 0.5000000000
133465  -19.411  -76.751  7.861 0.6000000238
133531  -13.797  -59.055  18.819 0.5000000000
135296  -13.280  -64.429  13.281 0.6000000238
135909  -21.706  -81.537  20.463 0.3000000119
135965  -8.624  -60.777  16.126 0.6999999881
136464  -14.880  -71.400  12.122 0.6000000238
137730  -12.229  -62.610  16.061 0.6999999881
138050  -28.347  -79.467  11.514 0.3000000119
138339  -12.909  -64.526  8.995 0.6000000238
138426  -23.558  -78.528  4.874 0.3000000119
138475  -16.325  -78.514  4.676 0.6000000238
138541  -20.284  -80.570  6.876 0.3000000119
138786  -15.210  -60.705  11.611 0.5000000000
139140  -14.761  -68.634  13.155 0.6000000238
139161  -14.466  -70.861  2.227 0.4000000060
139435  -19.324  -83.530  9.627 0.3000000119
139590  -14.700  -70.338  9.939 0.6000000238
139759  -13.024  -54.715  18.675 0.4000000060
139835  -10.555  -82.476  11.866 0.6999999881
140038  -14.452  -62.448  9.334 0.5000000000
140055  -14.738  -67.084  15.348 0.8000000119
140148  -13.466  -55.584  17.838 0.4000000060
140537  -16.732  -72.561  1.973 0.5000000000
140646  -26.007  -75.509  9.659 0.5000000000
141020  -22.577  -77.421  5.565 0.6000000238
141087  -14.856  -70.960  11.711 0.6000000238
141214  -10.206  -82.171  12.342 0.6999999881
141902  -5.944  -64.069  10.959 0.8000000119
142086  -8.645  -82.699  12.178 0.5000000000
142221  -6.052  -59.000  17.987 0.5000000000
142285  -21.224  -74.438  8.322 0.5000000000
