#!ascii label  , from subject sub-v2s18x29526_ses-1 vox2ras=TkReg
1033
130313  31.204  -28.559  70.757 0.0000000000
63803  39.752  -9.246  58.412 0.0000000000
56596  31.310  -17.881  63.803 0.0000000000
39842  12.423  -35.693  76.944 0.0000000000
49425  24.911  -24.595  73.661 0.0000000000
61064  31.707  -12.755  63.583 0.0000000000
45515  17.206  -29.330  74.060 0.0000000000
39879  16.505  -34.882  75.105 0.0000000000
126087  20.081  -27.354  71.567 0.0000000000
63798  44.485  -9.646  58.413 0.0000000000
50268  31.465  -25.081  71.090 0.0000000000
51927  30.991  -22.920  68.293 0.0000000000
48488  34.647  -26.681  72.045 0.0000000000
67280  43.361  -5.211  56.940 0.0000000000
66472  46.874  -7.116  55.173 0.0000000000
121548  37.026  -9.166  61.351 0.0000000000
61093  39.287  -13.033  61.011 0.0000000000
60183  35.077  -13.100  61.559 0.0000000000
57458  35.433  -16.428  64.245 0.0000000000
44615  29.275  -30.427  74.075 0.0000000000
127354  11.682  -39.005  80.194 0.0000000000
37054  7.478  -38.447  81.027 0.0000000000
36070  4.245  -38.569  85.226 0.0000000000
47443  27.619  -27.117  71.180 0.0000000000
46427  24.211  -28.879  72.046 0.0000000000
54793  26.967  -19.892  66.192 0.0000000000
53717  33.144  -21.227  68.078 0.0000000000
68933  49.445  -3.484  52.767 0.0000000000
63801  41.910  -9.488  58.040 0.0000000000
62029  42.121  -11.021  59.782 0.0000000000
115899  31.628  -26.665  70.040 0.0000000000
48542  32.360  -26.157  69.475 0.0000000000
46442  33.099  -28.295  71.650 0.0000000000
65571  40.222  -6.998  59.654 0.0000000000
66451  42.490  -5.614  59.652 0.0000000000
66460  41.490  -7.028  57.301 0.0000000000
64728  43.661  -8.176  56.412 0.0000000000
33411  5.845  -42.368  83.846 0.0000000000
62906  35.725  -10.910  60.840 0.0000000000
62880  34.683  -10.511  62.855 0.0000000000
58348  31.347  -15.768  63.487 0.0000000000
126450  32.878  -14.704  62.740 0.0000000000
56594  33.776  -17.563  64.248 0.0000000000
54804  34.571  -19.665  65.666 0.0000000000
130388  14.497  -35.863  75.445 0.0000000000
38847  16.410  -37.115  77.340 0.0000000000
37950  13.834  -37.775  77.709 0.0000000000
37063  14.340  -38.975  80.216 0.0000000000
114633  12.012  -37.678  78.075 0.0000000000
39772  8.132  -35.941  81.116 0.0000000000
37900  5.694  -37.769  83.259 0.0000000000
48492  26.370  -26.244  72.472 0.0000000000
46469  25.878  -28.133  70.274 0.0000000000
48513  24.310  -26.110  70.851 0.0000000000
44636  20.341  -30.429  73.140 0.0000000000
46401  21.955  -28.673  74.639 0.0000000000
123932  34.571  -23.181  71.135 0.0000000000
52739  32.058  -21.851  68.899 0.0000000000
61952  33.943  -10.764  65.160 0.0000000000
60125  30.904  -13.230  65.565 0.0000000000
58338  29.491  -15.900  64.845 0.0000000000
43650  18.627  -31.926  72.984 0.0000000000
41778  18.431  -33.452  75.476 0.0000000000
126994  16.698  -32.553  73.557 0.0000000000
115303  14.731  -32.738  74.756 0.0000000000
41763  13.429  -33.570  77.242 0.0000000000
113888  22.108  -25.019  71.849 0.0000000000
116939  19.902  -24.963  73.784 0.0000000000
46432  18.445  -28.312  72.122 0.0000000000
51890  29.222  -23.078  71.619 0.0000000000
51914  27.837  -22.954  69.511 0.0000000000
50298  30.419  -24.415  69.029 0.0000000000
50294  33.722  -24.690  69.433 0.0000000000
68084  46.913  -4.390  55.094 0.0000000000
67295  44.687  -5.742  55.605 0.0000000000
118295  45.214  -8.463  56.455 0.0000000000
64683  38.475  -8.689  59.319 0.0000000000
62032  39.920  -11.434  59.623 0.0000000000
116754  37.872  -11.618  59.919 0.0000000000
61095  36.966  -12.874  60.773 0.0000000000
59296  37.512  -14.568  62.496 0.0000000000
61078  33.169  -12.369  62.314 0.0000000000
129615  35.357  -14.944  62.588 0.0000000000
45545  29.876  -29.707  72.132 0.0000000000
45527  32.402  -29.477  73.517 0.0000000000
65561  39.730  -7.360  61.121 0.0000000000
39825  10.723  -35.537  78.406 0.0000000000
114911  10.021  -37.741  79.286 0.0000000000
37052  9.196  -39.000  80.888 0.0000000000
36113  9.237  -39.772  82.444 0.0000000000
35166  6.993  -40.383  82.594 0.0000000000
35169  4.842  -40.155  82.544 0.0000000000
35158  3.516  -40.457  83.602 0.0000000000
35140  2.615  -40.544  85.761 0.0000000000
46466  28.908  -28.459  70.502 0.0000000000
45573  27.517  -29.589  70.865 0.0000000000
112989  26.725  -30.116  73.471 0.0000000000
47429  21.945  -27.554  71.935 0.0000000000
54826  29.501  -19.157  64.683 0.0000000000
52768  28.160  -21.754  67.255 0.0000000000
53749  30.339  -20.986  66.359 0.0000000000
53767  32.553  -20.606  65.376 0.0000000000
46397  34.612  -28.695  74.172 0.0000000000
68105  51.008  -4.492  51.520 0.0000000000
67298  48.065  -5.467  53.645 0.0000000000
66496  49.701  -5.975  52.570 0.0000000000
63802  41.076  -9.318  58.078 0.0000000000
62931  42.250  -10.076  58.603 0.0000000000
62919  40.909  -10.559  58.987 0.0000000000
47456  31.341  -27.919  70.459 0.0000000000
47455  32.196  -27.606  70.211 0.0000000000
46443  32.347  -28.606  71.406 0.0000000000
64696  40.025  -8.344  58.297 0.0000000000
65576  40.579  -7.463  58.228 0.0000000000
63814  40.862  -8.609  57.862 0.0000000000
63813  41.637  -8.782  57.669 0.0000000000
32626  4.747  -42.985  84.043 0.0000000000
62868  36.018  -9.749  62.853 0.0000000000
62869  35.525  -10.093  63.551 0.0000000000
57472  31.159  -16.548  63.575 0.0000000000
57471  32.064  -16.445  63.547 0.0000000000
122698  33.037  -17.934  64.152 0.0000000000
55705  34.201  -18.136  64.709 0.0000000000
54822  32.907  -19.286  64.529 0.0000000000
115966  13.589  -36.228  76.206 0.0000000000
37973  14.639  -37.208  76.419 0.0000000000
37961  13.281  -37.250  77.060 0.0000000000
37951  12.900  -37.699  77.852 0.0000000000
37962  12.310  -37.115  77.457 0.0000000000
49424  25.402  -24.951  72.974 0.0000000000
48494  24.918  -25.549  71.378 0.0000000000
123123  24.693  -24.603  72.779 0.0000000000
43630  20.149  -31.619  75.349 0.0000000000
54741  26.700  -20.279  71.012 0.0000000000
51888  34.480  -22.243  71.419 0.0000000000
59258  30.061  -14.401  65.313 0.0000000000
59245  30.082  -14.799  66.293 0.0000000000
43664  17.405  -31.161  72.862 0.0000000000
42720  17.406  -32.551  73.364 0.0000000000
44639  16.840  -30.974  73.440 0.0000000000
43632  15.323  -31.201  75.287 0.0000000000
42686  14.508  -31.721  76.768 0.0000000000
124465  13.867  -33.170  75.755 0.0000000000
50246  21.541  -24.241  74.630 0.0000000000
123360  17.917  -28.207  73.874 0.0000000000
47403  18.286  -27.415  73.792 0.0000000000
46433  17.891  -29.101  72.462 0.0000000000
44661  18.541  -30.615  72.053 0.0000000000
51079  29.350  -24.189  70.043 0.0000000000
50269  30.767  -24.838  70.379 0.0000000000
48508  33.765  -26.993  70.737 0.0000000000
49478  33.419  -25.400  69.354 0.0000000000
128155  34.718  -26.004  70.886 0.0000000000
49449  34.973  -25.470  71.171 0.0000000000
48487  35.226  -26.193  72.451 0.0000000000
67275  42.416  -5.555  58.401 0.0000000000
67287  44.971  -4.860  55.906 0.0000000000
67296  44.065  -5.918  55.688 0.0000000000
120779  43.855  -8.854  56.916 0.0000000000
129460  44.428  -8.481  56.490 0.0000000000
64710  44.763  -8.942  56.998 0.0000000000
64670  37.812  -8.963  59.848 0.0000000000
62922  37.664  -9.785  59.719 0.0000000000
62904  37.090  -10.172  60.112 0.0000000000
61113  35.821  -11.823  60.807 0.0000000000
61112  36.521  -12.225  60.611 0.0000000000
61096  36.153  -12.688  61.037 0.0000000000
60165  37.090  -14.026  61.912 0.0000000000
60166  36.220  -13.990  61.860 0.0000000000
61976  32.716  -11.647  63.880 0.0000000000
61975  33.377  -11.235  63.540 0.0000000000
61079  32.559  -12.451  62.746 0.0000000000
58345  34.483  -15.647  63.189 0.0000000000
59299  34.119  -14.492  62.328 0.0000000000
122705  35.287  -15.479  63.124 0.0000000000
59283  36.170  -15.213  62.930 0.0000000000
44632  29.662  -30.228  73.315 0.0000000000
44630  30.870  -30.042  73.551 0.0000000000
63744  38.134  -8.876  62.848 0.0000000000
64655  38.365  -8.225  61.226 0.0000000000
64669  38.274  -8.318  60.191 0.0000000000
40866  17.320  -34.363  75.264 0.0000000000
39854  17.114  -35.445  76.457 0.0000000000
36147  12.881  -39.476  80.725 0.0000000000
36127  14.157  -39.583  81.616 0.0000000000
36129  12.409  -39.882  81.394 0.0000000000
36130  11.498  -39.816  81.340 0.0000000000
39791  10.044  -34.908  79.829 0.0000000000
38834  9.973  -36.235  78.998 0.0000000000
39807  9.009  -35.867  79.752 0.0000000000
37931  7.717  -37.536  80.675 0.0000000000
37930  8.458  -37.580  80.113 0.0000000000
37053  8.231  -38.829  80.788 0.0000000000
36132  8.777  -39.365  81.539 0.0000000000
36133  7.707  -39.226  81.340 0.0000000000
36114  8.271  -39.752  82.156 0.0000000000
36134  6.809  -39.092  81.618 0.0000000000
37025  5.100  -38.212  83.702 0.0000000000
131520  5.081  -39.113  82.649 0.0000000000
37026  4.705  -38.875  83.239 0.0000000000
35157  4.092  -40.250  82.878 0.0000000000
36084  3.890  -39.125  84.489 0.0000000000
47425  28.411  -27.257  71.904 0.0000000000
47424  29.317  -27.277  71.795 0.0000000000
47459  28.512  -27.922  70.607 0.0000000000
45594  28.574  -29.057  70.544 0.0000000000
46468  27.210  -27.947  70.134 0.0000000000
45576  25.068  -29.236  71.572 0.0000000000
45575  25.844  -29.500  71.184 0.0000000000
114781  25.515  -29.598  73.106 0.0000000000
48516  21.301  -25.952  71.493 0.0000000000
123617  22.040  -26.066  71.230 0.0000000000
47430  21.379  -27.621  71.907 0.0000000000
46400  22.526  -28.488  74.570 0.0000000000
133721  39.585  -11.934  59.957 0.0000000000
61107  41.085  -12.169  60.694 0.0000000000
61092  40.542  -12.782  61.122 0.0000000000
55683  27.589  -18.105  66.363 0.0000000000
128193  28.409  -17.875  65.175 0.0000000000
54810  28.161  -19.626  65.308 0.0000000000
51104  29.136  -23.494  68.884 0.0000000000
51930  27.639  -22.685  68.802 0.0000000000
51929  29.098  -22.700  68.314 0.0000000000
53702  32.504  -21.458  69.112 0.0000000000
53718  30.935  -21.646  67.796 0.0000000000
112398  32.108  -21.301  67.980 0.0000000000
53769  30.461  -20.627  65.522 0.0000000000
115043  32.907  -21.210  67.234 0.0000000000
53746  33.739  -20.883  66.564 0.0000000000
46398  33.860  -28.878  73.766 0.0000000000
68932  50.052  -3.317  52.240 0.0000000000
67293  46.460  -5.770  55.032 0.0000000000
68089  47.239  -4.899  54.599 0.0000000000
135008  47.447  -6.242  54.506 0.0000000000
65626  49.845  -6.936  53.783 0.0000000000
66486  50.421  -6.717  53.062 0.0000000000
119805  17.054  -29.044  74.957 0.0000000000
45516  16.687  -29.775  74.599 0.0000000000
63799  43.616  -9.667  58.230 0.0000000000
63790  43.941  -9.970  58.993 0.0000000000
62930  43.099  -10.064  58.777 0.0000000000
49450  31.482  -25.784  70.714 0.0000000000
119882  31.211  -25.418  69.970 0.0000000000
49470  31.828  -25.997  69.652 0.0000000000
47454  33.042  -27.422  70.281 0.0000000000
47438  34.070  -27.197  71.599 0.0000000000
66447  42.251  -6.117  60.555 0.0000000000
131268  41.207  -6.384  59.027 0.0000000000
118623  41.849  -6.264  57.667 0.0000000000
66466  42.259  -6.611  56.803 0.0000000000
66465  43.152  -6.760  56.241 0.0000000000
65579  42.036  -7.500  56.896 0.0000000000
63812  42.462  -9.016  57.576 0.0000000000
34239  6.522  -41.742  83.791 0.0000000000
63745  37.357  -9.145  62.501 0.0000000000
63760  36.257  -9.670  61.227 0.0000000000
62878  35.753  -9.814  61.864 0.0000000000
62890  35.306  -10.427  61.538 0.0000000000
62002  34.523  -11.603  61.632 0.0000000000
121741  31.518  -13.499  63.311 0.0000000000
59301  32.223  -13.884  62.810 0.0000000000
59286  32.208  -14.874  63.093 0.0000000000
115505  32.920  -16.267  63.447 0.0000000000
57459  34.370  -16.905  64.209 0.0000000000
56593  34.576  -17.516  64.648 0.0000000000
54803  35.061  -18.853  65.557 0.0000000000
119405  29.071  -30.535  75.636 0.0000000000
39867  15.177  -35.622  75.170 0.0000000000
39855  16.511  -36.058  76.213 0.0000000000
129559  15.303  -36.973  76.145 0.0000000000
37958  15.591  -37.614  77.475 0.0000000000
37078  15.078  -38.322  79.081 0.0000000000
134072  12.586  -38.656  79.398 0.0000000000
37081  11.821  -38.639  79.627 0.0000000000
39771  8.848  -35.182  81.198 0.0000000000
123008  7.291  -36.646  81.873 0.0000000000
37908  6.779  -37.110  82.092 0.0000000000
37055  6.252  -38.566  81.903 0.0000000000
37909  6.345  -37.296  82.776 0.0000000000
37890  5.607  -37.600  84.222 0.0000000000
37882  5.596  -37.427  85.239 0.0000000000
125154  26.912  -26.716  71.799 0.0000000000
47461  26.449  -27.311  70.324 0.0000000000
48533  25.750  -26.798  70.481 0.0000000000
48534  24.925  -26.967  70.477 0.0000000000
46446  23.664  -28.095  71.298 0.0000000000
46447  19.939  -28.839  71.881 0.0000000000
45531  21.443  -28.594  73.240 0.0000000000
45514  20.830  -29.886  74.007 0.0000000000
60163  39.488  -13.830  62.182 0.0000000000
54783  26.443  -20.127  67.713 0.0000000000
51093  32.594  -23.190  68.689 0.0000000000
51912  31.576  -22.091  68.557 0.0000000000
51898  32.950  -21.944  69.883 0.0000000000
52727  33.277  -21.499  70.206 0.0000000000
68929  49.190  -3.120  53.515 0.0000000000
33413  2.864  -42.911  83.961 0.0000000000
61953  33.247  -11.371  65.570 0.0000000000
117701  32.736  -11.861  65.788 0.0000000000
61040  31.376  -12.777  65.182 0.0000000000
60126  30.406  -13.826  64.844 0.0000000000
58337  30.067  -15.478  64.225 0.0000000000
57473  30.428  -16.796  63.766 0.0000000000
42707  19.297  -32.417  74.223 0.0000000000
42685  19.036  -32.938  75.924 0.0000000000
42708  18.628  -32.868  74.012 0.0000000000
41792  17.393  -33.764  74.371 0.0000000000
41793  16.564  -33.803  74.097 0.0000000000
43638  15.847  -31.381  74.466 0.0000000000
42710  15.444  -32.908  74.188 0.0000000000
40884  15.293  -34.331  74.523 0.0000000000
40885  14.474  -34.286  74.881 0.0000000000
40867  13.815  -34.637  75.514 0.0000000000
40853  12.928  -35.223  76.686 0.0000000000
50253  23.109  -24.447  72.680 0.0000000000
50254  22.183  -24.439  73.188 0.0000000000
49440  20.703  -25.149  72.514 0.0000000000
49441  19.782  -26.122  71.830 0.0000000000
48480  18.958  -25.936  74.009 0.0000000000
48495  19.068  -26.732  72.085 0.0000000000
47449  19.321  -27.433  71.717 0.0000000000
44677  19.371  -29.546  71.826 0.0000000000
44637  19.845  -31.152  72.894 0.0000000000
52715  27.855  -21.862  72.652 0.0000000000
52723  27.080  -21.549  71.287 0.0000000000
51891  28.392  -22.676  71.184 0.0000000000
51095  28.714  -23.533  69.623 0.0000000000
123194  31.028  -24.006  68.523 0.0000000000
49480  32.008  -25.421  69.105 0.0000000000
50296  32.344  -24.800  68.678 0.0000000000
50308  32.637  -24.087  68.502 0.0000000000
51092  33.964  -24.076  69.727 0.0000000000
50266  35.237  -24.722  71.577 0.0000000000
68079  46.090  -3.965  55.981 0.0000000000
67294  45.601  -5.608  55.393 0.0000000000
66473  46.084  -6.664  55.231 0.0000000000
65589  43.863  -7.397  55.968 0.0000000000
65604  45.397  -7.281  55.599 0.0000000000
63804  38.953  -9.247  58.666 0.0000000000
62920  40.058  -10.616  59.045 0.0000000000
62935  38.766  -9.987  58.889 0.0000000000
62033  38.446  -11.204  59.596 0.0000000000
62016  38.548  -11.881  59.899 0.0000000000
62017  37.102  -11.105  60.106 0.0000000000
61111  37.263  -12.152  60.285 0.0000000000
116674  38.610  -12.924  60.709 0.0000000000
127613  38.800  -13.857  61.852 0.0000000000
59295  38.214  -14.536  62.657 0.0000000000
62870  34.709  -10.459  63.820 0.0000000000
61987  34.135  -11.109  62.300 0.0000000000
61098  34.467  -12.513  61.598 0.0000000000
59300  33.298  -14.055  62.431 0.0000000000
123745  33.998  -13.769  62.049 0.0000000000
60167  35.384  -13.823  61.820 0.0000000000
59298  35.781  -14.519  62.276 0.0000000000
118754  30.277  -29.426  71.644 0.0000000000
45542  32.027  -29.114  72.030 0.0000000000
45529  31.027  -29.837  72.869 0.0000000000
45509  31.972  -29.758  74.112 0.0000000000
65568  39.501  -7.334  60.115 0.0000000000
64697  39.158  -8.457  58.840 0.0000000000
40839  12.483  -34.832  77.337 0.0000000000
40820  11.795  -34.581  78.529 0.0000000000
39843  11.805  -35.457  77.437 0.0000000000
113689  11.345  -36.930  77.882 0.0000000000
37939  10.632  -37.675  78.985 0.0000000000
37083  10.496  -38.261  79.497 0.0000000000
37941  8.680  -36.589  79.834 0.0000000000
134437  9.080  -38.128  79.885 0.0000000000
37067  10.332  -38.755  80.086 0.0000000000
36131  10.675  -39.609  81.289 0.0000000000
115579  10.109  -39.963  82.696 0.0000000000
125583  7.556  -40.649  83.474 0.0000000000
36135  6.090  -39.240  82.004 0.0000000000
35167  6.366  -40.563  82.611 0.0000000000
34264  6.087  -41.129  82.898 0.0000000000
34251  5.626  -41.807  83.192 0.0000000000
34252  4.660  -41.594  83.001 0.0000000000
34240  3.276  -41.514  83.856 0.0000000000
126231  3.374  -39.681  85.958 0.0000000000
35139  3.051  -40.191  85.314 0.0000000000
35150  2.666  -41.011  84.776 0.0000000000
47457  30.525  -27.995  70.558 0.0000000000
47440  30.440  -27.471  70.848 0.0000000000
46465  29.728  -28.518  70.641 0.0000000000
45571  29.524  -29.542  71.543 0.0000000000
44674  28.773  -29.721  71.570 0.0000000000
44657  28.533  -30.040  72.385 0.0000000000
45574  26.694  -29.618  70.881 0.0000000000
44659  26.922  -30.053  72.224 0.0000000000
114167  28.379  -30.436  74.021 0.0000000000
49452  23.460  -25.480  71.285 0.0000000000
47446  23.158  -27.341  71.067 0.0000000000
46428  23.243  -28.296  72.313 0.0000000000
46430  21.871  -28.006  72.940 0.0000000000
46399  23.249  -28.356  73.875 0.0000000000
124453  24.128  -28.749  73.894 0.0000000000
62031  40.590  -11.049  59.450 0.0000000000
57449  29.015  -16.415  65.369 0.0000000000
56598  29.573  -17.607  64.244 0.0000000000
55708  30.862  -18.570  64.117 0.0000000000
52730  26.372  -21.482  69.886 0.0000000000
52756  26.462  -21.343  68.092 0.0000000000
52784  26.934  -21.100  66.815 0.0000000000
52752  30.855  -21.862  67.995 0.0000000000
52782  28.638  -21.258  66.657 0.0000000000
53751  28.061  -20.734  66.063 0.0000000000
53770  29.446  -20.383  65.438 0.0000000000
54807  30.962  -20.082  64.905 0.0000000000
54823  32.223  -19.418  64.411 0.0000000000
119064  33.332  -20.267  65.214 0.0000000000
46426  32.748  -28.765  72.259 0.0000000000
131345  34.053  -28.013  72.830 0.0000000000
115671  34.647  -27.625  73.197 0.0000000000
47383  36.068  -28.053  74.945 0.0000000000
48458  35.945  -26.801  73.952 0.0000000000
68935  51.907  -3.627  50.932 0.0000000000
123876  48.386  -3.614  53.932 0.0000000000
68092  48.848  -4.173  52.966 0.0000000000
66479  48.089  -6.380  54.134 0.0000000000
67305  48.584  -5.278  53.031 0.0000000000
68098  49.601  -4.304  52.345 0.0000000000
67310  50.791  -5.336  51.793 0.0000000000
67319  51.683  -5.388  51.351 0.0000000000
126615  40.404  -9.120  58.149 0.0000000000
62932  41.375  -9.994  58.517 0.0000000000
62933  40.416  -9.837  58.524 0.0000000000
46463  31.865  -28.306  70.684 0.0000000000
33423  4.325  -42.754  83.785 0.0000000000
56606  30.939  -17.206  63.672 0.0000000000
56605  31.780  -17.167  63.694 0.0000000000
56595  32.248  -17.882  63.930 0.0000000000
55706  32.613  -18.671  64.212 0.0000000000
39857  13.021  -35.998  76.583 0.0000000000
131790  13.304  -36.626  76.638 0.0000000000
38848  12.695  -36.549  76.952 0.0000000000
49436  24.866  -25.028  72.117 0.0000000000
53677  26.855  -20.771  71.592 0.0000000000
44638  17.320  -30.391  72.965 0.0000000000
44620  16.960  -30.139  73.760 0.0000000000
46418  17.652  -28.838  73.460 0.0000000000
45533  17.434  -29.614  73.175 0.0000000000
45551  17.662  -29.887  72.465 0.0000000000
51078  30.078  -24.391  70.476 0.0000000000
48507  34.434  -26.537  71.197 0.0000000000
48528  34.181  -26.308  70.422 0.0000000000
48506  34.986  -26.062  71.584 0.0000000000
67281  42.548  -5.745  57.283 0.0000000000
67274  43.126  -5.125  58.023 0.0000000000
67273  43.844  -4.699  57.783 0.0000000000
67279  44.066  -4.659  57.026 0.0000000000
67288  44.133  -5.157  56.196 0.0000000000
67289  43.515  -5.883  56.143 0.0000000000
63810  44.189  -9.318  57.623 0.0000000000
63809  45.209  -9.289  57.843 0.0000000000
35147  7.540  -41.087  85.055 0.0000000000
64656  37.656  -8.707  60.733 0.0000000000
63775  37.261  -9.380  60.346 0.0000000000
61097  35.231  -12.333  61.273 0.0000000000
60182  35.782  -13.266  61.476 0.0000000000
60181  36.618  -13.423  61.357 0.0000000000
61051  32.131  -12.155  64.230 0.0000000000
61063  32.287  -12.267  63.325 0.0000000000
116678  34.837  -16.500  64.124 0.0000000000
57468  35.067  -16.046  63.702 0.0000000000
113595  30.235  -30.288  74.064 0.0000000000
44598  29.639  -30.443  74.939 0.0000000000
63759  37.804  -8.707  61.782 0.0000000000
39865  17.015  -34.975  75.756 0.0000000000
37065  12.392  -39.032  80.123 0.0000000000
36148  11.990  -39.467  80.693 0.0000000000
39806  9.686  -35.634  79.394 0.0000000000
37920  7.094  -37.517  81.373 0.0000000000
37069  8.077  -38.192  80.532 0.0000000000
118768  6.790  -38.317  81.495 0.0000000000
37011  4.964  -38.014  84.699 0.0000000000
37012  4.448  -38.664  84.123 0.0000000000
36099  4.000  -39.487  83.552 0.0000000000
47442  28.647  -27.479  71.013 0.0000000000
47460  27.819  -27.650  70.587 0.0000000000
46467  28.005  -28.411  70.361 0.0000000000
45548  24.983  -29.380  72.326 0.0000000000
45530  24.591  -29.129  73.053 0.0000000000
48517  20.535  -26.555  71.577 0.0000000000
47448  21.494  -26.776  71.472 0.0000000000
132858  20.810  -27.225  71.641 0.0000000000
118274  39.830  -12.802  60.833 0.0000000000
61108  40.145  -12.211  60.301 0.0000000000
55673  27.160  -18.548  67.239 0.0000000000
55684  27.144  -19.042  66.217 0.0000000000
55695  27.872  -18.658  65.443 0.0000000000
55696  27.497  -19.496  65.719 0.0000000000
132138  29.619  -23.031  68.401 0.0000000000
132283  30.254  -22.714  68.241 0.0000000000
128841  32.413  -21.379  68.672 0.0000000000
53729  32.011  -21.078  66.933 0.0000000000
53728  33.814  -21.124  67.583 0.0000000000
68928  49.861  -2.645  53.154 0.0000000000
69816  50.496  -2.308  52.791 0.0000000000
66480  46.923  -6.434  54.890 0.0000000000
67300  47.071  -5.717  54.661 0.0000000000
46390  17.403  -28.313  75.278 0.0000000000
45494  16.878  -28.674  75.787 0.0000000000
63800  42.764  -9.605  58.111 0.0000000000
62918  41.764  -10.578  59.095 0.0000000000
62917  42.611  -10.563  59.253 0.0000000000
122339  31.908  -27.005  69.869 0.0000000000
115249  32.684  -28.066  70.789 0.0000000000
47439  33.426  -27.711  71.114 0.0000000000
66449  40.937  -6.482  59.674 0.0000000000
66453  40.683  -6.903  58.903 0.0000000000
65575  41.019  -7.422  57.728 0.0000000000
66457  41.158  -6.761  58.155 0.0000000000
63811  43.299  -9.215  57.545 0.0000000000
119175  36.958  -9.494  63.286 0.0000000000
63746  36.516  -9.452  62.197 0.0000000000
62879  35.269  -10.151  62.426 0.0000000000
62891  34.722  -10.728  61.926 0.0000000000
59287  31.430  -14.343  63.336 0.0000000000
120115  31.531  -15.097  63.385 0.0000000000
56604  32.824  -17.139  63.856 0.0000000000
57470  33.679  -16.690  63.809 0.0000000000
55694  34.263  -18.968  65.030 0.0000000000
54792  35.436  -19.609  66.256 0.0000000000
133087  37.742  -9.261  63.330 0.0000000000
38875  14.933  -36.394  75.615 0.0000000000
38874  15.787  -36.184  75.704 0.0000000000
37960  14.220  -37.490  76.925 0.0000000000
37959  15.049  -37.484  76.821 0.0000000000
37949  14.755  -37.779  77.594 0.0000000000
37948  15.328  -37.932  78.290 0.0000000000
37095  14.450  -38.127  78.408 0.0000000000
37097  12.708  -38.191  78.610 0.0000000000
37098  11.933  -38.147  78.908 0.0000000000
125579  7.088  -36.554  82.792 0.0000000000
38774  6.687  -36.793  83.442 0.0000000000
48477  26.425  -26.619  73.651 0.0000000000
48511  26.233  -26.181  71.279 0.0000000000
48532  26.150  -26.524  70.670 0.0000000000
130930  24.385  -27.786  70.688 0.0000000000
47445  23.888  -27.121  70.639 0.0000000000
45549  20.155  -29.618  72.413 0.0000000000
45532  20.839  -29.396  73.231 0.0000000000
54753  26.690  -18.905  69.144 0.0000000000
54770  26.398  -19.869  68.706 0.0000000000
51077  33.772  -23.249  69.909 0.0000000000
51910  33.179  -22.757  69.362 0.0000000000
51896  34.097  -22.757  70.742 0.0000000000
51889  33.900  -21.941  71.011 0.0000000000
52721  33.731  -21.451  70.791 0.0000000000
60138  30.948  -13.235  64.541 0.0000000000
58324  29.738  -15.067  65.155 0.0000000000
57460  29.924  -16.335  64.043 0.0000000000
42718  18.909  -32.360  73.566 0.0000000000
41802  17.850  -33.124  73.793 0.0000000000
41803  17.013  -33.221  73.669 0.0000000000
41804  16.226  -33.125  73.793 0.0000000000
44604  16.123  -30.050  75.139 0.0000000000
44621  16.355  -30.659  74.300 0.0000000000
43631  15.846  -30.717  75.023 0.0000000000
43639  15.257  -32.051  74.574 0.0000000000
41794  15.746  -33.703  74.176 0.0000000000
41795  14.942  -33.547  74.508 0.0000000000
39881  14.971  -34.924  74.777 0.0000000000
42699  14.303  -33.376  75.017 0.0000000000
41770  13.679  -32.965  76.724 0.0000000000
41771  13.466  -33.921  76.233 0.0000000000
40868  13.313  -34.903  76.180 0.0000000000
40838  13.125  -34.345  77.098 0.0000000000
50229  23.210  -24.171  74.785 0.0000000000
50245  22.326  -24.235  74.223 0.0000000000
50247  20.765  -24.525  74.084 0.0000000000
50255  21.199  -24.623  73.202 0.0000000000
49427  20.441  -24.842  73.282 0.0000000000
131539  19.984  -25.523  72.224 0.0000000000
49428  19.856  -25.200  72.873 0.0000000000
47417  18.539  -27.411  72.614 0.0000000000
132754  18.809  -27.570  71.959 0.0000000000
47450  18.920  -28.128  71.743 0.0000000000
46448  19.163  -28.788  71.691 0.0000000000
45577  18.684  -29.325  71.753 0.0000000000
43663  18.147  -31.290  72.506 0.0000000000
43662  19.121  -31.305  72.549 0.0000000000
43649  19.486  -31.785  73.415 0.0000000000
51884  28.627  -22.441  72.146 0.0000000000
52722  27.739  -22.041  71.732 0.0000000000
50283  29.534  -24.116  69.349 0.0000000000
129826  31.510  -25.281  69.374 0.0000000000
50295  33.116  -24.725  68.800 0.0000000000
50307  33.403  -23.836  68.973 0.0000000000
50280  34.312  -24.719  70.025 0.0000000000
49448  35.416  -25.428  72.096 0.0000000000
68912  46.736  -3.525  56.317 0.0000000000
68072  46.116  -3.628  56.911 0.0000000000
68086  45.643  -4.627  55.736 0.0000000000
66474  45.129  -6.522  55.452 0.0000000000
127330  43.236  -7.576  56.337 0.0000000000
65588  44.672  -7.828  56.036 0.0000000000
65587  45.700  -7.946  55.976 0.0000000000
63791  38.269  -9.448  59.281 0.0000000000
62034  37.725  -10.727  59.748 0.0000000000
62921  38.313  -10.360  59.349 0.0000000000
62889  35.783  -10.181  61.124 0.0000000000
62905  36.369  -10.419  60.542 0.0000000000
61094  37.799  -12.934  60.655 0.0000000000
60179  38.389  -13.479  61.221 0.0000000000
60180  37.475  -13.504  61.249 0.0000000000
60164  38.047  -14.081  61.949 0.0000000000
62857  34.523  -10.438  64.560 0.0000000000
61963  33.990  -10.766  64.134 0.0000000000
61989  32.796  -11.752  62.988 0.0000000000
61988  33.483  -11.458  62.641 0.0000000000
61077  33.825  -11.948  61.883 0.0000000000
128552  33.833  -12.864  61.839 0.0000000000
59284  34.647  -15.029  62.625 0.0000000000
127285  34.849  -14.333  62.151 0.0000000000
60168  34.591  -13.436  61.774 0.0000000000
45543  31.134  -29.410  71.969 0.0000000000
45544  30.434  -29.754  72.424 0.0000000000
44614  31.199  -30.035  74.343 0.0000000000
65567  40.282  -6.981  60.633 0.0000000000
64682  38.869  -7.937  59.638 0.0000000000
42671  19.063  -32.984  76.903 0.0000000000
41769  18.539  -33.529  76.391 0.0000000000
38860  16.136  -36.737  76.417 0.0000000000
37050  14.664  -39.191  81.033 0.0000000000
40818  12.905  -34.182  77.896 0.0000000000
40821  11.009  -34.786  78.761 0.0000000000
40797  11.611  -34.380  79.447 0.0000000000
39824  11.340  -35.173  78.030 0.0000000000
38832  11.164  -35.989  77.754 0.0000000000
37953  10.056  -37.011  78.968 0.0000000000
114090  10.728  -37.129  78.484 0.0000000000
39793  8.560  -35.810  80.380 0.0000000000
38808  8.090  -36.663  80.469 0.0000000000
125980  8.708  -38.448  80.326 0.0000000000
37068  9.502  -38.663  80.230 0.0000000000
36150  10.101  -39.151  80.797 0.0000000000
36115  7.241  -39.786  81.941 0.0000000000
35155  7.863  -40.182  82.808 0.0000000000
37039  5.906  -38.065  82.486 0.0000000000
37040  5.646  -38.817  82.307 0.0000000000
134339  4.991  -39.608  82.555 0.0000000000
36117  5.509  -39.610  82.347 0.0000000000
35168  5.673  -40.372  82.471 0.0000000000
34265  5.192  -40.992  82.669 0.0000000000
130958  4.451  -40.781  82.768 0.0000000000
117814  3.914  -41.117  83.115 0.0000000000
36058  3.812  -39.038  86.026 0.0000000000
34229  2.221  -40.767  85.581 0.0000000000
48531  31.331  -27.330  70.429 0.0000000000
47458  29.480  -27.917  70.711 0.0000000000
47441  29.632  -27.495  71.140 0.0000000000
45593  29.873  -29.115  70.884 0.0000000000
134381  29.219  -28.965  70.608 0.0000000000
45572  28.289  -29.517  70.941 0.0000000000
44675  27.964  -29.855  71.557 0.0000000000
132290  26.621  -28.252  70.130 0.0000000000
45597  26.230  -28.960  70.412 0.0000000000
44635  26.367  -29.970  72.705 0.0000000000
45546  26.414  -29.903  71.734 0.0000000000
119108  27.143  -30.189  72.945 0.0000000000
44634  27.978  -30.256  73.132 0.0000000000
44616  27.396  -30.328  73.950 0.0000000000
50261  22.379  -24.664  72.343 0.0000000000
49438  22.924  -24.820  71.856 0.0000000000
49453  22.526  -25.450  71.446 0.0000000000
47447  22.419  -26.880  71.186 0.0000000000
47428  22.731  -27.793  71.713 0.0000000000
46431  21.302  -28.172  72.493 0.0000000000
46416  21.964  -28.375  73.953 0.0000000000
132618  23.005  -28.652  74.960 0.0000000000
130502  23.479  -28.647  74.564 0.0000000000
57442  28.927  -16.214  66.491 0.0000000000
132607  28.485  -18.497  64.979 0.0000000000
56586  28.941  -17.311  64.863 0.0000000000
55710  29.059  -18.312  64.642 0.0000000000
55709  29.947  -18.445  64.277 0.0000000000
51900  27.242  -22.620  70.070 0.0000000000
52729  26.802  -21.938  70.495 0.0000000000
51901  26.715  -22.245  69.832 0.0000000000
52754  27.626  -22.202  68.017 0.0000000000
51931  26.964  -22.318  68.602 0.0000000000
52755  26.813  -21.824  67.943 0.0000000000
52770  26.689  -21.220  67.391 0.0000000000
52769  27.228  -21.595  67.290 0.0000000000
51913  30.937  -22.082  68.193 0.0000000000
53731  30.608  -21.350  67.174 0.0000000000
52766  30.262  -21.679  67.571 0.0000000000
53732  29.717  -21.242  66.790 0.0000000000
53750  29.002  -20.794  66.004 0.0000000000
53771  28.506  -20.263  65.511 0.0000000000
53768  31.533  -20.651  65.405 0.0000000000
54824  31.371  -19.397  64.440 0.0000000000
54806  31.923  -20.097  64.850 0.0000000000
123078  32.760  -19.987  64.769 0.0000000000
125137  33.285  -20.696  65.753 0.0000000000
53727  34.620  -20.830  67.182 0.0000000000
135302  32.415  -29.160  72.760 0.0000000000
134434  33.765  -28.503  73.179 0.0000000000
46411  34.339  -28.300  73.506 0.0000000000
47411  35.013  -28.012  73.855 0.0000000000
47397  35.700  -27.662  74.226 0.0000000000
68936  51.140  -3.600  51.398 0.0000000000
69821  51.322  -2.636  51.546 0.0000000000
68104  51.586  -4.425  51.168 0.0000000000
68919  47.222  -3.561  55.588 0.0000000000
68088  47.756  -4.531  54.112 0.0000000000
129055  48.250  -4.614  53.469 0.0000000000
66487  49.457  -6.413  53.292 0.0000000000
66488  48.676  -6.108  53.435 0.0000000000
128446  49.081  -5.850  52.888 0.0000000000
67304  49.233  -5.194  52.538 0.0000000000
67311  49.939  -5.268  52.088 0.0000000000
65572  40.162  -7.433  58.794 0.0000000000
64713  40.730  -7.990  57.807 0.0000000000
64712  41.382  -7.952  57.424 0.0000000000
33422  4.989  -42.473  83.531 0.0000000000
63735  36.356  -9.757  63.717 0.0000000000
123701  33.507  -18.565  64.520 0.0000000000
54805  33.452  -19.552  64.842 0.0000000000
38876  14.211  -36.346  75.847 0.0000000000
38861  14.613  -36.815  76.038 0.0000000000
128121  13.944  -36.942  76.386 0.0000000000
38758  6.761  -36.674  84.251 0.0000000000
48478  25.965  -25.723  73.270 0.0000000000
48493  25.677  -25.554  72.019 0.0000000000
49451  24.311  -25.297  71.480 0.0000000000
43648  20.166  -31.225  73.669 0.0000000000
132432  20.515  -30.626  74.016 0.0000000000
43637  20.383  -31.090  74.618 0.0000000000
53692  26.385  -20.554  70.237 0.0000000000
51055  35.028  -23.054  71.666 0.0000000000
59257  30.447  -13.905  65.973 0.0000000000
42719  18.222  -32.510  73.392 0.0000000000
43651  17.726  -31.919  72.952 0.0000000000
127147  16.951  -31.846  73.295 0.0000000000
133525  16.521  -32.083  73.605 0.0000000000
43625  14.841  -30.980  76.231 0.0000000000
42698  14.704  -31.941  75.585 0.0000000000
132029  14.308  -32.728  75.385 0.0000000000
49415  20.068  -24.792  74.849 0.0000000000
47390  18.262  -27.233  74.926 0.0000000000
48466  18.654  -26.594  74.342 0.0000000000
46417  18.092  -28.201  73.017 0.0000000000
123941  18.331  -29.058  71.941 0.0000000000
45550  18.155  -29.789  71.950 0.0000000000
44662  17.817  -30.507  72.374 0.0000000000
51067  29.711  -23.804  71.010 0.0000000000
50282  30.086  -24.542  69.733 0.0000000000
48529  33.439  -26.673  69.958 0.0000000000
48541  33.079  -26.146  69.455 0.0000000000
49469  33.834  -25.938  69.787 0.0000000000
49468  34.486  -25.527  70.347 0.0000000000
49421  35.740  -25.710  72.916 0.0000000000
113311  43.826  -4.821  58.752 0.0000000000
68080  45.430  -4.135  56.423 0.0000000000
68081  44.716  -4.423  56.734 0.0000000000
64709  45.620  -8.920  57.057 0.0000000000
62018  36.443  -11.449  60.458 0.0000000000
59297  36.661  -14.592  62.406 0.0000000000
61964  33.328  -11.219  64.520 0.0000000000
59285  33.750  -15.098  62.712 0.0000000000
44655  29.833  -29.967  72.678 0.0000000000
44631  30.372  -30.072  73.138 0.0000000000
123361  38.890  -8.528  63.287 0.0000000000
64644  38.647  -8.417  62.281 0.0000000000
64654  39.230  -7.839  61.789 0.0000000000
64668  38.875  -7.680  60.655 0.0000000000
40865  17.918  -33.944  75.911 0.0000000000
40852  17.540  -34.614  76.213 0.0000000000
40837  17.764  -34.899  77.068 0.0000000000
37064  13.362  -39.019  79.953 0.0000000000
37051  13.804  -39.452  80.802 0.0000000000
36128  13.294  -39.793  81.473 0.0000000000
116088  12.834  -40.114  82.152 0.0000000000
133055  11.534  -40.130  82.776 0.0000000000
40798  10.775  -34.597  79.572 0.0000000000
39805  10.358  -35.167  79.075 0.0000000000
39826  10.244  -35.768  78.832 0.0000000000
38821  9.388  -36.438  79.359 0.0000000000
38798  7.607  -36.733  81.127 0.0000000000
118650  5.305  -38.433  82.893 0.0000000000
36118  4.551  -39.559  82.807 0.0000000000
36085  3.435  -39.817  84.405 0.0000000000
45595  27.900  -29.157  70.512 0.0000000000
46444  25.384  -28.831  70.770 0.0000000000
45547  25.647  -29.715  72.058 0.0000000000
128630  26.188  -29.900  73.534 0.0000000000
49454  21.360  -25.347  71.895 0.0000000000
132072  21.868  -25.532  71.551 0.0000000000
46388  22.120  -28.827  75.289 0.0000000000
55672  27.882  -17.636  67.289 0.0000000000
56575  28.107  -17.260  66.560 0.0000000000
57450  28.485  -16.979  65.819 0.0000000000
56587  27.977  -17.695  65.793 0.0000000000
54827  28.646  -19.056  64.917 0.0000000000
51915  27.091  -22.594  69.331 0.0000000000
51105  28.381  -23.098  68.915 0.0000000000
125607  28.283  -22.619  68.395 0.0000000000
52753  28.750  -22.160  67.907 0.0000000000
53703  32.005  -21.613  68.572 0.0000000000
52751  31.466  -21.651  68.158 0.0000000000
53730  31.321  -21.358  67.548 0.0000000000
53748  31.165  -21.020  66.392 0.0000000000
125546  32.029  -20.931  65.980 0.0000000000
53747  32.779  -20.994  66.231 0.0000000000
128969  33.278  -29.668  74.611 0.0000000000
45507  33.244  -29.389  73.989 0.0000000000
45506  34.005  -29.322  74.573 0.0000000000
46384  34.948  -29.091  74.899 0.0000000000
128694  50.686  -2.829  51.910 0.0000000000
68937  50.601  -3.694  51.732 0.0000000000
68090  46.807  -5.124  54.931 0.0000000000
67299  47.565  -5.568  54.191 0.0000000000
66495  50.494  -6.039  52.220 0.0000000000
45495  16.531  -29.376  75.411 0.0000000000
46402  17.892  -27.928  74.635 0.0000000000
46403  17.514  -28.605  74.386 0.0000000000
62916  43.436  -10.460  59.467 0.0000000000
48530  32.584  -26.875  69.732 0.0000000000
66452  41.644  -6.032  59.730 0.0000000000
66456  41.725  -6.001  58.745 0.0000000000
67290  42.900  -6.002  56.617 0.0000000000
65590  42.623  -7.291  56.539 0.0000000000
64729  42.769  -7.960  56.674 0.0000000000
64711  42.197  -8.310  57.180 0.0000000000
118222  43.015  -8.630  56.989 0.0000000000
34238  6.897  -41.587  84.836 0.0000000000
62001  35.158  -11.288  61.272 0.0000000000
60154  31.215  -13.208  63.843 0.0000000000
60153  32.044  -12.953  62.880 0.0000000000
58347  32.201  -15.674  63.341 0.0000000000
120358  32.969  -15.470  63.015 0.0000000000
58346  33.716  -15.916  63.310 0.0000000000
57469  34.360  -16.281  63.730 0.0000000000
56585  35.273  -17.460  65.019 0.0000000000
55692  35.514  -18.092  65.508 0.0000000000
55693  34.805  -18.145  65.100 0.0000000000
119826  35.731  -18.760  65.951 0.0000000000
119431  28.792  -30.472  74.832 0.0000000000
119655  15.935  -35.463  75.267 0.0000000000
39866  16.494  -35.513  75.743 0.0000000000
128774  15.725  -37.272  76.784 0.0000000000
37947  16.150  -37.640  78.180 0.0000000000
37096  13.558  -38.219  78.478 0.0000000000
37080  13.304  -38.625  79.110 0.0000000000
38797  7.807  -36.191  81.695 0.0000000000
37921  6.468  -37.783  81.954 0.0000000000
37899  6.186  -37.188  83.760 0.0000000000
36999  4.918  -37.831  85.732 0.0000000000
47444  26.770  -26.764  70.874 0.0000000000
113637  27.193  -27.279  70.486 0.0000000000
47462  25.636  -27.384  70.380 0.0000000000
48512  25.443  -26.123  70.822 0.0000000000
46470  25.097  -27.950  70.499 0.0000000000
46445  24.590  -28.558  71.137 0.0000000000
47431  20.547  -28.006  71.821 0.0000000000
117443  20.725  -28.770  72.487 0.0000000000
45513  21.452  -29.052  74.142 0.0000000000
45493  21.151  -29.592  74.728 0.0000000000
45492  21.654  -29.144  75.041 0.0000000000
61076  39.942  -13.294  61.574 0.0000000000
54769  26.694  -19.229  68.000 0.0000000000
54782  26.710  -19.568  66.948 0.0000000000
51926  31.810  -22.709  68.550 0.0000000000
51911  32.312  -22.133  69.139 0.0000000000
51897  33.456  -22.134  70.406 0.0000000000
52728  32.717  -21.623  69.548 0.0000000000
53691  33.151  -21.210  69.831 0.0000000000
65616  47.560  -6.830  54.774 0.0000000000
33424  3.706  -42.798  83.902 0.0000000000
61954  32.677  -11.684  64.884 0.0000000000
61039  32.063  -12.258  65.295 0.0000000000
61052  31.518  -12.685  64.411 0.0000000000
60139  30.794  -13.945  63.814 0.0000000000
59288  30.744  -14.996  63.699 0.0000000000
59270  30.243  -14.611  64.430 0.0000000000
58349  30.540  -15.976  63.752 0.0000000000
42696  19.600  -32.345  75.282 0.0000000000
42697  18.916  -32.958  74.902 0.0000000000
41791  18.214  -33.381  74.575 0.0000000000
41779  17.870  -33.808  75.112 0.0000000000
40882  16.805  -34.286  74.608 0.0000000000
127103  16.395  -31.541  73.806 0.0000000000
42709  16.020  -32.254  73.888 0.0000000000
40883  16.110  -34.382  74.469 0.0000000000
39880  15.661  -34.965  74.815 0.0000000000
39868  14.424  -35.182  75.172 0.0000000000
41780  13.926  -33.881  75.403 0.0000000000
39869  13.811  -35.565  75.728 0.0000000000
39856  13.308  -35.605  76.261 0.0000000000
49426  24.037  -24.356  73.214 0.0000000000
50244  23.179  -24.304  73.768 0.0000000000
120049  21.599  -24.363  73.851 0.0000000000
49439  21.633  -24.830  72.430 0.0000000000
49455  20.575  -25.729  71.816 0.0000000000
48518  19.715  -26.817  71.652 0.0000000000
126604  19.293  -25.550  73.431 0.0000000000
48481  18.735  -26.405  73.195 0.0000000000
116610  19.636  -28.099  71.663 0.0000000000
44660  19.536  -30.472  72.242 0.0000000000
130301  18.788  -29.981  71.760 0.0000000000
124677  19.910  -31.796  74.399 0.0000000000
52716  27.236  -21.320  72.141 0.0000000000
51892  27.564  -22.298  70.852 0.0000000000
51899  28.069  -22.986  70.259 0.0000000000
51068  28.860  -23.445  70.554 0.0000000000
51094  30.017  -23.665  68.612 0.0000000000
50281  30.878  -24.899  69.500 0.0000000000
50297  31.418  -24.751  68.850 0.0000000000
49479  32.725  -25.463  69.059 0.0000000000
50309  31.882  -24.245  68.482 0.0000000000
51103  31.830  -23.558  68.433 0.0000000000
51076  34.388  -23.828  70.486 0.0000000000
50267  34.783  -24.744  70.769 0.0000000000
51064  34.913  -23.930  71.279 0.0000000000
68920  46.643  -3.994  55.620 0.0000000000
68085  46.306  -4.781  55.345 0.0000000000
65606  43.914  -6.593  55.766 0.0000000000
66475  44.464  -6.393  55.592 0.0000000000
65605  44.560  -7.052  55.653 0.0000000000
65603  46.261  -7.493  55.529 0.0000000000
62934  39.451  -9.957  58.690 0.0000000000
116856  39.144  -10.780  59.208 0.0000000000
118306  39.121  -11.645  59.705 0.0000000000
61109  39.161  -12.399  60.262 0.0000000000
63776  36.712  -9.697  60.614 0.0000000000
61110  38.199  -12.368  60.216 0.0000000000
60178  39.171  -13.505  61.467 0.0000000000
60152  38.829  -14.207  62.524 0.0000000000
61974  34.022  -10.846  63.196 0.0000000000
60170  32.722  -13.120  62.495 0.0000000000
60169  33.388  -13.261  62.177 0.0000000000
59282  37.129  -15.080  62.997 0.0000000000
45570  30.781  -29.032  71.066 0.0000000000
45569  31.562  -28.863  71.259 0.0000000000
114047  31.747  -29.494  72.765 0.0000000000
45528  31.527  -29.787  73.508 0.0000000000
45508  32.649  -29.699  74.332 0.0000000000
130109  39.589  -7.693  59.145 0.0000000000
134887  39.427  -8.853  58.485 0.0000000000
40851  18.076  -34.115  76.774 0.0000000000
40819  12.497  -34.364  78.217 0.0000000000
38849  11.885  -36.321  77.287 0.0000000000
38833  10.563  -36.349  78.403 0.0000000000
37952  11.283  -37.633  78.538 0.0000000000
37082  11.207  -38.182  79.215 0.0000000000
37066  11.097  -38.711  79.863 0.0000000000
37940  9.281  -37.407  79.503 0.0000000000
37084  9.751  -38.217  79.689 0.0000000000
36149  11.052  -39.287  80.572 0.0000000000
36112  10.913  -39.950  82.146 0.0000000000
113429  9.856  -39.531  81.708 0.0000000000
36096  10.863  -40.085  83.099 0.0000000000
36098  8.732  -40.062  83.088 0.0000000000
35148  7.248  -41.112  84.154 0.0000000000
36116  6.315  -39.869  82.141 0.0000000000
35156  6.831  -40.942  83.249 0.0000000000
34253  4.044  -42.120  83.485 0.0000000000
36071  3.603  -39.367  85.245 0.0000000000
35149  3.089  -40.619  84.417 0.0000000000
135216  3.433  -42.368  83.857 0.0000000000
125313  2.764  -42.072  84.097 0.0000000000
52707  28.794  -22.218  73.060 0.0000000000
46464  30.546  -28.530  70.703 0.0000000000
117961  29.044  -29.348  70.927 0.0000000000
44656  29.302  -29.859  72.192 0.0000000000
115552  29.252  -30.076  72.770 0.0000000000
44633  28.858  -30.270  73.272 0.0000000000
45596  27.166  -28.880  70.258 0.0000000000
44676  27.163  -29.929  71.552 0.0000000000
44658  27.597  -30.064  72.284 0.0000000000
49437  23.950  -24.662  72.089 0.0000000000
48515  22.738  -26.044  71.046 0.0000000000
48514  23.305  -26.485  70.872 0.0000000000
46415  22.448  -28.157  73.656 0.0000000000
46429  22.415  -27.956  72.759 0.0000000000
46414  22.991  -28.144  73.239 0.0000000000
46413  23.748  -28.600  73.061 0.0000000000
114878  24.950  -29.320  73.970 0.0000000000
62030  41.299  -11.060  59.598 0.0000000000
130789  40.781  -11.596  59.974 0.0000000000
62015  41.630  -11.594  60.232 0.0000000000
61075  40.701  -13.130  61.874 0.0000000000
58314  29.955  -15.338  66.992 0.0000000000
58325  29.388  -15.576  66.047 0.0000000000
57461  29.445  -16.782  64.462 0.0000000000
117986  29.889  -17.042  63.943 0.0000000000
56597  30.377  -17.654  63.895 0.0000000000
52724  26.595  -21.117  70.789 0.0000000000
51916  26.565  -22.095  69.183 0.0000000000
52741  26.347  -21.391  68.903 0.0000000000
53704  26.280  -20.647  69.319 0.0000000000
53719  26.329  -20.708  68.374 0.0000000000
53753  26.657  -20.513  66.916 0.0000000000
53752  27.235  -20.599  66.337 0.0000000000
51928  30.118  -22.303  68.062 0.0000000000
113269  29.803  -22.061  67.871 0.0000000000
52767  29.274  -21.725  67.365 0.0000000000
52783  27.638  -21.211  66.668 0.0000000000
53772  27.643  -20.131  65.750 0.0000000000
54809  29.014  -19.764  65.083 0.0000000000
54808  29.981  -19.929  64.974 0.0000000000
54825  30.440  -19.286  64.537 0.0000000000
55707  31.781  -18.685  64.028 0.0000000000
135628  33.936  -19.774  65.265 0.0000000000
53766  33.934  -20.360  65.744 0.0000000000
46412  33.120  -28.927  73.169 0.0000000000
46425  33.423  -28.393  72.539 0.0000000000
47423  33.744  -27.847  72.031 0.0000000000
46424  34.346  -27.368  72.443 0.0000000000
47422  34.913  -26.893  72.854 0.0000000000
46383  35.758  -28.827  75.246 0.0000000000
46396  35.391  -28.439  74.521 0.0000000000
47410  35.289  -27.247  73.553 0.0000000000
48473  35.514  -26.446  73.251 0.0000000000
48472  36.159  -25.961  73.625 0.0000000000
68926  47.404  -4.041  54.808 0.0000000000
113870  48.445  -3.033  55.068 0.0000000000
66478  49.048  -6.846  54.052 0.0000000000
68097  50.287  -4.398  51.865 0.0000000000
46449  18.661  -28.718  71.791 0.0000000000
51932  26.579  -21.854  68.526 0.0000000000
52740  31.581  -21.781  68.363 0.0000000000
53733  26.453  -20.813  67.647 0.0000000000
112312  32.981  -21.117  68.975 0.0000000000
123298  29.787  -20.812  65.964 0.0000000000
127726  19.352  -25.833  72.524 0.0000000000
128777  34.024  -25.278  69.746 0.0000000000
132332  11.911  -34.833  77.810 0.0000000000
132434  19.923  -31.999  75.861 0.0000000000
135393  38.902  -13.263  61.094 0.0000000000
