#!ascii label  , from subject sub-v2s18x29502_ses-1 vox2ras=TkReg
1347
55958  -39.831  -9.637  44.302 0.0000000000
68761  -48.770  5.062  40.625 0.0000000000
63584  -41.863  -0.915  43.096 0.0000000000
36398  -18.134  -31.498  68.640 0.0000000000
52126  -38.501  -13.018  49.286 0.0000000000
40702  -30.802  -26.868  63.387 0.0000000000
44212  -38.512  -22.807  60.756 0.0000000000
46971  -41.220  -19.048  55.789 0.0000000000
50407  -41.965  -15.134  54.584 0.0000000000
106205  -23.766  -29.878  60.944 0.0000000000
38142  -28.266  -29.448  65.609 0.0000000000
39891  -27.002  -27.201  59.730 0.0000000000
45125  -32.803  -22.051  57.136 0.0000000000
45126  -37.915  -21.854  56.846 0.0000000000
126941  -40.499  -7.894  51.787 0.0000000000
58544  -43.493  -7.024  49.261 0.0000000000
65252  -44.142  2.008  41.465 0.0000000000
59447  -40.794  -5.568  43.333 0.0000000000
67007  -48.236  3.078  36.023 0.0000000000
37199  -15.721  -30.794  72.228 0.0000000000
53950  -41.452  -11.666  53.540 0.0000000000
112973  -37.620  -11.012  47.798 0.0000000000
43374  -29.232  -23.907  57.852 0.0000000000
43346  -34.183  -23.587  61.593 0.0000000000
61055  -44.377  -3.534  47.542 0.0000000000
71422  -54.102  8.976  32.421 0.0000000000
46978  -38.757  -19.615  54.079 0.0000000000
47890  -39.674  -17.837  53.257 0.0000000000
39070  -25.426  -28.722  60.285 0.0000000000
45180  -34.461  -21.645  54.349 0.0000000000
46066  -36.986  -20.998  53.806 0.0000000000
46046  -39.757  -20.672  56.257 0.0000000000
55918  -40.170  -9.405  47.515 0.0000000000
57673  -41.965  -7.068  50.323 0.0000000000
56812  -41.537  -8.519  46.522 0.0000000000
66955  -46.414  4.118  41.434 0.0000000000
66926  -46.739  3.686  44.327 0.0000000000
68764  -51.079  5.961  40.337 0.0000000000
37257  -16.293  -30.398  67.677 0.0000000000
37224  -17.165  -31.016  70.532 0.0000000000
51245  -40.044  -14.040  51.818 0.0000000000
120970  -42.025  -13.393  54.491 0.0000000000
53005  -39.704  -12.367  51.298 0.0000000000
54929  -39.408  -10.721  50.952 0.0000000000
54001  -37.322  -11.884  48.295 0.0000000000
126657  -29.810  -27.938  64.467 0.0000000000
38995  -29.665  -28.693  68.036 0.0000000000
39818  -31.269  -27.482  67.147 0.0000000000
41518  -33.077  -26.004  66.098 0.0000000000
42506  -27.439  -24.228  56.609 0.0000000000
44273  -29.106  -22.585  56.007 0.0000000000
107254  -35.824  -22.973  59.028 0.0000000000
121190  -33.493  -22.922  59.938 0.0000000000
44195  -36.342  -23.409  61.525 0.0000000000
43321  -36.363  -23.312  63.958 0.0000000000
36444  -21.117  -32.024  64.220 0.0000000000
34117  -23.942  -34.443  66.092 0.0000000000
33319  -25.175  -35.721  69.159 0.0000000000
61101  -41.124  -2.884  42.933 0.0000000000
60259  -42.470  -4.154  45.461 0.0000000000
111997  -42.754  -1.956  45.067 0.0000000000
73109  -55.485  10.379  31.110 0.0000000000
128435  -20.760  -31.761  72.000 0.0000000000
122802  -43.614  -17.948  57.766 0.0000000000
49563  -43.909  -16.338  57.370 0.0000000000
48724  -41.749  -17.381  55.352 0.0000000000
49636  -40.276  -16.415  52.847 0.0000000000
36457  -25.154  -31.575  63.308 0.0000000000
36422  -27.384  -31.543  66.409 0.0000000000
38168  -25.994  -30.175  62.782 0.0000000000
39039  -27.443  -28.556  62.281 0.0000000000
40720  -29.202  -26.832  61.662 0.0000000000
45156  -30.324  -21.941  55.532 0.0000000000
45158  -32.629  -21.771  55.021 0.0000000000
115972  -35.091  -22.476  56.425 0.0000000000
44241  -38.273  -22.615  58.458 0.0000000000
45114  -40.274  -21.515  58.596 0.0000000000
46033  -42.241  -20.373  58.141 0.0000000000
37331  -22.211  -30.527  61.087 0.0000000000
112269  -42.352  -8.779  54.437 0.0000000000
57597  -43.823  -7.184  56.599 0.0000000000
58507  -42.232  -6.602  53.526 0.0000000000
59356  -43.550  -5.561  52.957 0.0000000000
64421  -42.521  0.244  42.549 0.0000000000
63579  -43.116  0.022  44.759 0.0000000000
66060  -44.747  2.079  44.323 0.0000000000
36333  -12.452  -30.429  78.125 0.0000000000
57749  -40.165  -7.472  43.496 0.0000000000
61111  -39.015  -4.049  41.190 0.0000000000
63608  -41.319  -0.359  40.513 0.0000000000
64453  -42.403  1.005  39.542 0.0000000000
66109  -44.389  2.575  39.289 0.0000000000
66986  -46.088  3.670  38.572 0.0000000000
67903  -48.530  4.713  38.282 0.0000000000
66145  -46.541  2.676  36.068 0.0000000000
37192  -18.731  -30.848  73.607 0.0000000000
38068  -17.398  -29.602  76.188 0.0000000000
37149  -14.882  -29.298  77.770 0.0000000000
53921  -44.502  -11.777  58.104 0.0000000000
51195  -43.755  -14.108  56.687 0.0000000000
112559  -43.300  -12.115  55.838 0.0000000000
54902  -43.260  -10.578  55.539 0.0000000000
55855  -40.721  -9.618  52.638 0.0000000000
55891  -39.158  -9.464  49.440 0.0000000000
117004  -38.053  -10.640  46.098 0.0000000000
36401  -28.302  -31.172  68.996 0.0000000000
41638  -28.317  -25.302  58.677 0.0000000000
41613  -30.381  -25.525  60.793 0.0000000000
106939  -30.764  -22.409  58.030 0.0000000000
43354  -32.266  -23.762  60.242 0.0000000000
42436  -32.666  -24.832  62.541 0.0000000000
42400  -34.750  -24.681  65.054 0.0000000000
37270  -17.220  -30.656  66.498 0.0000000000
36430  -19.381  -31.610  65.181 0.0000000000
107729  -20.935  -32.540  68.216 0.0000000000
58570  -42.787  -6.573  46.262 0.0000000000
59390  -44.851  -5.609  48.600 0.0000000000
60198  -46.767  -4.471  50.585 0.0000000000
117914  -44.726  -1.630  47.235 0.0000000000
68779  -50.509  5.816  38.059 0.0000000000
123736  -52.298  6.574  37.307 0.0000000000
70541  -54.063  8.456  36.204 0.0000000000
69681  -53.742  6.232  33.720 0.0000000000
73078  -55.428  10.811  35.812 0.0000000000
46989  -37.829  -19.914  53.032 0.0000000000
47001  -38.067  -19.183  52.682 0.0000000000
127209  -36.406  -19.521  51.328 0.0000000000
45218  -35.195  -20.920  52.673 0.0000000000
46079  -36.801  -20.763  53.118 0.0000000000
46068  -38.341  -20.186  54.511 0.0000000000
55933  -40.285  -9.526  46.622 0.0000000000
56811  -40.996  -9.132  47.017 0.0000000000
107602  -40.735  -8.838  45.269 0.0000000000
111852  -47.307  4.695  40.959 0.0000000000
67860  -47.396  4.550  42.486 0.0000000000
120731  -48.939  5.579  42.642 0.0000000000
68742  -49.951  5.744  42.619 0.0000000000
68762  -49.618  5.402  40.425 0.0000000000
37246  -17.394  -31.177  68.573 0.0000000000
105963  -16.850  -30.948  68.959 0.0000000000
36397  -17.512  -31.317  69.225 0.0000000000
51254  -39.167  -14.258  50.694 0.0000000000
52108  -39.901  -13.227  51.610 0.0000000000
110178  -39.090  -12.707  49.820 0.0000000000
53016  -39.005  -11.751  49.965 0.0000000000
53026  -37.705  -12.273  48.927 0.0000000000
106964  -26.805  -34.734  67.274 0.0000000000
121961  -30.500  -27.362  63.793 0.0000000000
39827  -30.578  -27.648  65.481 0.0000000000
40679  -31.010  -27.090  64.988 0.0000000000
40665  -31.840  -26.901  66.344 0.0000000000
41531  -32.175  -26.325  64.849 0.0000000000
44225  -36.971  -23.130  59.822 0.0000000000
44224  -36.105  -23.170  59.888 0.0000000000
44197  -38.014  -23.009  61.601 0.0000000000
44186  -37.546  -23.069  62.525 0.0000000000
34920  -25.219  -33.359  64.683 0.0000000000
34119  -25.304  -34.197  65.733 0.0000000000
34093  -25.453  -35.112  67.192 0.0000000000
55794  -44.852  -9.690  59.103 0.0000000000
61979  -41.226  -1.976  42.724 0.0000000000
61968  -41.940  -2.784  44.122 0.0000000000
62767  -41.983  -1.412  43.589 0.0000000000
47863  -42.498  -18.304  56.600 0.0000000000
48707  -42.662  -17.346  56.447 0.0000000000
47873  -41.506  -18.208  55.577 0.0000000000
48759  -40.011  -17.166  53.003 0.0000000000
49648  -38.603  -16.714  51.498 0.0000000000
50443  -39.155  -15.533  51.329 0.0000000000
127795  -24.701  -30.870  61.939 0.0000000000
37305  -25.656  -30.904  63.073 0.0000000000
38181  -24.915  -30.199  61.704 0.0000000000
39878  -25.913  -28.233  59.782 0.0000000000
39054  -26.510  -28.685  61.311 0.0000000000
39868  -27.080  -28.068  60.901 0.0000000000
127437  -28.166  -27.447  61.417 0.0000000000
40730  -27.645  -26.895  60.123 0.0000000000
45198  -30.761  -21.600  53.327 0.0000000000
45161  -35.763  -21.755  55.056 0.0000000000
44294  -35.389  -22.134  55.763 0.0000000000
44279  -36.627  -22.157  56.536 0.0000000000
106383  -36.766  -22.611  57.762 0.0000000000
44261  -38.138  -22.339  57.602 0.0000000000
124603  -39.549  -21.926  58.580 0.0000000000
45128  -39.543  -21.580  57.421 0.0000000000
46959  -40.870  -19.751  56.145 0.0000000000
46032  -41.756  -20.295  57.455 0.0000000000
46948  -41.882  -19.768  56.992 0.0000000000
46950  -43.174  -19.191  57.943 0.0000000000
38198  -23.077  -30.186  60.998 0.0000000000
56733  -41.158  -8.298  52.989 0.0000000000
56721  -42.284  -7.773  54.378 0.0000000000
57649  -41.340  -7.520  52.907 0.0000000000
58543  -42.945  -6.910  50.051 0.0000000000
122391  -42.821  -6.396  51.289 0.0000000000
58535  -43.405  -6.495  50.754 0.0000000000
59365  -44.621  -5.627  51.792 0.0000000000
58536  -44.453  -6.403  50.252 0.0000000000
65243  -43.610  1.369  41.917 0.0000000000
65227  -43.473  0.960  43.691 0.0000000000
114072  -44.765  2.143  42.894 0.0000000000
115408  -47.692  4.585  45.600 0.0000000000
64439  -41.850  0.257  40.228 0.0000000000
64465  -41.213  0.572  38.254 0.0000000000
65295  -42.854  1.845  37.713 0.0000000000
118939  -44.005  2.376  37.749 0.0000000000
66985  -45.506  3.462  39.051 0.0000000000
122601  -45.468  2.947  37.470 0.0000000000
66130  -45.965  2.868  36.831 0.0000000000
37222  -15.220  -30.592  70.771 0.0000000000
108621  -14.881  -30.919  73.771 0.0000000000
36366  -21.756  -30.886  73.989 0.0000000000
37203  -19.304  -31.183  72.957 0.0000000000
37194  -20.987  -30.585  74.554 0.0000000000
118221  -18.191  -29.852  76.464 0.0000000000
38048  -16.872  -30.058  76.927 0.0000000000
38054  -15.925  -29.533  76.616 0.0000000000
37156  -15.967  -30.376  77.329 0.0000000000
37155  -14.292  -30.809  77.726 0.0000000000
49594  -42.970  -15.790  56.024 0.0000000000
50384  -43.734  -15.041  56.599 0.0000000000
50394  -42.798  -15.197  55.603 0.0000000000
52990  -41.350  -12.502  53.509 0.0000000000
52969  -42.853  -12.753  55.316 0.0000000000
53935  -42.806  -11.929  55.076 0.0000000000
53936  -43.177  -11.365  55.474 0.0000000000
53951  -42.214  -10.982  54.203 0.0000000000
54915  -41.967  -10.369  53.923 0.0000000000
110913  -41.002  -10.880  52.988 0.0000000000
54954  -38.195  -10.698  49.260 0.0000000000
127130  -39.163  -9.693  50.468 0.0000000000
55890  -38.436  -10.077  49.063 0.0000000000
124037  -38.378  -10.156  48.048 0.0000000000
127714  -37.754  -10.751  46.877 0.0000000000
37283  -27.364  -30.483  65.629 0.0000000000
36412  -27.830  -31.386  67.344 0.0000000000
38118  -28.001  -29.968  67.056 0.0000000000
42507  -28.170  -23.917  56.894 0.0000000000
42493  -27.683  -24.491  57.327 0.0000000000
42481  -28.759  -24.633  58.267 0.0000000000
41625  -29.383  -25.450  59.702 0.0000000000
42471  -29.901  -24.772  59.268 0.0000000000
45142  -31.507  -21.889  56.483 0.0000000000
45141  -30.620  -22.066  56.347 0.0000000000
45124  -31.865  -22.004  57.293 0.0000000000
44206  -33.099  -23.116  60.483 0.0000000000
44220  -32.275  -23.015  59.393 0.0000000000
43355  -32.914  -23.452  60.922 0.0000000000
43344  -32.376  -24.219  61.139 0.0000000000
43334  -32.972  -24.042  61.854 0.0000000000
42409  -33.543  -25.024  63.977 0.0000000000
42420  -34.095  -24.179  63.008 0.0000000000
46016  -42.064  -20.805  60.219 0.0000000000
36443  -20.099  -31.773  64.530 0.0000000000
35676  -20.832  -32.217  65.865 0.0000000000
36421  -20.148  -31.940  66.349 0.0000000000
32536  -25.521  -36.721  70.336 0.0000000000
58603  -40.395  -6.247  43.194 0.0000000000
57732  -41.157  -7.081  44.419 0.0000000000
58591  -41.505  -6.184  44.437 0.0000000000
61067  -43.350  -3.790  46.465 0.0000000000
60235  -43.914  -4.993  47.224 0.0000000000
60236  -44.427  -4.494  47.693 0.0000000000
60210  -45.899  -4.680  49.399 0.0000000000
61032  -45.933  -3.713  49.248 0.0000000000
64393  -44.265  0.499  46.140 0.0000000000
63567  -43.761  -0.346  46.010 0.0000000000
63563  -44.951  -0.730  47.135 0.0000000000
66998  -48.369  3.941  37.230 0.0000000000
106145  -49.240  4.987  38.012 0.0000000000
123416  -49.819  4.405  36.801 0.0000000000
68793  -51.588  5.248  36.560 0.0000000000
68794  -52.395  5.464  36.210 0.0000000000
69662  -53.239  7.166  36.738 0.0000000000
69669  -53.633  6.391  35.402 0.0000000000
70573  -53.735  7.355  31.492 0.0000000000
109784  -53.272  5.944  31.916 0.0000000000
71421  -54.164  8.208  33.332 0.0000000000
112869  -54.420  8.209  34.215 0.0000000000
71415  -54.532  9.288  33.942 0.0000000000
73096  -55.537  10.960  33.218 0.0000000000
72285  -56.590  10.150  31.505 0.0000000000
46970  -40.515  -19.334  55.470 0.0000000000
47872  -40.835  -18.569  55.185 0.0000000000
46991  -39.088  -18.955  53.669 0.0000000000
123450  -38.230  -18.407  52.280 0.0000000000
38217  -24.920  -29.187  60.777 0.0000000000
111346  -34.588  -21.266  53.188 0.0000000000
45182  -36.264  -21.431  54.241 0.0000000000
45163  -37.371  -21.234  55.423 0.0000000000
45148  -39.288  -21.273  56.693 0.0000000000
46057  -38.605  -20.419  55.272 0.0000000000
46069  -39.014  -19.806  54.877 0.0000000000
56782  -40.160  -8.470  49.754 0.0000000000
57663  -40.745  -7.534  51.250 0.0000000000
56783  -40.986  -8.133  49.389 0.0000000000
57687  -42.158  -7.867  48.539 0.0000000000
57688  -42.754  -7.571  48.197 0.0000000000
66088  -45.259  3.245  41.269 0.0000000000
120949  -45.257  2.655  42.661 0.0000000000
66946  -46.281  3.782  42.343 0.0000000000
67838  -47.416  4.212  44.296 0.0000000000
69628  -52.045  6.310  40.635 0.0000000000
105979  -15.714  -30.649  70.111 0.0000000000
37211  -16.309  -30.803  71.496 0.0000000000
50418  -41.070  -15.141  53.402 0.0000000000
51208  -42.111  -14.205  54.664 0.0000000000
52085  -40.816  -13.741  52.893 0.0000000000
52989  -40.901  -12.879  52.922 0.0000000000
52997  -40.531  -12.374  52.404 0.0000000000
53965  -40.095  -11.027  51.644 0.0000000000
123221  -39.727  -11.537  51.270 0.0000000000
53988  -38.320  -11.186  49.603 0.0000000000
54965  -37.282  -11.755  48.034 0.0000000000
39008  -28.756  -28.849  65.220 0.0000000000
109111  -28.527  -29.457  66.923 0.0000000000
39001  -29.556  -28.577  66.789 0.0000000000
39816  -30.320  -28.035  67.432 0.0000000000
40648  -32.675  -26.459  68.035 0.0000000000
43411  -28.377  -22.854  55.749 0.0000000000
43399  -29.444  -22.942  56.725 0.0000000000
119856  -34.096  -22.552  57.566 0.0000000000
44237  -32.988  -22.619  58.528 0.0000000000
123211  -34.311  -22.912  59.534 0.0000000000
113050  -34.395  -22.987  60.202 0.0000000000
128486  -34.737  -23.458  61.437 0.0000000000
43337  -35.336  -23.746  62.768 0.0000000000
44174  -36.858  -23.136  63.277 0.0000000000
36466  -21.586  -31.609  62.577 0.0000000000
127893  -21.733  -32.157  63.692 0.0000000000
34905  -23.154  -34.074  66.728 0.0000000000
34091  -23.727  -34.614  68.119 0.0000000000
34092  -24.602  -35.052  67.490 0.0000000000
60279  -40.649  -4.894  42.868 0.0000000000
60268  -41.704  -4.671  44.382 0.0000000000
61084  -41.864  -3.620  44.419 0.0000000000
61085  -42.358  -3.401  45.072 0.0000000000
61078  -43.270  -2.836  46.180 0.0000000000
67029  -48.098  3.046  34.322 0.0000000000
67018  -49.545  3.301  35.296 0.0000000000
67030  -49.097  3.223  34.434 0.0000000000
71433  -54.004  8.032  30.908 0.0000000000
72279  -54.473  9.722  31.883 0.0000000000
71434  -54.465  8.741  30.376 0.0000000000
72303  -55.322  9.781  30.075 0.0000000000
35654  -20.496  -32.197  69.812 0.0000000000
109559  -19.564  -31.865  69.940 0.0000000000
48696  -44.451  -16.616  58.405 0.0000000000
113625  -43.743  -17.196  57.605 0.0000000000
49576  -42.826  -16.465  56.234 0.0000000000
49608  -42.182  -16.016  55.084 0.0000000000
120705  -40.909  -17.462  54.396 0.0000000000
48750  -40.988  -16.819  53.997 0.0000000000
49623  -40.894  -16.132  53.424 0.0000000000
50428  -40.516  -15.520  52.808 0.0000000000
50442  -38.953  -15.057  50.819 0.0000000000
35693  -25.638  -32.457  64.382 0.0000000000
35686  -26.590  -32.583  65.539 0.0000000000
35694  -26.354  -31.947  64.900 0.0000000000
37293  -26.557  -30.716  64.352 0.0000000000
38154  -26.826  -29.983  64.029 0.0000000000
38201  -26.025  -29.183  61.748 0.0000000000
38184  -27.025  -29.115  62.771 0.0000000000
39016  -28.032  -29.023  63.894 0.0000000000
39028  -28.686  -28.409  63.386 0.0000000000
39846  -29.450  -27.816  63.268 0.0000000000
126622  -29.962  -26.937  62.634 0.0000000000
45177  -30.925  -21.815  54.884 0.0000000000
110262  -32.148  -21.784  55.656 0.0000000000
45179  -33.618  -21.611  54.147 0.0000000000
128125  -33.532  -21.928  55.328 0.0000000000
44276  -33.755  -22.318  56.835 0.0000000000
44239  -35.635  -22.815  58.194 0.0000000000
108163  -37.431  -22.870  59.055 0.0000000000
116841  -38.613  -22.694  60.018 0.0000000000
110594  -40.149  -21.796  61.066 0.0000000000
121374  -39.827  -22.028  60.159 0.0000000000
45104  -40.494  -21.501  59.525 0.0000000000
105988  -42.051  -20.798  59.364 0.0000000000
120795  -40.067  -21.040  56.986 0.0000000000
110467  -41.523  -20.779  58.076 0.0000000000
46024  -42.628  -20.511  58.914 0.0000000000
46941  -43.649  -19.484  58.698 0.0000000000
36467  -22.473  -31.709  62.499 0.0000000000
113500  -43.636  -9.149  56.328 0.0000000000
56713  -43.140  -7.927  55.572 0.0000000000
58470  -43.196  -6.678  55.415 0.0000000000
59312  -43.511  -6.049  55.361 0.0000000000
58517  -41.596  -6.859  52.353 0.0000000000
123067  -42.581  -6.142  53.319 0.0000000000
63589  -42.064  -0.380  42.720 0.0000000000
62768  -42.298  -0.759  43.792 0.0000000000
116201  -42.923  0.359  43.660 0.0000000000
65221  -43.724  1.038  44.601 0.0000000000
124642  -44.494  1.538  45.849 0.0000000000
66061  -45.338  2.636  44.529 0.0000000000
125599  -45.329  2.798  46.113 0.0000000000
55065  -38.302  -9.477  42.675 0.0000000000
56845  -39.843  -8.972  43.653 0.0000000000
56855  -39.171  -8.088  42.763 0.0000000000
127357  -39.201  -6.774  42.187 0.0000000000
59461  -39.620  -5.809  42.170 0.0000000000
60291  -39.947  -4.916  42.248 0.0000000000
60306  -39.968  -3.985  42.064 0.0000000000
61978  -40.701  -2.529  42.259 0.0000000000
62772  -40.929  -1.826  42.051 0.0000000000
63599  -41.273  -0.812  41.147 0.0000000000
64431  -41.809  -0.251  41.136 0.0000000000
65250  -42.892  0.875  41.048 0.0000000000
65251  -43.503  1.480  41.050 0.0000000000
65283  -42.333  1.357  37.930 0.0000000000
65271  -43.229  1.624  39.600 0.0000000000
66098  -44.508  2.646  40.161 0.0000000000
66099  -45.083  3.178  40.436 0.0000000000
66977  -46.405  4.148  39.924 0.0000000000
127504  -47.089  4.419  39.454 0.0000000000
67893  -48.428  5.011  39.751 0.0000000000
67902  -47.624  4.362  38.611 0.0000000000
66997  -47.622  3.891  37.600 0.0000000000
66146  -47.418  2.880  36.090 0.0000000000
66165  -46.731  2.701  34.645 0.0000000000
36374  -18.691  -31.460  71.144 0.0000000000
37213  -18.113  -31.048  71.706 0.0000000000
37191  -17.005  -30.899  73.019 0.0000000000
38076  -19.709  -29.814  75.673 0.0000000000
37181  -18.060  -30.571  74.358 0.0000000000
123352  -16.352  -30.715  74.582 0.0000000000
37168  -14.784  -30.700  75.281 0.0000000000
38065  -14.435  -30.009  75.933 0.0000000000
38948  -13.875  -28.844  77.449 0.0000000000
37147  -13.882  -29.889  78.035 0.0000000000
55808  -44.537  -10.093  57.976 0.0000000000
110487  -44.254  -13.961  57.485 0.0000000000
51202  -42.744  -14.211  55.413 0.0000000000
52059  -43.537  -13.358  56.455 0.0000000000
122162  -43.649  -11.933  56.601 0.0000000000
109392  -43.591  -11.168  56.245 0.0000000000
54893  -43.701  -10.137  56.259 0.0000000000
127179  -42.499  -9.584  54.560 0.0000000000
55844  -41.321  -9.071  53.204 0.0000000000
117697  -40.217  -8.669  51.918 0.0000000000
54930  -39.828  -10.105  51.508 0.0000000000
55865  -39.691  -9.259  51.391 0.0000000000
56769  -39.735  -8.592  50.584 0.0000000000
55906  -39.853  -9.246  48.518 0.0000000000
55917  -39.417  -9.830  47.187 0.0000000000
55019  -39.215  -10.303  44.701 0.0000000000
52134  -37.061  -12.612  48.275 0.0000000000
53999  -35.769  -12.104  47.580 0.0000000000
54964  -36.199  -11.999  47.377 0.0000000000
54998  -36.350  -11.355  46.798 0.0000000000
55016  -36.572  -11.075  45.979 0.0000000000
55017  -37.456  -10.984  45.489 0.0000000000
55034  -37.663  -11.116  44.341 0.0000000000
120390  -38.032  -10.172  42.873 0.0000000000
38111  -28.676  -29.816  68.703 0.0000000000
40748  -26.263  -26.474  58.205 0.0000000000
41636  -26.894  -25.816  58.113 0.0000000000
40742  -27.431  -26.570  59.397 0.0000000000
41611  -28.826  -26.019  60.141 0.0000000000
41596  -29.864  -26.176  61.342 0.0000000000
41581  -30.949  -26.035  62.247 0.0000000000
44291  -29.381  -22.243  55.600 0.0000000000
44274  -29.731  -22.493  56.341 0.0000000000
44252  -30.285  -22.696  57.818 0.0000000000
44236  -31.970  -22.616  58.702 0.0000000000
44235  -31.231  -22.515  58.568 0.0000000000
43364  -30.498  -23.785  58.916 0.0000000000
42460  -30.863  -24.859  60.307 0.0000000000
41598  -31.361  -25.492  61.822 0.0000000000
41565  -31.951  -25.965  63.272 0.0000000000
41548  -32.888  -25.408  63.892 0.0000000000
41533  -33.565  -25.629  65.406 0.0000000000
37258  -17.039  -30.769  67.350 0.0000000000
36409  -18.430  -31.504  67.694 0.0000000000
37291  -18.917  -31.105  64.062 0.0000000000
37281  -18.064  -30.943  65.249 0.0000000000
36429  -18.675  -31.406  65.691 0.0000000000
36410  -19.293  -31.846  67.456 0.0000000000
36399  -19.085  -31.801  68.364 0.0000000000
35662  -20.707  -32.370  68.948 0.0000000000
34076  -24.109  -35.242  69.421 0.0000000000
56835  -41.016  -8.069  44.802 0.0000000000
57707  -42.524  -7.302  46.552 0.0000000000
57697  -43.385  -7.033  47.785 0.0000000000
59412  -42.905  -5.700  46.072 0.0000000000
58571  -43.306  -6.169  46.720 0.0000000000
58552  -44.445  -6.224  48.560 0.0000000000
115020  -45.167  -5.953  50.173 0.0000000000
62754  -42.968  -1.236  45.137 0.0000000000
61952  -43.645  -1.805  46.314 0.0000000000
61942  -44.397  -2.544  47.292 0.0000000000
105976  -49.403  5.352  39.195 0.0000000000
120794  -50.385  5.917  38.752 0.0000000000
69638  -51.563  6.565  39.163 0.0000000000
67919  -50.401  4.485  36.497 0.0000000000
111578  -51.140  5.778  37.369 0.0000000000
69647  -52.282  7.052  38.969 0.0000000000
106415  -52.955  7.643  38.073 0.0000000000
71391  -53.885  9.099  38.242 0.0000000000
68811  -53.445  5.549  34.221 0.0000000000
69670  -54.141  7.095  35.035 0.0000000000
71407  -54.444  9.310  35.889 0.0000000000
73103  -56.001  10.831  32.766 0.0000000000
120492  -36.928  -20.018  52.231 0.0000000000
47000  -37.454  -19.659  52.418 0.0000000000
46095  -35.799  -20.558  52.207 0.0000000000
46096  -36.536  -20.449  52.492 0.0000000000
46097  -37.212  -20.288  52.754 0.0000000000
55945  -39.769  -9.921  45.245 0.0000000000
55946  -40.316  -9.508  45.736 0.0000000000
55959  -40.299  -9.365  44.920 0.0000000000
114864  -48.042  4.935  41.059 0.0000000000
67870  -47.750  4.845  41.717 0.0000000000
114865  -48.645  5.162  41.680 0.0000000000
125685  -49.354  5.517  42.029 0.0000000000
123874  -49.501  5.347  41.253 0.0000000000
36387  -18.133  -31.562  69.459 0.0000000000
52117  -38.948  -13.691  49.924 0.0000000000
52118  -39.284  -13.348  50.587 0.0000000000
34108  -27.121  -34.175  66.930 0.0000000000
34906  -26.633  -33.753  66.267 0.0000000000
40694  -30.925  -26.964  64.181 0.0000000000
40695  -31.567  -26.666  64.511 0.0000000000
40703  -31.461  -26.545  63.703 0.0000000000
44211  -37.580  -23.140  60.875 0.0000000000
44198  -38.892  -22.665  61.603 0.0000000000
34107  -26.356  -34.438  66.604 0.0000000000
121615  -41.592  -1.488  43.081 0.0000000000
47862  -41.886  -18.689  56.174 0.0000000000
48777  -38.014  -17.044  51.045 0.0000000000
48767  -38.949  -17.064  52.134 0.0000000000
37320  -25.368  -30.579  62.310 0.0000000000
39879  -26.649  -27.870  60.096 0.0000000000
39880  -27.256  -27.492  60.343 0.0000000000
39881  -27.805  -27.333  60.891 0.0000000000
45145  -36.938  -21.672  55.942 0.0000000000
44295  -36.181  -21.903  55.836 0.0000000000
44280  -37.268  -21.894  56.553 0.0000000000
44260  -37.224  -22.332  57.231 0.0000000000
45112  -39.021  -22.119  58.007 0.0000000000
45127  -38.742  -21.782  57.170 0.0000000000
46960  -41.594  -19.454  56.427 0.0000000000
46961  -42.249  -19.181  56.780 0.0000000000
37332  -23.883  -30.538  61.500 0.0000000000
56746  -40.773  -8.035  52.400 0.0000000000
57664  -40.967  -7.358  52.019 0.0000000000
111625  -43.776  -6.751  49.911 0.0000000000
58528  -44.063  -6.080  51.255 0.0000000000
65244  -44.214  1.776  42.369 0.0000000000
67822  -47.592  4.596  46.606 0.0000000000
64451  -40.723  0.080  38.794 0.0000000000
106407  -44.734  2.743  37.777 0.0000000000
66128  -44.177  2.359  36.912 0.0000000000
66129  -45.112  2.584  36.802 0.0000000000
37209  -14.788  -30.566  71.645 0.0000000000
106504  -14.804  -30.770  72.762 0.0000000000
37173  -21.708  -30.548  75.224 0.0000000000
37157  -16.830  -30.310  77.061 0.0000000000
36340  -15.933  -31.508  77.154 0.0000000000
50408  -42.289  -15.524  55.097 0.0000000000
51209  -42.381  -14.847  55.074 0.0000000000
52979  -41.808  -12.163  54.061 0.0000000000
53943  -42.333  -11.707  54.453 0.0000000000
127204  -41.886  -11.499  54.008 0.0000000000
121207  -41.672  -10.924  53.682 0.0000000000
54966  -37.889  -10.872  48.635 0.0000000000
54981  -37.852  -10.690  47.488 0.0000000000
38141  -27.664  -29.845  65.213 0.0000000000
38128  -27.799  -29.979  66.064 0.0000000000
42494  -28.446  -24.250  57.582 0.0000000000
42482  -29.591  -24.299  58.536 0.0000000000
42470  -29.102  -25.059  58.963 0.0000000000
45143  -32.416  -21.893  56.448 0.0000000000
43356  -33.542  -23.278  61.015 0.0000000000
43345  -33.469  -23.661  61.433 0.0000000000
43335  -33.785  -23.978  62.148 0.0000000000
46009  -42.767  -20.744  60.757 0.0000000000
34896  -22.647  -33.617  67.412 0.0000000000
58604  -40.909  -6.245  43.855 0.0000000000
61054  -43.853  -4.080  47.127 0.0000000000
61043  -44.855  -3.903  48.218 0.0000000000
60224  -45.402  -4.289  48.789 0.0000000000
64394  -44.815  1.178  46.748 0.0000000000
64387  -44.930  0.249  46.995 0.0000000000
116572  -48.549  3.527  36.588 0.0000000000
67918  -49.173  3.970  36.854 0.0000000000
105891  -49.033  3.370  36.028 0.0000000000
68802  -52.720  5.081  35.454 0.0000000000
69668  -53.072  5.837  35.788 0.0000000000
68803  -53.368  5.568  35.027 0.0000000000
70569  -53.814  7.621  32.409 0.0000000000
116165  -54.394  9.440  33.165 0.0000000000
72273  -54.850  10.428  33.587 0.0000000000
117576  -54.688  10.131  32.722 0.0000000000
46979  -39.437  -19.206  54.408 0.0000000000
47897  -37.638  -18.927  52.068 0.0000000000
128387  -37.819  -18.259  51.764 0.0000000000
45217  -34.303  -21.067  52.290 0.0000000000
45203  -36.346  -21.120  53.493 0.0000000000
45202  -35.510  -21.273  53.505 0.0000000000
45183  -37.129  -21.092  54.648 0.0000000000
45164  -38.120  -20.956  55.697 0.0000000000
46056  -37.829  -20.652  55.003 0.0000000000
46081  -38.115  -20.069  53.735 0.0000000000
46969  -39.767  -19.556  55.174 0.0000000000
56792  -40.556  -8.695  48.880 0.0000000000
56801  -41.583  -8.550  47.436 0.0000000000
57695  -42.172  -7.996  47.806 0.0000000000
57706  -42.106  -7.958  46.956 0.0000000000
66954  -45.827  3.697  41.135 0.0000000000
127753  -45.844  3.425  42.251 0.0000000000
68732  -48.378  5.122  43.870 0.0000000000
68714  -48.214  5.005  45.334 0.0000000000
68724  -48.652  5.211  44.767 0.0000000000
68752  -51.533  5.865  41.269 0.0000000000
37234  -16.989  -31.031  69.732 0.0000000000
37233  -16.260  -30.759  69.494 0.0000000000
37223  -16.443  -30.895  70.254 0.0000000000
107076  -15.961  -30.806  70.810 0.0000000000
107903  -16.643  -30.877  70.906 0.0000000000
51234  -40.682  -14.598  52.853 0.0000000000
51220  -41.162  -14.205  53.452 0.0000000000
122922  -40.424  -14.120  52.402 0.0000000000
52095  -40.407  -13.304  52.288 0.0000000000
122002  -40.177  -12.663  51.884 0.0000000000
53006  -40.173  -11.921  51.807 0.0000000000
118944  -37.743  -11.541  49.010 0.0000000000
53987  -37.771  -11.313  48.808 0.0000000000
39018  -29.378  -28.405  64.776 0.0000000000
39009  -29.430  -28.498  65.687 0.0000000000
39817  -30.696  -27.722  66.372 0.0000000000
39826  -30.010  -27.979  66.139 0.0000000000
40681  -32.405  -26.499  65.701 0.0000000000
40666  -32.578  -26.505  66.763 0.0000000000
43398  -28.685  -23.277  56.425 0.0000000000
44238  -34.791  -22.890  58.786 0.0000000000
119356  -36.120  -23.303  60.742 0.0000000000
44208  -35.270  -23.197  60.460 0.0000000000
44194  -34.426  -23.242  60.969 0.0000000000
124635  -35.380  -23.401  61.322 0.0000000000
44184  -35.813  -23.563  62.175 0.0000000000
44185  -36.646  -23.350  62.359 0.0000000000
44175  -37.587  -22.904  63.557 0.0000000000
36454  -22.032  -31.935  63.155 0.0000000000
35698  -22.381  -32.403  63.618 0.0000000000
117401  -24.085  -34.118  65.289 0.0000000000
34104  -23.820  -34.632  67.064 0.0000000000
34105  -24.694  -34.766  66.590 0.0000000000
33332  -26.243  -35.474  68.011 0.0000000000
61092  -41.059  -3.963  43.070 0.0000000000
123883  -41.471  -4.051  43.834 0.0000000000
61093  -41.513  -3.245  43.661 0.0000000000
61969  -42.389  -2.511  44.673 0.0000000000
127921  -42.160  -3.095  44.580 0.0000000000
112906  -42.754  -2.704  45.461 0.0000000000
70578  -53.675  7.006  30.702 0.0000000000
70579  -54.006  7.507  30.171 0.0000000000
35641  -22.626  -32.206  73.751 0.0000000000
48695  -44.031  -17.612  58.316 0.0000000000
47874  -42.115  -17.812  55.973 0.0000000000
48725  -42.298  -16.930  55.773 0.0000000000
49593  -42.494  -16.071  55.546 0.0000000000
49592  -41.959  -16.542  55.065 0.0000000000
47881  -39.798  -18.427  53.943 0.0000000000
121534  -40.539  -18.125  54.493 0.0000000000
47891  -40.368  -17.551  53.743 0.0000000000
121492  -39.621  -16.710  52.452 0.0000000000
124196  -40.516  -16.841  53.365 0.0000000000
125707  -41.236  -16.266  53.942 0.0000000000
50427  -39.924  -15.909  52.286 0.0000000000
118922  -25.935  -31.700  64.270 0.0000000000
37306  -26.300  -30.475  63.561 0.0000000000
37294  -27.053  -30.244  64.839 0.0000000000
38200  -25.300  -29.538  61.402 0.0000000000
39053  -25.739  -28.969  61.018 0.0000000000
39055  -27.099  -28.402  61.655 0.0000000000
39038  -26.715  -28.859  62.066 0.0000000000
38170  -27.338  -29.435  63.523 0.0000000000
39027  -27.795  -28.796  63.055 0.0000000000
39040  -28.178  -28.149  62.525 0.0000000000
39857  -28.578  -27.483  61.962 0.0000000000
112286  -28.867  -27.818  62.741 0.0000000000
39858  -29.463  -27.304  62.489 0.0000000000
112752  -31.613  -21.747  53.952 0.0000000000
114402  -30.601  -21.711  54.245 0.0000000000
107842  -31.909  -21.781  54.876 0.0000000000
45201  -34.203  -21.470  53.726 0.0000000000
127800  -33.118  -21.583  53.686 0.0000000000
44293  -34.605  -22.196  55.746 0.0000000000
44292  -33.799  -22.138  55.861 0.0000000000
123532  -34.396  -22.370  56.367 0.0000000000
44277  -34.625  -22.577  57.065 0.0000000000
44258  -35.537  -22.696  57.245 0.0000000000
106672  -37.420  -22.646  58.085 0.0000000000
44226  -38.388  -22.703  59.336 0.0000000000
44227  -39.152  -22.437  59.654 0.0000000000
45105  -41.278  -21.067  59.815 0.0000000000
46023  -41.221  -21.098  58.868 0.0000000000
46045  -38.951  -20.824  55.980 0.0000000000
108492  -40.915  -20.772  57.351 0.0000000000
108179  -41.935  -20.730  58.663 0.0000000000
46025  -43.454  -20.239  59.205 0.0000000000
46940  -42.947  -19.953  58.381 0.0000000000
124158  -43.314  -18.483  57.657 0.0000000000
47846  -43.747  -18.537  58.329 0.0000000000
37317  -22.068  -31.189  61.803 0.0000000000
36456  -24.506  -32.142  63.460 0.0000000000
55837  -42.820  -9.185  55.058 0.0000000000
118473  -43.207  -8.715  55.647 0.0000000000
56722  -42.744  -8.269  55.044 0.0000000000
57639  -41.916  -7.289  53.644 0.0000000000
57625  -42.784  -7.277  55.078 0.0000000000
57624  -42.401  -6.865  54.270 0.0000000000
111359  -42.942  -6.404  54.782 0.0000000000
57672  -41.215  -7.363  50.635 0.0000000000
57665  -41.524  -6.946  51.340 0.0000000000
58527  -43.171  -6.129  51.645 0.0000000000
58519  -42.886  -5.953  52.620 0.0000000000
58508  -43.141  -5.755  53.526 0.0000000000
59346  -43.959  -5.228  53.665 0.0000000000
59347  -44.828  -4.893  53.254 0.0000000000
64412  -42.507  0.042  43.246 0.0000000000
64413  -42.981  0.550  43.050 0.0000000000
65228  -44.204  1.515  44.079 0.0000000000
65222  -44.276  1.593  44.926 0.0000000000
64401  -43.930  0.947  45.363 0.0000000000
66934  -45.978  3.096  43.903 0.0000000000
66069  -45.274  2.488  43.543 0.0000000000
66916  -45.775  3.239  45.810 0.0000000000
37146  -13.066  -29.693  78.151 0.0000000000
109657  -12.044  -29.513  78.314 0.0000000000
58628  -39.094  -6.367  41.884 0.0000000000
58613  -39.524  -6.539  42.400 0.0000000000
112954  -39.344  -5.187  41.713 0.0000000000
60305  -39.477  -4.442  41.670 0.0000000000
61112  -39.517  -3.578  41.523 0.0000000000
61987  -39.597  -2.684  41.316 0.0000000000
61988  -40.256  -2.240  41.651 0.0000000000
62781  -40.533  -1.719  41.424 0.0000000000
63598  -40.778  -1.290  41.104 0.0000000000
110486  -41.685  -0.629  41.933 0.0000000000
64440  -42.499  0.755  40.449 0.0000000000
65260  -43.004  1.260  40.341 0.0000000000
66118  -43.514  2.105  38.151 0.0000000000
66108  -43.730  2.031  38.984 0.0000000000
66097  -43.929  2.108  39.858 0.0000000000
66110  -45.002  3.114  39.589 0.0000000000
110029  -46.047  3.840  39.291 0.0000000000
67892  -47.140  4.613  40.153 0.0000000000
66978  -46.655  4.089  38.996 0.0000000000
106588  -46.828  3.810  38.089 0.0000000000
67006  -46.894  3.317  37.009 0.0000000000
37177  -13.455  -30.680  74.447 0.0000000000
36381  -19.406  -31.724  70.780 0.0000000000
36375  -19.376  -31.568  71.490 0.0000000000
37202  -18.391  -30.988  72.588 0.0000000000
37201  -17.563  -30.883  72.332 0.0000000000
107464  -17.840  -30.876  73.239 0.0000000000
38077  -20.512  -29.890  75.888 0.0000000000
38069  -18.425  -29.647  76.102 0.0000000000
37171  -17.776  -29.938  75.422 0.0000000000
37180  -17.095  -30.634  74.525 0.0000000000
37169  -15.783  -30.586  75.159 0.0000000000
38067  -16.340  -29.694  75.924 0.0000000000
38942  -15.594  -29.427  77.208 0.0000000000
38053  -15.116  -29.320  76.723 0.0000000000
38949  -14.722  -28.962  77.429 0.0000000000
38052  -14.176  -29.233  76.756 0.0000000000
128179  -14.615  -28.966  77.757 0.0000000000
38932  -13.922  -28.875  77.929 0.0000000000
38043  -14.304  -29.225  78.009 0.0000000000
36339  -14.857  -31.650  77.328 0.0000000000
53911  -44.933  -11.266  59.080 0.0000000000
54878  -44.855  -10.478  58.988 0.0000000000
54887  -44.501  -10.946  57.977 0.0000000000
49564  -44.418  -15.895  57.815 0.0000000000
51196  -44.203  -14.708  57.305 0.0000000000
52076  -41.593  -13.783  54.065 0.0000000000
52077  -42.485  -13.429  55.008 0.0000000000
120985  -42.919  -13.435  55.520 0.0000000000
113086  -43.250  -13.016  55.914 0.0000000000
52961  -43.572  -12.650  56.544 0.0000000000
52962  -43.983  -12.278  57.287 0.0000000000
55830  -43.275  -9.651  55.614 0.0000000000
54909  -42.860  -10.067  54.993 0.0000000000
111127  -41.461  -10.067  53.389 0.0000000000
55845  -41.996  -9.510  53.925 0.0000000000
54920  -40.390  -10.442  52.192 0.0000000000
123394  -39.374  -9.153  50.868 0.0000000000
55877  -39.242  -9.301  50.256 0.0000000000
56781  -39.542  -8.880  49.903 0.0000000000
55000  -38.531  -10.329  46.838 0.0000000000
55931  -38.978  -10.347  45.675 0.0000000000
55932  -39.600  -9.946  46.203 0.0000000000
53038  -36.536  -12.357  47.824 0.0000000000
53998  -35.108  -11.806  47.617 0.0000000000
54997  -35.416  -11.278  46.906 0.0000000000
54979  -36.158  -11.759  47.198 0.0000000000
54045  -36.067  -11.220  45.545 0.0000000000
54061  -36.750  -11.228  44.996 0.0000000000
106238  -38.019  -10.670  43.415 0.0000000000
36433  -26.892  -31.704  65.684 0.0000000000
35679  -27.095  -32.381  66.171 0.0000000000
108022  -27.674  -32.308  66.865 0.0000000000
35665  -28.053  -31.514  68.352 0.0000000000
38994  -28.918  -28.988  67.417 0.0000000000
38119  -28.551  -29.616  67.778 0.0000000000
38986  -29.047  -29.169  68.557 0.0000000000
42480  -27.937  -24.843  58.028 0.0000000000
41650  -27.132  -25.174  57.636 0.0000000000
41637  -27.555  -25.537  58.384 0.0000000000
41623  -27.861  -25.922  59.068 0.0000000000
40743  -28.117  -26.286  59.772 0.0000000000
41624  -28.617  -25.696  59.378 0.0000000000
41612  -29.609  -25.800  60.477 0.0000000000
40722  -30.358  -26.248  61.979 0.0000000000
41597  -30.677  -25.795  61.533 0.0000000000
45155  -29.591  -21.999  55.258 0.0000000000
45123  -30.879  -22.146  57.307 0.0000000000
44275  -30.247  -22.329  56.812 0.0000000000
44253  -30.419  -22.411  57.489 0.0000000000
105874  -30.038  -22.628  57.125 0.0000000000
44221  -32.794  -22.917  59.286 0.0000000000
44219  -31.919  -23.271  59.520 0.0000000000
108880  -31.677  -22.851  58.987 0.0000000000
43365  -31.231  -23.041  58.989 0.0000000000
43353  -31.379  -24.008  59.627 0.0000000000
124250  -32.376  -24.603  61.824 0.0000000000
42449  -31.810  -24.881  61.442 0.0000000000
42435  -31.980  -25.150  62.158 0.0000000000
41582  -31.626  -25.771  62.516 0.0000000000
41583  -32.147  -25.416  62.754 0.0000000000
123609  -32.408  -25.783  63.773 0.0000000000
41566  -32.540  -25.400  63.257 0.0000000000
42421  -34.399  -24.511  63.957 0.0000000000
42410  -33.927  -25.061  64.778 0.0000000000
126253  -35.535  -23.773  63.731 0.0000000000
37259  -17.838  -31.087  67.063 0.0000000000
36453  -20.455  -31.681  63.584 0.0000000000
36431  -20.125  -31.850  65.520 0.0000000000
36442  -19.341  -31.483  64.475 0.0000000000
36441  -18.741  -31.270  64.840 0.0000000000
37290  -18.222  -30.783  64.405 0.0000000000
36411  -20.081  -32.117  67.132 0.0000000000
115515  -19.505  -31.849  66.744 0.0000000000
36400  -20.092  -32.148  68.085 0.0000000000
34083  -24.391  -35.157  68.538 0.0000000000
57587  -44.604  -7.295  58.184 0.0000000000
56846  -40.103  -8.183  43.622 0.0000000000
126261  -40.414  -8.727  44.316 0.0000000000
57731  -40.574  -7.748  44.040 0.0000000000
58580  -41.829  -6.696  45.049 0.0000000000
57716  -41.636  -7.538  45.264 0.0000000000
57717  -42.254  -7.044  45.777 0.0000000000
58558  -43.077  -6.863  46.969 0.0000000000
59426  -42.308  -5.132  45.251 0.0000000000
59401  -44.387  -5.532  47.900 0.0000000000
59413  -43.443  -5.350  46.649 0.0000000000
59400  -43.779  -5.846  47.262 0.0000000000
58560  -43.943  -6.369  47.868 0.0000000000
59381  -44.952  -6.018  49.344 0.0000000000
59383  -46.272  -5.038  50.155 0.0000000000
119421  -46.890  -4.479  51.152 0.0000000000
64406  -42.679  -0.118  43.956 0.0000000000
63573  -42.777  -0.625  44.534 0.0000000000
63574  -43.237  -0.471  45.294 0.0000000000
62748  -44.131  -1.126  46.549 0.0000000000
61953  -44.134  -1.918  46.781 0.0000000000
119982  -48.359  4.847  39.004 0.0000000000
121327  -48.863  5.098  39.269 0.0000000000
67894  -49.019  5.086  38.672 0.0000000000
68784  -49.960  5.187  37.774 0.0000000000
68778  -49.792  5.435  38.517 0.0000000000
114390  -50.945  6.273  38.615 0.0000000000
67008  -49.903  3.802  36.119 0.0000000000
122614  -50.631  4.127  35.898 0.0000000000
68785  -51.941  6.018  36.929 0.0000000000
69654  -51.699  6.416  37.690 0.0000000000
108079  -52.319  7.002  38.071 0.0000000000
70534  -52.816  7.527  38.734 0.0000000000
69655  -52.758  7.048  37.345 0.0000000000
70540  -53.572  8.256  36.936 0.0000000000
115278  -53.409  8.379  37.884 0.0000000000
71398  -53.870  9.274  37.552 0.0000000000
72250  -54.511  9.698  37.943 0.0000000000
71399  -54.037  9.468  36.819 0.0000000000
69686  -53.544  6.191  32.778 0.0000000000
68819  -53.335  5.549  33.397 0.0000000000
69676  -53.794  6.278  34.582 0.0000000000
70564  -54.154  7.184  34.108 0.0000000000
71411  -54.603  8.999  34.882 0.0000000000
72264  -54.866  10.393  35.479 0.0000000000
72258  -54.766  10.307  36.536 0.0000000000
73070  -55.348  10.527  36.564 0.0000000000
72284  -54.817  10.028  31.326 0.0000000000
73102  -55.366  10.512  32.082 0.0000000000
73110  -56.119  10.597  31.577 0.0000000000
46990  -38.462  -19.430  53.338 0.0000000000
47012  -36.990  -19.429  51.753 0.0000000000
46094  -35.085  -20.675  51.848 0.0000000000
46078  -36.023  -20.855  52.909 0.0000000000
46067  -37.667  -20.594  54.179 0.0000000000
46080  -37.472  -20.500  53.404 0.0000000000
56800  -40.869  -8.989  47.934 0.0000000000
120039  -40.878  -8.993  46.135 0.0000000000
125813  -46.846  4.459  41.175 0.0000000000
67869  -47.041  4.542  41.636 0.0000000000
67861  -48.179  5.060  42.467 0.0000000000
68743  -51.112  5.959  42.704 0.0000000000
125373  -50.557  5.686  42.230 0.0000000000
68751  -50.461  5.598  40.996 0.0000000000
110885  -16.873  -30.847  68.172 0.0000000000
37245  -16.103  -30.458  68.611 0.0000000000
36379  -17.682  -31.392  69.995 0.0000000000
52107  -39.588  -13.811  51.204 0.0000000000
110457  -39.513  -13.045  51.109 0.0000000000
53017  -39.350  -12.464  50.600 0.0000000000
53027  -38.400  -12.011  49.393 0.0000000000
33333  -26.973  -35.337  68.025 0.0000000000
39837  -29.902  -27.939  65.177 0.0000000000
39838  -30.434  -27.589  64.526 0.0000000000
40664  -31.206  -27.315  65.900 0.0000000000
40680  -31.688  -26.791  65.352 0.0000000000
44209  -36.664  -23.252  60.349 0.0000000000
114404  -36.862  -23.332  60.908 0.0000000000
44196  -37.177  -23.298  61.615 0.0000000000
44187  -38.453  -22.795  62.385 0.0000000000
34912  -24.879  -33.993  65.206 0.0000000000
34118  -24.732  -34.396  65.839 0.0000000000
34106  -25.506  -34.596  66.406 0.0000000000
34094  -26.191  -34.999  67.178 0.0000000000
61974  -41.623  -2.220  43.444 0.0000000000
62761  -42.129  -2.068  43.996 0.0000000000
62762  -42.466  -1.468  44.385 0.0000000000
47853  -43.134  -17.846  57.149 0.0000000000
47898  -38.781  -17.843  52.457 0.0000000000
48758  -39.354  -17.431  52.696 0.0000000000
49649  -39.231  -16.223  51.826 0.0000000000
49660  -38.805  -16.097  51.307 0.0000000000
107017  -24.943  -31.245  62.578 0.0000000000
37292  -25.884  -31.195  63.903 0.0000000000
39071  -26.254  -28.477  60.533 0.0000000000
39856  -27.743  -27.888  61.680 0.0000000000
110650  -28.486  -26.991  61.231 0.0000000000
45160  -34.907  -21.874  55.045 0.0000000000
44278  -35.880  -22.432  56.492 0.0000000000
44259  -36.386  -22.573  57.160 0.0000000000
44242  -39.046  -22.374  58.875 0.0000000000
45113  -39.735  -21.701  58.069 0.0000000000
46059  -40.150  -20.018  55.855 0.0000000000
46047  -40.527  -20.441  56.535 0.0000000000
46048  -41.262  -20.117  56.792 0.0000000000
46949  -42.479  -19.710  57.526 0.0000000000
47852  -42.818  -18.811  57.255 0.0000000000
37318  -23.130  -31.232  61.983 0.0000000000
115414  -22.870  -30.757  61.456 0.0000000000
37319  -24.107  -31.335  62.146 0.0000000000
56734  -41.750  -8.317  53.660 0.0000000000
57650  -41.795  -6.894  53.061 0.0000000000
58534  -42.458  -6.649  50.923 0.0000000000
59364  -43.741  -5.754  52.162 0.0000000000
59372  -44.991  -5.978  50.933 0.0000000000
64422  -43.099  0.765  42.279 0.0000000000
65235  -43.570  1.143  42.757 0.0000000000
65236  -44.192  1.552  43.239 0.0000000000
66068  -44.652  1.961  43.624 0.0000000000
67829  -47.236  4.129  45.035 0.0000000000
66917  -46.520  3.648  45.392 0.0000000000
67821  -46.952  4.157  46.050 0.0000000000
70522  -53.846  8.363  40.061 0.0000000000
61123  -38.976  -3.133  41.048 0.0000000000
63619  -41.001  -0.134  39.709 0.0000000000
64452  -41.535  0.424  39.137 0.0000000000
66119  -44.209  2.495  38.444 0.0000000000
66120  -44.863  3.005  38.729 0.0000000000
66995  -45.450  3.239  38.230 0.0000000000
66996  -46.114  3.336  37.706 0.0000000000
37189  -13.941  -30.691  73.450 0.0000000000
37178  -14.297  -30.883  74.465 0.0000000000
36371  -21.128  -31.549  72.902 0.0000000000
36365  -20.428  -31.171  73.411 0.0000000000
37193  -19.797  -30.724  74.028 0.0000000000
37161  -18.863  -30.104  76.593 0.0000000000
37158  -17.715  -30.144  76.833 0.0000000000
38056  -17.183  -29.815  76.599 0.0000000000
38055  -16.654  -29.630  76.477 0.0000000000
38047  -16.147  -29.814  77.104 0.0000000000
123563  -15.139  -30.116  77.613 0.0000000000
37148  -14.641  -29.966  77.842 0.0000000000
110423  -15.186  -30.730  77.572 0.0000000000
49577  -43.450  -15.903  56.608 0.0000000000
50395  -43.277  -15.311  56.147 0.0000000000
51203  -43.302  -14.617  56.034 0.0000000000
112706  -41.678  -12.961  54.077 0.0000000000
111924  -42.304  -12.618  54.627 0.0000000000
54901  -42.774  -11.004  54.841 0.0000000000
54908  -42.410  -10.277  54.399 0.0000000000
54942  -38.448  -10.667  49.789 0.0000000000
54943  -38.939  -10.270  50.383 0.0000000000
55876  -38.748  -10.022  49.842 0.0000000000
55905  -38.952  -9.712  48.666 0.0000000000
36434  -27.143  -31.051  65.933 0.0000000000
37272  -27.644  -30.703  66.539 0.0000000000
37260  -27.892  -30.582  67.432 0.0000000000
37248  -27.994  -30.813  68.277 0.0000000000
38976  -29.729  -28.909  69.145 0.0000000000
38103  -29.266  -29.521  69.212 0.0000000000
42459  -30.115  -25.175  60.040 0.0000000000
128257  -32.808  -23.051  59.922 0.0000000000
44205  -32.584  -23.230  60.100 0.0000000000
42419  -33.122  -24.930  63.302 0.0000000000
42437  -33.410  -24.405  62.689 0.0000000000
125016  -33.740  -24.636  63.372 0.0000000000
35683  -21.431  -32.540  65.067 0.0000000000
36432  -20.735  -32.063  65.045 0.0000000000
36420  -19.411  -31.705  66.040 0.0000000000
111638  -20.726  -32.314  66.666 0.0000000000
35669  -20.797  -32.459  67.454 0.0000000000
33309  -25.935  -36.470  70.107 0.0000000000
57758  -39.933  -6.886  43.014 0.0000000000
57750  -40.491  -6.930  43.683 0.0000000000
60246  -42.948  -4.605  46.077 0.0000000000
60247  -43.524  -4.572  46.694 0.0000000000
60223  -44.902  -4.850  48.341 0.0000000000
59391  -45.327  -5.195  48.992 0.0000000000
60211  -46.518  -4.142  49.806 0.0000000000
64392  -43.577  0.237  45.458 0.0000000000
63568  -44.407  -0.300  46.552 0.0000000000
67910  -48.826  4.466  37.624 0.0000000000
67911  -49.517  4.692  37.381 0.0000000000
67912  -50.126  4.929  37.112 0.0000000000
69661  -52.733  6.352  36.621 0.0000000000
110118  -53.332  6.575  36.096 0.0000000000
70548  -53.822  7.367  35.963 0.0000000000
69693  -53.419  6.489  31.304 0.0000000000
111430  -53.591  6.690  32.091 0.0000000000
126515  -53.700  6.836  32.616 0.0000000000
70563  -53.847  7.008  33.163 0.0000000000
72268  -54.886  10.470  34.506 0.0000000000
73090  -55.600  11.163  34.142 0.0000000000
73116  -55.933  10.516  30.970 0.0000000000
123435  -56.328  10.412  31.329 0.0000000000
46980  -40.151  -18.876  54.775 0.0000000000
122141  -39.297  -18.377  53.343 0.0000000000
47889  -38.740  -18.617  52.948 0.0000000000
47899  -39.159  -18.011  52.937 0.0000000000
38199  -24.482  -29.789  61.141 0.0000000000
39086  -25.102  -28.429  59.551 0.0000000000
39890  -26.307  -27.589  59.358 0.0000000000
121408  -32.900  -21.421  52.599 0.0000000000
45200  -33.589  -21.448  53.121 0.0000000000
114141  -34.802  -21.450  53.816 0.0000000000
45181  -35.283  -21.602  54.320 0.0000000000
45162  -36.606  -21.530  55.180 0.0000000000
45146  -37.686  -21.505  56.122 0.0000000000
45147  -38.470  -21.392  56.394 0.0000000000
46058  -39.394  -20.235  55.565 0.0000000000
56758  -40.119  -8.112  51.237 0.0000000000
56770  -40.551  -7.885  50.402 0.0000000000
57679  -41.468  -7.586  49.836 0.0000000000
56793  -41.488  -8.351  48.434 0.0000000000
113735  -41.746  -7.887  49.067 0.0000000000
57680  -42.525  -7.466  49.235 0.0000000000
57689  -43.264  -7.242  48.586 0.0000000000
66078  -44.773  2.564  41.926 0.0000000000
66079  -45.462  3.117  42.107 0.0000000000
111732  -45.840  3.129  42.873 0.0000000000
66935  -46.515  3.644  43.289 0.0000000000
67859  -46.825  4.123  42.753 0.0000000000
67845  -47.256  4.199  43.486 0.0000000000
108503  -48.211  5.090  46.122 0.0000000000
69612  -52.300  6.682  43.150 0.0000000000
69639  -52.447  6.958  39.931 0.0000000000
38099  -15.016  -30.248  70.051 0.0000000000
37210  -15.579  -30.737  71.384 0.0000000000
51221  -41.553  -14.681  54.035 0.0000000000
52086  -41.255  -13.343  53.483 0.0000000000
52998  -40.933  -11.963  52.989 0.0000000000
53958  -40.529  -11.442  52.370 0.0000000000
53976  -39.347  -11.598  50.734 0.0000000000
53975  -38.788  -10.954  50.291 0.0000000000
121386  -37.004  -11.663  47.469 0.0000000000
38156  -28.172  -29.260  64.748 0.0000000000
38129  -28.296  -29.594  66.342 0.0000000000
117800  -28.763  -28.971  66.266 0.0000000000
39803  -30.262  -28.256  68.787 0.0000000000
40647  -31.962  -26.821  67.578 0.0000000000
43397  -27.890  -23.600  56.179 0.0000000000
43386  -28.956  -23.610  57.142 0.0000000000
44256  -33.315  -22.396  57.730 0.0000000000
107920  -33.956  -22.692  58.263 0.0000000000
44222  -33.714  -22.846  59.066 0.0000000000
44223  -35.138  -23.031  59.639 0.0000000000
44207  -33.736  -23.061  60.562 0.0000000000
43336  -34.555  -23.934  62.432 0.0000000000
44183  -35.003  -23.662  61.935 0.0000000000
44173  -36.082  -23.423  63.055 0.0000000000
44162  -37.079  -22.993  64.212 0.0000000000
35697  -21.274  -31.827  63.327 0.0000000000
35689  -21.920  -32.539  64.239 0.0000000000
106518  -22.160  -32.880  64.817 0.0000000000
34904  -22.578  -33.538  66.524 0.0000000000
34897  -23.115  -34.136  67.731 0.0000000000
33331  -25.390  -35.456  68.119 0.0000000000
33320  -26.223  -35.933  69.151 0.0000000000
59448  -41.339  -5.515  43.972 0.0000000000
60280  -41.212  -4.813  43.509 0.0000000000
60269  -42.106  -4.169  44.954 0.0000000000
61077  -42.794  -3.559  45.825 0.0000000000
61941  -43.790  -3.188  46.895 0.0000000000
128240  -48.017  2.804  34.869 0.0000000000
67017  -48.588  2.978  35.188 0.0000000000
67031  -50.028  3.397  34.596 0.0000000000
71427  -53.933  8.414  31.677 0.0000000000
71428  -54.309  9.189  31.191 0.0000000000
72290  -54.906  9.786  30.628 0.0000000000
128145  -54.875  9.412  30.256 0.0000000000
72291  -55.701  10.247  30.418 0.0000000000
36389  -19.813  -31.962  69.054 0.0000000000
36388  -18.864  -31.753  69.268 0.0000000000
36382  -20.301  -31.958  70.626 0.0000000000
36372  -22.244  -31.626  73.610 0.0000000000
48708  -43.278  -16.838  56.883 0.0000000000
49607  -41.918  -15.890  54.683 0.0000000000
47882  -41.164  -17.785  54.973 0.0000000000
48739  -41.407  -17.064  54.698 0.0000000000
124691  -41.513  -16.385  54.394 0.0000000000
50419  -41.471  -15.672  54.035 0.0000000000
50436  -40.122  -14.913  52.177 0.0000000000
50435  -39.619  -15.460  51.771 0.0000000000
51244  -39.560  -14.741  51.374 0.0000000000
51263  -38.404  -14.088  49.382 0.0000000000
114070  -26.790  -33.085  66.016 0.0000000000
115128  -26.305  -31.269  64.518 0.0000000000
37282  -26.768  -31.018  65.175 0.0000000000
38182  -25.678  -29.852  62.050 0.0000000000
38183  -26.366  -29.506  62.421 0.0000000000
38169  -26.647  -29.787  63.180 0.0000000000
38155  -27.521  -29.656  64.363 0.0000000000
39017  -28.757  -28.712  64.312 0.0000000000
39836  -29.396  -28.224  63.986 0.0000000000
110129  -29.961  -27.704  63.851 0.0000000000
39847  -30.118  -27.266  63.151 0.0000000000
45176  -30.001  -21.710  54.869 0.0000000000
45157  -31.225  -21.825  55.666 0.0000000000
45199  -32.549  -21.584  53.275 0.0000000000
45178  -32.689  -21.692  54.241 0.0000000000
45159  -34.022  -21.898  55.042 0.0000000000
107252  -33.259  -21.782  54.879 0.0000000000
106498  -33.009  -21.891  55.620 0.0000000000
45144  -33.171  -22.033  56.354 0.0000000000
44257  -34.794  -22.750  57.855 0.0000000000
106384  -36.195  -22.717  57.770 0.0000000000
44240  -36.560  -22.805  58.457 0.0000000000
107253  -36.587  -22.992  59.248 0.0000000000
113376  -37.795  -22.931  60.033 0.0000000000
107810  -39.387  -22.401  60.916 0.0000000000
120613  -39.123  -22.512  60.297 0.0000000000
45097  -40.672  -21.391  60.408 0.0000000000
45103  -39.719  -21.942  59.248 0.0000000000
45129  -40.269  -21.338  57.743 0.0000000000
46022  -40.868  -21.131  58.117 0.0000000000
36455  -22.793  -32.178  63.029 0.0000000000
120255  -23.428  -31.825  62.536 0.0000000000
108826  -23.656  -32.268  63.107 0.0000000000
57611  -43.335  -7.276  55.829 0.0000000000
58455  -43.632  -6.536  56.036 0.0000000000
58526  -42.334  -6.443  51.860 0.0000000000
58518  -42.195  -6.445  52.801 0.0000000000
118112  -42.702  -6.172  54.009 0.0000000000
59334  -43.463  -5.690  54.477 0.0000000000
59357  -44.256  -5.311  52.697 0.0000000000
63588  -41.630  -0.915  42.498 0.0000000000
63585  -42.271  -0.415  43.357 0.0000000000
64407  -43.198  0.459  44.287 0.0000000000
64400  -43.483  0.557  44.952 0.0000000000
66925  -45.911  3.214  44.896 0.0000000000
106804  -45.299  2.760  45.417 0.0000000000
66053  -44.772  2.212  45.181 0.0000000000
65216  -44.915  2.319  45.991 0.0000000000
38947  -12.574  -28.666  77.497 0.0000000000
123620  -39.411  -9.569  43.645 0.0000000000
55969  -39.150  -9.041  43.077 0.0000000000
125860  -39.612  -8.385  43.259 0.0000000000
57748  -39.715  -7.681  43.125 0.0000000000
57757  -39.314  -7.229  42.507 0.0000000000
58614  -39.954  -6.220  42.684 0.0000000000
59462  -40.233  -5.623  42.733 0.0000000000
59479  -39.119  -5.750  41.699 0.0000000000
112473  -40.428  -4.286  42.524 0.0000000000
61100  -40.565  -3.445  42.447 0.0000000000
61113  -40.083  -3.040  41.876 0.0000000000
62773  -41.405  -1.358  42.570 0.0000000000
62782  -41.208  -1.272  41.855 0.0000000000
63600  -42.179  -0.046  41.913 0.0000000000
108551  -42.344  0.330  41.091 0.0000000000
64432  -42.689  0.525  41.767 0.0000000000
64433  -43.182  0.978  41.609 0.0000000000
64466  -42.016  0.954  38.496 0.0000000000
65284  -42.855  1.589  38.624 0.0000000000
65261  -43.557  1.717  40.313 0.0000000000
66086  -44.051  2.129  40.658 0.0000000000
66087  -44.577  2.714  40.998 0.0000000000
66963  -45.632  3.596  40.617 0.0000000000
66976  -45.663  3.620  39.879 0.0000000000
120862  -46.164  3.966  40.670 0.0000000000
66964  -46.695  4.372  40.708 0.0000000000
67881  -47.857  4.900  40.337 0.0000000000
113603  -47.732  4.724  39.548 0.0000000000
121888  -48.179  4.327  37.863 0.0000000000
105847  -47.848  3.439  36.756 0.0000000000
66158  -47.048  2.603  35.329 0.0000000000
66159  -47.818  2.776  35.362 0.0000000000
66166  -47.489  2.743  34.725 0.0000000000
36380  -18.574  -31.636  70.192 0.0000000000
37225  -17.899  -31.275  70.820 0.0000000000
36369  -18.935  -31.280  71.996 0.0000000000
37212  -17.227  -30.896  71.427 0.0000000000
37200  -16.701  -30.813  72.223 0.0000000000
106386  -16.289  -30.903  72.881 0.0000000000
37184  -21.216  -30.159  75.448 0.0000000000
37183  -20.402  -29.979  75.189 0.0000000000
37182  -19.231  -30.272  74.677 0.0000000000
126318  -19.173  -29.691  76.038 0.0000000000
38075  -18.739  -29.866  75.457 0.0000000000
108946  -17.270  -30.838  73.757 0.0000000000
108620  -16.457  -30.895  73.733 0.0000000000
37190  -15.620  -30.918  73.243 0.0000000000
37179  -15.690  -30.899  74.178 0.0000000000
118645  -15.080  -30.893  74.590 0.0000000000
38066  -15.467  -29.793  75.963 0.0000000000
38939  -13.368  -28.739  77.880 0.0000000000
38042  -13.682  -29.132  78.113 0.0000000000
37154  -13.234  -30.861  77.891 0.0000000000
49551  -44.842  -15.714  58.573 0.0000000000
50376  -44.070  -15.522  57.213 0.0000000000
109769  -43.267  -13.793  55.977 0.0000000000
52060  -43.954  -13.198  57.256 0.0000000000
53929  -44.050  -11.453  57.158 0.0000000000
54894  -44.134  -10.582  57.037 0.0000000000
120701  -40.800  -8.712  52.638 0.0000000000
113231  -40.148  -9.597  51.939 0.0000000000
55864  -39.318  -9.795  50.941 0.0000000000
56757  -39.751  -8.712  51.225 0.0000000000
55892  -39.851  -8.939  49.315 0.0000000000
127157  -39.358  -9.638  47.980 0.0000000000
52125  -37.873  -13.344  48.772 0.0000000000
122502  -37.452  -12.159  48.602 0.0000000000
54000  -36.671  -12.189  47.739 0.0000000000
54980  -37.125  -11.348  47.236 0.0000000000
55015  -35.747  -11.240  46.415 0.0000000000
54999  -37.202  -10.989  46.444 0.0000000000
54075  -36.712  -11.324  44.000 0.0000000000
55018  -38.435  -10.794  45.028 0.0000000000
55035  -38.632  -10.596  44.091 0.0000000000
55957  -39.254  -10.119  43.976 0.0000000000
35680  -27.351  -33.253  66.618 0.0000000000
35672  -28.016  -32.262  67.789 0.0000000000
37261  -28.110  -30.144  68.085 0.0000000000
40741  -26.699  -26.879  59.014 0.0000000000
40731  -28.329  -26.666  60.489 0.0000000000
40732  -29.049  -26.415  60.875 0.0000000000
40721  -29.863  -26.662  62.132 0.0000000000
40712  -30.506  -26.660  62.622 0.0000000000
41564  -31.252  -26.351  62.937 0.0000000000
45140  -29.951  -22.264  55.973 0.0000000000
43387  -29.711  -23.176  57.471 0.0000000000
43375  -29.995  -23.376  58.167 0.0000000000
44255  -32.341  -22.275  57.962 0.0000000000
44254  -31.384  -22.253  58.121 0.0000000000
44234  -30.673  -22.863  58.425 0.0000000000
42472  -30.566  -24.560  59.610 0.0000000000
42461  -31.665  -24.547  60.618 0.0000000000
42448  -31.115  -25.199  61.093 0.0000000000
41547  -32.025  -26.190  64.081 0.0000000000
118231  -32.584  -25.866  64.384 0.0000000000
41532  -32.809  -25.953  65.149 0.0000000000
41549  -33.226  -25.523  64.582 0.0000000000
115264  -34.819  -24.028  63.302 0.0000000000
125411  -34.942  -24.048  63.880 0.0000000000
42411  -35.149  -24.087  64.483 0.0000000000
37247  -17.626  -31.149  67.909 0.0000000000
37271  -17.958  -31.052  66.147 0.0000000000
36419  -18.698  -31.538  66.694 0.0000000000
33308  -24.853  -35.992  69.852 0.0000000000
56822  -41.358  -8.335  45.647 0.0000000000
117433  -41.913  -7.768  46.130 0.0000000000
57696  -42.701  -7.473  47.352 0.0000000000
59437  -41.751  -5.509  44.578 0.0000000000
59425  -41.980  -5.946  44.973 0.0000000000
58581  -42.437  -6.216  45.524 0.0000000000
58559  -43.529  -6.483  47.299 0.0000000000
58551  -43.853  -6.796  48.533 0.0000000000
58545  -44.240  -6.623  49.296 0.0000000000
59373  -45.669  -5.541  50.581 0.0000000000
59382  -45.604  -5.475  49.741 0.0000000000
62755  -43.440  -1.132  45.875 0.0000000000
61962  -43.196  -1.991  45.738 0.0000000000
113432  -43.763  -2.427  46.606 0.0000000000
61929  -44.844  -2.984  48.106 0.0000000000
61930  -45.438  -2.502  48.607 0.0000000000
61044  -45.375  -3.352  48.692 0.0000000000
110724  -49.132  5.197  39.839 0.0000000000
108259  -49.677  5.481  39.742 0.0000000000
68763  -50.239  5.744  40.014 0.0000000000
68773  -50.026  5.708  39.252 0.0000000000
68774  -50.771  6.125  39.398 0.0000000000
121020  -51.545  6.364  39.832 0.0000000000
123164  -50.498  5.370  37.449 0.0000000000
67920  -51.128  4.614  36.184 0.0000000000
68792  -50.813  5.063  36.872 0.0000000000
126409  -51.106  6.280  38.017 0.0000000000
69646  -51.624  6.610  38.418 0.0000000000
70527  -53.089  7.711  39.548 0.0000000000
70528  -53.540  8.365  38.920 0.0000000000
69656  -53.155  7.652  37.400 0.0000000000
71383  -54.370  9.124  38.742 0.0000000000
68810  -52.865  4.927  34.569 0.0000000000
70557  -54.398  7.813  34.736 0.0000000000
70549  -54.334  8.074  35.424 0.0000000000
72257  -54.409  9.954  37.264 0.0000000000
73111  -56.198  10.538  32.120 0.0000000000
35685  -25.978  -32.947  65.040 0.0000000000
36376  -20.100  -31.756  71.390 0.0000000000
37170  -16.793  -30.200  75.301 0.0000000000
37172  -20.981  -30.102  75.861 0.0000000000
37195  -21.949  -30.535  74.883 0.0000000000
38046  -15.440  -29.566  77.432 0.0000000000
38057  -19.069  -29.859  76.288 0.0000000000
38933  -14.527  -29.002  77.844 0.0000000000
38940  -14.230  -28.920  77.835 0.0000000000
38941  -14.981  -29.154  77.573 0.0000000000
38943  -16.213  -29.645  76.864 0.0000000000
38950  -15.454  -29.219  77.058 0.0000000000
44210  -37.173  -23.198  60.394 0.0000000000
55052  -38.750  -10.013  43.339 0.0000000000
66945  -45.830  3.590  41.743 0.0000000000
68723  -47.892  4.700  44.681 0.0000000000
68750  -50.129  5.563  41.813 0.0000000000
120018  -38.705  -6.011  41.498 0.0000000000
121042  -38.744  -15.673  50.939 0.0000000000
123704  -38.040  -11.026  49.299 0.0000000000
126093  -54.135  9.105  31.763 0.0000000000
126382  -21.085  -32.489  66.333 0.0000000000
126661  -45.978  3.835  40.263 0.0000000000
128253  -43.448  -2.264  46.216 0.0000000000
