#!ascii label  , from subject sub-v2s18x29502_ses-1 vox2ras=TkReg
789
17694  -47.666  -56.215  -4.698 0.5000000000
18492  -46.457  -56.342  -6.052 0.8000000119
19257  -46.092  -54.679  -4.366 0.8000000119
19264  -46.562  -55.394  -5.534 0.8000000119
18487  -46.706  -55.821  -5.834 0.8000000119
126531  -47.713  -56.422  -3.639 0.5000000000
17704  -46.908  -56.381  -5.620 0.5000000000
18488  -47.289  -55.764  -5.424 0.6000000238
19249  -44.462  -54.153  -2.536 0.6999999881
19250  -45.186  -54.842  -3.621 0.6999999881
20052  -47.480  -54.396  -4.969 0.8000000119
19266  -47.875  -54.920  -5.017 0.6999999881
18471  -47.616  -56.160  -2.846 0.6000000238
126344  -48.281  -55.962  -3.651 0.5000000000
19259  -49.286  -54.904  -4.005 0.6000000238
20838  -43.572  -52.619  -1.379 0.6999999881
18480  -48.383  -55.368  -4.449 0.6000000238
19260  -49.491  -54.261  -4.351 0.6000000238
20839  -44.223  -52.566  -1.719 0.6999999881
20849  -44.745  -53.117  -2.257 0.6999999881
20045  -46.582  -53.952  -4.081 0.6999999881
19267  -48.776  -54.569  -4.704 0.6000000238
20055  -49.789  -53.529  -4.574 0.6000000238
20046  -47.903  -53.708  -4.893 0.8000000119
20053  -48.276  -54.181  -5.055 0.8000000119
20054  -49.028  -53.880  -4.993 0.6999999881
19251  -48.567  -54.922  -2.921 0.4000000060
19252  -49.212  -54.681  -3.432 0.6000000238
21606  -43.891  -51.670  -1.612 0.6999999881
20047  -50.006  -53.729  -3.779 0.6000000238
20850  -45.470  -52.606  -2.566 0.6999999881
20037  -45.525  -53.773  -3.183 0.6999999881
115953  -47.171  -53.363  -4.085 0.6999999881
20875  -49.317  -52.884  -5.020 0.6999999881
117924  -50.421  -50.975  -5.547 0.5000000000
20862  -46.849  -52.477  -3.496 0.6000000238
20863  -47.704  -52.595  -4.240 0.6000000238
118330  -48.531  -52.396  -4.741 0.6000000238
22462  -49.799  -50.762  -5.654 0.6000000238
21644  -48.904  -51.380  -4.943 0.6000000238
126367  -48.869  -50.469  -5.462 0.5000000000
20853  -48.978  -53.098  -2.776 0.4000000060
20039  -48.760  -54.082  -2.881 0.5000000000
21605  -42.457  -50.884  -1.315 0.6999999881
20854  -49.951  -53.249  -3.376 0.6000000238
128074  -50.236  -52.759  -3.411 0.6000000238
21617  -45.319  -51.551  -2.464 0.6999999881
20865  -50.840  -52.416  -3.850 0.6000000238
20851  -46.186  -51.989  -2.881 0.6999999881
21646  -51.238  -51.330  -4.687 0.5000000000
22463  -51.524  -50.341  -5.015 0.6000000238
21630  -46.889  -51.464  -3.510 0.6999999881
21631  -47.833  -51.369  -4.258 0.6000000238
22478  -50.490  -49.953  -6.418 0.5000000000
116014  -51.076  -49.799  -6.175 0.5000000000
108087  -47.965  -50.504  -4.792 0.5000000000
21592  -39.700  -51.224  -0.236 0.6000000238
22417  -39.915  -50.685  -1.394 0.6000000238
20840  -48.041  -52.428  -2.081 0.5000000000
20841  -48.736  -51.970  -2.399 0.5000000000
22419  -41.396  -50.432  -1.592 0.6999999881
21604  -41.682  -50.818  -0.982 0.6999999881
105960  -49.738  -52.355  -2.961 0.5000000000
22434  -50.532  -50.431  -2.735 0.4000000060
125315  -43.231  -51.061  -1.531 0.6999999881
21620  -51.178  -51.263  -3.300 0.5000000000
21615  -43.722  -50.732  -1.995 0.6999999881
22433  -45.010  -50.592  -2.825 0.6999999881
22435  -51.941  -50.257  -2.962 0.5000000000
21629  -45.941  -51.034  -2.999 0.6999999881
22448  -46.324  -50.602  -3.628 0.6000000238
23204  -52.116  -50.065  -4.101 0.5000000000
22449  -47.062  -50.536  -4.110 0.6000000238
23203  -51.439  -49.552  -5.233 0.5000000000
22475  -47.202  -49.991  -4.963 0.5000000000
22476  -48.218  -49.855  -6.008 0.5000000000
22477  -49.454  -49.853  -6.486 0.5000000000
22484  -50.559  -49.316  -6.779 0.5000000000
23216  -49.920  -49.024  -7.222 0.5000000000
23952  -49.889  -48.488  -5.291 0.3000000119
22422  -48.199  -50.103  -1.701 0.3000000119
21602  -38.675  -51.485  -1.469 0.6000000238
21603  -39.432  -50.990  -0.976 0.6000000238
21608  -48.491  -51.021  -2.066 0.4000000060
22423  -49.223  -50.144  -2.224 0.4000000060
22429  -41.665  -50.202  -2.552 0.6000000238
22421  -42.952  -50.453  -1.953 0.6999999881
22432  -44.142  -50.330  -2.675 0.6999999881
23196  -52.125  -49.790  -3.312 0.5000000000
22447  -45.530  -50.313  -3.602 0.5000000000
122653  -51.960  -49.519  -4.028 0.5000000000
22461  -46.193  -50.085  -4.395 0.5000000000
23954  -51.461  -49.040  -4.402 0.4000000060
23953  -50.806  -48.823  -5.902 0.3000000119
23227  -48.969  -48.641  -7.374 0.5000000000
23960  -49.782  -48.255  -6.741 0.4000000060
21612  -37.974  -52.072  -2.215 0.6000000238
21614  -39.268  -51.096  -2.054 0.6000000238
22427  -40.072  -50.622  -2.142 0.6000000238
22428  -40.825  -50.354  -2.322 0.6000000238
22442  -41.021  -50.374  -3.377 0.6000000238
23187  -50.481  -49.175  -2.070 0.3000000119
115598  -51.397  -49.372  -2.594 0.4000000060
22430  -42.678  -50.037  -2.754 0.6000000238
23188  -51.220  -48.482  -2.119 0.3000000119
120162  -43.612  -49.965  -3.254 0.6000000238
24668  -50.872  -47.417  -1.967 0.3000000119
23189  -51.753  -49.166  -2.756 0.3000000119
22446  -44.528  -50.008  -3.657 0.6000000238
23931  -50.133  -47.691  -2.825 0.3000000119
23943  -51.231  -48.486  -3.364 0.3000000119
22459  -44.235  -50.084  -5.038 0.5000000000
22460  -45.148  -49.914  -4.523 0.5000000000
23941  -49.210  -48.295  -3.910 0.3000000119
23942  -50.511  -48.301  -3.603 0.3000000119
23202  -46.332  -49.641  -5.610 0.5000000000
121944  -47.194  -49.574  -6.171 0.5000000000
23951  -48.755  -48.194  -5.176 0.3000000119
23959  -49.107  -47.748  -7.027 0.4000000060
117801  -49.239  -47.911  -6.469 0.3000000119
20848  -38.036  -52.450  -3.595 0.5000000000
21626  -38.870  -51.928  -3.550 0.6000000238
21627  -39.602  -51.645  -4.058 0.5000000000
22443  -41.951  -50.190  -3.666 0.6000000238
24666  -49.156  -46.656  -1.631 0.3000000119
22444  -42.948  -50.035  -4.028 0.6000000238
24682  -48.292  -47.638  -2.389 0.3000000119
120367  -49.309  -47.890  -3.087 0.3000000119
22445  -43.762  -49.940  -4.263 0.6000000238
22474  -45.540  -49.736  -5.258 0.5000000000
112409  -46.208  -49.085  -6.367 0.5000000000
23971  -48.799  -47.927  -7.227 0.4000000060
23970  -47.854  -47.830  -6.895 0.4000000060
20859  -38.358  -52.475  -4.516 0.5000000000
20860  -38.897  -52.344  -4.848 0.5000000000
21641  -39.607  -52.085  -5.388 0.5000000000
22441  -40.264  -50.712  -3.116 0.5000000000
21642  -40.471  -51.622  -5.440 0.5000000000
25463  -47.733  -46.040  -1.128 0.3000000119
24665  -48.045  -47.002  -1.641 0.3000000119
22458  -43.202  -50.253  -5.272 0.6000000238
23212  -45.560  -49.477  -5.889 0.5000000000
23958  -48.508  -47.689  -6.361 0.4000000060
24713  -47.194  -47.382  -6.464 0.4000000060
20873  -38.794  -52.345  -5.495 0.5000000000
21653  -40.134  -51.955  -5.993 0.5000000000
26220  -46.646  -44.582  -0.281 0.4000000060
25454  -45.821  -46.139  -0.618 0.4000000060
22456  -41.178  -50.832  -4.709 0.5000000000
22457  -42.121  -50.571  -5.040 0.5000000000
25462  -46.522  -46.741  -1.056 0.4000000060
24664  -46.897  -47.403  -1.664 0.3000000119
22482  -41.273  -51.137  -6.150 0.4000000060
24680  -46.183  -48.130  -2.468 0.3000000119
22472  -43.917  -50.063  -5.711 0.4000000060
23211  -44.564  -49.705  -5.886 0.4000000060
123955  -46.973  -47.769  -6.638 0.4000000060
21651  -38.696  -52.312  -5.541 0.5000000000
21652  -39.318  -52.145  -5.916 0.5000000000
21654  -39.932  -51.878  -6.175 0.5000000000
26219  -45.619  -44.756  -0.232 0.4000000060
21643  -41.071  -51.325  -5.788 0.5000000000
22481  -40.574  -51.094  -6.433 0.4000000060
25453  -44.627  -46.342  -0.422 0.4000000060
24655  -44.744  -47.200  -0.903 0.4000000060
111849  -41.268  -50.663  -6.349 0.4000000060
22483  -42.002  -50.447  -6.062 0.4000000060
112435  -44.843  -47.790  -1.694 0.4000000060
22471  -43.006  -50.241  -5.853 0.4000000060
23210  -43.766  -49.941  -6.058 0.4000000060
23223  -44.411  -49.280  -6.211 0.4000000060
23224  -45.328  -49.133  -6.232 0.4000000060
23968  -45.090  -48.150  -6.328 0.4000000060
109962  -46.593  -47.110  -6.438 0.4000000060
24704  -46.546  -46.747  -6.030 0.4000000060
25496  -46.581  -46.890  -6.238 0.4000000060
22455  -38.569  -51.474  -5.572 0.5000000000
117493  -38.943  -51.046  -5.905 0.4000000060
26210  -45.008  -44.254  0.119 0.4000000060
26218  -44.481  -45.478  -0.059 0.4000000060
116755  -39.419  -50.973  -6.315 0.5000000000
23218  -40.036  -50.495  -6.578 0.4000000060
24662  -44.012  -47.624  -1.620 0.4000000060
23209  -42.790  -49.787  -6.208 0.4000000060
23222  -43.619  -49.348  -6.256 0.4000000060
24696  -46.023  -46.910  -5.302 0.3000000119
116460  -45.797  -46.980  -6.415 0.4000000060
23207  -39.187  -50.011  -5.766 0.4000000060
23208  -39.651  -49.754  -6.362 0.4000000060
25452  -43.561  -46.438  -0.323 0.4000000060
117547  -40.233  -49.441  -6.612 0.4000000060
23219  -40.741  -50.131  -6.569 0.4000000060
23963  -40.600  -48.419  -6.689 0.4000000060
121996  -40.882  -49.273  -6.646 0.4000000060
23221  -42.148  -48.894  -6.232 0.4000000060
23966  -42.951  -48.636  -6.331 0.4000000060
23967  -44.009  -48.148  -6.304 0.4000000060
25489  -45.516  -46.424  -5.590 0.4000000060
25501  -45.068  -46.271  -6.189 0.4000000060
25494  -45.224  -46.158  -5.979 0.4000000060
24702  -39.182  -47.904  -4.982 0.4000000060
23957  -39.370  -48.863  -5.838 0.4000000060
23962  -39.815  -48.659  -6.434 0.4000000060
24707  -40.027  -47.727  -6.651 0.4000000060
23964  -41.427  -48.667  -6.524 0.4000000060
23965  -42.127  -47.911  -6.352 0.4000000060
25488  -44.858  -46.182  -5.269 0.4000000060
24710  -42.585  -46.832  -6.547 0.4000000060
24711  -43.190  -47.488  -6.404 0.4000000060
114745  -44.195  -46.824  -6.411 0.4000000060
24703  -39.444  -47.888  -6.083 0.4000000060
119131  -39.614  -47.185  -6.400 0.4000000060
25497  -40.149  -46.888  -6.874 0.4000000060
24708  -40.759  -47.331  -6.937 0.4000000060
25498  -40.812  -46.407  -7.198 0.4000000060
24709  -41.617  -47.148  -6.708 0.4000000060
26257  -44.412  -45.617  -5.734 0.3000000119
25500  -44.178  -45.895  -6.383 0.4000000060
26260  -44.460  -45.662  -6.080 0.4000000060
107883  -39.007  -46.834  -4.809 0.4000000060
118200  -39.224  -47.055  -5.808 0.4000000060
25492  -39.121  -46.183  -5.634 0.4000000060
25493  -39.516  -46.386  -6.445 0.4000000060
120522  -40.132  -46.177  -7.000 0.4000000060
125335  -41.167  -46.773  -7.086 0.4000000060
127658  -41.935  -46.108  -6.942 0.4000000060
25487  -44.090  -45.930  -4.771 0.4000000060
25499  -43.301  -45.755  -6.699 0.4000000060
26259  -43.464  -44.906  -6.685 0.5000000000
114086  -38.920  -44.545  -5.346 0.4000000060
121813  -39.157  -44.767  -6.125 0.4000000060
26255  -39.294  -45.533  -6.258 0.4000000060
27054  -39.482  -44.877  -6.733 0.4000000060
26258  -39.753  -45.593  -6.857 0.4000000060
120586  -42.794  -45.095  -7.237 0.4000000060
27052  -43.353  -44.511  -6.196 0.5000000000
109186  -38.736  -43.750  -5.344 0.4000000060
27050  -39.009  -44.111  -5.979 0.4000000060
27053  -39.227  -44.173  -6.609 0.4000000060
27059  -42.971  -44.418  -7.232 0.4000000060
27055  -43.166  -44.353  -6.771 0.5000000000
28581  -38.500  -42.892  -5.336 0.4000000060
108941  -38.526  -42.381  -6.128 0.4000000060
28587  -38.852  -42.570  -6.651 0.4000000060
27836  -42.916  -43.881  -7.200 0.5000000000
30241  -37.584  -40.474  -5.625 0.4000000060
28583  -38.196  -42.012  -5.296 0.4000000060
29447  -37.876  -40.993  -6.150 0.4000000060
29444  -38.202  -41.600  -6.118 0.4000000060
29448  -38.195  -41.181  -6.675 0.4000000060
30245  -38.228  -40.749  -7.057 0.5000000000
29443  -37.825  -41.228  -5.399 0.4000000060
23213  -46.729  -49.297  -6.328 0.5000000000
23225  -47.192  -48.558  -6.766 0.5000000000
24706  -48.052  -47.703  -6.681 0.4000000060
17693  -47.177  -56.728  -4.087 0.5000000000
18479  -45.704  -55.468  -5.113 0.8000000119
17679  -46.583  -56.210  -2.065 0.5000000000
19235  -44.010  -53.360  -1.792 0.6999999881
18458  -46.325  -55.472  -1.391 0.5000000000
112809  -42.967  -52.790  -1.008 0.6999999881
20038  -47.900  -54.068  -2.475 0.4000000060
108494  -47.050  -55.493  -2.164 0.4000000060
20837  -42.962  -51.850  -1.121 0.6999999881
22408  -40.165  -50.757  -0.783 0.6999999881
20026  -47.331  -53.560  -1.771 0.4000000060
20825  -47.483  -51.921  -1.264 0.4000000060
21591  -38.919  -51.512  -0.485 0.6000000238
21607  -47.738  -51.017  -1.518 0.4000000060
20836  -37.287  -52.439  -1.762 0.6000000238
127578  -37.472  -52.575  -3.007 0.5000000000
20872  -38.370  -52.460  -5.186 0.5000000000
20883  -38.369  -52.391  -5.283 0.4000000060
23201  -38.609  -50.390  -4.981 0.4000000060
23195  -38.397  -49.435  -3.861 0.4000000060
23948  -39.033  -49.074  -4.664 0.4000000060
118458  -38.894  -48.192  -4.064 0.4000000060
108870  -38.843  -47.418  -3.956 0.4000000060
25486  -38.917  -45.939  -4.622 0.4000000060
26250  -38.767  -45.113  -4.516 0.4000000060
27046  -38.555  -44.268  -4.499 0.4000000060
27829  -38.360  -43.412  -4.463 0.4000000060
18486  -46.111  -56.183  -6.233 0.8000000119
19258  -46.837  -54.718  -5.092 0.8000000119
18459  -48.129  -55.555  -2.867 0.5000000000
19253  -49.567  -54.375  -3.709 0.6000000238
20876  -50.140  -52.699  -4.767 0.6999999881
20874  -48.522  -53.449  -4.999 0.6999999881
21633  -51.005  -51.894  -3.626 0.6000000238
20884  -50.572  -51.727  -5.083 0.6000000238
21645  -49.935  -51.930  -5.244 0.6000000238
22420  -42.170  -50.342  -1.911 0.6999999881
22450  -51.663  -51.020  -3.454 0.5000000000
118894  -48.063  -51.670  -1.856 0.5000000000
21618  -49.406  -51.250  -2.581 0.5000000000
23214  -47.918  -49.174  -6.963 0.5000000000
22473  -44.727  -49.808  -5.514 0.5000000000
23969  -46.203  -48.060  -6.507 0.4000000060
24705  -47.089  -47.164  -6.300 0.4000000060
24712  -44.873  -47.172  -6.375 0.4000000060
124415  -43.534  -46.514  -6.508 0.4000000060
109245  -38.565  -41.901  -6.697 0.4000000060
14766  -36.875  -60.482  -8.424 0.4000000060
122734  -37.288  -61.026  -7.769 0.4000000060
13237  -37.433  -61.922  -6.030 0.4000000060
12483  -37.361  -63.301  -5.527 0.4000000060
13994  -37.289  -60.497  -6.847 0.4000000060
114338  -37.529  -62.664  -5.112 0.4000000060
13226  -37.892  -61.561  -5.040 0.4000000060
13216  -39.017  -62.394  -2.968 0.5000000000
14760  -36.959  -59.859  -6.634 0.4000000060
13982  -37.616  -60.716  -5.749 0.4000000060
13973  -38.575  -61.156  -4.449 0.5000000000
13964  -38.879  -61.784  -3.841 0.5000000000
14732  -40.137  -60.873  -3.753 0.6000000238
14751  -36.692  -59.790  -6.041 0.4000000060
14752  -37.319  -60.019  -5.707 0.4000000060
14741  -38.666  -60.459  -4.215 0.4000000060
13965  -39.680  -61.524  -3.492 0.5000000000
19237  -47.342  -54.577  -2.139 0.3000000119
20025  -46.748  -53.776  -1.134 0.4000000060
108721  -39.834  -61.888  -2.819 0.5000000000
17677  -44.962  -56.863  -1.279 0.5000000000
18457  -45.902  -55.798  -1.102 0.4000000060
14731  -37.325  -59.809  -3.568 0.4000000060
13974  -39.367  -60.976  -3.990 0.5000000000
118420  -37.478  -59.850  -4.276 0.4000000060
14740  -37.842  -59.968  -4.599 0.4000000060
13966  -40.335  -61.254  -3.318 0.6000000238
14724  -41.207  -60.641  -3.177 0.6000000238
15468  -42.227  -59.851  -3.869 0.6999999881
16926  -46.052  -56.906  -2.420 0.5000000000
15467  -41.653  -60.130  -2.851 0.6999999881
16192  -42.822  -58.631  -1.781 0.6999999881
16925  -45.103  -57.283  -2.057 0.6999999881
16200  -42.747  -59.022  -3.241 0.6999999881
123537  -43.266  -58.462  -2.746 0.6999999881
14742  -39.711  -60.310  -3.927 0.6000000238
14743  -40.676  -60.361  -4.032 0.6000000238
15486  -41.364  -60.000  -4.427 0.6000000238
15482  -37.943  -59.626  -3.921 0.4000000060
15475  -39.231  -59.412  -3.571 0.5000000000
15485  -40.513  -59.983  -4.170 0.6000000238
14734  -41.128  -60.482  -3.887 0.6000000238
15478  -42.135  -59.592  -4.592 0.6000000238
15477  -41.660  -60.238  -4.017 0.6000000238
17684  -47.055  -56.661  -3.020 0.5000000000
122651  -38.217  -59.236  -2.851 0.6000000238
16203  -38.799  -58.999  -3.096 0.6000000238
16204  -39.587  -58.887  -3.385 0.6999999881
15476  -40.120  -59.447  -3.831 0.6000000238
16210  -40.995  -59.497  -4.449 0.6000000238
16212  -42.761  -59.039  -5.339 0.6000000238
15484  -39.689  -59.832  -3.831 0.6000000238
16208  -43.395  -58.816  -5.330 0.6000000238
16943  -44.069  -58.411  -4.635 0.6999999881
16944  -44.903  -57.780  -4.900 0.6999999881
111590  -44.554  -57.821  -3.653 0.6999999881
17692  -46.479  -57.091  -3.576 0.6000000238
16935  -45.453  -57.475  -3.315 0.6999999881
16198  -39.189  -58.479  -2.518 0.6000000238
16199  -40.013  -58.308  -3.049 0.6999999881
16940  -40.768  -58.198  -3.669 0.6999999881
16205  -40.446  -58.892  -3.894 0.6999999881
16949  -42.196  -58.670  -5.128 0.6000000238
17703  -46.904  -56.700  -5.217 0.5000000000
16213  -43.512  -58.484  -5.817 0.6999999881
16209  -44.038  -58.352  -5.864 0.6999999881
16945  -45.956  -57.386  -4.645 0.6000000238
17683  -43.152  -56.171  -3.394 0.6999999881
17691  -44.342  -56.490  -5.060 0.6999999881
16932  -41.132  -57.404  -3.171 0.6999999881
17690  -43.506  -56.704  -4.597 0.6000000238
123272  -43.961  -57.225  -5.615 0.5000000000
16941  -41.553  -58.093  -4.374 0.6999999881
16942  -42.365  -57.893  -4.987 0.6000000238
16214  -44.054  -58.159  -6.171 0.6999999881
16953  -45.699  -57.122  -6.328 0.5000000000
16951  -44.757  -57.658  -6.056 0.6999999881
16952  -45.584  -57.436  -5.795 0.6000000238
18477  -43.941  -55.902  -3.788 0.6999999881
18478  -44.797  -55.669  -4.352 0.6999999881
18470  -44.337  -55.139  -3.121 0.6999999881
17702  -45.581  -56.874  -6.380 0.6000000238
18485  -45.270  -56.352  -5.837 0.6999999881
17678  -45.617  -56.447  -1.373 0.5000000000
17701  -44.708  -57.157  -6.102 0.6000000238
13227  -38.336  -61.952  -4.347 0.4000000060
14739  -37.034  -59.839  -5.006 0.4000000060
13983  -37.924  -60.541  -4.921 0.4000000060
15483  -38.773  -59.873  -3.866 0.4000000060
16193  -43.529  -58.039  -1.837 0.6999999881
16934  -44.640  -57.629  -2.715 0.6999999881
16211  -41.868  -59.331  -4.865 0.6000000238
15474  -38.440  -59.411  -3.451 0.6999999881
16206  -41.314  -58.855  -4.548 0.6000000238
17688  -41.895  -57.217  -3.767 0.6999999881
122641  -43.634  -58.238  -6.027 0.6000000238
16931  -40.364  -57.620  -2.609 0.5000000000
15466  -37.863  -59.334  -2.267 0.4000000060
16197  -38.439  -58.919  -2.344 0.5000000000
17682  -41.583  -56.616  -2.601 0.6000000238
14715  -36.942  -60.152  -1.867 0.4000000060
15457  -37.524  -59.648  -1.616 0.5000000000
114725  -38.160  -59.087  -1.472 0.5000000000
16191  -39.259  -58.107  -1.612 0.5000000000
17674  -40.768  -56.822  -1.971 0.5000000000
122968  -40.832  -56.290  -1.246 0.5000000000
16930  -39.718  -57.930  -2.267 0.5000000000
17676  -42.093  -55.880  -2.052 0.5000000000
17675  -41.378  -56.125  -1.657 0.5000000000
18455  -42.553  -55.112  -1.626 0.6999999881
18454  -41.775  -55.360  -1.281 0.6000000238
19233  -42.926  -54.271  -1.402 0.6000000238
14705  -37.264  -60.191  -1.008 0.5000000000
15444  -38.238  -59.070  -0.574 0.5000000000
16179  -39.368  -57.817  -0.712 0.5000000000
17664  -40.600  -56.154  -0.572 0.5000000000
16911  -40.362  -56.724  -1.013 0.5000000000
18468  -42.847  -55.655  -2.431 0.6000000238
17665  -41.109  -55.705  -0.923 0.6000000238
18444  -42.188  -54.523  -0.939 0.5000000000
20024  -43.278  -53.456  -1.359 0.6000000238
15430  -37.985  -59.444  0.225 0.5000000000
121795  -39.050  -58.231  -0.093 0.5000000000
16891  -39.347  -56.896  1.144 0.5000000000
17663  -39.736  -56.677  0.319 0.5000000000
18442  -40.779  -55.503  -0.133 0.5000000000
18456  -43.276  -54.897  -1.995 0.6000000238
18443  -41.421  -54.897  -0.409 0.5000000000
20012  -42.519  -53.508  -0.771 0.6000000238
14694  -37.457  -60.194  -0.122 0.5000000000
16170  -38.782  -58.234  0.672 0.5000000000
16901  -38.880  -57.608  1.302 0.5000000000
17640  -38.820  -56.920  1.885 0.5000000000
18400  -39.057  -55.346  2.077 0.6000000238
17650  -39.716  -56.054  1.088 0.4000000060
19170  -38.620  -54.784  2.105 0.4000000060
18415  -39.653  -55.239  1.501 0.5000000000
18428  -40.330  -55.260  0.717 0.5000000000
17651  -40.269  -56.064  0.215 0.4000000060
19187  -38.169  -54.227  1.892 0.4000000060
19188  -38.823  -54.190  1.753 0.5000000000
19190  -40.071  -54.376  1.238 0.5000000000
19981  -37.767  -53.664  1.487 0.4000000060
117561  -40.632  -53.864  0.754 0.6000000238
19219  -41.764  -53.954  -0.253 0.6000000238
20823  -42.361  -52.493  -0.645 0.6000000238
21595  -42.093  -51.575  -0.725 0.6000000238
19189  -39.285  -54.611  1.721 0.5000000000
19996  -38.249  -53.043  1.075 0.5000000000
20804  -39.550  -52.337  0.730 0.5000000000
20787  -39.903  -52.941  1.143 0.5000000000
19995  -37.423  -53.218  0.865 0.4000000060
20802  -37.903  -52.622  0.418 0.5000000000
20805  -40.320  -52.365  0.620 0.6000000238
113642  -40.579  -53.092  0.780 0.6000000238
122548  -41.200  -51.992  -0.028 0.6000000238
21578  -39.226  -51.793  0.247 0.5000000000
20835  -36.459  -52.971  -2.099 0.3000000119
20819  -36.752  -52.732  -0.902 0.4000000060
20010  -37.083  -52.863  0.082 0.4000000060
20820  -37.573  -52.381  -0.452 0.5000000000
21579  -39.989  -51.661  0.334 0.5000000000
21593  -40.433  -51.189  -0.257 0.6000000238
22454  -38.033  -51.378  -4.972 0.3000000119
21639  -37.737  -52.295  -5.005 0.3000000119
116540  -37.838  -52.676  -4.679 0.4000000060
20858  -37.303  -52.994  -4.072 0.4000000060
23194  -37.638  -49.619  -3.390 0.3000000119
25477  -38.734  -46.521  -3.797 0.3000000119
119638  -38.546  -47.960  -3.369 0.3000000119
110337  -38.563  -45.691  -3.737 0.3000000119
26243  -38.270  -44.907  -3.579 0.3000000119
27828  -38.103  -42.538  -4.389 0.3000000119
23200  -37.964  -50.350  -4.161 0.3000000119
18469  -43.585  -55.414  -2.778 0.5000000000
16178  -38.713  -58.488  -0.925 0.5000000000
18429  -40.884  -54.898  0.233 0.5000000000
19997  -41.221  -53.455  0.326 0.6000000238
17666  -44.980  -56.512  -0.602 0.3000000119
16181  -43.156  -58.124  -0.758 0.6000000238
106700  -44.500  -57.257  -1.325 0.6000000238
19208  -47.215  -53.543  0.359 0.3000000119
19220  -46.588  -54.098  -0.335 0.3000000119
18431  -46.365  -54.699  0.485 0.3000000119
18445  -45.993  -55.034  -0.377 0.3000000119
19236  -46.498  -54.681  -1.258 0.3000000119
16912  -43.842  -57.562  -0.985 0.6000000238
16913  -44.352  -57.010  -0.397 0.5000000000
121409  -47.626  -53.121  0.742 0.3000000119
125842  -47.384  -53.034  0.302 0.3000000119
115618  -47.002  -53.295  -0.199 0.3000000119
20013  -47.042  -53.075  -0.865 0.3000000119
18430  -45.668  -55.387  0.429 0.3000000119
17667  -45.382  -55.895  -0.253 0.3000000119
17652  -44.746  -56.411  0.273 0.4000000060
15473  -37.702  -59.509  -3.036 0.4000000060
19986  -48.007  -53.373  1.148 0.3000000119
19999  -47.267  -52.827  0.486 0.3000000119
19998  -47.166  -52.854  -0.117 0.3000000119
11691  -38.393  -64.756  -3.535 0.5000000000
10933  -38.761  -65.027  -3.105 0.5000000000
12499  -37.181  -63.171  -6.493 0.4000000060
11729  -37.462  -64.051  -5.082 0.4000000060
114508  -37.886  -64.551  -4.754 0.4000000060
10954  -38.774  -65.309  -3.917 0.5000000000
13200  -39.995  -62.346  -0.905 0.5000000000
12428  -39.651  -63.557  -1.319 0.5000000000
11690  -37.972  -64.201  -3.650 0.5000000000
115911  -38.394  -64.364  -3.038 0.5000000000
12451  -37.759  -63.526  -3.952 0.4000000060
14695  -41.571  -60.406  0.262 0.6000000238
14707  -41.194  -60.399  -0.678 0.6000000238
14706  -40.705  -61.035  -1.033 0.5000000000
13199  -39.512  -62.883  -1.451 0.5000000000
13215  -38.219  -62.793  -3.620 0.3000000119
13206  -38.510  -63.210  -2.851 0.4000000060
13207  -38.975  -63.175  -2.136 0.5000000000
16171  -42.348  -59.068  0.282 0.6000000238
15458  -41.549  -59.840  -1.359 0.6000000238
14717  -41.143  -60.518  -1.921 0.6000000238
119530  -39.367  -62.519  -2.176 0.4000000060
13956  -39.806  -62.131  -1.818 0.5000000000
16172  -42.834  -58.393  0.271 0.6000000238
18416  -45.721  -55.484  1.150 0.3000000119
119810  -44.170  -56.973  0.864 0.4000000060
127870  -42.379  -58.976  -1.246 0.6000000238
13957  -40.345  -61.518  -2.590 0.4000000060
18417  -46.495  -55.106  1.326 0.3000000119
19191  -47.332  -54.195  0.839 0.3000000119
17653  -45.160  -55.901  0.697 0.3000000119
16903  -43.527  -57.660  0.236 0.5000000000
15459  -42.174  -59.352  -2.159 0.6000000238
16180  -42.551  -58.717  -0.589 0.6000000238
15445  -41.594  -59.866  -0.375 0.6000000238
118849  -44.695  -56.366  0.983 0.3000000119
119682  -42.330  -59.541  0.850 0.5000000000
16163  -42.745  -58.962  1.139 0.5000000000
16164  -43.397  -58.527  1.654 0.4000000060
16892  -43.630  -57.733  1.331 0.5000000000
14674  -42.608  -60.600  1.149 0.5000000000
116962  -42.078  -60.745  0.757 0.5000000000
15418  -43.435  -59.543  1.819 0.4000000060
15401  -43.923  -58.860  2.256 0.4000000060
16893  -44.167  -57.357  1.789 0.4000000060
111798  -43.139  -58.188  0.981 0.5000000000
13185  -40.607  -62.524  -0.387 0.5000000000
13168  -41.099  -61.890  0.103 0.5000000000
11806  -41.189  -64.718  -11.254 0.3000000119
11077  -41.617  -65.449  -11.218 0.3000000119
11803  -42.583  -64.355  -10.402 0.3000000119
11788  -43.081  -64.318  -9.946 0.3000000119
11775  -43.945  -64.280  -9.254 0.4000000060
11787  -42.102  -64.048  -10.371 0.3000000119
11773  -41.725  -64.135  -9.742 0.3000000119
11759  -44.544  -63.999  -8.488 0.4000000060
11055  -43.011  -64.536  -8.627 0.4000000060
11774  -42.814  -64.281  -9.757 0.3000000119
11053  -41.208  -64.719  -8.771 0.3000000119
11747  -45.063  -63.712  -7.166 0.4000000060
11017  -43.838  -64.491  -6.822 0.4000000060
112971  -42.125  -65.173  -7.359 0.4000000060
11033  -41.698  -65.067  -8.167 0.4000000060
11032  -40.817  -65.199  -7.992 0.4000000060
109707  -41.027  -65.376  -7.242 0.4000000060
12441  -45.807  -63.212  -2.898 0.3000000119
11731  -44.452  -64.175  -6.218 0.4000000060
10975  -43.778  -64.721  -5.086 0.4000000060
10996  -43.118  -65.109  -5.772 0.4000000060
10995  -41.980  -65.469  -5.476 0.4000000060
11015  -41.319  -65.493  -6.201 0.4000000060
12421  -45.446  -62.825  -1.304 0.3000000119
11692  -44.562  -64.148  -3.673 0.4000000060
10937  -43.109  -65.028  -2.977 0.4000000060
10958  -43.627  -64.809  -4.004 0.4000000060
116835  -42.137  -65.386  -3.167 0.4000000060
10957  -41.351  -65.551  -3.657 0.4000000060
10973  -41.634  -65.563  -4.575 0.4000000060
10972  -40.622  -65.666  -4.251 0.4000000060
10994  -40.982  -65.650  -5.147 0.4000000060
11014  -40.276  -65.503  -6.363 0.4000000060
12429  -43.567  -63.774  -1.121 0.4000000060
11655  -42.982  -64.257  -1.394 0.4000000060
10936  -41.119  -65.358  -2.734 0.4000000060
10956  -40.209  -65.510  -3.267 0.4000000060
10992  -39.666  -65.574  -5.564 0.4000000060
10993  -40.059  -65.723  -4.882 0.4000000060
11031  -39.936  -65.304  -7.373 0.4000000060
12419  -42.677  -63.652  -0.665 0.4000000060
124326  -42.188  -64.574  -1.577 0.4000000060
11670  -40.901  -64.971  -1.947 0.4000000060
10935  -40.217  -65.148  -2.369 0.4000000060
10971  -39.186  -65.570  -4.761 0.4000000060
10955  -39.309  -65.384  -3.378 0.4000000060
11642  -41.798  -64.072  -0.872 0.4000000060
12418  -40.877  -63.403  -0.506 0.4000000060
12416  -40.035  -63.100  -0.793 0.4000000060
13907  -43.122  -61.025  1.223 0.4000000060
111793  -41.815  -63.372  -0.337 0.4000000060
13186  -41.399  -62.686  -0.024 0.4000000060
120614  -44.200  -59.572  2.233 0.3000000119
108329  -44.971  -57.839  2.669 0.3000000119
11669  -39.564  -64.621  -2.072 0.4000000060
13169  -41.961  -62.044  0.408 0.4000000060
17627  -44.736  -57.184  2.261 0.3000000119
11035  -44.583  -63.907  -7.700 0.4000000060
11034  -43.427  -64.543  -7.615 0.4000000060
11016  -42.560  -65.201  -6.471 0.4000000060
11674  -45.323  -63.579  -3.255 0.4000000060
12430  -45.524  -63.180  -2.074 0.3000000119
10974  -42.550  -65.352  -4.955 0.4000000060
13189  -44.838  -62.520  -0.463 0.3000000119
11656  -44.331  -63.917  -1.979 0.4000000060
127454  -43.489  -64.419  -1.955 0.4000000060
11671  -41.964  -65.046  -2.240 0.4000000060
12420  -43.535  -63.285  -0.580 0.4000000060
11654  -41.370  -64.563  -1.463 0.4000000060
111867  -39.654  -65.618  -4.062 0.4000000060
11653  -40.542  -64.428  -1.380 0.4000000060
13187  -42.546  -62.896  0.001 0.4000000060
11733  -46.088  -63.559  -6.575 0.3000000119
10327  -44.884  -64.777  -8.706 0.3000000119
126664  -44.456  -65.137  -9.231 0.3000000119
11036  -45.397  -63.856  -7.955 0.3000000119
11748  -45.711  -63.783  -7.209 0.3000000119
11057  -44.887  -64.027  -8.602 0.3000000119
11760  -45.345  -63.787  -7.907 0.3000000119
11716  -46.195  -63.286  -5.967 0.3000000119
117240  -45.281  -63.619  -5.846 0.3000000119
114063  -45.515  -63.485  -5.091 0.3000000119
13171  -44.162  -62.138  0.285 0.3000000119
13188  -43.737  -62.678  -0.128 0.3000000119
13924  -43.523  -61.555  0.831 0.3000000119
11693  -46.333  -63.157  -4.495 0.3000000119
13170  -43.028  -62.145  0.465 0.3000000119
10934  -39.411  -65.131  -2.717 0.4000000060
10970  -38.429  -65.123  -4.755 0.5000000000
11054  -42.101  -64.619  -9.029 0.4000000060
11056  -44.322  -64.598  -9.255 0.3000000119
11076  -40.868  -65.803  -11.420 0.3000000119
11641  -40.901  -64.109  -0.923 0.4000000060
11652  -39.805  -64.195  -1.467 0.4000000060
11668  -38.888  -64.506  -2.491 0.5000000000
11672  -42.925  -64.718  -2.089 0.4000000060
11673  -43.875  -64.394  -2.598 0.4000000060
11714  -37.657  -64.093  -4.333 0.4000000060
11715  -38.161  -64.704  -4.145 0.5000000000
11732  -45.724  -63.563  -6.542 0.3000000119
11802  -41.797  -64.307  -10.935 0.3000000119
12417  -40.211  -63.810  -0.952 0.4000000060
12439  -38.591  -63.817  -2.536 0.5000000000
12440  -39.150  -63.892  -1.870 0.5000000000
12452  -38.171  -63.669  -3.233 0.4000000060
12453  -46.665  -63.019  -3.879 0.3000000119
12469  -37.520  -63.444  -4.701 0.4000000060
13214  -37.764  -62.746  -4.446 0.4000000060
13250  -37.202  -62.053  -7.167 0.4000000060
13922  -41.655  -61.243  0.444 0.5000000000
13923  -42.538  -61.342  0.800 0.4000000060
13939  -40.525  -61.733  -0.518 0.6000000238
13940  -40.961  -61.071  -0.072 0.6000000238
13950  -40.275  -61.640  -1.440 0.5000000000
14675  -43.300  -60.421  1.494 0.4000000060
14696  -42.164  -60.146  0.854 0.5000000000
14716  -40.771  -61.108  -2.307 0.4000000060
14723  -40.785  -60.955  -3.246 0.6000000238
14730  -36.922  -60.086  -4.023 0.4000000060
14733  -40.659  -60.699  -3.667 0.6000000238
14763  -37.105  -60.341  -7.878 0.4000000060
15416  -38.321  -58.861  0.913 0.5000000000
15417  -42.692  -59.875  1.313 0.5000000000
15431  -38.534  -58.728  0.041 0.5000000000
15432  -41.936  -59.688  0.280 0.6000000238
15443  -37.768  -59.596  -0.758 0.5000000000
15446  -42.022  -59.308  -0.673 0.6000000238
15465  -37.368  -59.687  -2.294 0.4000000060
16150  -43.904  -58.083  2.102 0.4000000060
16151  -44.476  -58.359  2.468 0.3000000119
16162  -38.424  -58.290  1.529 0.5000000000
16190  -38.696  -58.577  -1.784 0.5000000000
16201  -43.378  -58.777  -4.036 0.6999999881
16207  -42.761  -59.314  -4.663 0.6000000238
16882  -44.391  -57.736  2.296 0.3000000119
16902  -39.340  -57.548  0.326 0.5000000000
16910  -39.785  -57.093  -0.500 0.5000000000
16923  -39.933  -57.401  -1.515 0.5000000000
16924  -44.243  -57.613  -1.945 0.6999999881
16933  -43.901  -58.025  -3.031 0.6999999881
16946  -46.317  -57.153  -5.708 0.5000000000
16950  -43.020  -58.417  -5.664 0.6000000238
17626  -38.775  -56.109  2.256 0.6000000238
17641  -39.249  -56.374  1.713 0.5000000000
17689  -42.677  -56.990  -4.272 0.6999999881
17699  -43.264  -57.687  -5.554 0.5000000000
17700  -44.063  -57.823  -6.150 0.6000000238
17706  -44.837  -57.541  -6.093 0.6000000238
17707  -46.370  -56.731  -6.129 0.5000000000
18472  -48.817  -55.313  -3.505 0.6000000238
19206  -40.626  -54.537  0.648 0.6000000238
19207  -41.139  -54.269  0.260 0.6000000238
19234  -43.645  -54.140  -1.872 0.6000000238
19248  -43.862  -54.740  -2.423 0.6999999881
19265  -47.162  -55.203  -5.470 0.8000000119
19982  -38.586  -53.607  1.510 0.4000000060
19983  -39.435  -53.716  1.443 0.5000000000
19984  -40.132  -53.527  1.170 0.5000000000
20011  -41.807  -53.028  -0.192 0.6000000238
20040  -49.562  -54.001  -3.368 0.6000000238
20048  -50.466  -53.068  -4.097 0.6000000238
20786  -39.121  -52.970  1.198 0.5000000000
20803  -38.738  -52.439  0.648 0.5000000000
20806  -41.120  -52.544  0.274 0.6000000238
20821  -38.393  -52.044  -0.025 0.6000000238
20822  -41.658  -52.191  -0.271 0.6000000238
20852  -47.983  -53.305  -2.338 0.4000000060
20861  -46.306  -53.010  -3.274 0.6999999881
20864  -50.424  -52.812  -3.645 0.6000000238
20866  -51.343  -51.710  -3.878 0.5000000000
20871  -37.921  -52.523  -4.923 0.4000000060
20877  -50.842  -52.295  -4.368 0.5000000000
21580  -40.706  -51.815  0.143 0.6000000238
21590  -38.098  -51.902  -0.979 0.6000000238
21594  -41.251  -51.430  -0.387 0.6999999881
21613  -38.531  -51.804  -2.575 0.6000000238
21616  -44.497  -51.111  -2.168 0.6999999881
21619  -50.256  -51.549  -3.000 0.5000000000
21628  -40.382  -51.262  -4.401 0.5000000000
21632  -50.539  -52.194  -3.381 0.6000000238
21640  -38.413  -52.163  -5.462 0.4000000060
21655  -40.506  -51.583  -6.133 0.4000000060
22409  -40.908  -50.690  -0.827 0.6999999881
22418  -40.567  -50.517  -1.442 0.6000000238
22431  -43.408  -50.242  -2.508 0.6999999881
22464  -51.847  -50.828  -3.947 0.5000000000
22468  -38.936  -51.914  -6.003 0.5000000000
22469  -39.535  -51.780  -6.162 0.5000000000
22470  -42.022  -50.555  -5.739 0.5000000000
22479  -50.959  -50.699  -5.652 0.6000000238
22480  -39.941  -51.365  -6.415 0.5000000000
23215  -48.936  -49.266  -7.152 0.5000000000
23217  -50.823  -49.295  -6.436 0.5000000000
23220  -41.596  -49.747  -6.384 0.4000000060
23226  -48.190  -48.417  -7.206 0.4000000060
23919  -50.918  -47.680  -1.675 0.3000000119
23930  -48.502  -48.111  -3.217 0.3000000119
23932  -51.266  -48.214  -2.407 0.3000000119
23937  -38.638  -48.648  -3.709 0.4000000060
23944  -51.817  -49.041  -3.272 0.5000000000
23961  -50.270  -48.815  -6.959 0.5000000000
24661  -43.277  -47.422  -1.553 0.4000000060
24663  -45.817  -47.791  -1.682 0.4000000060
24681  -47.203  -47.901  -2.405 0.3000000119
24683  -49.465  -47.354  -2.380 0.3000000119
24684  -50.457  -47.185  -2.044 0.3000000119
24685  -50.851  -47.726  -2.532 0.3000000119
24698  -47.747  -47.511  -6.048 0.4000000060
25455  -47.106  -45.470  -0.646 0.3000000119
25495  -46.049  -46.517  -6.025 0.4000000060
25502  -45.998  -46.613  -6.156 0.4000000060
26254  -39.051  -45.338  -5.456 0.4000000060
26256  -43.874  -45.118  -6.006 0.5000000000
27831  -38.905  -43.325  -6.297 0.4000000060
27835  -42.755  -43.361  -7.008 0.5000000000
106697  -50.834  -48.731  -4.519 0.4000000060
108891  -42.364  -56.409  -3.036 0.6000000238
109029  -39.596  -51.171  -2.951 0.5000000000
110227  -42.524  -65.368  -4.099 0.4000000060
110734  -44.438  -63.404  -1.232 0.3000000119
110797  -40.152  -56.546  -0.309 0.5000000000
112170  -49.515  -48.279  -7.237 0.4000000060
115681  -43.900  -45.411  -6.323 0.4000000060
116424  -39.337  -55.819  1.852 0.5000000000
117533  -44.746  -52.086  -1.987 0.6999999881
118070  -44.391  -62.996  -0.692 0.3000000119
121054  -46.031  -56.688  -6.384 0.8000000119
121901  -41.247  -47.905  -6.696 0.4000000060
122838  -40.190  -64.721  -1.804 0.4000000060
124598  -46.632  -57.043  -4.600 0.5000000000
124760  -40.214  -51.541  -6.314 0.4000000060
124905  -45.522  -47.264  -1.083 0.4000000060
125306  -41.929  -50.588  -1.432 0.6999999881
126083  -38.532  -52.376  -5.394 0.5000000000
126329  -52.097  -50.410  -3.426 0.5000000000
126359  -42.799  -65.252  -3.516 0.4000000060
126519  -40.449  -65.612  -5.609 0.4000000060
127510  -39.312  -63.372  -1.677 0.5000000000
127731  -45.461  -56.898  -1.796 0.5000000000
128139  -45.557  -63.793  -7.582 0.3000000119
