#!ascii label  , from subject sub-v2s18x29502_ses-1 vox2ras=TkReg
1600
109126  -31.564  -51.144  -5.526 0.5000000000
21634  -31.251  -50.987  -5.113 0.4000000060
22436  -31.409  -50.668  -4.537 0.6000000238
23190  -31.015  -49.391  -4.946 0.6000000238
23955  -31.710  -48.461  -5.552 0.6000000238
22465  -31.355  -49.944  -5.182 0.5000000000
24701  -32.803  -47.354  -5.494 0.6000000238
116892  -31.335  -49.932  -4.463 0.6999999881
126160  -31.756  -51.242  -3.923 0.6999999881
118479  -30.893  -48.735  -4.997 0.6999999881
23197  -31.088  -48.934  -5.158 0.6999999881
24700  -31.735  -47.602  -5.510 0.6999999881
25484  -33.149  -46.778  -5.093 0.5000000000
25483  -32.409  -46.375  -5.151 0.6999999881
24694  -33.626  -47.610  -5.142 0.5000000000
19904  -27.353  -53.113  7.041 0.5000000000
23182  -31.280  -49.059  -4.404 0.6999999881
23933  -31.024  -48.197  -4.747 0.6999999881
24699  -31.158  -47.440  -5.133 0.6999999881
24686  -31.360  -47.468  -4.235 0.6999999881
25482  -31.285  -46.805  -4.898 0.6999999881
24693  -31.046  -47.501  -4.911 0.6999999881
25474  -31.341  -46.728  -4.459 0.6999999881
110763  -32.892  -45.949  -4.758 0.6000000238
22400  -33.954  -50.514  0.330 0.6999999881
23163  -34.127  -49.761  -0.071 0.6999999881
22425  -32.082  -49.893  -3.569 0.6999999881
23183  -32.387  -49.015  -3.329 0.6999999881
19903  -26.503  -53.249  6.650 0.6000000238
19103  -24.577  -54.385  6.283 0.4000000060
23922  -31.652  -48.218  -3.835 0.6999999881
26253  -31.702  -46.501  -5.127 0.6999999881
26248  -32.044  -45.829  -4.990 0.6999999881
122645  -31.180  -44.597  -4.552 0.6999999881
27045  -33.120  -44.404  -4.120 0.6000000238
22394  -34.374  -49.970  1.646 0.6999999881
22401  -34.292  -49.844  0.839 0.6999999881
23169  -33.826  -49.528  -0.892 0.6999999881
23164  -34.343  -49.142  0.501 0.6999999881
23901  -34.421  -48.495  0.895 0.6999999881
109770  -28.049  -51.673  6.579 0.6000000238
115231  -33.833  -48.540  -1.139 0.6999999881
23923  -32.729  -48.151  -3.020 0.6999999881
23176  -33.515  -49.258  -1.734 0.6999999881
124124  -34.088  -48.123  -0.370 0.6999999881
126398  -34.282  -48.531  0.211 0.6999999881
19920  -25.419  -53.268  5.672 0.5000000000
109396  -25.857  -53.400  6.286 0.5000000000
24643  -34.027  -47.307  -0.144 0.6999999881
19919  -24.755  -53.752  5.575 0.4000000060
26247  -31.494  -45.974  -4.666 0.6999999881
24672  -32.175  -47.417  -3.332 0.6999999881
24660  -33.598  -47.800  -1.768 0.6999999881
24651  -33.824  -47.533  -0.961 0.6999999881
19141  -23.441  -54.243  4.913 0.4000000060
25466  -31.680  -46.685  -3.619 0.6999999881
108962  -33.492  -46.876  -1.614 0.6999999881
25450  -33.662  -46.633  -0.648 0.6999999881
27043  -31.620  -45.183  -4.728 0.6999999881
26239  -31.217  -45.958  -4.381 0.6999999881
26227  -32.372  -45.366  -1.767 0.6999999881
27044  -32.063  -44.276  -4.617 0.6999999881
26226  -31.510  -45.115  -2.504 0.6999999881
27827  -32.838  -43.559  -4.144 0.6000000238
27826  -32.013  -43.277  -4.541 0.6999999881
27825  -31.170  -43.829  -4.523 0.6999999881
30229  -33.032  -40.340  -2.750 0.5000000000
29430  -33.064  -41.151  -3.020 0.5000000000
30222  -35.528  -40.789  -2.238 0.4000000060
29424  -34.769  -41.314  -2.261 0.5000000000
110524  -34.673  -47.814  1.988 0.6999999881
22331  -27.999  -50.237  6.336 0.6000000238
23924  -33.323  -48.113  -2.376 0.6999999881
19921  -26.054  -52.854  5.950 0.5000000000
25441  -33.919  -46.523  0.261 0.6999999881
26231  -31.247  -45.944  -3.842 0.6999999881
26232  -31.935  -45.913  -2.865 0.6999999881
26238  -30.966  -45.161  -4.352 0.6999999881
27024  -30.469  -44.333  -2.966 0.6999999881
30227  -31.614  -40.164  -4.032 0.6999999881
28579  -32.354  -41.936  -4.127 0.6999999881
124965  -32.013  -42.522  -4.456 0.6999999881
30228  -32.377  -40.642  -3.549 0.6999999881
106851  -32.448  -49.274  5.441 0.6999999881
23861  -33.524  -48.270  5.119 0.6999999881
24612  -34.140  -47.941  4.562 0.8000000119
23123  -30.708  -49.690  6.119 0.6000000238
23859  -31.918  -48.751  5.704 0.6000000238
24596  -32.949  -47.601  5.539 0.6000000238
24619  -34.573  -47.579  3.836 0.8000000119
109921  -31.076  -48.875  6.032 0.6000000238
110738  -30.559  -48.161  5.938 0.6000000238
114784  -34.695  -47.114  2.382 0.6999999881
22332  -28.772  -50.308  6.481 0.6000000238
23101  -29.177  -49.757  6.462 0.6000000238
21523  -26.914  -51.058  5.692 0.6000000238
22349  -27.340  -50.291  5.878 0.6000000238
25442  -34.308  -46.473  1.077 0.6999999881
20730  -26.206  -52.196  5.555 0.5000000000
21522  -26.322  -51.516  5.263 0.6000000238
25432  -34.575  -46.421  1.911 0.6999999881
108792  -33.419  -45.713  -0.125 0.6999999881
27035  -30.477  -44.608  -4.054 0.6999999881
125847  -31.164  -45.415  -3.294 0.6999999881
26228  -33.199  -45.956  -1.237 0.6999999881
128177  -31.265  -41.285  -4.509 0.8000000119
28578  -31.103  -42.818  -4.551 0.6999999881
27028  -30.370  -44.468  -3.630 0.6999999881
128380  -32.329  -44.651  -1.186 0.6999999881
30236  -31.229  -40.520  -4.447 0.8000000119
27824  -30.316  -43.469  -4.257 0.6999999881
27812  -30.096  -43.788  -3.299 0.6999999881
30221  -33.905  -40.797  -2.456 0.5000000000
119703  -34.760  -40.415  -2.241 0.5000000000
116823  -34.808  -38.817  -2.034 0.5000000000
115446  -35.396  -40.102  -2.285 0.4000000060
118548  -32.186  -48.043  5.647 0.6000000238
122655  -33.754  -47.401  5.120 0.6999999881
25392  -33.940  -46.590  5.163 0.8000000119
24597  -34.278  -47.080  4.586 0.8999999762
114081  -31.415  -48.086  5.787 0.6000000238
118872  -34.599  -45.966  4.120 0.8000000119
25412  -34.615  -46.677  3.971 0.8000000119
112996  -34.697  -46.055  3.364 0.8000000119
23840  -29.309  -49.060  6.329 0.6000000238
23099  -27.726  -49.648  6.031 0.6000000238
25422  -34.697  -46.477  2.684 0.8000000119
20742  -25.800  -51.948  4.819 0.6000000238
124003  -26.412  -50.862  5.107 0.6000000238
23121  -27.226  -49.577  5.502 0.6000000238
26199  -34.278  -45.746  1.466 0.6999999881
19937  -24.933  -53.120  4.822 0.5000000000
26198  -33.504  -45.260  0.560 0.6999999881
121437  -33.496  -44.753  0.952 0.6999999881
20740  -24.380  -53.208  4.079 0.5000000000
20741  -25.270  -52.400  4.400 0.5000000000
26216  -32.814  -45.103  -0.769 0.6999999881
30235  -30.476  -40.267  -4.405 0.8000000119
117125  -30.691  -41.944  -4.512 0.8000000119
27818  -30.082  -43.835  -3.952 0.6999999881
27806  -29.876  -43.164  -2.863 0.6999999881
27808  -31.389  -43.882  -1.778 0.6999999881
27817  -29.680  -43.033  -4.046 0.6999999881
30890  -33.957  -39.960  -2.308 0.5000000000
24595  -31.929  -47.255  5.717 0.6999999881
25389  -32.074  -46.457  5.883 0.6999999881
118550  -32.754  -46.706  5.718 0.6999999881
25391  -33.420  -46.202  5.594 0.8000000119
26163  -34.035  -45.735  5.235 0.8000000119
24594  -30.951  -47.397  5.722 0.6999999881
25390  -32.635  -45.825  5.973 0.8000000119
26953  -34.133  -44.994  5.038 0.8000000119
23858  -29.626  -48.266  5.966 0.6000000238
26179  -34.563  -45.353  3.862 0.8000000119
23857  -28.688  -48.526  5.920 0.6000000238
108659  -34.589  -45.267  3.160 0.6999999881
21538  -25.973  -51.196  4.570 0.6000000238
22348  -26.737  -50.238  5.311 0.6000000238
26994  -34.105  -44.874  1.713 0.8000000119
26982  -34.059  -44.024  2.180 0.6999999881
21537  -25.463  -51.657  4.041 0.6000000238
27786  -33.575  -43.422  1.727 0.8000000119
20756  -24.535  -52.868  3.290 0.4000000060
27017  -32.515  -44.267  -0.507 0.6999999881
27005  -33.196  -44.196  0.751 0.6999999881
19946  -22.861  -53.818  3.166 0.4000000060
27018  -33.091  -44.721  0.168 0.6999999881
29437  -29.908  -41.835  -4.243 0.8000000119
28569  -29.490  -42.510  -3.779 0.8000000119
27809  -32.017  -43.979  -1.150 0.6999999881
114349  -30.567  -42.924  -2.215 0.6999999881
30900  -31.368  -39.366  -3.957 0.8000000119
31651  -31.792  -38.920  -3.180 0.6999999881
30889  -32.684  -39.022  -2.469 0.5000000000
111128  -33.885  -39.086  -2.043 0.5000000000
31639  -35.901  -38.803  -2.640 0.4000000060
109571  -31.766  -45.937  6.051 0.6000000238
26161  -31.920  -45.257  6.266 0.6999999881
26162  -33.421  -45.432  5.671 0.8000000119
26960  -33.889  -44.060  4.763 0.8000000119
24593  -30.006  -47.424  5.594 0.6999999881
27752  -34.286  -43.905  3.893 0.8000000119
24592  -29.004  -47.693  5.444 0.6000000238
23870  -27.524  -48.441  4.916 0.6000000238
27764  -34.013  -43.161  3.382 0.8000000119
27779  -34.314  -43.908  3.054 0.8000000119
22366  -26.229  -50.340  4.525 0.6000000238
122212  -26.297  -49.768  4.292 0.6000000238
26993  -33.560  -44.142  1.387 0.8999999762
27778  -33.908  -43.265  2.534 0.8000000119
27795  -32.655  -43.009  0.520 0.8000000119
27796  -33.141  -43.567  0.988 0.8000000119
116713  -25.031  -52.268  3.405 0.5000000000
29417  -31.833  -41.761  -0.637 0.8000000119
27804  -32.204  -43.320  -0.422 0.6999999881
20768  -24.710  -52.615  2.453 0.4000000060
30908  -30.364  -39.512  -4.349 0.8000000119
28576  -29.589  -42.413  -4.052 0.8000000119
127113  -29.550  -41.384  -3.625 0.8000000119
28557  -30.024  -42.543  -2.623 0.8000000119
27803  -31.632  -43.266  -1.259 0.6999999881
31667  -30.828  -39.099  -4.290 0.8000000119
28562  -29.571  -42.562  -3.194 0.8000000119
124038  -31.088  -43.286  -1.829 0.6999999881
29428  -29.526  -41.891  -3.459 0.8000000119
31650  -31.174  -38.596  -3.758 0.8000000119
31636  -32.187  -38.227  -2.480 0.6000000238
31638  -34.473  -38.166  -1.821 0.5000000000
26160  -30.958  -45.576  6.086 0.6000000238
26951  -32.794  -44.779  6.058 0.6999999881
120774  -30.561  -46.869  5.550 0.6000000238
27745  -32.828  -43.077  5.617 0.6999999881
27746  -33.385  -43.162  4.931 0.6999999881
25388  -30.565  -46.307  5.688 0.6000000238
26153  -30.704  -44.664  6.309 0.6000000238
24611  -29.294  -47.020  4.993 0.6000000238
27751  -33.815  -43.175  4.175 0.8000000119
23869  -26.972  -48.692  4.398 0.6000000238
23871  -28.191  -48.085  5.203 0.6000000238
28494  -33.465  -42.400  4.449 0.6999999881
22375  -25.989  -49.972  3.716 0.5000000000
28525  -33.713  -42.420  2.764 0.8000000119
22374  -25.600  -50.589  3.009 0.3000000119
29404  -33.153  -41.186  1.522 0.8000000119
28536  -33.336  -42.131  1.825 0.8000000119
29418  -32.321  -41.523  0.067 0.8000000119
28535  -32.771  -42.054  0.848 0.8000000119
30217  -31.094  -40.222  -1.306 0.8000000119
30226  -29.622  -40.692  -3.735 0.8000000119
28558  -30.603  -42.186  -2.085 0.8000000119
29421  -31.269  -41.845  -1.362 0.8000000119
28553  -31.742  -42.536  -0.875 0.6999999881
29419  -29.840  -41.839  -2.762 0.8000000119
30220  -29.659  -41.021  -3.279 0.8000000119
126690  -31.594  -38.444  -3.124 0.6999999881
32441  -32.913  -37.543  -1.794 0.6000000238
33231  -35.687  -36.625  -2.854 0.3000000119
26941  -31.255  -44.306  6.431 0.6000000238
26942  -31.918  -44.446  6.347 0.6999999881
27734  -32.449  -43.804  6.112 0.6999999881
25420  -26.873  -46.793  1.785 0.5000000000
25387  -29.946  -46.583  5.402 0.6000000238
111157  -30.131  -45.867  5.668 0.6000000238
127639  -27.395  -48.246  4.382 0.5000000000
24610  -28.500  -47.309  4.513 0.5000000000
25402  -29.335  -46.278  5.064 0.6000000238
23141  -25.899  -49.831  2.752 0.3000000119
111464  -26.397  -49.253  4.066 0.5000000000
28510  -33.722  -42.423  3.696 0.8000000119
30171  -33.602  -40.948  3.389 0.8000000119
118729  -33.642  -41.793  3.286 0.8000000119
121952  -32.407  -40.849  0.191 0.8999999762
29392  -33.513  -41.514  2.526 0.8000000119
21551  -25.341  -51.406  3.174 0.4000000060
30210  -31.835  -40.849  -0.621 0.8999999762
30206  -32.774  -40.436  0.838 0.8999999762
31666  -29.677  -38.603  -4.016 0.8000000119
30907  -29.658  -39.230  -4.086 0.8000000119
29420  -30.628  -41.397  -2.044 0.8000000119
28559  -31.169  -42.666  -1.580 0.8000000119
31649  -30.473  -38.516  -4.044 0.8000000119
32440  -31.138  -37.397  -3.006 0.6999999881
33212  -34.371  -36.372  -1.702 0.6000000238
32443  -34.515  -37.192  -1.769 0.6000000238
26940  -30.738  -43.874  6.447 0.6000000238
113493  -31.594  -43.622  6.413 0.6000000238
111789  -32.184  -42.975  6.166 0.6999999881
26159  -30.097  -45.098  5.985 0.6000000238
28484  -32.520  -42.299  5.707 0.6999999881
119332  -29.473  -45.509  5.467 0.6000000238
29340  -32.847  -41.599  5.342 0.8000000119
24618  -27.930  -47.334  3.700 0.6000000238
122064  -28.286  -46.888  3.828 0.5000000000
26171  -28.821  -45.625  4.866 0.6000000238
28485  -33.084  -42.355  5.141 0.6999999881
30156  -33.499  -40.901  4.411 0.8000000119
23149  -26.332  -48.951  2.414 0.4000000060
29357  -33.577  -41.679  4.019 0.6999999881
23142  -26.209  -49.321  3.316 0.4000000060
30866  -33.326  -39.797  2.139 0.8000000119
30881  -31.023  -39.349  -1.173 0.8999999762
30211  -32.260  -40.190  0.019 0.8000000119
115589  -33.185  -40.339  1.625 0.8000000119
30875  -31.661  -39.865  -0.623 0.8000000119
30888  -29.397  -39.813  -3.312 0.8000000119
106167  -29.493  -38.963  -2.409 0.8000000119
112496  -31.199  -41.033  -1.405 0.6999999881
32469  -29.175  -38.022  -3.673 0.8000000119
30216  -30.537  -40.590  -2.033 0.8000000119
109475  -29.777  -40.299  -2.760 0.8000000119
32456  -30.795  -37.894  -3.623 0.8000000119
31665  -28.617  -38.143  -3.331 0.8000000119
33210  -32.794  -36.678  -1.687 0.6999999881
34771  -34.028  -34.715  -1.643 0.6000000238
123293  -34.628  -35.128  -1.929 0.6000000238
34783  -34.816  -34.438  -2.109 0.6000000238
26950  -29.920  -44.183  6.175 0.6000000238
29317  -31.482  -41.566  6.278 0.8000000119
29318  -32.217  -41.575  5.847 0.6999999881
26177  -26.643  -45.330  2.985 0.5000000000
26158  -28.827  -44.817  5.374 0.5000000000
30140  -33.205  -40.873  5.126 0.8000000119
29341  -33.288  -41.627  4.760 0.6999999881
26178  -27.419  -45.982  3.171 0.5000000000
26170  -28.350  -45.765  4.262 0.5000000000
118167  -33.020  -40.135  5.478 0.8000000119
30809  -33.342  -39.383  5.289 0.8000000119
25421  -27.433  -46.760  2.545 0.5000000000
117322  -33.501  -40.139  4.916 0.8000000119
114607  -33.616  -40.118  4.036 0.8000000119
31572  -33.775  -38.742  4.236 0.8000000119
30837  -33.532  -39.996  3.046 0.8000000119
115301  -33.677  -39.306  3.663 0.8000000119
30865  -32.985  -39.665  1.313 0.8000000119
123116  -32.090  -39.505  -0.115 0.8000000119
31608  -33.099  -38.996  1.841 0.8000000119
31647  -28.607  -38.393  -3.151 0.8000000119
31626  -30.310  -38.780  -1.639 0.8000000119
30880  -30.256  -39.668  -2.053 0.8999999762
32455  -29.899  -37.845  -3.792 0.8000000119
32454  -28.579  -37.518  -3.359 0.8000000119
33209  -31.944  -36.121  -1.938 0.6999999881
33228  -31.121  -36.676  -2.669 0.6999999881
33971  -33.423  -35.381  -1.549 0.6999999881
33969  -31.621  -35.137  -1.851 0.6999999881
34769  -32.302  -34.508  -1.539 0.6999999881
34770  -33.134  -34.647  -1.495 0.6999999881
125951  -30.512  -40.895  6.570 0.8000000119
28468  -30.313  -42.460  6.528 0.6000000238
29316  -30.579  -41.548  6.550 0.6000000238
123320  -31.097  -40.887  6.424 0.8000000119
29372  -26.452  -40.821  2.886 0.6000000238
27762  -26.679  -42.981  3.376 0.5000000000
106451  -29.072  -44.108  5.769 0.6000000238
28467  -29.507  -42.665  6.324 0.6000000238
30118  -31.873  -40.882  6.046 0.8000000119
29390  -25.061  -40.435  1.357 0.6000000238
29373  -27.100  -41.434  3.849 0.6000000238
28481  -27.689  -42.508  5.168 0.5000000000
26959  -28.257  -43.997  5.276 0.5000000000
30834  -24.916  -39.160  3.618 0.5000000000
126220  -25.245  -39.231  3.076 0.5000000000
30836  -25.909  -39.336  3.241 0.6000000238
30170  -26.967  -40.590  3.754 0.6000000238
26968  -27.272  -44.456  3.833 0.5000000000
27743  -27.635  -43.323  4.870 0.5000000000
30822  -33.643  -39.388  4.573 0.8000000119
30835  -25.131  -38.931  3.492 0.5000000000
109729  -28.171  -44.915  4.675 0.5000000000
30135  -24.564  -39.215  4.889 0.4000000060
32394  -33.047  -37.731  1.974 0.8000000119
30855  -33.457  -39.154  2.726 0.8000000119
31586  -33.708  -38.393  3.353 0.6999999881
31613  -31.721  -38.259  -0.250 0.8000000119
30870  -32.223  -38.864  0.165 0.8000000119
31597  -33.256  -38.368  2.338 0.8000000119
31607  -32.850  -38.199  1.506 0.8000000119
32405  -32.646  -37.286  1.306 0.8000000119
33243  -28.541  -36.695  -3.354 0.8999999762
32438  -28.173  -37.608  -3.008 0.8999999762
31625  -29.479  -38.256  -2.014 0.8000000119
31619  -31.036  -38.527  -0.901 0.8000000119
126314  -28.790  -38.464  -2.698 1.0000000000
32419  -29.431  -37.509  -1.618 0.8000000119
33227  -30.228  -36.381  -3.077 0.8000000119
33991  -30.937  -35.779  -2.449 0.6999999881
112211  -29.850  -40.927  6.620 0.8000000119
30117  -31.519  -40.224  6.356 0.8000000119
30154  -26.767  -39.816  3.867 0.6000000238
30138  -28.990  -41.263  6.367 0.6000000238
29315  -29.657  -41.831  6.514 0.6000000238
30789  -31.958  -39.486  6.314 0.8000000119
30169  -26.170  -40.036  3.017 0.6000000238
123627  -27.326  -41.068  4.519 0.6000000238
28482  -28.251  -42.340  5.727 0.6000000238
118091  -32.323  -40.170  5.966 0.8000000119
30808  -32.729  -39.392  5.850 0.8000000119
31552  -33.125  -38.618  5.652 0.6999999881
31585  -25.650  -38.838  3.615 0.5000000000
114311  -27.710  -41.106  5.315 0.6000000238
29339  -28.874  -42.094  6.232 0.6000000238
31568  -24.958  -38.504  4.089 0.4000000060
31569  -25.403  -38.205  4.110 0.4000000060
31570  -26.258  -38.343  4.226 0.4000000060
31553  -33.629  -38.661  4.981 0.6999999881
32374  -25.378  -37.212  4.480 0.4000000060
32375  -26.076  -37.559  4.446 0.4000000060
30805  -27.744  -39.279  5.427 0.4000000060
33150  -25.878  -36.753  4.626 0.4000000060
33132  -27.256  -36.741  5.585 0.5000000000
32352  -26.682  -37.173  5.095 0.5000000000
32353  -27.495  -37.538  5.551 0.5000000000
31614  -32.343  -37.993  0.574 0.8000000119
32395  -33.488  -37.654  2.665 0.8000000119
110661  -33.182  -36.991  2.099 0.8000000119
33242  -27.800  -36.589  -3.064 0.8000000119
31633  -28.340  -38.145  -2.964 1.0000000000
32418  -28.356  -37.083  -1.972 0.8000000119
33198  -29.415  -36.629  -1.198 0.8000000119
31618  -30.335  -37.987  -1.293 0.8000000119
32411  -31.677  -37.465  -0.023 0.8000000119
109616  -31.526  -36.824  0.117 0.8000000119
33225  -27.592  -36.590  -2.677 1.0000000000
32410  -31.039  -37.002  -0.375 0.8000000119
33244  -29.445  -37.053  -3.494 0.8000000119
32420  -30.318  -37.237  -0.934 0.8000000119
33990  -29.946  -35.582  -2.819 0.8999999762
34782  -30.616  -34.817  -2.307 0.6999999881
35543  -32.170  -33.735  -1.487 0.6999999881
118862  -32.833  -34.031  -1.461 0.6999999881
116436  -33.520  -33.972  -1.521 0.6999999881
35547  -34.731  -32.994  -1.731 0.6000000238
111763  -34.233  -32.977  -1.393 0.6999999881
113270  -32.697  -32.594  -1.169 0.6999999881
36287  -35.115  -32.238  -1.787 0.6000000238
30116  -30.532  -40.263  6.628 0.8000000119
30788  -31.203  -39.648  6.562 0.8000000119
30155  -27.311  -40.393  4.644 0.5000000000
107921  -29.136  -40.344  6.435 0.8000000119
30786  -29.762  -39.020  6.704 0.8000000119
30115  -29.764  -39.806  6.640 0.8000000119
31533  -31.365  -38.876  6.609 0.8000000119
30821  -26.513  -39.080  4.050 0.5000000000
30136  -27.775  -40.170  5.386 0.5000000000
31534  -32.384  -38.597  6.278 0.6999999881
31571  -27.078  -38.756  4.795 0.5000000000
30806  -28.416  -39.820  5.929 0.6999999881
30137  -28.377  -40.727  5.914 0.6999999881
32356  -32.926  -37.846  6.002 0.6999999881
110091  -33.329  -37.030  5.642 0.6999999881
32357  -33.496  -37.898  5.324 0.6999999881
123056  -33.836  -37.334  4.985 0.6999999881
124554  -34.193  -36.394  4.368 0.6999999881
33159  -34.135  -36.553  3.645 0.6999999881
33897  -25.695  -35.944  4.615 0.4000000060
119286  -27.053  -36.077  5.550 0.4000000060
33172  -33.754  -36.762  2.841 0.6999999881
32412  -32.062  -37.083  0.575 0.8000000119
33190  -31.724  -36.368  0.561 0.8000000119
33932  -32.237  -35.070  1.624 0.6999999881
33197  -28.198  -36.288  -1.622 0.8000000119
34006  -28.089  -35.977  -3.305 0.8999999762
33226  -29.143  -36.199  -3.356 0.8999999762
34005  -27.300  -35.598  -3.001 0.8999999762
33207  -27.047  -35.866  -2.408 0.8000000119
33196  -27.241  -35.804  -1.942 0.8000000119
33954  -29.007  -35.741  -1.066 0.8000000119
107790  -29.636  -34.904  -2.673 0.8999999762
34780  -28.586  -34.480  -2.779 0.8000000119
35542  -30.580  -33.902  -1.994 0.8000000119
34795  -35.468  -34.263  -3.114 0.4000000060
34768  -31.464  -34.246  -1.735 0.8000000119
110587  -32.037  -32.949  -1.399 0.6999999881
35544  -32.973  -33.315  -1.316 0.6999999881
37982  -35.003  -30.607  -1.475 0.5000000000
30787  -30.534  -39.397  6.698 0.8000000119
31551  -29.016  -38.560  6.535 0.6999999881
111413  -31.006  -38.114  6.838 0.6999999881
32331  -28.755  -37.122  6.601 0.6000000238
31531  -29.889  -38.115  6.855 0.6999999881
33111  -27.654  -36.196  6.005 0.5000000000
33151  -33.976  -36.641  4.996 0.6999999881
33882  -27.267  -35.400  5.777 0.4000000060
113618  -34.170  -35.829  4.002 0.6999999881
34688  -26.534  -34.864  5.332 0.3000000119
34689  -27.197  -34.511  5.887 0.3000000119
33871  -27.906  -35.630  6.317 0.5000000000
33181  -32.071  -35.864  1.208 0.6999999881
33171  -33.271  -36.051  2.323 0.6999999881
33907  -33.862  -35.130  3.595 0.6999999881
34673  -27.817  -34.903  6.343 0.4000000060
110043  -32.640  -35.759  1.796 0.6999999881
33918  -32.872  -35.340  2.152 0.6999999881
125898  -31.632  -35.169  1.024 0.6999999881
33953  -28.086  -35.574  -1.444 0.8000000119
33188  -30.070  -35.932  -0.574 0.8000000119
33944  -30.579  -35.345  0.006 0.8000000119
33943  -29.622  -35.081  -0.530 0.8000000119
34794  -26.988  -34.762  -2.858 0.8000000119
35557  -28.825  -33.649  -2.475 0.8000000119
118883  -27.557  -33.738  -2.685 0.8000000119
33988  -27.706  -35.138  -3.105 0.8999999762
34781  -29.770  -34.221  -2.422 0.8999999762
113458  -30.256  -33.110  -1.761 0.8000000119
36284  -30.941  -32.463  -1.497 0.8000000119
37079  -34.206  -31.679  -0.902 0.6999999881
37092  -34.871  -31.517  -1.322 0.6000000238
36285  -31.970  -32.139  -1.280 0.6999999881
36270  -32.807  -31.904  -0.925 0.6999999881
37979  -31.485  -30.694  -1.462 0.6999999881
31532  -30.522  -38.717  6.772 0.6999999881
33113  -29.287  -36.502  6.956 0.6000000238
33114  -30.133  -36.606  7.117 0.6000000238
33115  -31.071  -36.626  7.089 0.6999999881
32334  -31.682  -37.392  6.782 0.6999999881
32335  -32.331  -37.822  6.440 0.6999999881
33133  -27.983  -36.981  6.097 0.5000000000
32355  -29.053  -37.831  6.659 0.6000000238
33116  -32.049  -36.499  6.763 0.6999999881
117155  -32.605  -37.147  6.369 0.6999999881
33112  -28.443  -36.232  6.591 0.5000000000
122047  -29.803  -36.017  7.186 0.6000000238
33135  -33.580  -36.086  5.486 0.6999999881
33872  -28.458  -35.321  6.777 0.5000000000
115255  -29.086  -34.884  7.233 0.6000000238
33884  -33.804  -35.257  5.244 0.6999999881
33898  -34.015  -35.162  4.486 0.6999999881
33919  -33.418  -35.123  2.754 0.6999999881
35465  -27.615  -33.161  6.413 0.3000000119
34716  -32.763  -34.666  2.219 0.6999999881
108543  -30.193  -34.405  0.052 0.8000000119
34745  -31.036  -34.841  0.585 0.6999999881
34729  -31.529  -34.494  1.178 0.6999999881
34730  -32.147  -34.181  1.745 0.6999999881
34742  -27.652  -34.021  -1.342 0.8000000119
35556  -26.940  -34.022  -2.603 0.8000000119
33968  -26.783  -34.996  -2.196 0.8000000119
33952  -27.431  -34.966  -1.637 0.8000000119
34743  -29.087  -34.123  -0.594 0.8000000119
36281  -27.143  -32.010  -1.795 0.8000000119
35532  -27.376  -33.114  -1.361 0.8000000119
37068  -27.732  -31.838  -0.825 0.8000000119
37953  -27.992  -31.313  -0.794 0.8000000119
37969  -34.389  -30.859  -1.056 0.6000000238
37968  -33.807  -31.140  -0.831 0.6999999881
37090  -31.202  -31.551  -1.420 0.8000000119
37091  -32.149  -31.332  -1.175 0.6000000238
38866  -30.689  -30.119  -1.946 0.6999999881
38879  -31.270  -29.301  -2.378 0.6000000238
37980  -32.523  -30.490  -1.230 0.6000000238
33873  -30.573  -35.936  7.219 0.6000000238
115106  -29.146  -35.715  7.117 0.6000000238
33874  -32.270  -35.521  6.717 0.6999999881
33134  -32.881  -36.289  6.190 0.6999999881
33864  -29.979  -35.230  7.379 0.6000000238
34677  -32.801  -34.627  6.354 0.6999999881
33883  -33.170  -35.400  5.945 0.6999999881
34674  -28.418  -34.479  6.840 0.4000000060
34662  -30.511  -34.468  7.425 0.5000000000
34676  -31.956  -34.570  7.002 0.6999999881
34661  -29.673  -34.346  7.420 0.5000000000
34691  -33.849  -34.475  4.946 0.6999999881
108827  -27.731  -34.043  6.443 0.3000000119
35466  -28.491  -33.526  6.868 0.3000000119
34700  -33.791  -34.391  4.099 0.6999999881
36205  -28.290  -32.524  6.687 0.3000000119
34707  -33.533  -34.374  3.267 0.6999999881
35495  -33.589  -33.497  3.698 0.6999999881
110012  -32.734  -33.904  2.291 0.6999999881
111080  -33.395  -32.924  2.943 0.6999999881
128019  -29.694  -33.828  -0.155 0.8000000119
35508  -31.431  -33.698  1.265 0.6999999881
35509  -32.262  -33.244  1.766 0.6999999881
36235  -32.953  -32.580  2.162 0.6999999881
35531  -26.917  -33.695  -1.910 0.8000000119
35518  -28.164  -33.404  -0.815 0.8000000119
34744  -30.821  -34.057  0.747 0.6999999881
36246  -32.133  -32.195  1.424 0.6999999881
37055  -32.402  -31.224  1.341 0.6999999881
35539  -26.797  -33.758  -2.264 0.8000000119
35519  -29.177  -33.299  -0.304 0.8000000119
35520  -30.119  -33.625  0.252 0.8000000119
37054  -31.587  -31.523  0.863 0.8000000119
108733  -27.039  -33.323  -2.338 0.8000000119
114264  -28.070  -32.790  -0.688 0.8000000119
37939  -29.619  -31.397  0.055 0.8000000119
37053  -30.619  -31.684  0.503 0.8000000119
36294  -27.748  -33.018  -2.426 0.8000000119
36293  -27.222  -32.511  -2.075 0.8000000119
36269  -27.372  -32.307  -1.256 0.8000000119
37069  -28.680  -31.705  -0.371 0.8000000119
37940  -30.410  -30.891  0.287 0.8000000119
35541  -29.090  -32.969  -2.170 0.8000000119
37087  -27.346  -31.263  -1.803 0.8000000119
119430  -28.882  -31.160  -0.372 0.8000000119
37955  -30.324  -30.198  0.015 0.8000000119
37088  -28.751  -31.557  -2.059 0.8000000119
38842  -28.444  -30.565  -0.699 0.8000000119
38870  -34.953  -29.835  -1.680 0.5000000000
37981  -33.607  -30.365  -1.080 0.6000000238
37978  -29.193  -30.867  -2.156 0.8000000119
111391  -34.409  -30.021  -1.372 0.6000000238
38881  -33.482  -28.978  -1.922 0.6000000238
38867  -31.936  -29.840  -1.685 0.6000000238
38868  -32.992  -29.655  -1.486 0.6000000238
117136  -31.422  -35.956  7.060 0.6999999881
35470  -32.447  -33.831  6.669 0.6999999881
35452  -30.881  -33.900  7.387 0.5000000000
36206  -29.097  -32.770  7.114 0.4000000060
126029  -29.637  -32.258  7.242 0.4000000060
107876  -29.929  -32.944  7.421 0.5000000000
34690  -33.446  -34.558  5.632 0.6999999881
35489  -33.698  -33.685  4.602 0.6999999881
109452  -28.650  -31.095  6.582 0.3000000119
37014  -29.330  -30.973  6.795 0.3000000119
36207  -30.437  -32.255  7.316 0.5000000000
36218  -33.523  -32.382  5.293 0.6999999881
117710  -33.648  -32.991  4.365 0.6999999881
37013  -28.113  -31.641  6.487 0.3000000119
37902  -28.844  -30.347  6.361 0.3000000119
37044  -33.920  -31.479  3.547 0.6999999881
35507  -30.692  -33.297  0.763 0.8000000119
37046  -33.108  -31.694  1.962 0.6999999881
36245  -31.347  -32.885  1.183 0.6999999881
37931  -33.234  -30.812  1.881 0.6999999881
36259  -28.996  -32.650  -0.265 0.8000000119
118151  -31.275  -32.190  0.875 0.6999999881
37941  -31.798  -30.768  0.793 0.8000000119
35540  -27.065  -32.958  -1.963 0.8000000119
38833  -31.865  -30.001  0.673 0.8000000119
38844  -31.074  -29.678  0.217 0.8000000119
37099  -27.432  -31.568  -2.047 0.8000000119
37077  -27.376  -31.642  -1.408 0.8000000119
38858  -28.730  -29.684  -0.821 0.8000000119
39674  -29.315  -28.835  -0.922 0.8000000119
39675  -30.407  -28.484  -0.588 0.8000000119
116157  -27.991  -31.031  -2.312 0.8000000119
37989  -27.494  -30.736  -2.066 0.8000000119
37966  -27.542  -30.966  -1.438 0.8000000119
39673  -28.119  -29.140  -1.512 0.8000000119
37991  -29.520  -30.227  -2.375 0.8000000119
34663  -31.227  -34.391  7.305 0.6000000238
35467  -29.375  -33.573  7.314 0.5000000000
35469  -31.594  -33.803  7.184 0.6000000238
35468  -30.911  -33.119  7.335 0.5000000000
115340  -31.959  -33.057  6.931 0.6999999881
36217  -33.057  -32.336  5.937 0.6999999881
36208  -31.429  -32.264  7.136 0.6000000238
36209  -32.359  -32.286  6.605 0.6999999881
117965  -32.763  -33.068  6.311 0.6999999881
37028  -33.408  -31.680  5.537 0.6999999881
37903  -29.621  -30.302  6.579 0.3000000119
37018  -32.754  -31.561  6.238 0.6999999881
37912  -28.100  -29.991  5.821 0.3000000119
38805  -30.386  -28.920  6.209 0.3000000119
37029  -33.785  -31.827  5.022 0.6999999881
39632  -28.071  -27.857  4.930 0.3000000119
40451  -28.730  -27.669  5.225 0.3000000119
39615  -29.165  -28.243  5.609 0.3000000119
39616  -29.965  -28.210  5.872 0.3000000119
112511  -27.837  -26.722  4.521 0.3000000119
36236  -33.544  -32.053  2.825 0.6999999881
37047  -33.689  -31.171  2.685 0.6999999881
39661  -31.143  -28.911  -0.084 0.8000000119
37977  -27.391  -30.703  -1.825 0.8000000119
38865  -27.524  -30.129  -2.025 0.8000000119
38857  -27.687  -30.153  -1.523 0.8000000119
40500  -29.791  -27.990  -1.157 0.8000000119
37990  -28.260  -30.457  -2.469 0.8000000119
38877  -28.750  -29.782  -2.795 0.8000000119
39694  -29.475  -29.072  -3.201 0.6999999881
38878  -30.111  -29.546  -2.602 0.6000000238
37905  -32.361  -30.723  6.466 0.6000000238
112462  -30.340  -30.198  6.658 0.4000000060
37913  -33.194  -30.889  5.807 0.6999999881
38790  -31.916  -29.887  6.429 0.4000000060
113709  -33.608  -30.219  5.399 0.6999999881
37914  -33.858  -31.072  5.051 0.6999999881
37039  -33.935  -31.686  4.391 0.6999999881
41294  -29.939  -26.801  5.380 0.3000000119
39618  -31.988  -28.396  5.873 0.4000000060
38819  -34.215  -29.623  4.314 0.6999999881
38824  -34.254  -29.763  3.357 0.6999999881
37932  -33.843  -30.334  2.561 0.6999999881
38835  -33.571  -29.335  1.625 0.6999999881
121581  -31.142  -31.051  0.542 0.8000000119
38832  -31.116  -30.410  0.428 0.8000000119
38845  -31.895  -29.221  0.463 0.8000000119
39660  -30.109  -29.415  -0.378 0.8000000119
40502  -31.773  -27.613  -0.358 0.8000000119
40515  -30.089  -27.098  -1.430 0.8000000119
38875  -27.552  -29.255  -2.458 0.8000000119
38864  -27.554  -29.459  -2.105 0.8000000119
40513  -28.135  -28.304  -1.899 0.8000000119
40514  -28.998  -27.524  -1.749 0.8000000119
39688  -27.591  -28.861  -2.180 0.8000000119
38890  -28.133  -29.209  -3.174 0.8000000119
39707  -30.150  -28.348  -3.841 0.6000000238
39705  -28.156  -28.482  -3.482 0.6999999881
40530  -29.165  -27.993  -3.816 0.6999999881
37017  -31.868  -31.463  6.864 0.6000000238
39617  -30.926  -28.267  5.927 0.3000000119
40453  -30.450  -27.521  5.655 0.3000000119
109117  -32.451  -29.221  6.016 0.5000000000
40454  -31.606  -27.520  5.658 0.3000000119
40455  -32.602  -27.782  5.564 0.5000000000
108005  -34.118  -28.955  4.708 0.6999999881
41308  -29.430  -26.170  4.873 0.3000000119
41309  -30.397  -26.033  5.097 0.3000000119
40456  -33.688  -27.689  4.788 0.4000000060
108404  -34.375  -28.966  3.883 0.6999999881
43045  -28.809  -24.774  4.130 0.3000000119
39643  -34.378  -28.243  3.499 0.6000000238
39653  -34.117  -28.664  1.999 0.6000000238
111758  -34.336  -27.754  2.141 0.6000000238
39652  -33.368  -28.746  1.190 0.8000000119
40489  -34.167  -27.083  1.609 0.6000000238
38846  -32.642  -28.802  0.683 0.8000000119
39664  -33.819  -27.910  1.387 0.6999999881
39662  -32.036  -28.356  0.176 0.8000000119
40494  -32.636  -27.464  0.116 0.6999999881
39663  -33.038  -28.078  0.696 0.6999999881
40495  -33.564  -27.085  0.736 0.6999999881
39676  -31.274  -28.197  -0.354 0.8000000119
41345  -32.956  -26.614  0.030 0.6999999881
40501  -30.785  -27.589  -0.773 0.8000000119
122380  -31.464  -27.044  -0.679 0.8000000119
41352  -32.467  -26.151  -0.460 0.6999999881
120622  -33.035  -25.926  -0.048 0.6999999881
40516  -30.886  -26.750  -1.093 0.8000000119
39687  -27.280  -28.818  -2.680 0.8000000119
41361  -28.257  -26.889  -2.313 0.8000000119
38876  -27.749  -29.841  -2.470 0.8000000119
39693  -27.067  -28.609  -2.923 0.8000000119
109051  -27.944  -27.651  -2.234 0.8000000119
123373  -28.555  -26.110  -2.392 0.8000000119
38889  -27.447  -29.108  -2.818 0.8000000119
40541  -27.041  -27.872  -3.393 0.6999999881
39695  -30.647  -28.808  -3.094 0.6000000238
119477  -31.119  -28.378  -3.992 0.6000000238
39704  -27.341  -28.714  -3.153 0.8000000119
40529  -28.035  -27.855  -3.683 0.6999999881
113196  -27.730  -27.317  -3.734 0.6999999881
128040  -33.730  -28.969  5.272 0.5000000000
121668  -33.937  -29.572  5.058 0.5000000000
41295  -30.963  -26.731  5.446 0.3000000119
39619  -33.749  -28.369  5.067 0.5000000000
117012  -31.442  -25.943  5.139 0.3000000119
115271  -34.141  -28.288  4.346 0.5000000000
115680  -30.910  -25.321  4.762 0.3000000119
41310  -32.327  -25.917  5.025 0.3000000119
40473  -34.106  -27.576  4.026 0.6000000238
125808  -29.181  -24.217  3.914 0.3000000119
43047  -30.406  -24.701  4.461 0.3000000119
42171  -33.037  -25.647  4.656 0.3000000119
118981  -29.950  -24.139  4.110 0.3000000119
43943  -28.892  -23.532  3.525 0.3000000119
41346  -33.525  -26.079  0.506 0.6999999881
42234  -30.124  -25.552  -1.910 0.8000000119
42236  -31.408  -25.743  -1.201 0.6999999881
42222  -32.062  -25.601  -0.897 0.6999999881
42235  -30.880  -25.581  -1.519 0.6999999881
41362  -29.450  -26.422  -1.991 0.8000000119
43126  -29.824  -24.812  -2.187 0.6999999881
41360  -27.142  -27.296  -2.726 0.8000000119
109520  -27.391  -26.318  -2.690 0.6999999881
114951  -29.207  -25.510  -2.282 0.6000000238
40543  -31.888  -27.367  -5.154 0.6000000238
40528  -26.852  -28.177  -3.054 0.6999999881
41375  -26.865  -27.343  -3.125 0.6999999881
124548  -28.973  -27.204  -4.138 0.6999999881
40542  -30.157  -27.598  -4.441 0.6999999881
41383  -27.153  -26.938  -3.509 0.6999999881
44962  -26.330  -22.284  -4.941 0.5000000000
44963  -27.049  -22.333  -5.376 0.5000000000
41321  -34.132  -26.467  3.120 0.6000000238
40482  -34.343  -27.464  3.080 0.6000000238
42207  -34.065  -25.514  1.849 0.6000000238
41339  -34.027  -26.245  1.232 0.6999999881
42215  -33.885  -25.246  0.927 0.6999999881
44867  -27.156  -22.443  2.564 0.3000000119
42223  -32.769  -25.430  -0.427 0.6999999881
118557  -33.145  -24.723  -0.267 0.6999999881
42233  -28.047  -25.486  -2.521 0.6999999881
43127  -30.793  -24.751  -1.755 0.6999999881
43128  -31.558  -25.131  -1.361 0.6000000238
41369  -26.781  -27.768  -2.999 0.6999999881
42241  -26.770  -26.565  -3.115 0.6999999881
43124  -27.659  -24.783  -2.679 0.6000000238
42240  -26.503  -25.557  -3.405 0.6999999881
39720  -31.074  -27.879  -4.642 0.6000000238
107361  -30.972  -27.231  -4.962 0.5000000000
107469  -27.164  -25.993  -3.870 0.6999999881
43169  -27.403  -25.101  -4.309 0.6999999881
43170  -28.544  -24.779  -4.654 0.6000000238
42184  -33.873  -25.673  3.582 0.5000000000
114255  -33.752  -24.898  3.392 0.4000000060
42195  -34.021  -25.649  2.757 0.5000000000
117149  -33.897  -24.959  2.505 0.5000000000
43104  -33.780  -24.238  0.876 0.6000000238
45753  -26.767  -21.761  2.212 0.3000000119
44868  -27.978  -22.377  2.647 0.3000000119
42214  -33.371  -25.355  0.167 0.6999999881
43113  -32.814  -23.961  -0.687 0.6000000238
116586  -32.404  -24.795  -0.960 0.6000000238
44005  -29.492  -24.121  -2.448 0.6000000238
43111  -31.180  -23.853  -1.791 0.6000000238
42232  -26.765  -25.474  -2.945 0.6999999881
117112  -28.811  -24.795  -2.447 0.6000000238
108874  -30.348  -24.100  -2.143 0.6000000238
43139  -26.817  -24.621  -3.056 0.6999999881
43140  -27.554  -24.195  -2.924 0.6000000238
42264  -26.344  -25.273  -3.958 0.6999999881
42265  -28.372  -25.719  -4.340 0.6999999881
41386  -30.097  -26.874  -4.674 0.6000000238
124073  -30.729  -26.517  -4.858 0.5000000000
42266  -29.493  -25.456  -4.648 0.6000000238
112950  -30.052  -26.213  -4.723 0.6000000238
117806  -30.054  -24.982  -4.625 0.5000000000
42263  -26.442  -24.645  -4.219 0.6000000238
44038  -28.575  -23.984  -4.973 0.5000000000
43171  -29.401  -24.390  -4.763 0.5000000000
44049  -28.085  -23.237  -5.388 0.5000000000
44964  -28.161  -22.271  -5.570 0.5000000000
43067  -33.425  -24.065  3.404 0.4000000060
43080  -33.740  -24.273  2.709 0.4000000060
43948  -33.513  -23.531  2.771 0.4000000060
44853  -31.741  -22.651  3.609 0.4000000060
43094  -33.866  -24.506  1.814 0.6000000238
45754  -27.591  -21.714  2.284 0.3000000119
46656  -28.749  -21.069  2.270 0.3000000119
45755  -29.312  -21.514  2.652 0.3000000119
43103  -33.516  -24.058  0.084 0.6000000238
46681  -28.269  -20.237  1.559 0.3000000119
44006  -31.468  -23.038  -1.760 0.5000000000
127246  -32.295  -24.164  -1.184 0.6000000238
127486  -30.016  -23.567  -2.403 0.6000000238
121992  -30.718  -23.356  -2.171 0.6000000238
44019  -29.256  -23.329  -2.742 0.6000000238
43125  -28.513  -24.118  -2.704 0.6000000238
44935  -29.629  -22.416  -2.850 0.6000000238
43138  -26.287  -24.881  -3.558 0.6999999881
44018  -28.093  -23.493  -3.093 0.6000000238
43155  -26.081  -24.595  -4.062 0.6999999881
44048  -27.022  -23.175  -4.877 0.5000000000
43183  -27.592  -24.102  -4.724 0.5000000000
45862  -27.027  -21.451  -5.663 0.5000000000
43946  -32.239  -23.284  3.776 0.4000000060
43947  -33.067  -23.341  3.334 0.4000000060
43961  -33.687  -23.768  2.249 0.5000000000
45739  -33.081  -22.025  2.772 0.4000000060
43974  -33.716  -23.575  1.560 0.4000000060
124804  -28.655  -20.581  1.966 0.3000000119
46657  -29.430  -20.582  2.338 0.3000000119
43983  -33.595  -23.290  0.667 0.4000000060
46682  -29.005  -19.996  1.850 0.3000000119
119050  -30.353  -20.271  2.494 0.4000000060
43992  -32.773  -23.078  -0.685 0.5000000000
43982  -33.332  -23.411  -0.132 0.6000000238
43991  -32.107  -23.579  -1.349 0.5000000000
44920  -31.008  -22.613  -2.213 0.5000000000
44919  -30.196  -22.900  -2.484 0.6000000238
44921  -31.707  -22.271  -1.737 0.5000000000
44934  -28.600  -22.649  -3.177 0.6000000238
45834  -29.064  -21.837  -3.275 0.6000000238
44932  -26.548  -23.184  -3.779 0.6000000238
45833  -27.919  -21.957  -3.485 0.6000000238
44037  -26.261  -23.710  -4.105 0.5000000000
44047  -26.423  -23.294  -4.337 0.5000000000
44953  -26.314  -22.530  -4.357 0.5000000000
45861  -25.981  -21.377  -5.535 0.5000000000
45871  -25.898  -20.607  -6.012 0.5000000000
46787  -27.472  -20.768  -5.915 0.5000000000
44854  -32.699  -22.640  3.280 0.4000000060
44870  -33.582  -23.066  2.161 0.4000000060
44855  -33.311  -22.783  2.728 0.4000000060
127955  -33.536  -22.040  1.703 0.4000000060
44885  -33.592  -22.632  1.491 0.4000000060
45758  -33.302  -21.583  2.320 0.4000000060
45780  -33.503  -21.916  1.216 0.4000000060
44897  -33.508  -22.460  0.764 0.4000000060
47586  -28.584  -19.476  1.405 0.3000000119
108552  -32.856  -22.258  -0.604 0.4000000060
44896  -33.348  -22.704  0.039 0.5000000000
48422  -28.123  -18.858  0.906 0.3000000119
125750  -31.980  -21.601  -1.768 0.4000000060
45819  -31.302  -21.869  -2.217 0.5000000000
45820  -31.757  -21.063  -2.215 0.4000000060
45835  -30.019  -21.658  -2.998 0.6000000238
44936  -30.501  -22.142  -2.552 0.5000000000
46738  -29.444  -21.087  -3.414 0.5000000000
46739  -30.362  -20.923  -3.180 0.5000000000
45846  -26.124  -21.898  -4.480 0.5000000000
127272  -26.874  -21.975  -3.763 0.6000000238
46737  -28.402  -21.216  -3.606 0.6000000238
46754  -27.164  -21.316  -3.919 0.6000000238
46767  -25.617  -20.936  -4.981 0.5000000000
46775  -25.525  -20.389  -5.669 0.5000000000
126810  -28.049  -20.330  -6.181 0.5000000000
46753  -26.239  -21.533  -4.365 0.5000000000
50176  -27.282  -16.386  -0.144 0.3000000119
50151  -28.586  -16.699  0.433 0.4000000060
50964  -28.710  -15.812  0.326 0.4000000060
46755  -28.745  -20.413  -3.847 0.5000000000
121298  -26.776  -15.227  -0.669 0.4000000060
47663  -27.500  -19.935  -4.407 0.5000000000
48476  -30.402  -18.948  -4.023 0.5000000000
48477  -31.152  -18.882  -3.509 0.5000000000
48474  -27.458  -19.057  -4.815 0.5000000000
48475  -29.491  -18.941  -4.361 0.5000000000
46768  -25.434  -20.012  -5.401 0.5000000000
118687  -26.182  -19.508  -5.105 0.6000000238
47693  -27.952  -19.640  -6.367 0.5000000000
47682  -25.940  -19.358  -6.106 0.6000000238
48504  -26.947  -18.509  -6.195 0.5000000000
123801  -26.841  -19.116  -6.291 0.6000000238
48505  -27.976  -18.616  -6.474 0.4000000060
50988  -28.115  -15.336  -0.219 0.4000000060
49281  -30.133  -16.625  0.823 0.4000000060
47664  -28.805  -19.569  -4.261 0.5000000000
120387  -28.474  -18.790  -4.627 0.5000000000
48486  -27.697  -18.339  -5.240 0.5000000000
49353  -28.024  -17.573  -5.553 0.5000000000
49341  -28.775  -18.165  -4.790 0.5000000000
47672  -25.819  -19.420  -5.741 0.5000000000
48494  -26.631  -18.684  -5.975 0.5000000000
48518  -28.564  -17.725  -6.577 0.4000000060
49366  -27.313  -17.864  -6.064 0.5000000000
48517  -27.635  -17.737  -6.343 0.5000000000
50965  -29.496  -15.497  0.447 0.4000000060
120883  -27.595  -14.449  -0.605 0.4000000060
49343  -30.755  -18.163  -3.946 0.4000000060
49352  -27.215  -18.002  -5.858 0.4000000060
50244  -28.248  -16.664  -6.167 0.4000000060
121252  -28.120  -17.155  -6.485 0.5000000000
49389  -29.081  -16.983  -6.780 0.3000000119
49355  -30.279  -17.331  -4.438 0.4000000060
50223  -28.430  -16.699  -5.764 0.4000000060
49388  -28.385  -16.644  -6.440 0.5000000000
51066  -29.097  -15.348  -7.055 0.4000000060
51058  -28.927  -15.255  -6.741 0.4000000060
51069  -32.446  -15.100  -7.492 0.4000000060
50236  -28.610  -16.034  -6.050 0.4000000060
51877  -29.163  -14.637  -7.053 0.4000000060
51854  -30.153  -14.353  -5.593 0.4000000060
51878  -29.772  -14.194  -7.345 0.4000000060
51068  -31.097  -15.123  -7.474 0.4000000060
51880  -32.543  -14.304  -7.586 0.4000000060
51070  -33.036  -14.567  -7.430 0.4000000060
51853  -29.249  -14.821  -6.045 0.4000000060
51863  -29.096  -14.620  -6.699 0.3000000119
51871  -29.405  -13.991  -7.008 0.4000000060
52702  -30.075  -13.372  -6.024 0.4000000060
52712  -29.902  -13.357  -6.818 0.3000000119
52719  -30.061  -13.447  -7.246 0.4000000060
51879  -31.312  -14.150  -7.576 0.4000000060
51881  -33.060  -13.866  -7.684 0.4000000060
51864  -29.451  -13.982  -6.511 0.3000000119
52720  -30.705  -12.762  -7.148 0.4000000060
52725  -31.129  -13.306  -7.462 0.5000000000
52713  -30.492  -12.761  -6.400 0.4000000060
23880  -34.670  -48.186  3.268 0.6999999881
127752  -26.698  -51.783  5.828 0.6000000238
127346  -33.393  -46.899  5.452 0.6999999881
112079  -34.558  -45.633  2.410 0.8000000119
26172  -34.389  -45.502  4.584 0.8000000119
23891  -26.846  -48.244  1.668 0.4000000060
30899  -29.445  -39.534  -3.656 0.8000000119
28469  -31.132  -42.296  6.477 0.6000000238
26967  -26.631  -44.524  3.255 0.5000000000
30139  -32.595  -40.876  5.601 0.8000000119
31550  -28.366  -38.906  5.997 0.6000000238
107744  -31.800  -38.156  6.609 0.6999999881
33945  -31.366  -35.623  0.524 0.6999999881
33865  -31.147  -35.173  7.273 0.6999999881
38843  -29.454  -30.109  -0.386 0.8000000119
38826  -33.363  -30.015  1.758 0.6999999881
38808  -33.349  -29.433  5.608 0.6000000238
38827  -34.005  -29.532  2.360 0.6000000238
37904  -31.227  -30.592  6.807 0.6000000238
127301  -33.286  -27.888  5.309 0.5000000000
43112  -31.735  -24.363  -1.447 0.6000000238
111146  -26.453  -19.906  -6.256 0.5000000000
23205  -31.817  -49.345  -5.554 0.5000000000
23956  -32.872  -48.013  -5.634 0.5000000000
21610  -32.269  -51.469  -3.206 0.6999999881
26240  -33.526  -45.314  -4.008 0.5000000000
20695  -28.307  -53.088  7.261 0.5000000000
114658  -32.554  -45.139  -4.638 0.6999999881
23892  -34.577  -48.392  1.601 0.6999999881
109574  -34.480  -47.833  1.173 0.6999999881
123206  -33.071  -47.309  -2.500 0.6999999881
25459  -32.847  -46.320  -2.169 0.6999999881
27025  -31.088  -44.439  -2.405 0.6999999881
28580  -32.652  -42.710  -4.093 0.6999999881
29431  -33.839  -41.600  -2.622 0.5000000000
29429  -32.555  -41.374  -3.742 0.6000000238
125765  -33.112  -39.644  -2.477 0.5000000000
23100  -28.445  -49.437  6.286 0.6000000238
124182  -33.876  -45.832  0.710 0.6999999881
29439  -31.913  -41.091  -4.233 0.6999999881
23102  -29.887  -49.711  6.383 0.6000000238
116667  -34.725  -47.042  3.204 0.8000000119
126317  -33.803  -45.297  1.085 0.6999999881
115798  -35.331  -38.975  -2.282 0.4000000060
23122  -27.797  -48.898  5.690 0.6000000238
23134  -27.200  -48.988  5.117 0.6000000238
30234  -29.886  -40.959  -4.126 0.8000000119
115034  -31.252  -46.535  5.787 0.6999999881
26969  -34.469  -44.629  3.506 0.6999999881
22365  -25.708  -50.844  3.847 0.5000000000
28548  -33.158  -42.827  1.312 0.8000000119
31637  -33.264  -38.334  -1.901 0.5000000000
106866  -33.200  -43.910  5.540 0.6999999881
24609  -27.783  -47.855  4.418 0.6000000238
28554  -32.227  -42.381  -0.073 0.8000000119
33229  -31.916  -37.237  -2.336 0.6999999881
32442  -33.792  -37.646  -1.654 0.6000000238
25401  -28.700  -46.507  4.427 0.6000000238
31634  -28.881  -38.993  -2.951 0.8000000119
32430  -33.700  -36.932  -1.584 0.6000000238
33993  -35.431  -35.892  -2.658 0.4000000060
23879  -27.343  -47.992  3.709 0.5000000000
23878  -26.650  -48.658  3.482 0.5000000000
125976  -29.259  -37.630  -3.620 0.8000000119
123541  -30.915  -43.077  6.518 0.6000000238
126489  -31.554  -42.848  6.398 0.6000000238
23883  -27.110  -48.088  2.663 0.4000000060
25410  -27.889  -46.812  3.232 0.5000000000
25411  -28.115  -46.295  3.751 0.5000000000
106681  -32.740  -38.870  0.960 0.8000000119
116682  -32.862  -35.923  -1.573 0.6999999881
35546  -34.300  -33.757  -1.691 0.6000000238
35559  -35.023  -33.665  -2.289 0.4000000060
27733  -30.118  -43.293  6.398 0.6000000238
26169  -27.724  -45.346  3.905 0.5000000000
28509  -26.621  -41.851  3.117 0.5000000000
28493  -27.232  -42.509  4.191 0.6000000238
27763  -27.212  -43.549  4.057 0.5000000000
114239  -26.766  -43.841  3.487 0.5000000000
123277  -28.721  -43.498  5.730 0.5000000000
30854  -25.244  -39.636  2.474 0.6000000238
30187  -25.632  -40.187  2.066 0.6000000238
126458  -27.836  -41.876  5.430 0.6000000238
26958  -27.670  -44.153  4.551 0.5000000000
27744  -28.168  -43.102  5.490 0.5000000000
114761  -33.872  -37.945  4.388 0.6999999881
32383  -33.975  -37.430  3.487 0.6999999881
32421  -31.047  -37.739  -0.616 0.8000000119
31624  -28.650  -37.804  -2.391 0.8999999762
108906  -27.224  -39.580  4.724 0.5000000000
29337  -27.455  -41.775  4.823 0.6000000238
29338  -28.318  -41.578  5.870 0.6000000238
32376  -26.898  -37.950  4.908 0.4000000060
31549  -27.662  -38.394  5.479 0.5000000000
112293  -34.132  -37.064  4.312 0.6999999881
33131  -26.512  -36.392  5.115 0.4000000060
33182  -32.693  -36.431  1.636 0.6999999881
33208  -27.547  -36.525  -2.272 0.8000000119
37078  -33.540  -31.684  -0.822 0.6999999881
30807  -29.029  -39.427  6.444 0.6999999881
117972  -34.116  -35.891  4.828 0.6999999881
108472  -33.907  -35.899  3.137 0.6999999881
33881  -26.482  -35.635  5.173 0.4000000060
116827  -31.288  -33.409  -1.601 0.8000000119
32332  -29.582  -37.247  6.888 0.6000000238
32333  -30.543  -37.342  7.000 0.6999999881
32354  -28.327  -37.920  6.140 0.6000000238
35558  -29.794  -33.579  -2.173 0.8999999762
36283  -29.574  -32.360  -1.779 0.8000000119
37967  -33.053  -31.153  -0.871 0.6000000238
111972  -30.367  -30.953  -1.670 0.8000000119
34675  -28.989  -34.162  7.204 0.4000000060
34717  -33.177  -34.357  2.689 0.6999999881
36282  -28.064  -32.293  -2.169 0.8000000119
37089  -30.131  -31.691  -1.623 0.8000000119
35451  -30.194  -33.720  7.473 0.5000000000
35481  -33.559  -33.764  5.325 0.6999999881
35500  -33.276  -33.711  2.863 0.6999999881
126352  -32.934  -33.278  2.391 0.6999999881
35506  -29.844  -32.930  0.258 0.8000000119
36244  -30.567  -32.550  0.626 0.8000000119
35480  -33.141  -33.827  6.033 0.6999999881
118364  -28.960  -31.810  6.918 0.3000000119
113111  -29.882  -31.584  7.144 0.5000000000
118166  -33.288  -33.067  5.626 0.6999999881
118488  -33.610  -33.027  5.003 0.6999999881
37016  -30.856  -31.479  7.164 0.5000000000
37015  -30.210  -30.845  6.938 0.4000000060
36226  -33.737  -32.366  4.686 0.6999999881
36232  -33.724  -32.426  3.785 0.6999999881
37928  -34.092  -30.652  3.397 0.6999999881
40452  -29.523  -27.554  5.501 0.3000000119
38807  -32.872  -30.054  6.036 0.6000000238
38806  -31.405  -29.050  6.197 0.4000000060
110743  -34.034  -30.270  4.685 0.6999999881
37923  -34.112  -30.901  4.198 0.6999999881
122418  -34.208  -30.244  4.002 0.6999999881
122936  -34.378  -28.915  2.956 0.6000000238
112995  -32.213  -26.908  -0.431 0.8000000119
41363  -30.422  -26.259  -1.549 0.8000000119
38789  -30.850  -29.692  6.496 0.5000000000
123652  -33.090  -28.558  5.604 0.5000000000
43046  -29.520  -24.773  4.340 0.3000000119
126302  -34.425  -28.223  2.715 0.6000000238
41351  -31.635  -26.332  -0.824 0.6999999881
41384  -28.044  -26.634  -4.060 0.6999999881
41296  -32.165  -26.658  5.384 0.3000000119
119924  -30.346  -23.519  3.838 0.3000000119
120912  -34.330  -27.038  2.376 0.6000000238
42251  -26.746  -25.996  -3.415 0.6999999881
118845  -33.582  -24.720  0.375 0.6999999881
42250  -26.213  -25.117  -3.906 0.6999999881
44017  -26.960  -23.824  -3.342 0.6000000238
44933  -27.293  -22.771  -3.485 0.6000000238
44050  -28.835  -22.779  -5.378 0.4000000060
45737  -31.152  -21.952  3.394 0.4000000060
45779  -28.058  -21.006  1.856 0.3000000119
44016  -26.242  -23.993  -3.833 0.5000000000
47572  -29.884  -19.761  2.222 0.4000000060
44904  -32.253  -22.675  -1.295 0.5000000000
45799  -32.403  -21.852  -1.248 0.4000000060
45836  -30.862  -21.401  -2.666 0.5000000000
107341  -26.206  -20.515  -4.608 0.6000000238
50152  -29.351  -16.314  0.604 0.4000000060
125950  -29.361  -20.023  -3.882 0.5000000000
51052  -28.839  -15.375  -6.306 0.4000000060
51042  -29.188  -15.876  -5.680 0.4000000060
125214  -32.090  -13.742  -7.656 0.4000000060
107877  -33.467  -13.126  -8.070 0.3000000119
19216  -31.641  -54.515  -0.521 0.5000000000
19230  -31.574  -54.564  -1.450 0.5000000000
117939  -31.209  -54.817  3.135 0.4000000060
19184  -31.444  -54.377  1.857 0.5000000000
19183  -30.966  -54.787  1.315 0.5000000000
19992  -32.016  -54.104  0.243 0.5000000000
20006  -32.252  -53.915  -0.459 0.6000000238
20007  -32.616  -53.380  -0.898 0.6000000238
19167  -31.682  -54.262  2.750 0.5000000000
19156  -31.601  -54.446  3.731 0.5000000000
19978  -32.083  -53.769  1.861 0.5000000000
108699  -32.342  -53.658  0.893 0.5000000000
19144  -31.794  -53.868  4.384 0.5000000000
20800  -33.193  -52.759  0.253 0.6000000238
106952  -33.109  -52.762  -0.596 0.6000000238
19993  -32.714  -53.458  0.025 0.6000000238
20834  -32.805  -52.628  -1.455 0.6000000238
21588  -33.246  -51.810  -1.112 0.6000000238
21611  -32.713  -51.786  -2.199 0.6000000238
19950  -32.457  -53.070  3.266 0.5000000000
19979  -32.653  -53.159  1.474 0.5000000000
20784  -33.082  -52.600  1.080 0.6000000238
19121  -31.308  -53.855  5.226 0.5000000000
19939  -32.209  -53.067  4.154 0.5000000000
20801  -33.400  -51.996  0.561 0.6000000238
19906  -30.206  -53.551  6.531 0.5000000000
19922  -30.775  -53.253  5.888 0.5000000000
21589  -33.587  -51.301  -0.172 0.6000000238
22415  -33.165  -50.906  -1.896 0.6000000238
19967  -32.556  -53.105  2.370 0.5000000000
112824  -32.932  -52.506  1.936 0.5000000000
20743  -31.818  -52.524  4.743 0.5000000000
20757  -32.486  -52.293  3.627 0.5000000000
20770  -32.775  -52.405  2.818 0.5000000000
20771  -33.192  -51.807  2.429 0.5000000000
20731  -30.768  -52.306  5.750 0.5000000000
20732  -31.324  -51.974  5.228 0.5000000000
108217  -29.747  -53.109  6.817 0.5000000000
20716  -30.188  -52.608  6.377 0.5000000000
22407  -33.749  -50.389  -0.561 0.6000000238
21601  -33.487  -50.935  -1.048 0.6000000238
110464  -32.598  -50.767  -2.867 0.6000000238
22426  -33.039  -49.859  -2.540 0.6000000238
21540  -32.504  -51.473  4.100 0.5000000000
21561  -33.470  -51.140  2.914 0.5000000000
21569  -33.568  -51.181  2.032 0.6000000238
22385  -33.900  -50.583  2.551 0.6000000238
21539  -31.906  -51.698  4.719 0.5000000000
20785  -33.316  -51.869  1.527 0.6000000238
22393  -33.986  -50.579  1.759 0.6000000238
20715  -29.403  -52.447  6.720 0.5000000000
20713  -27.708  -52.379  6.765 0.5000000000
22416  -33.482  -50.161  -1.439 0.6000000238
23184  -33.182  -48.831  -2.529 0.6000000238
22352  -32.110  -50.920  4.785 0.5000000000
22367  -32.849  -50.630  4.439 0.5000000000
21553  -33.167  -50.945  3.699 0.5000000000
22377  -34.349  -49.983  2.946 0.6000000238
21524  -30.748  -51.351  5.757 0.5000000000
21511  -29.698  -51.808  6.418 0.5000000000
115879  -30.007  -51.173  6.247 0.6000000238
23125  -32.493  -50.058  5.107 0.6000000238
23143  -34.029  -49.752  3.663 0.5000000000
23144  -34.556  -49.133  3.267 0.6000000238
22350  -31.098  -50.490  5.725 0.6000000238
22351  -31.744  -50.485  5.313 0.6000000238
23150  -34.533  -49.525  2.379 0.6000000238
21510  -28.399  -51.003  6.446 0.5000000000
22333  -29.580  -50.424  6.417 0.5000000000
22334  -30.358  -50.486  6.178 0.6000000238
20712  -26.796  -52.444  6.330 0.4000000060
23124  -31.634  -49.670  5.663 0.6000000238
23126  -33.242  -49.247  5.070 0.6000000238
23136  -33.694  -49.531  4.357 0.5000000000
23137  -34.219  -49.154  3.983 0.6000000238
23884  -34.690  -48.579  2.424 0.6000000238
23872  -33.920  -48.777  4.541 0.6999999881
33972  -34.190  -35.596  -1.668 0.5000000000
38834  -32.766  -29.546  1.017 0.6000000238
39696  -31.830  -28.591  -3.277 0.5000000000
41385  -29.249  -26.354  -4.470 0.5000000000
52726  -32.148  -13.076  -7.781 0.4000000060
53686  -33.685  -12.315  -8.281 0.3000000119
53695  -33.944  -11.836  -8.401 0.3000000119
55624  -34.488  -10.622  -8.161 0.3000000119
117219  -30.639  -55.307  3.045 0.4000000060
18412  -30.292  -55.332  1.606 0.5000000000
19203  -31.252  -54.672  0.413 0.5000000000
20033  -31.918  -53.952  -2.080 0.5000000000
19155  -31.090  -55.087  3.836 0.4000000060
20034  -32.394  -53.318  -1.727 0.6000000238
113244  -32.146  -53.218  -2.584 0.5000000000
20845  -32.285  -52.358  -2.876 0.5000000000
18376  -30.731  -55.270  4.692 0.4000000060
110720  -30.939  -54.631  5.243 0.5000000000
19106  -30.017  -54.262  6.671 0.5000000000
19120  -30.613  -54.241  5.998 0.5000000000
19889  -28.879  -53.876  7.439 0.3000000119
19887  -26.921  -53.863  7.438 0.4000000060
19105  -26.010  -53.839  6.861 0.4000000060
33230  -35.100  -36.556  -2.163 0.4000000060
119354  -35.177  -35.114  -2.455 0.4000000060
33992  -34.889  -35.788  -2.023 0.4000000060
38880  -32.398  -29.078  -2.167 0.5000000000
39708  -31.836  -28.085  -4.519 0.5000000000
115518  -34.006  -26.925  3.788 0.4000000060
54673  -33.397  -11.434  -8.309 0.3000000119
56495  -34.339  -9.851  -8.522 0.3000000119
18375  -30.164  -55.919  4.521 0.4000000060
21577  -33.685  -51.138  0.999 0.6000000238
113171  -27.272  -51.705  6.262 0.5000000000
20714  -28.590  -52.392  6.867 0.5000000000
107719  -28.886  -51.719  6.597 0.6000000238
39697  -33.024  -28.512  -2.880 0.5000000000
20696  -29.143  -53.116  7.139 0.4000000060
19166  -30.897  -54.886  2.285 0.4000000060
113503  -31.688  -54.226  1.085 0.5000000000
19966  -32.227  -53.620  2.781 0.5000000000
19143  -31.312  -54.575  4.546 0.5000000000
21552  -32.936  -51.678  3.269 0.5000000000
21525  -31.458  -51.157  5.228 0.5000000000
54672  -32.620  -11.706  -7.917 0.4000000060
18357  -30.505  -55.081  5.614 0.4000000060
20856  -31.741  -52.905  -3.464 0.4000000060
18344  -30.108  -54.926  6.402 0.4000000060
26981  -26.063  -44.680  2.681 0.4000000060
122333  -26.158  -45.443  2.475 0.3000000119
26187  -26.778  -46.067  2.476 0.4000000060
24626  -27.262  -47.484  2.079 0.4000000060
27777  -26.181  -43.611  2.760 0.4000000060
29402  -24.144  -40.740  0.809 0.4000000060
27776  -25.443  -42.736  1.778 0.4000000060
28524  -26.100  -42.270  2.392 0.4000000060
28508  -24.279  -41.872  2.776 0.3000000119
29389  -24.324  -40.611  1.627 0.3000000119
29371  -24.487  -41.053  3.267 0.4000000060
29391  -25.936  -41.013  2.037 0.4000000060
30201  -24.614  -40.242  1.437 0.5000000000
30168  -24.722  -39.836  3.060 0.4000000060
30186  -25.017  -39.944  1.741 0.5000000000
41297  -33.029  -27.181  5.245 0.3000000119
41312  -33.611  -26.965  4.535 0.3000000119
41311  -33.046  -26.370  4.950 0.3000000119
42172  -33.728  -26.159  4.203 0.3000000119
46756  -29.779  -20.397  -3.580 0.4000000060
43066  -32.743  -23.914  3.928 0.3000000119
47665  -29.939  -19.670  -3.873 0.4000000060
45736  -30.199  -21.696  3.077 0.3000000119
45756  -30.224  -20.986  2.689 0.3000000119
46740  -31.166  -20.617  -2.831 0.4000000060
46758  -31.411  -19.711  -3.041 0.3000000119
46757  -30.607  -20.167  -3.375 0.4000000060
49342  -29.884  -18.215  -4.421 0.4000000060
49354  -29.160  -17.434  -4.994 0.3000000119
45738  -32.302  -21.902  3.247 0.3000000119
125207  -32.791  -21.240  2.700 0.3000000119
124771  -30.915  -21.248  3.039 0.3000000119
45757  -31.810  -21.211  3.082 0.3000000119
46659  -32.271  -20.620  2.684 0.3000000119
46660  -32.926  -20.481  2.306 0.3000000119
124739  -33.449  -21.497  1.798 0.3000000119
46683  -33.319  -20.667  1.704 0.3000000119
107193  -33.435  -21.134  1.016 0.3000000119
45792  -33.345  -21.816  0.288 0.3000000119
46658  -31.261  -20.519  2.712 0.3000000119
125171  -30.205  -19.118  2.059 0.3000000119
48400  -29.951  -18.626  1.605 0.3000000119
45800  -32.904  -21.516  -0.581 0.3000000119
48399  -29.039  -18.724  1.262 0.3000000119
49264  -29.642  -18.030  1.131 0.3000000119
46709  -32.595  -20.800  -1.258 0.3000000119
126714  -32.203  -20.576  -1.974 0.3000000119
46741  -32.176  -19.514  -2.411 0.3000000119
126171  -27.549  -15.780  -0.258 0.3000000119
50177  -27.969  -16.178  0.117 0.3000000119
121114  -31.864  -20.274  -2.401 0.3000000119
127505  -27.879  -14.875  -0.459 0.3000000119
51792  -26.916  -14.608  -0.767 0.3000000119
120420  -29.527  -16.759  -5.145 0.3000000119
47574  -32.196  -19.781  2.388 0.3000000119
46700  -33.323  -20.159  0.843 0.3000000119
45801  -33.239  -20.873  -0.015 0.3000000119
47573  -30.997  -19.504  2.406 0.3000000119
47589  -31.792  -18.907  2.055 0.3000000119
47590  -33.028  -19.780  1.709 0.3000000119
47612  -33.184  -19.444  0.385 0.3000000119
47588  -30.897  -18.669  1.968 0.3000000119
48401  -30.628  -18.045  1.452 0.3000000119
110416  -32.491  -19.192  1.830 0.3000000119
48423  -28.752  -18.093  0.791 0.3000000119
47639  -32.634  -19.349  -1.812 0.3000000119
49280  -29.313  -17.270  0.747 0.3000000119
47649  -31.853  -18.814  -2.865 0.3000000119
50989  -28.930  -14.983  0.068 0.3000000119
109385  -29.265  -14.190  -0.184 0.3000000119
49331  -31.522  -17.964  -3.288 0.3000000119
49356  -31.063  -17.446  -3.828 0.3000000119
50225  -30.989  -16.751  -4.071 0.3000000119
51043  -30.288  -15.434  -5.205 0.3000000119
50224  -30.273  -16.366  -4.779 0.3000000119
48404  -32.837  -19.110  1.333 0.3000000119
47591  -33.124  -19.423  1.015 0.3000000119
48402  -31.581  -18.199  1.586 0.3000000119
48403  -32.396  -18.503  1.430 0.3000000119
48425  -33.001  -18.653  0.650 0.3000000119
46710  -33.148  -19.990  -0.276 0.3000000119
49265  -30.350  -17.367  1.084 0.3000000119
49266  -31.364  -17.477  1.243 0.3000000119
47625  -32.880  -19.668  -1.160 0.3000000119
107390  -32.672  -17.944  -1.828 0.3000000119
123706  -30.014  -15.938  0.692 0.3000000119
50966  -30.355  -15.312  0.537 0.3000000119
48463  -32.209  -18.035  -2.602 0.3000000119
51772  -29.804  -14.730  0.271 0.3000000119
51794  -30.197  -13.989  0.127 0.3000000119
49345  -32.010  -17.429  -2.888 0.3000000119
122826  -31.453  -16.336  -3.732 0.3000000119
117123  -31.003  -15.945  -4.309 0.3000000119
48444  -33.090  -18.196  -0.223 0.3000000119
50143  -31.978  -16.942  0.937 0.3000000119
49282  -32.579  -17.289  0.705 0.3000000119
49283  -32.919  -17.727  0.350 0.3000000119
47626  -33.133  -19.094  -0.326 0.3000000119
49309  -32.942  -16.967  0.183 0.3000000119
48443  -32.916  -18.676  -1.239 0.3000000119
50153  -30.797  -15.982  0.747 0.3000000119
50154  -31.822  -16.063  0.641 0.3000000119
52633  -31.221  -13.885  0.320 0.3000000119
50202  -32.598  -16.739  -2.130 0.3000000119
52650  -29.639  -13.377  -0.194 0.3000000119
52651  -30.672  -13.213  0.158 0.3000000119
50212  -32.230  -16.818  -2.773 0.3000000119
49344  -31.603  -16.997  -3.388 0.3000000119
50155  -32.537  -16.538  0.488 0.3000000119
122083  -33.073  -17.437  -0.152 0.3000000119
48456  -32.972  -17.692  -0.918 0.3000000119
50967  -31.312  -15.256  0.554 0.3000000119
123654  -32.522  -15.843  0.308 0.3000000119
51774  -31.722  -14.532  0.398 0.3000000119
53599  -30.087  -12.418  -0.110 0.3000000119
121841  -32.004  -13.933  0.258 0.3000000119
53600  -31.134  -12.489  0.128 0.3000000119
52652  -31.775  -13.168  0.137 0.3000000119
110152  -32.589  -16.033  -2.509 0.3000000119
50211  -31.996  -16.269  -3.260 0.3000000119
51029  -31.643  -15.695  -3.768 0.3000000119
51044  -31.174  -14.994  -4.553 0.3000000119
51855  -31.061  -13.893  -4.945 0.3000000119
50179  -33.052  -16.756  -0.575 0.3000000119
50990  -32.736  -15.250  -0.109 0.3000000119
50991  -33.025  -15.762  -0.698 0.3000000119
51775  -32.406  -14.477  0.124 0.3000000119
51010  -32.969  -14.986  -0.792 0.3000000119
50196  -32.943  -16.276  -1.495 0.3000000119
52634  -32.444  -13.754  -0.120 0.3000000119
53601  -31.953  -12.114  -0.127 0.3000000119
51795  -32.744  -14.398  -0.425 0.3000000119
109238  -32.611  -15.110  -2.790 0.3000000119
51030  -32.222  -15.630  -3.239 0.3000000119
51842  -32.009  -14.924  -3.722 0.3000000119
127283  -31.578  -14.489  -4.302 0.3000000119
52703  -30.898  -12.948  -5.475 0.3000000119
123198  -30.926  -11.628  -0.035 0.3000000119
51815  -33.030  -14.405  -1.238 0.3000000119
108643  -33.001  -15.275  -1.677 0.3000000119
52653  -32.512  -12.965  -0.444 0.3000000119
106523  -32.835  -13.688  -0.794 0.3000000119
108084  -33.088  -13.767  -1.671 0.3000000119
52681  -32.903  -13.641  -2.610 0.3000000119
51843  -32.523  -14.285  -3.206 0.3000000119
52695  -32.448  -13.424  -3.626 0.3000000119
54632  -32.389  -12.117  -4.428 0.3000000119
118110  -32.198  -12.796  -4.247 0.3000000119
51856  -31.664  -13.247  -4.565 0.3000000119
53659  -31.583  -12.513  -4.985 0.3000000119
127521  -31.050  -11.001  -0.220 0.3000000119
54589  -31.626  -11.166  -0.305 0.3000000119
53617  -32.712  -12.173  -0.850 0.3000000119
52670  -33.051  -13.003  -1.330 0.3000000119
53618  -33.189  -12.210  -1.694 0.3000000119
53633  -33.146  -12.888  -2.374 0.3000000119
53649  -33.049  -11.807  -3.571 0.3000000119
53648  -32.795  -12.627  -3.436 0.3000000119
128059  -32.836  -13.169  -3.034 0.3000000119
53666  -31.068  -12.276  -5.858 0.3000000119
54646  -32.312  -11.544  -4.963 0.3000000119
53676  -31.108  -12.204  -6.647 0.3000000119
53684  -31.746  -12.226  -7.494 0.3000000119
55527  -31.216  -10.371  -0.393 0.3000000119
55528  -32.084  -10.532  -0.602 0.3000000119
54590  -32.361  -11.358  -0.666 0.3000000119
54606  -32.921  -11.502  -1.360 0.3000000119
54607  -33.304  -11.584  -1.996 0.3000000119
114430  -33.250  -12.069  -2.622 0.3000000119
54645  -31.736  -11.936  -5.311 0.3000000119
54663  -31.774  -11.577  -7.002 0.3000000119
55544  -32.710  -10.732  -1.188 0.3000000119
29388  -23.883  -41.228  1.164 0.3000000119
128122  -24.484  -40.496  1.059 0.4000000060
30853  -24.943  -39.371  2.835 0.4000000060
30185  -24.825  -39.815  2.135 0.4000000060
113365  -33.488  -22.198  2.149 0.3000000119
46661  -33.263  -21.064  2.195 0.3000000119
113412  -28.471  -17.464  0.539 0.3000000119
107648  -27.414  -15.171  -0.521 0.3000000119
51793  -28.351  -14.460  -0.403 0.3000000119
29413  -23.867  -41.393  0.247 0.4000000060
29414  -23.877  -41.634  -0.014 0.4000000060
28534  -24.678  -41.987  0.845 0.4000000060
28523  -25.375  -41.375  1.373 0.4000000060
29370  -24.052  -42.022  3.732 0.3000000119
112813  -24.584  -40.110  2.078 0.4000000060
47650  -32.521  -18.744  -2.204 0.3000000119
52649  -28.710  -13.576  -0.468 0.3000000119
52648  -27.878  -13.718  -0.660 0.3000000119
49267  -32.130  -17.688  1.212 0.3000000119
48424  -32.630  -17.957  0.904 0.3000000119
50142  -31.103  -16.738  0.931 0.3000000119
49332  -32.439  -17.355  -2.308 0.3000000119
49327  -32.787  -17.135  -1.539 0.3000000119
51773  -30.771  -14.592  0.419 0.3000000119
50178  -32.888  -16.182  -0.015 0.3000000119
53598  -29.023  -12.703  -0.466 0.3000000119
50968  -32.216  -15.202  0.375 0.3000000119
51829  -32.945  -14.424  -2.228 0.3000000119
119746  -31.942  -14.066  -4.087 0.3000000119
126004  -33.186  -13.351  -1.979 0.3000000119
54653  -31.472  -11.719  -6.092 0.3000000119
54621  -33.367  -11.226  -2.782 0.3000000119
28545  -23.710  -42.029  -0.035 0.4000000060
32444  -35.405  -37.437  -2.364 0.4000000060
19947  -23.439  -53.609  3.460 0.3000000119
19936  -23.735  -53.653  4.162 0.3000000119
19964  -23.544  -53.508  2.541 0.3000000119
19142  -24.221  -53.706  4.859 0.3000000119
29356  -24.426  -40.783  4.208 0.3000000119
30153  -24.512  -40.015  4.551 0.3000000119
26992  -24.932  -44.278  1.261 0.3000000119
27784  -24.319  -42.427  -0.021 0.3000000119
27785  -24.809  -43.172  1.100 0.3000000119
29403  -24.447  -40.943  0.760 0.3000000119
26186  -25.447  -45.010  2.093 0.3000000119
26980  -25.420  -44.005  2.087 0.3000000119
28546  -23.927  -42.125  -0.297 0.3000000119
26991  -24.483  -43.403  0.013 0.3000000119
111945  -35.378  -38.348  -2.298 0.3000000119
18356  -30.275  -55.648  5.223 0.4000000060
18386  -30.435  -55.642  3.791 0.4000000060
19119  -24.071  -54.232  5.543 0.4000000060
19888  -27.935  -53.797  7.573 0.4000000060
19902  -25.322  -53.830  6.274 0.4000000060
19905  -29.612  -53.783  7.047 0.3000000119
19923  -31.347  -52.882  5.309 0.5000000000
19938  -31.731  -53.266  4.781 0.5000000000
19948  -23.995  -53.280  3.334 0.3000000119
19949  -32.100  -53.770  3.564 0.5000000000
20022  -32.139  -53.977  -1.207 0.6000000238
20729  -25.590  -52.618  5.209 0.5000000000
20744  -32.200  -52.222  4.250 0.5000000000
20818  -33.380  -52.168  -0.231 0.6000000238
20846  -32.496  -52.660  -2.146 0.6000000238
21509  -27.632  -50.988  6.224 0.6000000238
21512  -30.301  -51.844  6.107 0.5000000000
22368  -33.476  -50.243  4.067 0.5000000000
22376  -33.753  -50.451  3.320 0.6000000238
22386  -34.306  -50.147  2.273 0.6000000238
22451  -31.182  -50.095  -4.918 0.6000000238
23133  -26.679  -49.512  4.795 0.6000000238
23135  -33.196  -49.970  4.674 0.6000000238
23156  -34.507  -49.156  1.484 0.6999999881
23170  -34.158  -48.959  -0.342 0.6999999881
23841  -30.192  -48.936  6.251 0.6000000238
23860  -32.761  -48.549  5.470 0.6999999881
23873  -34.428  -48.479  3.932 0.6000000238
23915  -33.535  -48.518  -1.898 0.6999999881
23945  -31.002  -48.121  -5.169 0.6999999881
24627  -27.576  -47.407  2.933 0.4000000060
24628  -34.732  -47.731  2.778 0.6999999881
24634  -34.553  -47.145  1.526 0.6999999881
24644  -34.326  -47.192  0.687 0.6999999881
24652  -34.282  -47.914  0.395 0.6999999881
25403  -34.370  -46.261  4.659 0.8000000119
25490  -31.473  -47.059  -5.235 0.6999999881
25491  -32.184  -46.896  -5.420 0.6999999881
26154  -31.341  -44.863  6.354 0.6000000238
26225  -30.761  -44.880  -3.145 0.6999999881
26230  -30.698  -45.228  -3.960 0.6999999881
26949  -29.466  -44.739  5.779 0.6000000238
26952  -33.592  -44.729  5.460 0.8000000119
26961  -34.357  -44.723  4.314 0.8000000119
26983  -34.415  -44.701  2.659 0.6999999881
27004  -32.760  -43.847  0.280 0.6999999881
27026  -31.796  -44.584  -1.760 0.6999999881
27042  -30.590  -44.316  -4.247 0.6999999881
27732  -29.356  -43.433  6.078 0.6000000238
27807  -30.615  -43.716  -2.444 0.6999999881
27811  -29.648  -43.167  -3.592 0.8000000119
28470  -31.870  -42.257  6.184 0.6999999881
28483  -28.804  -42.856  5.955 0.6000000238
28547  -24.161  -41.606  0.092 0.4000000060
28577  -30.077  -42.622  -4.298 0.6999999881
29415  -32.695  -41.217  0.697 0.8999999762
29436  -29.545  -41.737  -3.899 0.8000000119
29438  -30.552  -41.110  -4.437 0.8000000119
30188  -33.437  -40.628  2.362 0.8000000119
30215  -30.095  -41.014  -2.613 0.8000000119
30871  -32.538  -39.587  0.532 0.8000000119
30879  -29.393  -39.572  -2.822 0.8000000119
30891  -34.843  -39.546  -2.168 0.5000000000
30892  -35.660  -39.518  -2.414 0.4000000060
30898  -29.058  -38.703  -3.582 0.8000000119
30901  -32.207  -39.746  -3.185 0.5000000000
30909  -31.049  -39.731  -4.434 0.8000000119
31635  -31.436  -37.972  -3.063 0.6999999881
31648  -28.993  -39.001  -3.286 0.8000000119
32429  -28.018  -37.279  -2.686 0.8000000119
32439  -30.472  -37.168  -3.339 0.8000000119
33189  -31.034  -36.211  -0.124 0.8000000119
33191  -32.270  -36.595  1.059 0.6999999881
33199  -30.408  -36.604  -0.617 0.8000000119
33211  -33.590  -36.144  -1.555 0.6999999881
33224  -27.212  -35.960  -2.738 0.8000000119
33942  -28.515  -34.909  -1.112 0.8000000119
33970  -32.553  -35.290  -1.569 0.6999999881
33987  -26.916  -35.240  -2.599 0.8000000119
33989  -28.825  -35.416  -3.118 0.8999999762
34755  -26.892  -34.339  -1.910 0.8000000119
34767  -26.754  -34.223  -2.184 0.8000000119
34778  -26.742  -34.452  -2.451 0.8000000119
34779  -27.385  -34.398  -2.911 0.8999999762
35545  -33.765  -33.318  -1.382 0.6999999881
36258  -28.322  -32.236  -0.508 0.8000000119
36271  -33.638  -32.511  -1.031 0.6999999881
36286  -34.530  -32.330  -1.261 0.6000000238
36295  -35.222  -32.909  -2.388 0.4000000060
37052  -29.514  -32.172  0.125 0.8000000119
37942  -32.559  -30.397  1.222 0.6999999881
37954  -29.551  -30.733  -0.161 0.8000000119
38869  -33.823  -29.587  -1.469 0.6000000238
39706  -29.058  -28.633  -3.522 0.6999999881
39719  -27.322  -28.296  -3.366 0.6999999881
40499  -28.906  -28.358  -1.417 0.8000000119
40512  -27.227  -28.225  -2.603 0.8000000119
41332  -34.240  -26.351  2.109 0.6000000238
41364  -31.032  -26.137  -1.270 0.8000000119
42267  -30.383  -25.712  -4.677 0.6000000238
43064  -30.853  -24.013  4.225 0.3000000119
43168  -26.061  -24.817  -4.036 0.6999999881
43182  -26.691  -23.886  -4.437 0.5000000000
44039  -29.034  -23.486  -5.084 0.4000000060
44945  -26.293  -22.940  -4.120 0.5000000000
45832  -26.385  -22.369  -3.963 0.6000000238
45854  -25.894  -21.446  -5.036 0.5000000000
46776  -25.294  -19.789  -5.957 0.5000000000
47666  -30.736  -19.494  -3.568 0.4000000060
47681  -25.448  -19.932  -6.150 0.6000000238
48485  -26.705  -18.798  -5.562 0.6000000238
49367  -27.690  -17.254  -6.011 0.4000000060
49377  -27.843  -17.193  -6.245 0.4000000060
50245  -28.695  -16.014  -6.365 0.4000000060
50251  -28.860  -16.003  -6.763 0.4000000060
53685  -32.784  -12.524  -8.050 0.4000000060
107367  -29.820  -40.034  -4.091 0.8000000119
107955  -32.429  -20.050  -1.866 0.3000000119
109033  -31.654  -39.056  -0.506 0.8000000119
110228  -27.125  -45.138  3.445 0.5000000000
110295  -31.627  -41.921  -4.475 0.6999999881
113678  -29.233  -51.083  6.459 0.6000000238
116003  -31.815  -52.003  -3.711 0.4000000060
117326  -33.549  -42.800  2.025 0.8000000119
118773  -34.115  -50.410  1.111 0.6999999881
120353  -26.984  -28.348  -3.151 0.6999999881
121557  -31.899  -50.656  -3.740 0.6999999881
122349  -31.563  -41.368  -1.011 0.8000000119
122574  -27.621  -20.683  -4.048 0.5000000000
122661  -32.409  -46.704  -2.892 0.6999999881
123132  -26.893  -28.373  -2.978 0.6999999881
123284  -29.934  -30.520  -2.004 0.8000000119
125182  -23.958  -41.218  0.319 0.4000000060
125658  -26.141  -24.287  -4.091 0.6999999881
125762  -27.700  -44.719  4.269 0.5000000000
126494  -26.540  -24.378  -3.438 0.6000000238
126687  -32.824  -53.159  0.742 0.6000000238
126717  -33.831  -45.233  5.370 0.8000000119
126783  -30.213  -38.983  -4.294 0.8000000119
127117  -34.682  -47.627  3.275 0.8000000119
127142  -29.732  -46.070  5.371 0.6000000238
127457  -29.793  -40.338  6.624 0.8000000119
128325  -24.804  -52.754  4.000 0.5000000000
128410  -29.687  -31.272  -1.793 0.8000000119
