#!ascii label  , from subject sub-v2s18x29502_ses-1 vox2ras=TkReg
1820
8888  -39.981  -68.835  0.076 0.1000000015
8898  -40.155  -69.011  -0.634 0.1000000015
8895  -37.355  -68.426  -0.555 0.1000000015
119610  -39.551  -68.644  -1.228 0.1000000015
8911  -39.550  -68.505  -2.051 0.1000000015
8227  -40.745  -69.143  -2.074 0.1000000015
8926  -39.075  -68.057  -3.040 0.1000000015
8937  -40.829  -68.723  -3.659 0.1000000015
8938  -41.272  -69.289  -4.536 0.1000000015
8951  -40.442  -68.600  -4.465 0.1000000015
8255  -40.843  -69.042  -5.135 0.1000000015
118875  -41.979  -71.145  -5.624 0.1000000015
121475  -41.397  -70.186  -5.637 0.1000000015
123750  -40.725  -69.411  -5.845 0.1000000015
8284  -41.720  -70.955  -7.067 0.1000000015
109074  -43.023  -69.103  -7.737 0.1000000015
8968  -40.343  -69.119  -6.342 0.1000000015
8298  -41.767  -70.597  -7.705 0.1000000015
8283  -41.303  -70.490  -7.487 0.1000000015
7538  -42.427  -71.426  0.017 0.1000000015
8190  -40.880  -69.701  -0.068 0.1000000015
8202  -41.572  -70.574  -0.394 0.1000000015
8213  -40.411  -69.121  -1.318 0.1000000015
6965  -42.611  -72.073  -1.572 0.1000000015
8214  -41.396  -70.219  -1.355 0.1000000015
113066  -42.023  -71.382  -1.911 0.1000000015
8240  -41.081  -69.095  -2.890 0.1000000015
7584  -42.327  -71.201  -3.882 0.1000000015
8256  -41.913  -70.657  -4.750 0.1000000015
7628  -42.070  -71.203  -6.276 0.1000000015
11693  -46.333  -63.157  -4.495 0.1000000015
11733  -46.088  -63.559  -6.575 0.1000000015
10997  -46.182  -63.954  -6.518 0.1000000015
10300  -45.614  -65.242  -6.047 0.1000000015
122739  -43.892  -67.130  -7.046 0.1000000015
114362  -43.432  -68.404  -6.998 0.1000000015
8985  -42.971  -69.825  -7.086 0.1000000015
125370  -42.353  -70.265  -7.931 0.1000000015
126778  -42.012  -70.877  -7.484 0.1000000015
124794  -43.369  -71.174  1.811 0.1000000015
8203  -43.406  -70.187  -0.370 0.2000000030
8193  -43.413  -70.922  0.548 0.2000000030
7526  -42.698  -71.326  1.047 0.1000000015
8899  -43.231  -68.856  -0.566 0.1000000015
113700  -43.582  -71.554  -1.070 0.1000000015
7527  -42.971  -71.755  0.243 0.1000000015
107537  -43.604  -70.586  -1.033 0.1000000015
6950  -43.180  -72.207  -1.260 0.1000000015
16868  -48.766  -57.591  3.524 0.1000000015
16138  -48.526  -58.553  3.483 0.1000000015
7551  -43.830  -70.981  -1.740 0.1000000015
6985  -43.324  -72.046  -2.560 0.1000000015
7585  -42.673  -71.878  -3.126 0.1000000015
15385  -47.190  -59.188  3.081 0.1000000015
119466  -47.753  -59.926  2.743 0.1000000015
14658  -47.231  -60.355  2.275 0.1000000015
13911  -47.522  -61.328  0.845 0.1000000015
118310  -47.732  -61.782  0.144 0.1000000015
13202  -47.330  -62.685  -1.641 0.1000000015
7587  -43.937  -70.863  -2.611 0.1000000015
7604  -42.992  -71.603  -4.045 0.1000000015
7614  -42.331  -71.225  -5.384 0.1000000015
13927  -46.915  -61.636  0.223 0.1000000015
13173  -46.479  -61.975  -0.382 0.1000000015
13191  -47.069  -62.232  -1.130 0.1000000015
12431  -46.981  -62.888  -2.369 0.1000000015
12443  -46.976  -63.181  -3.002 0.1000000015
10938  -46.696  -64.531  -3.039 0.1000000015
10290  -45.936  -65.085  -4.237 0.1000000015
7616  -42.776  -71.256  -4.944 0.1000000015
7615  -42.542  -71.037  -5.900 0.1000000015
13201  -46.601  -62.579  -1.634 0.1000000015
12442  -46.708  -63.009  -3.075 0.1000000015
11694  -46.912  -63.108  -4.477 0.1000000015
118816  -46.433  -64.652  -3.647 0.1000000015
9636  -44.428  -66.905  -5.424 0.1000000015
9649  -43.770  -67.649  -6.229 0.1000000015
10998  -46.327  -63.464  -5.884 0.1000000015
10976  -46.351  -64.291  -5.618 0.1000000015
121164  -43.375  -69.337  -5.633 0.1000000015
8285  -42.304  -70.873  -6.955 0.1000000015
8889  -42.829  -68.566  0.359 0.1000000015
8192  -43.203  -69.752  0.303 0.2000000030
8185  -43.792  -70.969  2.047 0.1000000015
8865  -43.737  -70.145  1.984 0.2000000030
8176  -44.001  -70.601  2.619 0.2000000030
9586  -43.137  -67.723  -0.339 0.1000000015
8912  -43.879  -68.902  -1.295 0.1000000015
17631  -49.787  -55.719  2.749 0.1000000015
17613  -49.167  -56.684  3.303 0.1000000015
8215  -43.902  -69.813  -1.641 0.1000000015
8216  -44.216  -69.813  -2.115 0.1000000015
124643  -44.750  -68.927  -2.119 0.1000000015
15386  -48.225  -59.377  3.200 0.1000000015
14679  -47.934  -60.868  1.597 0.1000000015
13912  -48.384  -61.522  1.136 0.1000000015
8242  -43.926  -70.446  -3.291 0.1000000015
13174  -48.152  -62.215  0.013 0.1000000015
12433  -47.662  -63.012  -1.354 0.1000000015
10923  -46.932  -65.161  -1.644 0.1000000015
10280  -45.208  -66.702  -3.607 0.1000000015
9609  -44.643  -67.793  -3.747 0.1000000015
8257  -43.707  -69.766  -4.163 0.1000000015
9623  -44.072  -67.912  -4.623 0.1000000015
8286  -43.020  -70.233  -6.255 0.1000000015
10886  -42.625  -65.392  1.391 0.1000000015
10209  -42.400  -66.194  1.440 0.1000000015
10887  -43.508  -65.234  0.802 0.1000000015
10224  -42.757  -66.475  0.566 0.1000000015
9572  -42.539  -67.257  1.235 0.1000000015
8864  -42.912  -68.518  1.843 0.2000000030
128338  -42.695  -68.130  1.024 0.2000000030
118388  -43.105  -68.176  2.649 0.2000000030
9563  -43.851  -69.561  2.587 0.2000000030
127206  -43.722  -67.237  -0.753 0.1000000015
10225  -43.554  -65.973  0.114 0.1000000015
10244  -44.200  -66.590  -0.609 0.1000000015
9588  -44.843  -67.342  -1.165 0.1000000015
17614  -50.422  -56.726  3.302 0.1000000015
120517  -51.040  -57.497  3.543 0.1000000015
16871  -51.723  -57.820  3.865 0.1000000015
16141  -51.479  -58.645  3.934 0.1000000015
9587  -43.748  -68.014  -1.058 0.1000000015
8914  -45.188  -68.239  -1.899 0.1000000015
17630  -48.566  -55.869  2.744 0.1000000015
18405  -50.894  -55.018  2.580 0.1000000015
16869  -49.958  -57.562  3.497 0.1000000015
16139  -49.834  -58.625  3.547 0.1000000015
14659  -49.425  -60.887  2.525 0.1000000015
124267  -49.444  -61.401  2.494 0.1000000015
12410  -48.461  -62.854  0.640 0.1000000015
11637  -47.648  -64.797  0.227 0.1000000015
10247  -46.732  -66.155  -1.086 0.1000000015
10262  -45.993  -66.702  -1.491 0.1000000015
9600  -45.145  -68.327  -2.329 0.1000000015
125879  -49.022  -55.086  2.167 0.1000000015
11643  -47.281  -64.795  -1.170 0.1000000015
10263  -46.500  -65.811  -1.969 0.1000000015
10273  -45.935  -66.612  -2.156 0.1000000015
8939  -44.727  -68.644  -3.102 0.1000000015
18403  -48.100  -55.055  1.946 0.1000000015
18418  -48.208  -54.120  1.271 0.1000000015
18417  -46.495  -55.106  1.326 0.1000000015
19191  -47.332  -54.195  0.839 0.1000000015
12381  -44.760  -63.534  2.499 0.1000000015
11623  -43.093  -64.727  1.498 0.1000000015
12358  -45.340  -63.045  3.136 0.1000000015
11612  -45.473  -64.011  1.904 0.1000000015
11622  -42.303  -64.969  2.014 0.1000000015
9562  -42.481  -67.164  2.159 0.2000000030
12382  -45.994  -63.599  2.538 0.1000000015
11625  -45.127  -64.484  1.275 0.1000000015
11624  -44.088  -64.634  1.168 0.1000000015
126342  -42.628  -67.398  2.757 0.2000000030
13123  -46.888  -62.646  3.690 0.1000000015
19956  -49.799  -53.331  3.041 0.1000000015
19172  -50.480  -54.174  2.260 0.1000000015
19173  -51.325  -54.307  2.526 0.1000000015
18406  -52.011  -54.725  2.818 0.1000000015
18388  -51.719  -55.618  3.154 0.1000000015
17616  -52.440  -56.237  3.836 0.1000000015
114593  -52.262  -57.211  3.984 0.1000000015
13108  -47.307  -62.119  4.102 0.1000000015
12383  -47.154  -63.762  2.559 0.1000000015
108240  -45.549  -65.576  0.206 0.1000000015
10226  -44.871  -66.029  -0.257 0.1000000015
15389  -51.167  -59.343  3.971 0.1000000015
14625  -50.783  -59.977  4.036 0.1000000015
13898  -49.674  -61.806  2.915 0.1000000015
11636  -47.137  -65.073  0.562 0.1000000015
10899  -46.625  -65.654  0.047 0.1000000015
9589  -45.673  -66.869  -1.266 0.1000000015
117669  -48.842  -53.495  2.654 0.1000000015
15405  -50.017  -60.376  3.171 0.1000000015
14660  -49.970  -61.152  2.948 0.1000000015
13143  -49.208  -62.618  2.831 0.1000000015
125897  -48.486  -63.667  2.096 0.1000000015
11627  -47.764  -64.479  1.144 0.1000000015
10909  -46.748  -65.994  -0.548 0.1000000015
10246  -46.278  -66.488  -0.922 0.1000000015
19171  -49.576  -54.028  1.902 0.1000000015
18419  -48.921  -54.329  1.749 0.1000000015
19971  -49.317  -53.789  1.979 0.1000000015
19193  -48.581  -53.800  1.555 0.1000000015
19192  -47.902  -53.456  1.008 0.1000000015
19208  -47.215  -53.543  0.359 0.1000000015
11610  -42.783  -64.295  2.175 0.1000000015
13107  -46.203  -62.005  4.253 0.1000000015
13122  -45.794  -62.564  3.737 0.1000000015
12357  -44.160  -63.092  3.156 0.1000000015
10875  -42.234  -65.578  1.972 0.1000000015
118025  -46.807  -61.616  4.417 0.1000000015
14622  -46.918  -61.102  4.665 0.1000000015
12379  -42.453  -63.930  2.863 0.1000000015
10199  -42.139  -66.119  2.349 0.1000000015
14609  -48.411  -60.487  4.808 0.1000000015
13865  -47.566  -61.547  4.424 0.1000000015
117372  -42.325  -66.783  2.869 0.2000000030
19957  -51.064  -53.239  2.968 0.1000000015
18389  -52.418  -55.209  3.492 0.1000000015
17603  -52.585  -55.855  3.888 0.1000000015
116665  -49.556  -61.071  4.391 0.1000000015
13124  -48.007  -62.696  3.605 0.1000000015
10198  -41.876  -66.006  3.139 0.1000000015
10193  -42.325  -66.686  3.594 0.2000000030
120159  -51.920  -53.399  3.064 0.1000000015
16848  -52.105  -57.421  4.303 0.1000000015
122969  -51.376  -58.787  4.694 0.1000000015
13868  -50.051  -61.249  3.954 0.1000000015
13867  -49.421  -61.748  3.897 0.1000000015
12384  -48.152  -63.700  2.422 0.1000000015
19970  -48.465  -53.550  1.764 0.1000000015
19986  -48.007  -53.373  1.148 0.1000000015
19985  -47.538  -52.933  1.053 0.1000000015
121409  -47.626  -53.121  0.742 0.1000000015
19999  -47.267  -52.827  0.486 0.1000000015
125842  -47.384  -53.034  0.302 0.1000000015
14608  -47.063  -60.398  4.866 0.1000000015
124824  -46.343  -60.789  4.778 0.1000000015
16108  -47.953  -58.620  5.308 0.1000000015
13863  -45.413  -61.515  4.554 0.1000000015
12356  -43.039  -63.312  3.263 0.1000000015
15347  -47.592  -59.579  5.104 0.1000000015
13105  -44.078  -62.229  4.314 0.1000000015
11609  -42.061  -64.608  2.683 0.1000000015
15349  -49.959  -59.419  5.151 0.1000000015
15348  -48.784  -59.551  5.133 0.1000000015
13119  -42.776  -63.017  3.818 0.1000000015
20759  -49.710  -52.668  3.988 0.1000000015
20760  -50.730  -52.626  3.850 0.1000000015
20761  -51.548  -52.844  3.734 0.1000000015
19958  -52.178  -53.298  3.675 0.1000000015
18367  -51.924  -55.304  4.555 0.1000000015
17590  -52.083  -56.634  4.557 0.1000000015
16847  -51.745  -57.637  4.990 0.1000000015
16110  -50.326  -58.621  5.356 0.1000000015
12355  -42.187  -63.639  3.651 0.1000000015
10874  -41.896  -65.320  2.692 0.1000000015
19955  -48.746  -53.129  3.642 0.1000000015
18379  -52.532  -55.804  4.105 0.1000000015
16112  -51.724  -58.200  4.588 0.1000000015
14610  -49.645  -60.217  4.740 0.1000000015
10192  -41.783  -65.972  3.972 0.1000000015
19954  -47.753  -53.410  3.214 0.1000000015
19953  -46.523  -53.314  3.378 0.1000000015
19969  -47.356  -53.250  2.169 0.1000000015
20774  -46.431  -52.941  1.788 0.1000000015
20807  -45.814  -52.038  0.774 0.1000000015
20789  -46.806  -52.645  1.011 0.1000000015
117337  -46.348  -51.720  0.142 0.1000000015
16107  -46.925  -58.760  5.207 0.1000000015
15346  -46.551  -59.526  5.070 0.1000000015
14607  -46.027  -60.204  4.951 0.1000000015
16845  -47.827  -57.716  5.371 0.1000000015
13854  -45.524  -60.876  4.827 0.1000000015
122355  -48.519  -57.997  5.356 0.1000000015
106396  -48.463  -57.151  5.424 0.1000000015
127860  -44.999  -61.197  4.746 0.1000000015
13120  -43.599  -62.768  3.770 0.1000000015
109859  -49.430  -57.871  5.407 0.1000000015
19942  -47.915  -52.996  4.084 0.1000000015
19145  -52.490  -54.582  3.979 0.1000000015
17589  -51.168  -55.957  5.145 0.1000000015
16846  -50.681  -57.641  5.440 0.1000000015
106529  -49.552  -57.079  5.461 0.1000000015
13104  -43.052  -62.522  4.287 0.1000000015
11593  -41.704  -64.789  3.342 0.1000000015
19941  -46.983  -53.144  4.067 0.1000000015
20750  -48.957  -52.190  4.532 0.1000000015
20751  -50.400  -51.744  4.635 0.1000000015
20736  -51.553  -52.669  4.436 0.1000000015
19933  -51.634  -53.107  4.654 0.1000000015
12342  -41.667  -63.588  4.401 0.1000000015
20773  -44.535  -52.650  2.577 0.1000000015
19952  -45.538  -53.190  3.494 0.1000000015
20788  -44.843  -52.400  1.861 0.1000000015
110922  -45.369  -52.883  2.249 0.1000000015
21582  -45.567  -51.277  0.538 0.1000000015
21572  -45.159  -51.916  1.207 0.1000000015
18365  -48.492  -55.377  5.566 0.1000000015
106394  -47.928  -56.212  5.446 0.1000000015
17586  -47.313  -56.997  5.245 0.1000000015
116778  -45.616  -58.376  4.974 0.1000000015
19130  -49.054  -54.349  5.708 0.1000000015
119837  -45.559  -59.321  5.062 0.1000000015
19132  -51.019  -53.514  5.204 0.1000000015
108756  -50.111  -54.362  5.495 0.1000000015
17587  -49.046  -56.277  5.509 0.1000000015
112188  -45.112  -60.173  5.048 0.1000000015
20748  -46.612  -52.441  4.641 0.1000000015
20749  -47.639  -52.321  4.591 0.1000000015
21547  -50.676  -51.211  5.099 0.1000000015
18366  -50.969  -54.769  5.118 0.1000000015
13861  -43.230  -61.854  4.776 0.1000000015
19940  -46.026  -53.090  4.122 0.1000000015
12343  -42.263  -62.996  4.262 0.1000000015
11582  -41.519  -64.779  4.130 0.1000000015
121080  -44.784  -52.965  3.562 0.1000000015
108893  -44.286  -52.723  3.240 0.1000000015
20772  -43.793  -52.370  2.879 0.1000000015
21564  -44.095  -52.130  2.215 0.1000000015
21571  -44.451  -51.738  1.595 0.1000000015
21570  -43.765  -51.468  1.852 0.1000000015
22396  -43.680  -50.522  1.513 0.1000000015
22402  -45.188  -50.438  0.604 0.1000000015
119417  -46.334  -58.121  5.141 0.1000000015
16843  -45.771  -57.574  4.867 0.1000000015
16128  -44.975  -57.807  4.735 0.1000000015
21544  -47.277  -51.542  5.146 0.1000000015
21533  -50.183  -50.664  5.528 0.1000000015
20734  -50.612  -51.300  5.359 0.1000000015
19930  -49.270  -53.255  6.067 0.1000000015
113544  -45.136  -52.874  4.141 0.1000000015
20747  -45.721  -52.363  4.725 0.1000000015
21543  -46.367  -51.759  5.130 0.1000000015
21545  -48.532  -51.212  5.173 0.1000000015
21546  -49.928  -50.776  5.229 0.1000000015
20735  -51.134  -51.709  4.897 0.1000000015
13853  -44.564  -60.828  4.994 0.1000000015
20746  -44.144  -52.617  4.007 0.1000000015
21556  -43.123  -52.121  3.235 0.1000000015
21562  -42.657  -51.539  2.812 0.1000000015
21563  -43.368  -51.853  2.516 0.1000000015
22388  -42.375  -50.795  2.458 0.1000000015
22389  -43.047  -51.146  2.113 0.1000000015
121925  -42.317  -50.054  2.247 0.1000000015
22395  -42.867  -50.274  1.888 0.1000000015
23158  -43.431  -49.530  1.524 0.1000000015
19929  -48.211  -53.708  6.017 0.1000000015
18364  -47.454  -55.408  5.441 0.1000000015
106307  -47.015  -56.095  5.144 0.1000000015
17585  -46.598  -56.639  4.995 0.1000000015
105861  -46.229  -56.024  4.924 0.1000000015
19915  -48.629  -52.764  6.414 0.1000000015
19931  -50.313  -52.406  5.810 0.1000000015
20745  -43.142  -52.199  4.044 0.1000000015
20733  -44.794  -52.201  4.765 0.1000000015
22380  -42.001  -51.126  3.100 0.1000000015
23157  -42.698  -49.434  1.922 0.1000000015
23893  -42.489  -48.626  2.125 0.1000000015
19129  -47.863  -54.601  5.680 0.1000000015
18363  -46.612  -55.406  5.264 0.1000000015
19916  -49.593  -52.332  6.283 0.1000000015
21529  -45.639  -51.371  5.336 0.1000000015
21530  -46.801  -50.801  5.494 0.1000000015
21531  -48.002  -50.388  5.566 0.1000000015
105834  -49.712  -50.296  5.698 0.1000000015
20725  -50.168  -51.561  6.083 0.1000000015
21541  -42.393  -51.688  4.245 0.1000000015
21554  -41.865  -51.252  3.833 0.1000000015
22387  -41.764  -50.254  2.780 0.1000000015
23152  -42.045  -49.423  2.398 0.1000000015
115227  -42.247  -47.700  2.375 0.1000000015
22340  -49.100  -49.755  6.318 0.1000000015
20724  -49.344  -51.559  6.553 0.1000000015
110053  -44.591  -51.364  5.342 0.1000000015
22357  -45.254  -50.512  5.667 0.1000000015
22360  -48.507  -49.445  5.990 0.1000000015
22361  -49.240  -49.782  5.942 0.1000000015
21542  -43.751  -51.967  4.815 0.1000000015
23886  -40.979  -48.684  3.069 0.1000000015
24629  -41.313  -47.891  2.782 0.1000000015
24622  -40.932  -47.204  3.088 0.1000000015
107692  -41.707  -47.033  2.687 0.1000000015
23130  -48.516  -49.271  6.420 0.1000000015
22358  -46.245  -50.000  5.802 0.1000000015
22359  -47.471  -49.466  5.894 0.1000000015
21527  -42.352  -51.447  4.926 0.1000000015
22379  -41.463  -50.558  3.496 0.1000000015
113242  -41.218  -49.928  3.257 0.1000000015
23885  -40.602  -48.014  3.327 0.1000000015
120733  -40.246  -47.355  3.653 0.1000000015
21528  -43.103  -51.424  5.243 0.1000000015
22370  -41.329  -50.692  4.382 0.1000000015
124997  -40.390  -49.520  4.433 0.1000000015
23145  -40.373  -49.207  3.987 0.1000000015
23881  -40.443  -48.683  3.630 0.1000000015
24621  -40.047  -48.085  3.876 0.1000000015
25413  -39.882  -46.675  3.935 0.1000000015
24620  -39.685  -47.425  4.223 0.1000000015
22369  -40.662  -50.071  4.754 0.1000000015
23138  -40.031  -48.978  4.538 0.1000000015
23875  -40.089  -48.647  4.110 0.1000000015
23874  -39.673  -48.218  4.573 0.1000000015
8897  -39.082  -68.472  -0.601 0.1000000015
8896  -38.040  -68.317  -1.072 0.1000000015
8927  -40.170  -68.465  -2.881 0.1000000015
8228  -41.588  -70.099  -2.405 0.1000000015
110471  -39.791  -68.253  -3.707 0.1000000015
8241  -41.683  -69.868  -3.577 0.1000000015
7550  -42.166  -71.443  -0.940 0.1000000015
6949  -42.821  -72.004  -0.610 0.1000000015
8201  -40.928  -69.720  -0.726 0.1000000015
7564  -42.134  -71.258  -2.893 0.1000000015
6984  -43.042  -72.018  -3.234 0.1000000015
11717  -46.524  -63.286  -5.202 0.1000000015
10312  -45.554  -64.724  -7.085 0.1000000015
9650  -44.676  -66.284  -6.598 0.1000000015
10326  -44.743  -65.826  -7.778 0.1000000015
115758  -43.114  -71.438  1.044 0.1000000015
127736  -43.095  -71.818  -0.131 0.1000000015
8184  -43.453  -70.461  1.267 0.2000000030
6951  -43.573  -71.872  -1.458 0.1000000015
15404  -48.972  -60.155  2.825 0.1000000015
12432  -47.283  -63.074  -2.003 0.1000000015
11675  -46.981  -64.070  -2.707 0.1000000015
10977  -46.697  -63.505  -4.860 0.1000000015
11657  -47.183  -63.923  -1.983 0.1000000015
10281  -45.733  -66.009  -3.045 0.1000000015
10289  -45.335  -65.859  -4.835 0.1000000015
115372  -44.637  -67.025  -4.375 0.1000000015
8273  -43.192  -70.359  -5.208 0.1000000015
8952  -43.603  -68.966  -4.872 0.1000000015
9580  -42.747  -67.402  0.412 0.1000000015
8878  -43.068  -69.244  1.206 0.2000000030
10243  -43.240  -66.809  -0.170 0.1000000015
8913  -44.627  -68.980  -1.869 0.1000000015
120633  -44.289  -69.458  -3.371 0.1000000015
13175  -48.594  -62.249  0.966 0.1000000015
12422  -47.901  -63.681  -0.533 0.1000000015
10910  -47.087  -65.639  -0.716 0.1000000015
127625  -45.162  -67.819  -2.969 0.1000000015
8953  -44.138  -68.723  -3.986 0.1000000015
10898  -44.432  -65.506  0.289 0.1000000015
109701  -50.284  -59.623  3.482 0.1000000015
9595  -45.407  -67.460  -1.622 0.1000000015
18404  -49.755  -54.599  2.163 0.1000000015
13156  -48.937  -62.592  1.932 0.1000000015
12401  -48.616  -63.279  1.560 0.1000000015
117884  -48.044  -64.038  0.381 0.1000000015
10900  -47.160  -65.534  -0.071 0.1000000015
9601  -45.589  -67.502  -1.927 0.1000000015
18402  -46.910  -55.434  2.050 0.1000000015
13121  -44.701  -62.590  3.759 0.1000000015
12380  -43.455  -63.650  2.569 0.1000000015
11611  -44.079  -64.086  1.790 0.1000000015
11613  -46.606  -64.143  1.970 0.1000000015
9552  -42.994  -67.588  3.274 0.2000000030
11635  -46.138  -65.007  0.788 0.1000000015
13109  -48.354  -62.057  4.043 0.1000000015
11614  -47.593  -64.182  1.900 0.1000000015
11626  -47.031  -64.593  1.312 0.1000000015
10908  -46.074  -66.145  -0.405 0.1000000015
15364  -50.510  -59.794  4.544 0.1000000015
12385  -48.711  -63.285  2.372 0.1000000015
13125  -48.954  -62.448  3.442 0.1000000015
10863  -41.661  -65.331  3.588 0.1000000015
110728  -45.786  -52.508  1.365 0.1000000015
16109  -49.164  -58.728  5.332 0.1000000015
19968  -45.949  -53.217  2.723 0.1000000015
20808  -46.528  -52.374  0.601 0.1000000015
17588  -50.278  -56.539  5.410 0.1000000015
107157  -49.822  -55.378  5.431 0.1000000015
128476  -44.218  -51.078  1.403 0.1000000015
23159  -44.205  -49.607  1.152 0.1000000015
22341  -49.729  -50.198  5.881 0.1000000015
13011  -45.332  -62.601  13.267 0.5000000000
10782  -46.362  -65.425  12.421 0.5000000000
10783  -47.219  -64.970  12.809 0.5000000000
13010  -44.444  -62.533  13.445 0.5000000000
13012  -46.402  -62.519  13.172 0.5000000000
11518  -47.042  -64.717  11.965 0.5000000000
13765  -42.921  -61.926  12.913 0.5000000000
13023  -43.872  -62.106  12.817 0.5000000000
13024  -44.785  -62.176  12.676 0.5000000000
11519  -49.230  -63.664  12.408 0.5000000000
13775  -43.358  -61.443  12.212 0.5000000000
112319  -44.292  -61.582  12.154 0.5000000000
120357  -44.750  -60.968  11.689 0.4000000060
10803  -49.280  -64.720  9.076 0.5000000000
10805  -48.881  -65.440  8.712 0.5000000000
11539  -49.245  -64.377  9.247 0.5000000000
11538  -49.123  -64.559  8.852 0.5000000000
111821  -46.475  -64.163  9.438 0.5000000000
123025  -47.021  -63.222  9.897 0.5000000000
12291  -44.771  -63.085  9.973 0.4000000060
13057  -43.814  -62.742  9.866 0.4000000060
108224  -46.163  -68.101  15.592 0.1000000015
10765  -46.863  -65.696  13.418 0.5000000000
13009  -43.566  -62.433  13.646 0.5000000000
116918  -44.930  -62.922  13.884 0.5000000000
12999  -45.752  -63.079  13.845 0.5000000000
13013  -47.563  -62.587  13.417 0.4000000060
11508  -48.111  -64.433  12.621 0.5000000000
13008  -42.626  -62.190  13.745 0.5000000000
13763  -41.355  -61.376  13.410 0.5000000000
13762  -40.665  -61.183  13.824 0.5000000000
13764  -42.070  -61.638  13.102 0.5000000000
14518  -40.831  -60.743  13.146 0.4000000060
13773  -41.523  -60.991  12.736 0.3000000119
13774  -42.395  -61.124  12.323 0.5000000000
13791  -43.087  -60.734  11.739 0.4000000060
13792  -43.924  -60.810  11.628 0.4000000060
13794  -46.589  -60.354  11.665 0.6999999881
13778  -46.881  -61.009  12.112 0.5000000000
14528  -41.167  -60.141  12.596 0.3000000119
13793  -45.597  -60.628  11.667 0.5000000000
14531  -48.608  -60.687  11.602 0.6000000238
13029  -49.911  -62.651  12.415 0.6000000238
11524  -48.128  -64.228  11.559 0.5000000000
10802  -48.523  -65.191  9.490 0.3000000119
14529  -41.821  -60.464  12.306 0.3000000119
14545  -44.882  -59.906  11.381 0.4000000060
14547  -47.194  -59.454  11.095 0.5000000000
15269  -48.629  -60.235  11.018 0.6000000238
13809  -48.931  -61.034  10.561 0.6000000238
12295  -49.758  -63.163  10.089 0.5000000000
11530  -49.453  -63.562  9.757 0.5000000000
15263  -43.021  -59.210  11.398 0.4000000060
118482  -44.614  -58.822  11.232 0.4000000060
15266  -46.415  -58.696  10.658 0.5000000000
15267  -46.966  -59.051  10.472 0.5000000000
13808  -47.998  -60.764  10.360 0.5000000000
13046  -49.360  -62.312  10.324 0.5000000000
12303  -49.127  -63.728  9.487 0.5000000000
123493  -43.233  -58.081  11.407 0.4000000060
15264  -43.881  -58.424  11.293 0.4000000060
16019  -45.397  -57.609  10.418 0.5000000000
16037  -46.383  -58.382  10.214 0.5000000000
14573  -46.914  -59.561  9.796 0.4000000060
119792  -47.491  -61.750  10.335 0.5000000000
12293  -47.686  -62.493  10.163 0.5000000000
114877  -44.859  -57.646  10.896 0.4000000060
15293  -46.719  -58.878  9.843 0.5000000000
14572  -46.205  -59.549  9.612 0.4000000060
13044  -46.554  -62.278  10.274 0.4000000060
16053  -44.632  -57.523  9.563 0.5000000000
14571  -45.280  -59.551  9.462 0.4000000060
13042  -44.744  -61.891  10.062 0.4000000060
15291  -45.056  -58.460  9.347 0.3000000119
122789  -44.461  -59.489  9.387 0.4000000060
111841  -44.331  -60.742  9.654 0.3000000119
13821  -43.234  -61.275  9.658 0.3000000119
112439  -42.837  -62.405  9.711 0.3000000119
9428  -45.338  -67.839  16.315 0.1000000015
126559  -44.949  -67.975  15.618 0.1000000015
9413  -46.617  -67.670  16.988 0.1000000015
9429  -46.086  -68.014  16.259 0.1000000015
9431  -47.776  -67.054  16.072 0.4000000060
10077  -47.676  -66.721  15.248 0.4000000060
10076  -46.656  -67.311  14.745 0.4000000060
10089  -47.334  -66.373  14.390 0.5000000000
10752  -48.568  -65.937  14.916 0.4000000060
10767  -49.028  -65.139  14.484 0.5000000000
10766  -48.230  -65.032  13.584 0.5000000000
12998  -44.209  -62.847  14.232 0.5000000000
12257  -44.990  -63.351  14.535 0.5000000000
13000  -46.865  -63.116  13.897 0.4000000060
11494  -49.571  -64.626  14.821 0.5000000000
11509  -49.388  -64.263  13.715 0.5000000000
13757  -41.894  -61.872  13.771 0.5000000000
12997  -43.270  -62.714  14.626 0.5000000000
106651  -40.681  -61.569  14.602 0.5000000000
13756  -41.342  -61.725  14.143 0.5000000000
13015  -49.699  -63.058  13.424 0.6000000238
14517  -40.194  -60.475  13.617 0.4000000060
122510  -39.965  -59.835  13.521 0.2000000030
14527  -40.461  -59.970  13.067 0.3000000119
126590  -41.387  -59.521  12.413 0.3000000119
14542  -41.792  -59.726  12.137 0.4000000060
15241  -40.264  -59.258  13.314 0.3000000119
16007  -41.530  -58.344  12.583 0.4000000060
15262  -42.447  -59.045  11.689 0.4000000060
15253  -41.819  -58.795  12.159 0.3000000119
16016  -42.706  -57.758  11.659 0.4000000060
16018  -44.158  -57.042  10.952 0.4000000060
16770  -44.683  -57.134  10.358 0.4000000060
16017  -43.488  -56.609  11.147 0.3000000119
16769  -43.836  -56.740  10.514 0.3000000119
16035  -45.146  -57.339  10.013 0.4000000060
16802  -43.766  -56.763  9.926 0.3000000119
16052  -43.739  -57.663  9.391 0.3000000119
15290  -43.953  -58.717  9.280 0.4000000060
14570  -43.590  -60.137  9.457 0.3000000119
16801  -42.835  -56.983  9.880 0.2000000030
15289  -42.922  -58.711  9.455 0.3000000119
114616  -42.770  -60.701  9.532 0.3000000119
16783  -40.855  -57.025  10.502 0.1000000015
128475  -41.110  -58.648  9.686 0.2000000030
113587  -42.141  -59.605  9.529 0.4000000060
18294  -37.832  -54.931  10.931 0.1000000015
9414  -47.526  -67.276  16.848 0.1000000015
9430  -46.770  -67.698  16.208 0.1000000015
10057  -48.467  -66.523  16.630 0.2000000030
10067  -48.915  -66.108  15.791 0.5000000000
10753  -49.392  -65.298  15.296 0.4000000060
12992  -44.080  -63.277  15.051 0.5000000000
12258  -46.142  -63.529  14.513 0.4000000060
12260  -48.557  -63.596  14.710 0.4000000060
12261  -49.365  -63.813  14.727 0.5000000000
11495  -49.580  -64.486  14.897 0.5000000000
12996  -42.170  -62.300  14.596 0.5000000000
12262  -49.673  -63.861  14.216 0.4000000060
13747  -39.640  -60.813  15.119 0.4000000060
13748  -40.184  -61.372  15.249 0.4000000060
125836  -41.360  -62.037  14.835 0.5000000000
14513  -39.329  -60.242  14.726 0.4000000060
13755  -39.956  -60.870  14.388 0.5000000000
15231  -38.886  -59.658  15.220 0.3000000119
15240  -39.684  -59.309  13.829 0.3000000119
15994  -39.488  -58.594  14.339 0.2000000030
15997  -40.043  -58.746  13.682 0.3000000119
15995  -40.316  -58.186  13.884 0.1000000015
15998  -40.847  -58.461  13.174 0.3000000119
16750  -41.428  -57.620  13.507 0.2000000030
15999  -41.954  -57.519  12.818 0.2000000030
16009  -42.845  -56.424  11.526 0.2000000030
16768  -43.114  -56.228  10.989 0.2000000030
16759  -42.434  -56.311  12.170 0.2000000030
17506  -42.591  -56.055  11.451 0.2000000030
17533  -42.655  -56.095  11.026 0.2000000030
17505  -42.241  -55.935  12.115 0.2000000030
17504  -41.535  -55.730  12.157 0.1000000015
16784  -42.233  -56.594  10.499 0.2000000030
16800  -41.452  -57.457  10.133 0.2000000030
18286  -40.759  -55.434  12.685 0.1000000015
17516  -40.939  -56.084  11.531 0.1000000015
17531  -40.226  -56.652  10.908 0.1000000015
16782  -39.574  -57.268  10.287 0.1000000015
18285  -39.615  -55.315  12.486 0.1000000015
18296  -39.078  -55.705  11.786 0.1000000015
17530  -39.090  -56.698  10.604 0.1000000015
18284  -38.619  -55.125  12.181 0.1000000015
18295  -38.299  -55.386  11.377 0.1000000015
19047  -37.788  -53.903  11.921 0.1000000015
20643  -38.091  -52.699  12.813 0.1000000015
10048  -48.058  -66.806  17.403 0.3000000119
123935  -49.088  -65.723  16.290 0.3000000119
10709  -47.498  -65.510  18.041 0.3000000119
11452  -48.297  -65.608  17.171 0.3000000119
11463  -49.097  -65.405  16.192 0.3000000119
11464  -49.482  -65.172  15.626 0.3000000119
11461  -46.146  -64.603  16.646 0.3000000119
116483  -48.297  -65.094  16.465 0.3000000119
11479  -49.457  -64.775  15.459 0.5000000000
11480  -49.570  -64.786  15.273 0.5000000000
12248  -44.427  -63.622  15.765 0.4000000060
12249  -45.412  -63.802  15.272 0.5000000000
12250  -46.701  -63.976  15.186 0.4000000060
12251  -48.034  -64.069  15.240 0.4000000060
12252  -49.046  -63.946  15.208 0.5000000000
13742  -40.512  -61.621  16.255 0.4000000060
12989  -41.843  -62.399  15.536 0.4000000060
12990  -42.694  -62.752  15.479 0.5000000000
12991  -43.407  -63.115  15.528 0.5000000000
14497  -39.382  -60.555  16.503 0.4000000060
13749  -40.936  -61.965  15.445 0.5000000000
14505  -38.797  -59.892  16.110 0.4000000060
14506  -39.256  -60.375  15.564 0.4000000060
14496  -38.881  -60.064  16.837 0.4000000060
15220  -38.377  -59.470  16.775 0.3000000119
15230  -38.413  -59.170  15.821 0.3000000119
15236  -38.787  -58.882  15.049 0.3000000119
15987  -38.323  -58.404  15.702 0.3000000119
15988  -38.933  -58.067  15.087 0.2000000030
16731  -40.256  -57.222  15.093 0.1000000015
16745  -39.729  -57.801  14.614 0.1000000015
118752  -40.770  -57.627  14.264 0.1000000015
16746  -42.028  -57.320  14.420 0.1000000015
16751  -42.212  -56.460  13.240 0.2000000030
16752  -42.389  -56.917  14.363 0.2000000030
18287  -41.687  -55.695  12.840 0.1000000015
18279  -41.835  -55.705  13.612 0.1000000015
18278  -41.037  -55.269  13.395 0.1000000015
18277  -40.073  -54.991  13.162 0.1000000015
19049  -39.076  -54.762  12.898 0.1000000015
19045  -39.447  -54.432  13.627 0.1000000015
19843  -38.430  -53.263  13.482 0.1000000015
19827  -38.779  -52.854  14.216 0.1000000015
20635  -38.440  -52.356  13.552 0.1000000015
21437  -39.144  -51.212  14.078 0.1000000015
22253  -39.240  -50.683  13.450 0.1000000015
108451  -40.122  -50.207  13.387 0.1000000015
22255  -41.845  -50.326  13.088 0.1000000015
10710  -47.745  -65.924  18.751 0.3000000119
10038  -47.703  -66.490  18.716 0.2000000030
112460  -46.384  -64.885  17.657 0.3000000119
12229  -45.271  -64.277  17.360 0.4000000060
13727  -41.111  -61.976  17.151 0.3000000119
12983  -41.430  -62.263  16.344 0.3000000119
12984  -42.324  -62.722  16.413 0.4000000060
12985  -42.955  -63.153  16.848 0.4000000060
12228  -44.423  -63.740  17.684 0.3000000119
14481  -39.308  -60.450  17.441 0.3000000119
13726  -40.350  -61.389  17.153 0.3000000119
12237  -43.662  -63.463  17.242 0.4000000060
12227  -43.773  -63.366  18.108 0.3000000119
15208  -38.431  -59.499  17.672 0.3000000119
14480  -38.764  -59.905  17.361 0.3000000119
15962  -37.945  -58.911  17.359 0.3000000119
15973  -37.702  -58.161  17.047 0.3000000119
16729  -38.431  -57.597  15.710 0.3000000119
16730  -39.312  -57.300  15.361 0.1000000015
17477  -41.030  -56.848  15.709 0.1000000015
16711  -42.125  -57.246  15.921 0.1000000015
16732  -41.485  -57.333  15.075 0.1000000015
115439  -42.486  -57.377  15.483 0.1000000015
16747  -42.785  -57.262  15.086 0.1000000015
17493  -42.788  -56.725  14.609 0.2000000030
18268  -42.590  -55.907  14.541 0.2000000030
126804  -42.029  -55.670  14.201 0.1000000015
18267  -41.328  -55.153  14.183 0.1000000015
19046  -40.397  -54.736  13.875 0.1000000015
19034  -41.408  -54.759  14.789 0.1000000015
19033  -40.696  -54.453  14.556 0.1000000015
19032  -39.803  -54.106  14.318 0.1000000015
19829  -40.269  -53.683  14.915 0.1000000015
19828  -39.473  -53.327  14.580 0.1000000015
20625  -39.414  -52.469  14.698 0.1000000015
21428  -38.863  -51.944  14.234 0.1000000015
22243  -39.775  -50.664  14.162 0.1000000015
22244  -40.350  -50.836  14.787 0.1000000015
121552  -40.440  -50.447  14.207 0.1000000015
108187  -41.051  -50.547  14.771 0.1000000015
22254  -40.966  -50.237  13.786 0.1000000015
22245  -41.642  -50.366  14.193 0.1000000015
125392  -42.131  -50.394  13.686 0.1000000015
22270  -42.691  -50.238  12.506 0.1000000015
10025  -47.455  -66.423  19.516 0.2000000030
122625  -47.272  -66.922  19.226 0.2000000030
10696  -47.612  -65.870  19.885 0.2000000030
119796  -46.816  -65.117  18.573 0.3000000119
123998  -47.560  -64.825  19.833 0.2000000030
11423  -46.578  -64.566  19.106 0.3000000119
11451  -45.859  -64.469  18.256 0.3000000119
12974  -41.813  -62.428  17.073 0.3000000119
12975  -42.388  -62.726  17.372 0.3000000119
108360  -45.075  -64.002  18.106 0.3000000119
13712  -39.959  -61.030  17.784 0.3000000119
107377  -40.814  -61.540  17.979 0.3000000119
12976  -43.037  -63.094  17.730 0.3000000119
127332  -38.565  -59.549  18.216 0.3000000119
15203  -39.254  -60.085  18.784 0.3000000119
12960  -42.510  -62.583  18.237 0.3000000119
12961  -43.253  -62.850  18.544 0.3000000119
12211  -44.594  -63.578  18.443 0.2000000030
15946  -37.920  -58.455  18.866 0.2000000030
15956  -38.166  -59.074  18.303 0.2000000030
15961  -37.749  -58.308  17.963 0.3000000119
16708  -37.675  -57.510  16.790 0.3000000119
113824  -37.875  -57.929  16.274 0.3000000119
16709  -37.937  -57.103  16.250 0.2000000030
17476  -39.939  -56.683  15.774 0.1000000015
17458  -39.499  -56.213  16.312 0.2000000030
17459  -40.571  -56.308  16.253 0.1000000015
17460  -41.582  -56.611  16.298 0.1000000015
110072  -42.503  -56.953  16.515 0.1000000015
17446  -42.789  -56.494  17.244 0.1000000015
17435  -44.449  -56.533  17.908 0.1000000015
17461  -43.098  -57.150  16.803 0.1000000015
17462  -43.608  -57.170  16.983 0.1000000015
17448  -45.159  -57.232  17.402 0.1000000015
17436  -45.515  -56.828  18.006 0.1000000015
18210  -46.778  -56.412  18.594 0.1000000015
113249  -42.911  -57.431  16.195 0.1000000015
16695  -44.341  -57.300  16.921 0.1000000015
128279  -46.039  -57.192  17.569 0.1000000015
17438  -47.656  -56.898  17.813 0.1000000015
16733  -43.007  -57.459  15.677 0.1000000015
16748  -43.196  -57.290  15.447 0.1000000015
18269  -43.142  -56.342  14.894 0.2000000030
18254  -42.767  -55.418  15.150 0.1000000015
19020  -41.922  -54.639  15.255 0.1000000015
19019  -41.096  -54.094  15.189 0.1000000015
19816  -40.804  -53.035  15.549 0.1000000015
124870  -39.948  -52.982  15.068 0.1000000015
20617  -40.094  -52.276  15.212 0.1000000015
127495  -40.955  -51.617  15.561 0.1000000015
21414  -40.418  -51.491  15.236 0.1000000015
22233  -41.598  -50.791  15.367 0.1000000015
127326  -41.767  -50.465  14.851 0.1000000015
22246  -42.397  -50.427  14.300 0.1000000015
12944  -47.569  -62.513  20.468 0.2000000030
12199  -47.270  -64.065  19.861 0.2000000030
12212  -45.488  -63.911  18.709 0.3000000119
120340  -46.635  -61.932  20.582 0.2000000030
12956  -46.810  -63.178  20.057 0.2000000030
12198  -46.058  -63.711  19.365 0.2000000030
13713  -40.277  -60.967  18.555 0.3000000119
120529  -40.929  -61.330  18.718 0.3000000119
13715  -42.033  -62.063  18.748 0.3000000119
12952  -42.763  -62.355  19.021 0.3000000119
14468  -39.831  -60.431  19.085 0.3000000119
13706  -40.692  -60.868  19.368 0.3000000119
114480  -41.506  -61.518  19.155 0.3000000119
13708  -42.322  -61.727  19.571 0.3000000119
116083  -38.389  -58.430  20.148 0.2000000030
15181  -38.759  -59.173  19.734 0.3000000119
12962  -44.049  -63.143  18.874 0.2000000030
16689  -37.627  -57.655  18.607 0.2000000030
16694  -37.579  -57.417  17.573 0.3000000119
17434  -37.504  -56.787  18.287 0.3000000119
17456  -37.644  -56.875  16.936 0.3000000119
17457  -38.364  -56.338  16.623 0.2000000030
17443  -37.585  -56.635  17.559 0.3000000119
17444  -37.805  -56.276  17.233 0.2000000030
18240  -39.066  -55.768  16.710 0.2000000030
18241  -39.972  -55.710  16.633 0.2000000030
18242  -40.976  -55.847  16.688 0.1000000015
17479  -44.341  -57.032  15.936 0.1000000015
16696  -45.185  -57.336  16.815 0.1000000015
17464  -45.718  -57.096  16.596 0.1000000015
17465  -46.511  -57.060  16.883 0.1000000015
17478  -43.621  -56.889  15.378 0.1000000015
106401  -45.053  -56.575  16.130 0.1000000015
18244  -46.007  -56.517  16.535 0.1000000015
18255  -44.136  -56.330  15.603 0.1000000015
109646  -45.303  -55.466  16.371 0.1000000015
119170  -43.515  -56.062  15.202 0.1000000015
19011  -43.562  -55.351  15.625 0.1000000015
106308  -44.516  -54.445  16.453 0.1000000015
117876  -43.682  -54.478  16.202 0.1000000015
19010  -42.737  -54.401  15.802 0.1000000015
19802  -43.130  -53.509  16.388 0.1000000015
19801  -42.391  -53.474  16.147 0.1000000015
19817  -41.795  -53.784  15.689 0.1000000015
20604  -41.800  -52.859  16.075 0.1000000015
20619  -41.284  -52.168  15.828 0.1000000015
14440  -47.167  -60.820  21.415 0.3000000119
13696  -44.770  -61.322  20.918 0.3000000119
117135  -45.601  -61.738  20.644 0.3000000119
12942  -45.040  -62.339  20.214 0.2000000030
12955  -45.575  -62.972  19.761 0.2000000030
12197  -44.969  -63.393  19.129 0.2000000030
126339  -44.663  -61.779  20.529 0.3000000119
12954  -44.496  -62.760  19.560 0.3000000119
14456  -40.020  -60.214  19.888 0.3000000119
14458  -41.678  -60.717  20.587 0.3000000119
13695  -43.054  -61.525  20.302 0.3000000119
12941  -43.960  -62.126  20.097 0.3000000119
15931  -39.049  -58.837  20.564 0.2000000030
15183  -40.238  -59.859  20.669 0.3000000119
16663  -38.111  -57.725  20.377 0.2000000030
16662  -37.720  -57.042  20.148 0.2000000030
17421  -37.547  -56.956  19.243 0.2000000030
18227  -37.574  -55.972  17.891 0.3000000119
18228  -38.281  -55.636  17.279 0.2000000030
18229  -39.201  -55.209  17.037 0.2000000030
123966  -43.890  -53.687  16.524 0.1000000015
20605  -42.638  -52.622  16.386 0.1000000015
21401  -42.031  -51.934  16.205 0.1000000015
14424  -47.751  -60.232  22.019 0.1000000015
15160  -46.952  -59.542  22.638 0.2000000030
14423  -46.398  -60.228  22.067 0.3000000119
14439  -45.895  -60.767  21.501 0.3000000119
14438  -44.776  -60.719  21.465 0.3000000119
14459  -42.516  -60.866  20.805 0.3000000119
14436  -42.853  -60.393  21.457 0.3000000119
15166  -39.745  -59.200  21.024 0.3000000119
15167  -40.560  -59.422  21.371 0.3000000119
15184  -41.053  -60.111  21.033 0.3000000119
14435  -41.929  -60.261  21.277 0.3000000119
15923  -39.349  -58.441  21.276 0.2000000030
117922  -37.442  -56.144  18.855 0.2000000030
18183  -37.593  -55.455  20.112 0.1000000015
18188  -37.462  -55.486  19.293 0.2000000030
18204  -37.517  -55.501  18.553 0.2000000030
18968  -37.556  -54.857  18.741 0.2000000030
18205  -37.812  -55.145  17.978 0.3000000119
14422  -45.277  -60.171  22.086 0.3000000119
15171  -44.255  -60.042  22.127 0.3000000119
15170  -43.278  -59.894  22.101 0.3000000119
15925  -41.021  -58.843  21.986 0.3000000119
15168  -41.461  -59.557  21.667 0.3000000119
15169  -42.350  -59.723  21.916 0.3000000119
15924  -40.129  -58.697  21.654 0.2000000030
16653  -39.768  -57.939  21.922 0.2000000030
17415  -38.997  -56.775  21.756 0.1000000015
17414  -38.398  -56.074  21.318 0.1000000015
18184  -37.929  -55.340  20.867 0.1000000015
18958  -37.522  -54.785  19.576 0.1000000015
19763  -37.620  -54.116  19.040 0.1000000015
15158  -44.818  -59.464  22.648 0.3000000119
15919  -44.680  -58.549  23.153 0.2000000030
15156  -42.811  -59.173  22.504 0.3000000119
15915  -40.590  -58.086  22.239 0.2000000030
15155  -41.907  -59.007  22.318 0.3000000119
120233  -40.227  -57.290  22.324 0.2000000030
15916  -41.516  -58.185  22.486 0.2000000030
107123  -40.089  -55.911  22.515 0.1000000015
17410  -40.632  -56.459  22.596 0.1000000015
18175  -40.877  -55.460  22.860 0.1000000015
18181  -39.230  -55.814  22.092 0.1000000015
120682  -39.167  -54.914  22.188 0.1000000015
18180  -38.502  -55.152  21.593 0.1000000015
18954  -38.085  -54.477  21.078 0.1000000015
19751  -37.821  -53.880  20.427 0.1000000015
15918  -43.881  -58.418  23.085 0.2000000030
113991  -43.269  -58.610  22.864 0.2000000030
112226  -42.033  -57.413  22.812 0.2000000030
15917  -42.515  -58.257  22.765 0.2000000030
126074  -41.825  -56.849  22.863 0.1000000015
16654  -41.196  -57.232  22.617 0.2000000030
17411  -41.615  -56.192  22.933 0.1000000015
18174  -39.937  -55.132  22.542 0.1000000015
18949  -38.764  -54.301  21.771 0.1000000015
19745  -38.420  -53.523  21.178 0.1000000015
20567  -38.063  -53.053  20.324 0.1000000015
18943  -40.655  -54.508  22.807 0.1000000015
18942  -39.718  -54.165  22.361 0.1000000015
19746  -39.180  -53.565  21.870 0.1000000015
109671  -41.254  -54.002  23.045 0.1000000015
19739  -40.614  -53.661  22.712 0.1000000015
19738  -39.936  -53.041  22.261 0.1000000015
114494  -47.676  -61.336  12.342 0.4000000060
13025  -45.693  -62.067  12.595 0.5000000000
13776  -45.190  -61.522  12.109 0.5000000000
120288  -47.233  -62.108  12.851 0.4000000060
13777  -46.103  -61.261  12.120 0.5000000000
13026  -46.606  -61.768  12.548 0.6000000238
13014  -48.825  -62.666  13.534 0.5000000000
13001  -48.106  -63.128  14.063 0.4000000060
11510  -49.807  -63.425  13.020 0.5000000000
13027  -48.237  -62.112  12.863 0.6000000238
12286  -49.938  -63.100  11.790 0.5000000000
10794  -47.420  -64.804  10.925 0.3000000119
12271  -49.755  -63.378  13.216 0.5000000000
10781  -45.648  -66.121  12.072 0.5000000000
12282  -50.014  -63.061  12.440 0.5000000000
11529  -49.387  -63.734  9.770 0.4000000060
123427  -48.126  -63.223  9.719 0.5000000000
12292  -45.872  -63.173  10.028 0.4000000060
12301  -45.309  -63.726  9.682 0.4000000060
13043  -45.500  -62.413  10.186 0.4000000060
109457  -43.753  -61.869  9.858 0.3000000119
9443  -46.835  -67.549  15.494 0.2000000030
14546  -46.150  -59.470  11.265 0.4000000060
14530  -47.557  -60.375  11.672 0.6000000238
14543  -42.509  -60.087  11.750 0.4000000060
14544  -43.605  -59.811  11.382 0.4000000060
14549  -49.199  -60.803  11.131 0.6000000238
13780  -49.517  -61.599  11.839 0.6000000238
13779  -48.753  -61.515  12.334 0.6000000238
13028  -49.348  -62.292  12.737 0.6000000238
115196  -50.035  -62.681  11.700 0.5000000000
11525  -49.103  -63.577  11.039 0.5000000000
15265  -45.600  -58.393  10.958 0.4000000060
14563  -48.729  -60.450  10.811 0.6000000238
114629  -47.579  -59.523  10.743 0.5000000000
13047  -49.784  -62.746  10.359 0.5000000000
13795  -49.701  -61.595  11.138 0.5000000000
13059  -49.563  -63.127  9.874 0.5000000000
12287  -49.934  -62.816  10.886 0.5000000000
16020  -45.968  -58.051  10.426 0.5000000000
14574  -47.296  -59.373  10.026 0.5000000000
14561  -47.416  -60.046  9.967 0.4000000060
14562  -48.022  -60.042  10.388 0.5000000000
13058  -48.914  -62.797  9.840 0.5000000000
16036  -45.821  -57.810  10.091 0.5000000000
16055  -46.293  -58.256  9.938 0.5000000000
13807  -47.002  -61.129  10.186 0.4000000060
16054  -45.579  -57.824  9.752 0.5000000000
15292  -45.966  -58.581  9.614 0.4000000060
13806  -45.940  -61.467  10.118 0.4000000060
13822  -45.510  -60.602  9.729 0.4000000060
118808  -44.082  -57.044  9.640 0.4000000060
128094  -44.689  -63.540  15.146 0.5000000000
12259  -47.355  -63.562  14.586 0.4000000060
109422  -49.710  -63.963  14.075 0.5000000000
13002  -49.230  -63.337  14.154 0.5000000000
14516  -39.576  -60.068  13.980 0.3000000119
15252  -40.968  -59.239  12.710 0.3000000119
16008  -42.373  -57.380  12.227 0.3000000119
16803  -44.423  -56.927  9.944 0.3000000119
16785  -43.167  -56.501  10.512 0.3000000119
125049  -43.569  -57.145  9.644 0.3000000119
16051  -42.869  -57.758  9.590 0.3000000119
14569  -42.891  -59.763  9.433 0.4000000060
16050  -41.794  -57.960  9.790 0.3000000119
111116  -41.790  -58.838  9.611 0.2000000030
16799  -40.067  -57.819  10.040 0.2000000030
18306  -38.194  -55.625  10.573 0.1000000015
19053  -37.984  -54.694  11.705 0.1000000015
126527  -43.863  -63.361  15.649 0.4000000060
13741  -39.799  -60.991  15.867 0.4000000060
15237  -39.224  -59.457  14.468 0.3000000119
17517  -42.124  -55.920  11.534 0.2000000030
17532  -41.602  -56.291  10.994 0.2000000030
18297  -40.289  -55.728  12.043 0.1000000015
17515  -39.613  -56.247  11.366 0.1000000015
16781  -38.777  -57.087  9.854 0.1000000015
17514  -38.637  -56.100  10.995 0.1000000015
19048  -38.295  -54.399  12.474 0.1000000015
19851  -38.095  -53.595  12.694 0.1000000015
110737  -38.256  -51.995  12.921 0.1000000015
10058  -48.638  -66.203  17.078 0.3000000119
10721  -48.168  -65.999  17.989 0.3000000119
11462  -47.248  -65.165  16.965 0.3000000119
10732  -48.675  -65.945  17.067 0.3000000119
11478  -48.741  -64.598  15.825 0.3000000119
11477  -47.281  -64.581  15.979 0.3000000119
11476  -46.083  -64.257  15.797 0.3000000119
12239  -45.207  -64.093  16.245 0.3000000119
12247  -43.641  -63.386  16.270 0.4000000060
12238  -44.380  -63.795  16.768 0.4000000060
107913  -39.958  -61.109  16.579 0.4000000060
106106  -42.992  -63.048  16.103 0.4000000060
13725  -39.780  -60.923  17.106 0.4000000060
15974  -37.987  -58.700  16.460 0.3000000119
17501  -42.316  -56.269  14.091 0.1000000015
19844  -38.965  -53.729  14.016 0.1000000015
19044  -38.619  -54.101  13.285 0.1000000015
21413  -39.663  -51.492  14.687 0.1000000015
118353  -47.637  -66.086  19.296 0.2000000030
125510  -47.401  -65.576  18.735 0.2000000030
9387  -47.201  -67.259  18.644 0.2000000030
12959  -41.721  -62.216  17.901 0.3000000119
14475  -39.562  -60.522  18.313 0.3000000119
14474  -38.923  -59.968  18.093 0.3000000119
18253  -41.998  -55.287  14.711 0.1000000015
11424  -47.786  -65.194  20.281 0.2000000030
11439  -47.499  -65.490  19.381 0.3000000119
13714  -41.430  -61.745  18.507 0.3000000119
110403  -38.319  -59.017  19.085 0.3000000119
15202  -38.732  -59.562  18.841 0.3000000119
15947  -38.224  -58.620  19.511 0.3000000119
16710  -38.862  -56.799  15.951 0.1000000015
109041  -43.339  -56.872  17.194 0.1000000015
18232  -43.497  -56.391  17.691 0.1000000015
17447  -44.046  -56.904  17.335 0.1000000015
16712  -43.593  -57.282  16.581 0.1000000015
17437  -46.487  -56.987  17.936 0.1000000015
16734  -43.544  -57.354  15.967 0.1000000015
16713  -44.368  -57.230  16.461 0.1000000015
17449  -45.983  -57.300  17.086 0.1000000015
17494  -43.158  -57.051  15.036 0.1000000015
13697  -47.449  -61.836  20.668 0.2000000030
12943  -46.176  -62.430  20.323 0.2000000030
13682  -46.567  -61.412  20.959 0.3000000119
13709  -43.114  -62.068  19.658 0.3000000119
15197  -39.329  -59.855  19.458 0.3000000119
13707  -41.538  -61.160  19.896 0.3000000119
12953  -43.566  -62.565  19.297 0.3000000119
16674  -37.826  -57.876  19.602 0.2000000030
15182  -39.496  -59.551  20.252 0.3000000119
17445  -41.929  -56.124  16.866 0.1000000015
17463  -45.026  -57.157  16.340 0.1000000015
18233  -47.245  -56.939  17.227 0.1000000015
18243  -44.407  -55.457  16.022 0.1000000015
13681  -45.491  -61.227  21.104 0.3000000119
14461  -44.129  -61.007  21.122 0.3000000119
108208  -43.983  -61.458  20.672 0.3000000119
14457  -40.826  -60.507  20.264 0.3000000119
13694  -42.211  -61.260  20.251 0.3000000119
15922  -38.633  -58.072  20.856 0.2000000030
17416  -37.536  -56.219  19.748 0.2000000030
14425  -49.151  -60.291  22.102 0.1000000015
15159  -45.790  -59.577  22.635 0.2000000030
14460  -43.378  -60.975  20.987 0.3000000119
14437  -43.766  -60.511  21.537 0.3000000119
16659  -39.033  -57.640  21.493 0.2000000030
16658  -38.277  -57.110  20.975 0.2000000030
17417  -37.833  -56.212  20.559 0.1000000015
125679  -39.526  -57.274  22.016 0.2000000030
16652  -39.767  -56.611  22.271 0.1000000015
18953  -37.694  -54.683  20.350 0.1000000015
15157  -43.814  -59.219  22.672 0.3000000119
15906  -43.493  -57.727  23.210 0.2000000030
10123  -46.773  -66.676  10.155 0.3000000119
121629  -45.915  -69.036  10.470 0.3000000119
111810  -46.562  -67.560  10.107 0.3000000119
5602  -43.053  -73.647  9.720 0.2000000030
5599  -41.256  -74.419  8.557 0.2000000030
8076  -45.444  -69.967  10.872 0.4000000060
6836  -44.510  -72.288  10.921 0.3000000119
10134  -47.641  -67.187  9.041 0.4000000060
7436  -45.206  -70.708  10.692 0.3000000119
6208  -44.132  -72.911  10.802 0.3000000119
10124  -48.182  -66.162  9.240 0.4000000060
8089  -46.171  -69.387  9.135 0.4000000060
6847  -44.402  -72.317  10.496 0.3000000119
6222  -42.727  -73.845  8.990 0.2000000030
8786  -46.869  -68.718  8.780 0.4000000060
7461  -45.022  -70.487  9.524 0.4000000060
10135  -48.396  -66.313  8.430 0.4000000060
10806  -49.178  -64.972  8.716 0.4000000060
7448  -44.418  -71.714  9.926 0.3000000119
6859  -43.033  -72.999  8.799 0.3000000119
9495  -48.204  -67.156  8.163 0.4000000060
6860  -43.656  -71.991  9.280 0.4000000060
11554  -48.858  -65.074  8.501 0.4000000060
8105  -46.803  -68.956  8.126 0.4000000060
7460  -44.217  -70.673  9.172 0.3000000119
11537  -47.984  -64.584  8.972 0.4000000060
10149  -48.185  -66.722  7.823 0.4000000060
8799  -47.488  -68.343  7.870 0.4000000060
109125  -46.580  -69.072  7.455 0.4000000060
115715  -48.354  -65.545  8.374 0.4000000060
8806  -47.201  -68.599  7.169 0.4000000060
8116  -45.800  -69.393  7.231 0.3000000119
11553  -47.468  -65.008  8.705 0.4000000060
9511  -47.885  -67.515  7.192 0.4000000060
8800  -47.761  -68.041  7.269 0.4000000060
10148  -48.156  -66.156  7.925 0.4000000060
10155  -47.817  -66.980  7.210 0.4000000060
9510  -47.647  -67.657  6.845 0.4000000060
125427  -47.059  -68.592  6.571 0.4000000060
8126  -45.131  -69.658  6.562 0.3000000119
10818  -47.060  -65.605  8.320 0.4000000060
10161  -47.301  -67.420  6.737 0.4000000060
8815  -46.809  -68.695  6.030 0.4000000060
115348  -46.619  -69.123  6.461 0.3000000119
11552  -45.958  -64.969  8.917 0.3000000119
10147  -46.868  -66.219  7.708 0.4000000060
10826  -45.732  -66.205  7.589 0.4000000060
10160  -46.477  -67.398  6.459 0.4000000060
109352  -45.864  -69.746  5.927 0.2000000030
109852  -45.396  -70.029  5.403 0.2000000030
8138  -43.483  -69.287  5.759 0.3000000119
11536  -45.133  -64.333  9.349 0.3000000119
10817  -45.520  -65.583  8.268 0.3000000119
9516  -46.392  -67.956  5.699 0.3000000119
8141  -45.978  -70.026  5.080 0.2000000030
8828  -46.540  -69.092  5.342 0.2000000030
8139  -44.709  -70.087  4.993 0.2000000030
8825  -41.836  -68.735  5.511 0.2000000030
12300  -44.619  -63.820  9.604 0.3000000119
11551  -44.711  -64.869  8.880 0.3000000119
10153  -45.354  -66.626  6.907 0.4000000060
8840  -46.134  -69.304  4.768 0.1000000015
12299  -43.931  -63.581  9.616 0.3000000119
11550  -43.684  -64.712  8.843 0.3000000119
10825  -44.694  -65.923  7.684 0.2000000030
127058  -45.583  -67.321  6.179 0.2000000030
8837  -42.869  -69.341  4.605 0.2000000030
10824  -43.607  -65.661  7.719 0.2000000030
10152  -44.089  -66.285  7.052 0.2000000030
126735  -44.200  -67.072  5.747 0.1000000015
9542  -45.719  -68.618  4.631 0.1000000015
107297  -44.744  -70.201  4.113 0.1000000015
8152  -43.935  -69.921  4.625 0.1000000015
11534  -43.323  -64.082  9.271 0.3000000119
10815  -43.164  -65.148  8.321 0.3000000119
13820  -42.285  -61.559  9.590 0.2000000030
116982  -42.202  -63.182  9.406 0.1000000015
12298  -43.062  -63.353  9.572 0.3000000119
10814  -42.303  -64.938  8.135 0.2000000030
10158  -43.642  -66.534  6.331 0.1000000015
9541  -44.976  -68.266  4.444 0.1000000015
8166  -44.935  -70.041  3.801 0.1000000015
106140  -43.822  -70.367  3.612 0.1000000015
13056  -41.806  -62.417  9.451 0.2000000030
11533  -42.507  -63.864  9.146 0.2000000030
11548  -41.997  -64.253  8.588 0.2000000030
118477  -42.748  -65.432  7.736 0.1000000015
10830  -42.936  -65.943  7.018 0.1000000015
9528  -44.204  -67.416  5.029 0.1000000015
8165  -44.276  -70.368  3.261 0.1000000015
8163  -42.461  -69.966  2.913 0.1000000015
123428  -41.858  -63.650  8.978 0.1000000015
10823  -41.996  -65.321  7.259 0.1000000015
10157  -42.725  -66.265  6.107 0.1000000015
10187  -43.284  -67.098  4.773 0.1000000015
8838  -44.749  -69.054  3.696 0.1000000015
8852  -44.467  -69.965  3.197 0.1000000015
8164  -43.215  -70.557  3.077 0.1000000015
8877  -41.084  -69.007  2.100 0.1000000015
10829  -42.180  -65.738  6.500 0.1000000015
122584  -42.407  -66.585  4.407 0.1000000015
9539  -43.140  -67.328  4.014 0.1000000015
7516  -42.743  -70.986  1.861 0.1000000015
19780  -38.546  -53.838  17.811 0.2000000030
14568  -41.893  -60.620  9.531 0.2000000030
13819  -41.333  -61.609  9.416 0.1000000015
12297  -41.452  -63.092  9.053 0.1000000015
10822  -41.538  -64.522  7.757 0.1000000015
12314  -41.333  -63.707  8.379 0.1000000015
125299  -41.400  -64.844  6.955 0.1000000015
10842  -41.958  -65.848  5.722 0.1000000015
7508  -43.203  -70.949  2.498 0.1000000015
7501  -43.773  -70.803  2.737 0.1000000015
9553  -43.916  -68.803  3.141 0.1000000015
10174  -41.828  -65.923  4.840 0.1000000015
8778  -46.158  -69.233  9.754 0.3000000119
9480  -46.697  -68.308  9.590 0.4000000060
6207  -43.615  -73.271  10.341 0.3000000119
7449  -44.823  -71.403  10.467 0.3000000119
7450  -45.438  -70.167  9.793 0.3000000119
6223  -43.366  -73.304  9.590 0.3000000119
9494  -47.597  -67.901  8.461 0.4000000060
10819  -48.624  -65.665  8.451 0.4000000060
7462  -45.909  -69.469  8.571 0.4000000060
8104  -45.016  -69.774  8.533 0.3000000119
10154  -46.621  -66.759  7.063 0.4000000060
8127  -46.352  -69.427  5.519 0.2000000030
8125  -44.219  -69.488  6.212 0.2000000030
8826  -42.875  -69.099  5.378 0.2000000030
11535  -44.182  -64.266  9.317 0.3000000119
10816  -44.176  -65.326  8.342 0.3000000119
9529  -46.238  -68.545  5.107 0.2000000030
8154  -45.815  -69.908  4.718 0.1000000015
10159  -44.649  -66.892  6.285 0.2000000030
112470  -45.280  -67.700  5.339 0.1000000015
8851  -42.754  -69.569  3.917 0.1000000015
8839  -45.481  -69.523  4.290 0.1000000015
11549  -42.796  -64.518  8.746 0.3000000119
9540  -44.091  -67.838  4.228 0.1000000015
10176  -43.421  -66.800  5.559 0.1000000015
8175  -42.178  -70.074  2.282 0.1000000015
10175  -42.547  -66.443  5.250 0.1000000015
116899  -41.223  -64.830  5.654 0.1000000015
12317  -41.050  -63.923  7.623 0.1000000015
122845  -45.158  -69.100  14.084 0.3000000119
8762  -44.523  -69.867  13.527 0.2000000030
8770  -43.600  -69.829  12.953 0.3000000119
10088  -46.080  -66.883  13.770 0.4000000060
10087  -45.565  -68.223  13.929 0.2000000030
9466  -45.270  -68.346  13.026 0.3000000119
8061  -44.141  -70.386  13.089 0.2000000030
10103  -45.874  -66.124  12.818 0.4000000060
8763  -45.142  -69.392  13.015 0.2000000030
8067  -44.600  -70.540  12.842 0.2000000030
8066  -43.436  -70.292  12.507 0.1000000015
120351  -43.859  -70.961  12.527 0.2000000030
118430  -43.252  -70.952  11.957 0.1000000015
9474  -45.328  -68.075  11.823 0.3000000119
110731  -42.585  -70.485  10.908 0.1000000015
7427  -44.741  -71.144  12.133 0.2000000030
7447  -42.244  -71.324  10.279 0.1000000015
7426  -43.007  -71.939  11.348 0.1000000015
6845  -42.713  -72.592  10.766 0.1000000015
7445  -40.955  -70.794  9.091 0.1000000015
6843  -41.549  -71.769  9.608 0.1000000015
6844  -42.222  -72.738  10.157 0.1000000015
6858  -40.820  -72.168  8.970 0.1000000015
10112  -45.312  -66.982  11.913 0.3000000119
8068  -45.066  -70.507  12.168 0.2000000030
116963  -44.372  -71.750  11.745 0.2000000030
112670  -43.838  -71.730  11.906 0.2000000030
6825  -43.652  -72.639  11.350 0.2000000030
6221  -41.229  -73.632  9.084 0.1000000015
6235  -39.522  -72.332  8.010 0.1000000015
10113  -45.930  -66.274  11.184 0.2000000030
10122  -45.689  -67.194  10.994 0.3000000119
7428  -45.070  -70.910  11.558 0.2000000030
6193  -43.529  -73.148  10.937 0.2000000030
6205  -41.655  -73.144  9.580 0.1000000015
120125  -39.757  -73.426  7.862 0.1000000015
6220  -40.381  -73.171  8.476 0.1000000015
9479  -45.854  -68.213  10.760 0.3000000119
7435  -44.751  -71.626  11.326 0.3000000119
5578  -43.333  -73.353  10.452 0.2000000030
5587  -42.679  -73.624  9.806 0.1000000015
5598  -40.495  -74.273  8.213 0.1000000015
5601  -42.385  -74.053  9.047 0.1000000015
5630  -39.792  -74.796  7.315 0.1000000015
5615  -41.694  -74.756  8.059 0.1000000015
5616  -42.173  -74.301  8.452 0.1000000015
4992  -40.509  -75.171  7.419 0.1000000015
4993  -41.115  -75.085  7.640 0.1000000015
10801  -47.021  -65.659  10.441 0.2000000030
6237  -42.433  -73.679  8.331 0.1000000015
6236  -42.013  -74.316  7.886 0.1000000015
118328  -41.946  -73.074  7.584 0.1000000015
4439  -39.273  -75.793  5.804 0.1000000015
5006  -40.397  -75.418  6.701 0.1000000015
6254  -41.638  -73.814  7.274 0.1000000015
7459  -43.396  -70.638  8.556 0.3000000119
126521  -40.871  -74.338  6.138 0.1000000015
10793  -46.407  -65.422  11.490 0.3000000119
10102  -45.418  -66.950  12.772 0.3000000119
8772  -45.314  -69.301  11.702 0.3000000119
5586  -41.940  -74.052  9.251 0.1000000015
5614  -40.920  -74.996  8.049 0.1000000015
6827  -44.306  -72.422  11.238 0.2000000030
8771  -44.983  -70.160  12.915 0.2000000030
6206  -42.930  -73.344  10.567 0.1000000015
5004  -39.192  -75.170  6.390 0.1000000015
4422  -39.845  -75.741  6.296 0.1000000015
5632  -41.451  -74.714  7.501 0.1000000015
5023  -38.463  -74.802  5.632 0.1000000015
5631  -40.981  -75.116  6.732 0.1000000015
6872  -42.383  -71.980  8.054 0.2000000030
6894  -40.470  -72.062  6.149 0.1000000015
6272  -39.967  -72.470  5.346 0.1000000015
6893  -39.716  -71.097  5.675 0.2000000030
6289  -39.426  -72.396  4.507 0.1000000015
6884  -41.542  -71.536  7.326 0.2000000030
6883  -40.837  -71.241  6.683 0.2000000030
6901  -39.352  -71.598  4.998 0.2000000030
7476  -40.567  -70.192  6.481 0.1000000015
6900  -38.781  -71.296  4.349 0.1000000015
7483  -40.005  -70.151  6.042 0.2000000030
124594  -40.432  -69.512  6.167 0.1000000015
7471  -42.674  -70.542  8.112 0.2000000030
7477  -41.232  -70.246  6.986 0.1000000015
7492  -39.075  -70.620  5.094 0.1000000015
7482  -39.474  -69.954  5.531 0.1000000015
7470  -41.981  -70.388  7.543 0.2000000030
8123  -41.044  -69.389  6.500 0.1000000015
8137  -40.002  -69.275  5.712 0.1000000015
8112  -41.822  -69.267  7.044 0.1000000015
8813  -41.486  -68.951  6.338 0.1000000015
8103  -43.931  -69.897  8.285 0.2000000030
8113  -42.604  -69.639  7.583 0.2000000030
8824  -40.783  -68.881  5.886 0.1000000015
8114  -43.712  -69.408  7.467 0.2000000030
8814  -42.327  -68.855  6.266 0.1000000015
8823  -40.088  -68.685  5.162 0.1000000015
6253  -41.271  -72.664  6.801 0.1000000015
126142  -44.426  -69.611  13.829 0.1000000015
111182  -47.723  -66.922  18.134 0.2000000030
9400  -46.449  -67.591  17.762 0.1000000015
13698  -48.548  -62.124  20.734 0.1000000015
10687  -47.305  -65.875  20.518 0.1000000015
10015  -46.933  -66.530  20.153 0.1000000015
10016  -47.422  -66.248  20.057 0.1000000015
113666  -49.036  -61.795  21.060 0.2000000030
12945  -48.993  -62.945  20.797 0.1000000015
10678  -47.076  -65.529  21.031 0.1000000015
13683  -47.964  -61.490  20.943 0.2000000030
11415  -48.445  -64.694  20.974 0.1000000015
10679  -47.907  -65.206  20.963 0.1000000015
9456  -45.968  -68.157  14.623 0.2000000030
9401  -47.211  -67.381  17.782 0.1000000015
10688  -47.698  -65.483  20.458 0.1000000015
12200  -48.177  -64.414  20.555 0.1000000015
12186  -48.071  -63.494  20.446 0.1000000015
127580  -46.805  -67.478  18.255 0.1000000015
114397  -46.457  -65.989  20.568 0.1000000015
12187  -48.983  -63.856  21.040 0.1000000015
12946  -49.460  -63.194  21.478 0.1000000015
9455  -45.163  -68.716  14.504 0.1000000015
15908  -45.737  -58.126  23.402 0.1000000015
15148  -46.309  -58.857  23.198 0.1000000015
15149  -47.523  -58.778  23.319 0.1000000015
15150  -49.025  -58.877  23.482 0.1000000015
15920  -45.397  -58.996  23.088 0.1000000015
16647  -46.147  -57.051  23.809 0.1000000015
15909  -46.905  -57.695  23.673 0.1000000015
112878  -47.749  -57.983  23.901 0.1000000015
15911  -49.699  -59.077  23.958 0.1000000015
15912  -50.233  -59.693  23.944 0.1000000015
16646  -45.149  -57.455  23.504 0.1000000015
15892  -48.175  -58.537  25.006 0.1000000015
16648  -46.863  -57.108  24.043 0.1000000015
16649  -47.512  -57.681  24.208 0.1000000015
15903  -48.116  -58.279  24.471 0.1000000015
15910  -48.596  -58.421  24.065 0.1000000015
15904  -49.295  -58.873  24.611 0.1000000015
15907  -44.305  -57.816  23.328 0.1000000015
16644  -43.468  -56.645  23.391 0.1000000015
16630  -46.645  -57.285  25.068 0.1000000015
16641  -46.823  -57.117  24.541 0.1000000015
16631  -47.331  -57.743  24.747 0.1000000015
17406  -46.008  -56.581  24.071 0.1000000015
114594  -45.416  -56.511  23.827 0.1000000015
16645  -44.464  -56.809  23.523 0.1000000015
16655  -42.766  -57.329  23.118 0.1000000015
18988  -38.464  -54.757  17.603 0.1000000015
18989  -39.303  -54.439  17.381 0.1000000015
18991  -41.608  -54.533  17.629 0.1000000015
17405  -44.931  -55.943  23.844 0.1000000015
18969  -37.937  -54.306  18.201 0.1000000015
18230  -40.211  -55.113  17.059 0.1000000015
19781  -39.426  -53.559  17.604 0.1000000015
18970  -42.476  -54.744  17.907 0.1000000015
105995  -41.248  -55.256  17.238 0.1000000015
15161  -48.382  -59.557  22.719 0.1000000015
15162  -49.727  -59.761  22.792 0.1000000015
15151  -50.101  -59.628  23.437 0.1000000015
18990  -40.447  -54.290  17.488 0.1000000015
18231  -42.180  -55.467  17.448 0.1000000015
107100  -41.202  -59.944  9.514 0.1000000015
122839  -40.352  -60.234  9.307 0.1000000015
15288  -40.524  -59.302  9.482 0.1000000015
10100  -42.608  -66.589  13.217 0.1000000015
116497  -42.620  -66.987  12.558 0.1000000015
9464  -42.916  -67.737  12.496 0.1000000015
10780  -41.884  -66.021  13.159 0.1000000015
10099  -41.847  -66.368  12.448 0.1000000015
10111  -42.222  -67.092  11.891 0.1000000015
10101  -43.262  -67.429  13.160 0.1000000015
10779  -41.281  -65.669  12.830 0.1000000015
10085  -42.838  -66.414  14.042 0.1000000015
10086  -43.457  -67.138  13.857 0.1000000015
10778  -40.534  -65.344  12.504 0.1000000015
10762  -40.733  -65.159  13.301 0.1000000015
10764  -42.223  -66.015  13.671 0.1000000015
11507  -40.210  -64.755  13.693 0.1000000015
10763  -41.533  -65.523  13.701 0.1000000015
7367  -38.256  -71.665  18.029 0.1000000015
7988  -38.723  -70.662  17.990 0.1000000015
122973  -36.933  -70.191  15.928 0.1000000015
8029  -37.519  -69.865  15.446 0.1000000015
127709  -38.147  -68.717  14.847 0.1000000015
9453  -43.913  -68.369  14.057 0.1000000015
8040  -38.396  -69.378  14.426 0.1000000015
9440  -37.338  -67.942  14.774 0.1000000015
11517  -39.993  -64.850  12.990 0.1000000015
119689  -39.159  -64.701  12.727 0.1000000015
8760  -43.279  -68.833  12.711 0.1000000015
115649  -38.807  -69.745  13.883 0.1000000015
8749  -37.019  -68.169  13.427 0.1000000015
10098  -36.147  -66.374  12.890 0.1000000015
11516  -38.373  -64.650  12.489 0.1000000015
11505  -38.471  -64.511  13.188 0.1000000015
11506  -39.373  -64.546  13.626 0.1000000015
10749  -40.850  -64.926  14.116 0.1000000015
6807  -38.950  -71.150  13.519 0.1000000015
107857  -36.297  -67.752  12.103 0.1000000015
11515  -37.512  -64.612  12.796 0.1000000015
113388  -38.548  -64.360  13.863 0.1000000015
7379  -38.030  -70.805  17.483 0.1000000015
7378  -37.473  -70.636  17.036 0.1000000015
8015  -38.028  -69.683  16.500 0.1000000015
10075  -43.587  -66.916  14.574 0.1000000015
106909  -44.178  -67.937  14.586 0.1000000015
114307  -37.907  -69.686  15.947 0.1000000015
9426  -38.016  -68.501  15.421 0.1000000015
8722  -38.284  -68.954  15.940 0.1000000015
9465  -43.659  -68.630  13.456 0.1000000015
9452  -36.555  -67.274  13.810 0.1000000015
10084  -36.178  -65.982  13.692 0.1000000015
114862  -36.367  -65.512  12.902 0.1000000015
107195  -40.006  -64.535  14.521 0.1000000015
10748  -36.339  -65.330  14.348 0.1000000015
11489  -36.645  -64.716  14.115 0.1000000015
11504  -37.707  -64.385  13.677 0.1000000015
11492  -38.997  -64.274  14.452 0.1000000015
7980  -39.007  -70.218  18.802 0.1000000015
8687  -38.668  -69.600  18.325 0.1000000015
8660  -38.105  -68.744  20.147 0.1000000015
8646  -38.016  -68.334  21.175 0.1000000015
9427  -44.288  -67.581  15.201 0.1000000015
8700  -38.546  -69.650  17.689 0.1000000015
8699  -38.152  -68.756  17.367 0.1000000015
10064  -42.928  -66.229  14.829 0.1000000015
9441  -44.964  -68.427  15.062 0.1000000015
10751  -42.254  -65.770  14.300 0.1000000015
8709  -38.252  -68.900  16.611 0.1000000015
9411  -37.889  -68.182  16.147 0.1000000015
9425  -37.003  -67.508  15.486 0.1000000015
10074  -36.398  -66.570  14.723 0.1000000015
12256  -37.628  -63.998  15.003 0.1000000015
11472  -38.471  -63.982  15.079 0.1000000015
10738  -36.324  -65.498  15.244 0.1000000015
11470  -36.603  -64.660  14.924 0.1000000015
10065  -43.657  -66.748  15.372 0.1000000015
8674  -38.443  -69.001  19.048 0.1000000015
9361  -37.502  -67.791  20.588 0.1000000015
9338  -37.679  -67.102  22.268 0.1000000015
9339  -38.158  -67.344  22.809 0.1000000015
10740  -42.324  -65.600  15.117 0.1000000015
10741  -43.011  -66.081  15.716 0.1000000015
10066  -44.405  -67.366  15.939 0.1000000015
9371  -37.134  -67.439  19.047 0.1000000015
9372  -37.623  -68.116  19.607 0.1000000015
10750  -41.581  -65.260  14.606 0.1000000015
9454  -44.590  -68.873  14.366 0.1000000015
9397  -37.477  -67.732  17.455 0.1000000015
9385  -37.650  -68.033  18.170 0.1000000015
11473  -39.360  -64.172  15.266 0.1000000015
11493  -40.923  -64.765  15.015 0.1000000015
9410  -37.206  -67.496  16.770 0.1000000015
12244  -37.367  -63.975  15.635 0.1000000015
117881  -36.850  -67.178  16.132 0.1000000015
10728  -36.299  -65.596  16.026 0.1000000015
11456  -36.405  -64.876  15.813 0.1000000015
9347  -37.522  -67.380  21.556 0.1000000015
10014  -37.016  -66.730  21.023 0.1000000015
10739  -41.663  -65.143  15.503 0.1000000015
9442  -45.685  -68.367  15.083 0.1000000015
12246  -38.684  -63.821  15.914 0.1000000015
11459  -40.443  -64.417  16.522 0.1000000015
108559  -36.235  -65.118  16.730 0.1000000015
9396  -36.677  -66.754  17.454 0.1000000015
10054  -36.404  -66.300  16.622 0.1000000015
10729  -41.779  -65.145  16.484 0.1000000015
10731  -43.284  -66.050  17.228 0.1000000015
11460  -41.224  -64.753  16.990 0.1000000015
9360  -37.008  -67.222  20.059 0.1000000015
12236  -39.095  -63.793  16.651 0.1000000015
11458  -39.639  -64.090  16.149 0.1000000015
114386  -36.584  -64.528  16.364 0.1000000015
11457  -37.137  -63.964  16.439 0.1000000015
9384  -36.880  -67.087  18.201 0.1000000015
108236  -36.341  -64.879  17.687 0.1000000015
11447  -36.762  -64.246  17.989 0.1000000015
10717  -36.262  -65.745  17.487 0.1000000015
10730  -42.494  -65.566  16.916 0.1000000015
11449  -40.626  -64.413  17.527 0.1000000015
11450  -41.414  -64.770  17.966 0.1000000015
126170  -36.803  -66.020  20.921 0.1000000015
121897  -38.903  -63.604  18.124 0.1000000015
11435  -39.868  -64.000  18.093 0.1000000015
12224  -37.257  -63.847  17.405 0.1000000015
12226  -38.999  -63.693  17.402 0.1000000015
10705  -36.352  -65.450  18.281 0.1000000015
10720  -43.508  -66.015  18.104 0.1000000015
10706  -42.184  -65.206  18.447 0.1000000015
11436  -40.830  -64.449  18.482 0.1000000015
10004  -37.030  -65.870  21.387 0.1000000015
11434  -36.925  -64.156  18.867 0.1000000015
10020  -36.540  -66.226  18.879 0.1000000015
10708  -43.609  -65.783  18.963 0.1000000015
121799  -36.707  -66.526  19.644 0.1000000015
8632  -38.044  -67.842  22.077 0.1000000015
9961  -39.406  -66.539  24.438 0.1000000015
9312  -38.804  -66.592  23.929 0.1000000015
9980  -38.295  -66.232  23.392 0.1000000015
9329  -38.598  -67.152  23.484 0.1000000015
8014  -36.992  -70.503  16.464 0.1000000015
8738  -38.413  -69.128  14.416 0.1000000015
8737  -37.723  -68.449  14.248 0.1000000015
8750  -38.192  -68.968  13.797 0.1000000015
9463  -36.352  -67.346  12.826 0.1000000015
128076  -36.621  -65.270  12.337 0.1000000015
10776  -37.048  -64.929  12.094 0.1000000015
10789  -38.362  -65.246  11.188 0.1000000015
8001  -38.290  -69.785  17.026 0.1000000015
11474  -40.244  -64.447  15.562 0.1000000015
8686  -38.290  -68.841  18.203 0.1000000015
11471  -36.810  -64.337  15.705 0.1000000015
118230  -42.372  -65.543  15.991 0.1000000015
11475  -41.054  -64.733  15.981 0.1000000015
10718  -41.948  -65.181  17.448 0.1000000015
11448  -39.830  -64.061  17.071 0.1000000015
12207  -37.369  -63.774  18.309 0.1000000015
10719  -42.711  -65.564  17.784 0.1000000015
9313  -39.286  -67.295  24.049 0.1000000015
2246  -35.271  -80.392  -2.598 0.1000000015
2235  -35.168  -80.313  -1.996 0.1000000015
3477  -34.586  -77.237  -3.899 0.1000000015
109587  -35.603  -77.970  -5.222 0.1000000015
3493  -36.636  -77.864  -5.516 0.1000000015
3053  -36.557  -78.192  -5.520 0.1000000015
116313  -35.396  -80.117  -3.623 0.1000000015
4543  -33.404  -75.616  -3.549 0.1000000015
5145  -33.472  -74.323  -3.730 0.1000000015
124913  -35.883  -79.958  -1.833 0.1000000015
114896  -35.552  -79.892  -1.434 0.1000000015
2588  -34.791  -79.783  -1.594 0.1000000015
2597  -36.429  -79.049  -2.870 0.1000000015
2623  -36.359  -78.671  -5.498 0.1000000015
2606  -36.541  -78.844  -4.441 0.1000000015
114606  -35.858  -79.652  -3.257 0.1000000015
3478  -35.928  -77.188  -4.479 0.1000000015
2253  -35.251  -80.035  -4.573 0.1000000015
2622  -35.625  -79.284  -5.709 0.1000000015
4545  -34.912  -76.421  -3.542 0.1000000015
122935  -34.201  -74.679  -3.137 0.1000000015
5146  -33.850  -74.087  -3.291 0.1000000015
5775  -33.716  -73.445  -3.622 0.1000000015
5722  -35.256  -73.804  0.940 0.1000000015
4488  -35.096  -75.849  0.326 0.1000000015
5081  -35.979  -74.788  1.109 0.1000000015
113311  -36.013  -79.816  -0.900 0.1000000015
2579  -35.416  -79.437  -0.824 0.1000000015
2971  -34.917  -78.609  -0.633 0.1000000015
3433  -34.845  -77.447  -0.013 0.1000000015
116095  -34.110  -77.050  -0.420 0.1000000015
3943  -35.310  -76.976  0.389 0.1000000015
128487  -36.360  -79.618  -1.093 0.1000000015
3443  -34.467  -77.821  -0.501 0.1000000015
2989  -37.008  -78.454  -2.362 0.1000000015
2988  -34.611  -78.942  -1.199 0.1000000015
3016  -37.458  -77.694  -4.586 0.1000000015
3015  -37.215  -78.279  -4.021 0.1000000015
4544  -34.227  -75.519  -3.245 0.1000000015
5082  -36.544  -74.630  1.951 0.1000000015
117370  -35.675  -75.503  0.688 0.1000000015
5706  -35.860  -73.825  1.636 0.1000000015
3444  -35.223  -78.371  -0.014 0.1000000015
3434  -35.606  -78.073  0.520 0.1000000015
2959  -35.975  -79.025  0.496 0.1000000015
2570  -37.224  -79.250  0.029 0.1000000015
3035  -37.290  -77.511  -5.091 0.1000000015
4015  -37.074  -77.019  -5.164 0.1000000015
4003  -37.151  -75.909  -4.451 0.1000000015
4546  -36.550  -75.125  -4.017 0.1000000015
116922  -35.065  -74.883  -3.167 0.1000000015
3002  -37.638  -77.583  -3.299 0.1000000015
5096  -35.068  -74.694  0.433 0.1000000015
114525  -35.879  -76.458  0.747 0.1000000015
4506  -34.375  -75.202  -0.022 0.1000000015
2973  -37.590  -78.676  -0.472 0.1000000015
2990  -37.691  -78.047  -1.560 0.1000000015
5095  -34.284  -74.200  0.017 0.1000000015
3976  -38.115  -76.854  -1.711 0.1000000015
122829  -38.360  -76.286  -0.758 0.1000000015
5112  -38.196  -75.595  -0.246 0.1000000015
2960  -36.723  -79.066  0.937 0.1000000015
2961  -37.398  -79.002  0.872 0.1000000015
2974  -38.144  -78.102  -0.423 0.1000000015
2962  -38.457  -78.200  0.461 0.1000000015
3454  -38.219  -77.412  -1.211 0.1000000015
3961  -38.871  -77.073  -0.239 0.1000000015
2951  -37.982  -78.553  1.455 0.1000000015
3423  -36.958  -78.163  1.519 0.1000000015
2950  -37.251  -78.740  1.347 0.1000000015
2952  -38.604  -78.278  1.286 0.1000000015
120008  -37.830  -78.718  0.319 0.1000000015
4507  -37.761  -75.736  -1.293 0.1000000015
3445  -38.620  -77.494  -0.293 0.1000000015
2569  -36.607  -79.262  0.392 0.1000000015
2580  -35.971  -79.498  -0.112 0.1000000015
2581  -36.513  -79.496  -0.386 0.1000000015
2582  -37.014  -79.057  -1.008 0.1000000015
2589  -36.494  -79.285  -1.723 0.1000000015
2605  -35.863  -79.433  -4.647 0.1000000015
2641  -36.035  -78.713  -5.717 0.1000000015
2972  -35.514  -79.103  -0.117 0.1000000015
3426  -39.181  -77.824  1.656 0.1000000015
3435  -36.447  -78.593  0.998 0.1000000015
3494  -37.049  -77.635  -5.399 0.1000000015
3944  -36.125  -77.592  0.918 0.1000000015
4002  -36.287  -76.254  -4.033 0.1000000015
4016  -37.224  -77.049  -5.001 0.1000000015
4508  -38.592  -76.768  -0.703 0.1000000015
4520  -38.020  -76.466  -1.591 0.1000000015
4561  -33.097  -75.226  -3.893 0.1000000015
4984  -41.398  -74.816  8.125 0.1000000015
5005  -39.870  -75.345  6.920 0.1000000015
5094  -33.563  -73.868  -0.183 0.1000000015
5600  -41.778  -74.428  8.500 0.1000000015
5613  -40.141  -74.537  7.748 0.1000000015
6194  -43.953  -72.955  11.137 0.2000000030
6201  -43.744  -73.169  10.814 0.2000000030
6808  -39.225  -70.848  13.428 0.1000000015
6826  -44.084  -72.391  11.455 0.2000000030
6835  -43.192  -72.924  11.091 0.1000000015
6846  -44.022  -72.778  10.105 0.3000000119
6927  -43.157  -71.500  0.529 0.1000000015
6936  -43.093  -72.005  -0.465 0.1000000015
6937  -43.334  -71.950  -0.756 0.1000000015
6966  -42.968  -72.280  -2.324 0.1000000015
6967  -43.430  -72.124  -1.922 0.1000000015
7410  -38.955  -70.445  13.761 0.1000000015
7422  -44.298  -71.058  12.427 0.2000000030
7509  -43.725  -71.028  2.399 0.1000000015
7517  -43.352  -71.170  1.341 0.1000000015
7539  -43.394  -71.357  -0.298 0.1000000015
7565  -43.733  -71.590  -2.202 0.1000000015
7566  -43.988  -70.630  -2.234 0.1000000015
7586  -43.484  -71.561  -3.148 0.1000000015
7602  -42.385  -71.217  -4.776 0.1000000015
7603  -42.778  -71.526  -3.962 0.1000000015
8102  -43.136  -69.870  8.092 0.2000000030
8115  -44.669  -69.539  7.748 0.3000000119
8140  -45.414  -70.107  4.711 0.1000000015
8142  -46.277  -69.555  5.032 0.2000000030
8153  -45.311  -70.044  4.382 0.1000000015
8271  -41.085  -70.395  -6.692 0.1000000015
8272  -41.706  -70.988  -6.375 0.1000000015
8752  -44.660  -69.403  13.939 0.3000000119
8759  -38.425  -69.495  13.419 0.1000000015
8761  -44.129  -69.669  13.629 0.1000000015
8816  -47.470  -68.130  6.731 0.4000000060
8827  -46.523  -69.006  5.075 0.1000000015
8928  -44.421  -69.639  -2.558 0.1000000015
8969  -43.380  -68.956  -6.272 0.1000000015
8984  -40.708  -69.716  -7.189 0.1000000015
9505  -47.985  -67.599  7.692 0.4000000060
9517  -47.153  -68.063  6.269 0.4000000060
9530  -46.654  -68.632  5.576 0.3000000119
9594  -44.817  -68.228  -1.545 0.1000000015
9610  -45.513  -67.275  -2.555 0.1000000015
9622  -43.653  -68.245  -5.477 0.1000000015
10013  -36.734  -66.209  20.388 0.1000000015
10033  -36.457  -66.242  18.079 0.1000000015
10039  -48.209  -66.345  17.766 0.3000000119
10063  -36.452  -66.428  15.708 0.1000000015
10245  -45.469  -66.651  -0.797 0.1000000015
10691  -36.575  -65.497  19.770 0.1000000015
10742  -49.437  -65.285  15.715 0.3000000119
10754  -49.545  -65.064  15.380 0.4000000060
10761  -36.461  -65.067  13.541 0.1000000015
10775  -36.751  -64.881  12.829 0.1000000015
10777  -39.726  -65.076  12.221 0.1000000015
10828  -41.529  -65.264  6.272 0.1000000015
10897  -42.827  -65.785  0.785 0.1000000015
10901  -47.462  -64.963  -0.481 0.1000000015
10959  -46.939  -63.477  -4.099 0.1000000015
11400  -47.689  -64.996  21.308 0.1000000015
11446  -36.635  -64.399  17.107 0.1000000015
11490  -37.125  -64.325  14.375 0.1000000015
11491  -38.055  -64.143  14.396 0.1000000015
11503  -36.937  -64.590  13.528 0.1000000015
11522  -37.853  -64.799  11.921 0.1000000015
11528  -48.698  -64.341  10.251 0.4000000060
11634  -44.779  -64.987  0.693 0.1000000015
11644  -47.581  -63.935  -1.181 0.1000000015
11695  -46.976  -63.278  -3.775 0.1000000015
12208  -38.253  -63.544  18.602 0.1000000015
12225  -38.112  -63.565  17.763 0.1000000015
12235  -38.146  -63.665  16.792 0.1000000015
12245  -38.014  -63.836  15.528 0.1000000015
12253  -49.592  -64.350  14.987 0.5000000000
12294  -49.760  -63.145  10.612 0.5000000000
12302  -47.913  -63.963  9.425 0.5000000000
12354  -41.668  -64.257  3.890 0.1000000015
12359  -46.505  -63.183  3.155 0.1000000015
12360  -47.629  -63.305  3.128 0.1000000015
12361  -48.584  -63.170  3.001 0.1000000015
12400  -48.239  -63.982  1.782 0.1000000015
12409  -48.218  -63.072  0.010 0.1000000015
12453  -46.665  -63.019  -3.879 0.1000000015
12454  -46.968  -63.081  -3.904 0.1000000015
13037  -49.955  -62.173  11.599 0.5000000000
13045  -48.495  -61.816  10.363 0.5000000000
13060  -49.712  -63.196  9.958 0.5000000000
13106  -45.124  -62.090  4.261 0.1000000015
13126  -49.529  -62.068  3.327 0.1000000015
13192  -47.780  -62.551  -0.871 0.1000000015
13810  -49.314  -61.059  10.851 0.6000000238
13852  -43.662  -61.160  5.093 0.1000000015
13862  -44.462  -61.558  4.650 0.1000000015
13864  -46.193  -61.308  4.605 0.1000000015
13866  -48.532  -61.374  4.461 0.1000000015
13881  -49.935  -61.496  3.445 0.1000000015
13897  -49.209  -61.933  2.237 0.1000000015
13928  -48.171  -61.782  0.523 0.1000000015
14548  -48.096  -59.857  11.091 0.6000000238
14560  -46.530  -60.374  9.806 0.4000000060
14623  -47.673  -60.992  4.684 0.1000000015
14624  -50.285  -60.600  4.189 0.1000000015
14640  -50.254  -60.710  3.663 0.1000000015
14680  -48.838  -61.277  1.897 0.1000000015
15268  -48.099  -59.904  10.763 0.5000000000
15280  -46.858  -58.844  10.092 0.5000000000
15281  -47.417  -59.474  10.384 0.5000000000
15350  -50.886  -59.122  4.978 0.1000000015
15365  -51.131  -59.313  4.365 0.1000000015
15366  -51.525  -58.741  4.232 0.1000000015
15387  -49.371  -59.512  3.308 0.1000000015
15388  -50.632  -59.897  3.710 0.1000000015
16111  -51.290  -58.432  5.147 0.1000000015
16140  -50.887  -59.194  3.716 0.1000000015
16844  -46.504  -57.337  5.044 0.1000000015
16859  -51.877  -58.029  4.138 0.1000000015
16870  -50.930  -58.301  3.662 0.1000000015
17407  -46.388  -56.774  24.341 0.1000000015
17584  -45.941  -56.763  4.803 0.1000000015
17602  -52.493  -56.544  4.041 0.1000000015
17615  -51.754  -56.805  3.564 0.1000000015
18380  -52.523  -55.243  3.742 0.1000000015
18387  -50.959  -55.989  3.108 0.1000000015
19131  -50.027  -53.541  5.709 0.1000000015
19133  -51.871  -54.039  4.576 0.1000000015
19157  -52.514  -54.507  3.490 0.1000000015
19174  -52.049  -53.979  2.740 0.1000000015
19755  -37.604  -54.173  19.811 0.1000000015
19932  -51.206  -52.301  5.135 0.1000000015
19951  -45.029  -53.112  2.984 0.1000000015
19972  -50.261  -53.801  2.339 0.1000000015
19973  -51.228  -53.750  2.601 0.1000000015
20618  -40.686  -52.127  15.533 0.1000000015
20752  -51.126  -52.040  4.619 0.1000000015
20758  -43.667  -52.423  3.491 0.1000000015
21415  -41.501  -51.427  15.724 0.1000000015
21514  -49.450  -50.425  6.425 0.1000000015
21515  -50.139  -50.758  5.982 0.1000000015
21532  -49.191  -50.139  5.679 0.1000000015
21555  -42.488  -51.715  3.549 0.1000000015
21581  -44.801  -51.170  1.049 0.1000000015
22232  -40.941  -51.020  15.318 0.1000000015
22378  -40.799  -49.936  3.915 0.1000000015
23146  -40.804  -49.333  3.439 0.1000000015
23151  -41.380  -49.420  2.889 0.1000000015
23887  -41.709  -48.649  2.570 0.1000000015
24613  -39.266  -47.418  4.909 0.1000000015
25404  -39.381  -46.686  4.542 0.1000000015
105789  -37.445  -65.667  22.078 0.1000000015
106852  -38.512  -77.050  -0.989 0.1000000015
107055  -38.745  -68.403  -1.574 0.1000000015
108441  -45.580  -68.162  15.584 0.1000000015
108624  -46.254  -54.822  5.433 0.1000000015
109022  -43.800  -68.107  3.652 0.1000000015
109829  -52.457  -53.877  3.671 0.1000000015
109957  -37.119  -78.100  -5.251 0.1000000015
110671  -47.096  -57.917  5.301 0.1000000015
111300  -40.248  -70.941  6.255 0.1000000015
112807  -37.917  -68.289  16.808 0.1000000015
113720  -49.616  -61.840  10.703 0.5000000000
113788  -47.492  -61.962  -0.499 0.1000000015
114795  -38.129  -77.028  -1.760 0.1000000015
115657  -39.652  -45.963  4.217 0.1000000015
115888  -33.603  -74.880  -3.421 0.1000000015
115891  -45.684  -69.891  10.015 0.3000000119
116302  -37.868  -63.787  16.059 0.1000000015
116491  -36.998  -64.190  15.091 0.1000000015
116495  -37.814  -68.318  18.795 0.1000000015
116776  -48.292  -63.688  0.948 0.1000000015
117383  -50.019  -62.280  11.003 0.5000000000
117589  -36.282  -65.802  12.191 0.1000000015
117961  -42.385  -73.520  9.850 0.1000000015
119287  -42.875  -51.838  4.645 0.1000000015
119413  -46.691  -59.714  2.657 0.1000000015
119513  -48.406  -60.559  2.301 0.1000000015
119674  -43.018  -71.563  8.581 0.3000000119
119912  -46.737  -64.961  -2.325 0.1000000015
120549  -51.380  -56.961  5.237 0.1000000015
120762  -43.327  -70.992  -4.159 0.1000000015
121460  -52.408  -54.395  3.081 0.1000000015
121912  -48.831  -61.876  1.566 0.1000000015
122243  -42.479  -71.954  -2.369 0.1000000015
122306  -41.896  -51.267  4.482 0.1000000015
123561  -46.187  -58.815  5.118 0.1000000015
124258  -52.378  -53.832  3.211 0.1000000015
124386  -46.406  -62.804  -2.172 0.1000000015
124514  -46.113  -64.452  1.449 0.1000000015
124976  -47.400  -54.738  1.469 0.1000000015
125672  -38.163  -66.777  23.124 0.1000000015
125699  -43.871  -51.223  5.401 0.1000000015
125899  -48.011  -65.664  14.130 0.5000000000
125916  -42.662  -71.325  -4.656 0.1000000015
125985  -41.925  -64.272  3.243 0.1000000015
126057  -44.989  -69.474  13.827 0.2000000030
126082  -35.295  -75.668  -3.389 0.1000000015
126435  -38.075  -78.674  0.993 0.1000000015
126512  -47.700  -64.409  -0.469 0.1000000015
126896  -52.239  -53.497  4.140 0.1000000015
126936  -46.212  -65.613  -2.685 0.1000000015
126990  -36.658  -68.020  12.805 0.1000000015
127445  -50.665  -52.919  5.504 0.1000000015
127517  -43.109  -69.495  0.782 0.2000000030
127585  -43.541  -69.606  -1.012 0.1000000015
128289  -43.566  -70.977  2.598 0.1000000015
128346  -42.992  -65.936  16.473 0.1000000015
