#!ascii label  , from subject sub-v2s18x29502_ses-1 vox2ras=TkReg
800
123283  16.572  -0.506  -7.939 0.2500000000
68089  16.854  -0.656  -8.669 0.2500000000
67242  17.168  -1.390  -8.787 0.7500000000
70440  16.352  2.286  -7.933 0.2500000000
69620  16.398  1.594  -7.938 0.1250000000
108820  16.444  2.312  -8.241 0.3750000000
68819  16.457  0.816  -8.128 0.2500000000
123266  16.428  0.195  -7.741 0.2500000000
68090  16.625  0.077  -8.421 0.3750000000
68101  17.508  -0.753  -9.353 0.8750000000
67252  17.897  -1.543  -9.381 0.8750000000
69628  16.596  1.603  -8.566 0.3750000000
68830  16.759  0.769  -8.939 0.3750000000
68842  17.348  0.795  -9.673 0.8750000000
117109  18.656  -0.123  -10.324 1.0000000000
124875  17.908  0.062  -9.899 1.0000000000
68102  17.042  0.010  -9.225 0.8750000000
68100  18.412  -0.889  -10.009 1.0000000000
67260  19.220  -1.453  -10.289 1.0000000000
122696  16.312  2.792  -8.122 0.2500000000
70460  16.800  2.441  -8.997 0.7500000000
70459  17.350  2.283  -9.806 0.8750000000
69639  17.595  1.492  -10.115 0.8750000000
69640  17.049  1.569  -9.369 0.7500000000
68853  18.482  0.556  -10.474 1.0000000000
69651  18.302  1.389  -10.693 1.0000000000
68111  19.980  -0.141  -10.643 1.0000000000
68852  19.217  0.222  -10.568 1.0000000000
114646  19.214  -0.550  -10.469 1.0000000000
70450  15.779  2.958  -7.153 0.1250000000
112086  17.888  2.163  -10.529 1.0000000000
68862  20.237  0.780  -10.658 1.0000000000
68864  19.088  0.978  -10.768 1.0000000000
68119  20.339  0.317  -10.646 1.0000000000
68863  19.807  0.591  -10.671 1.0000000000
68850  21.234  0.277  -10.599 1.0000000000
68110  20.687  -0.054  -10.702 1.0000000000
74031  16.281  6.676  -9.783 0.2500000000
71389  16.315  3.410  -8.377 0.2500000000
71388  16.462  3.711  -8.831 0.3750000000
70449  16.478  3.014  -8.518 0.5000000000
71407  17.036  3.666  -9.773 1.0000000000
126272  16.662  3.715  -9.271 0.6250000000
70473  17.576  3.031  -10.322 1.0000000000
70489  18.194  2.777  -10.995 1.0000000000
118371  20.145  1.895  -11.095 1.0000000000
69662  19.735  1.342  -10.899 1.0000000000
112109  19.350  2.917  -11.515 1.0000000000
70486  20.477  2.374  -11.083 1.0000000000
69650  20.913  0.940  -10.568 1.0000000000
70472  21.015  2.568  -10.733 1.0000000000
118998  21.371  2.053  -10.369 1.0000000000
124299  16.339  6.732  -10.546 0.5000000000
73156  16.594  5.502  -9.485 0.3750000000
121889  16.562  4.806  -9.288 0.5000000000
73163  16.698  5.044  -9.940 0.5000000000
72308  17.284  4.711  -11.121 0.8750000000
71406  17.428  3.914  -10.674 1.0000000000
73181  17.182  5.525  -11.512 1.0000000000
71419  18.562  3.472  -11.451 1.0000000000
72307  17.812  4.134  -11.348 1.0000000000
112365  20.449  3.735  -11.262 1.0000000000
71418  19.291  3.554  -11.576 1.0000000000
71405  21.204  3.437  -10.797 1.0000000000
74854  15.848  7.411  -10.017 0.5000000000
119986  16.619  5.901  -10.258 0.5000000000
74045  17.130  6.371  -11.819 0.6250000000
73171  16.839  5.257  -10.832 0.7500000000
109602  17.735  4.948  -11.614 1.0000000000
73170  20.577  5.557  -10.955 1.0000000000
73177  19.825  5.493  -11.423 1.0000000000
72305  19.399  4.817  -11.535 1.0000000000
72294  21.259  4.887  -10.666 1.0000000000
126565  20.966  4.155  -10.936 1.0000000000
108691  19.719  4.019  -11.499 1.0000000000
71404  22.161  3.658  -10.326 0.8750000000
128340  16.074  7.372  -10.766 0.5000000000
112218  16.645  7.015  -11.368 0.8750000000
74861  18.954  7.022  -12.103 1.0000000000
74057  18.270  6.690  -12.195 1.0000000000
74036  20.825  6.365  -10.756 1.0000000000
113523  19.622  6.834  -11.661 1.0000000000
73179  18.506  5.109  -11.721 1.0000000000
74853  20.295  7.187  -11.242 1.0000000000
73168  22.053  5.469  -10.315 1.0000000000
73169  21.262  5.721  -10.579 1.0000000000
74852  21.258  7.168  -10.578 1.0000000000
74035  21.660  6.336  -10.432 1.0000000000
74862  16.225  7.802  -11.297 0.8750000000
74877  16.955  7.740  -11.826 1.0000000000
76424  18.627  9.305  -11.951 1.0000000000
74874  18.827  8.069  -12.051 1.0000000000
74876  17.640  7.729  -12.168 1.0000000000
76412  20.973  9.441  -11.270 1.0000000000
75655  20.446  8.777  -11.309 1.0000000000
75653  22.420  8.743  -10.706 1.0000000000
75654  21.464  8.731  -10.823 1.0000000000
74859  20.840  8.029  -10.750 1.0000000000
74851  22.700  7.609  -10.374 1.0000000000
74843  22.687  6.958  -10.158 0.8750000000
78639  17.365  12.103  -11.737 1.0000000000
77866  16.352  11.635  -10.193 0.3750000000
77882  17.923  11.535  -12.203 0.8750000000
77144  18.602  10.222  -12.056 1.0000000000
118668  21.528  10.138  -11.284 1.0000000000
119391  20.462  10.121  -11.582 1.0000000000
78627  17.066  12.913  -11.398 0.8750000000
79327  18.421  13.048  -12.150 1.0000000000
78638  18.065  12.314  -12.322 1.0000000000
77881  18.444  11.532  -12.352 1.0000000000
78637  18.767  12.313  -12.427 1.0000000000
77143  19.147  10.651  -12.089 1.0000000000
77136  21.060  10.860  -11.418 1.0000000000
79312  17.395  13.533  -11.033 0.7500000000
79326  19.247  13.066  -12.053 1.0000000000
78636  19.510  12.297  -12.196 1.0000000000
78624  21.406  12.240  -11.619 1.0000000000
78625  20.408  12.285  -11.739 1.0000000000
77875  20.698  11.554  -11.570 1.0000000000
79325  20.143  13.081  -11.831 1.0000000000
82220  19.873  17.313  -11.390 0.1250000000
83000  19.655  18.036  -11.856 0.1250000000
83001  19.306  17.917  -12.733 0.2500000000
82238  18.892  18.154  -13.637 0.3750000000
83719  18.653  18.995  -13.572 0.2500000000
82265  17.985  18.216  -16.048 0.5000000000
83034  18.123  18.529  -15.293 0.2500000000
83760  18.139  18.332  -17.216 0.3750000000
83705  19.304  18.758  -12.575 0.2500000000
83738  18.274  18.713  -14.617 0.2500000000
84382  18.348  19.224  -14.632 0.2500000000
85039  18.529  20.451  -14.649 0.2500000000
83752  17.818  18.270  -15.620 0.2500000000
84396  18.584  19.452  -15.715 0.2500000000
109664  18.979  19.864  -16.158 0.3750000000
84404  18.964  20.508  -16.333 0.3750000000
85066  18.800  21.050  -16.541 0.2500000000
68077  16.493  -0.244  -7.605 0.1250000000
68807  16.346  0.756  -7.656 0.1250000000
109362  20.459  -0.677  -10.626 1.0000000000
74059  17.197  7.129  -11.930 0.8750000000
113151  19.961  8.137  -11.459 1.0000000000
108228  16.323  -1.769  -5.928 0.1250000000
66376  16.860  -2.073  -8.203 0.6250000000
66375  17.580  -2.691  -8.583 0.7500000000
69608  16.144  1.563  -6.815 0.1250000000
113463  18.756  -2.970  -9.468 1.0000000000
68067  16.354  0.281  -7.532 0.1250000000
124038  20.079  -1.420  -10.467 1.0000000000
109207  21.125  -0.515  -10.628 1.0000000000
73157  16.480  4.706  -8.921 0.2500000000
69648  21.972  1.985  -9.994 0.8750000000
72287  22.847  4.247  -10.052 0.8750000000
70471  21.741  2.764  -10.394 0.8750000000
128932  22.846  5.635  -9.938 0.8750000000
77852  16.188  11.498  -9.276 0.1250000000
77853  15.787  11.009  -9.633 0.1250000000
74863  15.748  7.944  -10.545 0.3750000000
76427  17.241  9.016  -12.038 0.6250000000
74858  22.023  7.930  -10.652 1.0000000000
74034  22.414  6.304  -10.180 0.8750000000
78628  16.771  12.322  -10.898 0.5000000000
78626  17.605  13.022  -11.900 0.8750000000
77867  16.163  11.044  -10.477 0.3750000000
77138  16.904  10.312  -11.658 0.8750000000
77134  22.900  10.794  -11.177 1.0000000000
77135  22.075  10.852  -11.366 1.0000000000
77874  21.730  11.569  -11.571 1.0000000000
80006  18.583  14.295  -11.145 0.8750000000
107490  19.870  13.984  -11.638 1.0000000000
79324  20.789  13.790  -11.662 1.0000000000
82203  20.539  17.391  -10.568 0.1250000000
109874  19.740  16.720  -11.030 0.1250000000
81458  19.560  16.188  -11.550 0.6250000000
82253  18.293  18.915  -14.903 0.6250000000
83044  19.244  18.506  -15.908 0.5000000000
83751  19.123  18.422  -16.531 0.5000000000
83718  19.234  19.661  -12.766 0.2500000000
84381  18.742  19.949  -13.538 0.2500000000
84395  19.104  19.035  -16.250 0.5000000000
84394  19.589  20.172  -15.228 0.5000000000
85025  19.127  20.874  -13.396 0.1250000000
85054  18.641  20.591  -15.975 0.2500000000
85070  18.376  21.830  -17.148 0.2500000000
85064  19.520  21.097  -16.070 0.3750000000
85708  18.577  21.862  -17.209 0.2500000000
110559  18.491  21.407  -15.170 0.1250000000
67228  16.605  -1.142  -7.592 0.1250000000
67243  16.715  -1.246  -8.120 0.3750000000
128585  16.585  -1.755  -7.616 0.5000000000
124089  17.558  -2.015  -8.846 0.7500000000
66388  18.227  -2.379  -9.330 1.0000000000
67251  18.540  -1.743  -9.853 1.0000000000
68854  17.873  0.846  -10.260 1.0000000000
67259  19.797  -0.845  -10.554 1.0000000000
70474  17.139  2.955  -9.543 0.8750000000
69661  20.421  1.187  -10.701 1.0000000000
69663  18.947  1.720  -11.157 1.0000000000
70488  18.828  2.500  -11.352 1.0000000000
68851  20.676  0.532  -10.629 1.0000000000
72279  16.452  4.315  -8.959 0.3750000000
72288  16.652  4.236  -9.475 0.5000000000
72295  17.012  4.481  -10.307 0.8750000000
71420  17.874  3.451  -11.049 1.0000000000
69660  20.808  1.743  -10.644 1.0000000000
118704  19.988  2.600  -11.431 1.0000000000
70487  19.482  2.167  -11.328 1.0000000000
71416  20.516  2.998  -11.244 1.0000000000
74037  16.723  6.095  -11.160 0.6250000000
73180  17.791  5.903  -11.987 1.0000000000
72306  18.928  4.182  -11.640 1.0000000000
122535  18.274  4.364  -11.575 1.0000000000
72303  21.556  4.133  -10.607 0.8750000000
74058  17.681  6.885  -12.158 1.0000000000
74044  18.656  6.058  -11.979 1.0000000000
72304  20.318  4.652  -11.194 1.0000000000
74042  20.102  6.257  -11.348 1.0000000000
72293  22.120  4.545  -10.353 0.8750000000
74873  19.235  8.330  -11.820 1.0000000000
74875  18.320  7.678  -12.237 1.0000000000
74860  19.437  7.607  -11.752 1.0000000000
74043  19.380  6.191  -11.729 1.0000000000
113524  22.153  7.043  -10.403 1.0000000000
75656  16.664  8.425  -11.731 0.6250000000
75671  17.450  8.408  -12.098 0.7500000000
75670  18.105  8.492  -12.236 1.0000000000
75669  18.510  8.664  -12.075 1.0000000000
76425  18.305  9.227  -12.092 1.0000000000
75668  18.836  8.826  -11.927 1.0000000000
118689  18.821  9.868  -11.955 1.0000000000
119501  19.458  10.051  -11.843 1.0000000000
76413  19.907  9.466  -11.641 1.0000000000
76411  21.977  9.430  -10.913 1.0000000000
75667  19.486  8.860  -11.694 1.0000000000
77877  16.735  11.533  -11.126 0.7500000000
77876  17.424  11.008  -11.804 1.0000000000
128689  16.671  10.887  -11.255 0.7500000000
117220  18.526  9.680  -11.979 1.0000000000
112108  18.243  9.883  -12.086 1.0000000000
116592  18.679  10.881  -12.206 1.0000000000
79311  18.141  13.656  -11.483 0.8750000000
77145  18.182  10.709  -12.171 1.0000000000
77880  19.038  11.519  -12.372 1.0000000000
77879  19.744  11.505  -12.023 1.0000000000
77142  20.037  10.779  -11.795 1.0000000000
80027  18.938  13.772  -11.625 1.0000000000
82221  19.508  17.181  -11.911 0.1250000000
82204  20.056  16.823  -10.028 0.1250000000
83015  18.373  18.728  -14.309 0.2500000000
82237  19.546  17.209  -12.612 0.5000000000
83045  18.683  18.115  -16.632 0.5000000000
82264  18.486  18.744  -15.646 0.7500000000
85065  18.857  21.314  -16.835 0.2500000000
108038  16.439  -2.050  -7.125 0.1250000000
66387  18.950  -2.316  -9.874 1.0000000000
77129  15.676  10.535  -10.113 0.5000000000
75657  15.895  8.515  -11.136 0.6250000000
126038  17.855  8.953  -12.196 0.8750000000
76414  17.090  9.634  -11.906 0.7500000000
76426  17.807  9.479  -12.135 0.8750000000
77139  16.178  10.462  -10.932 0.7500000000
114590  16.286  9.817  -11.366 0.8750000000
77137  17.687  10.138  -12.032 1.0000000000
80025  20.562  14.501  -11.713 1.0000000000
79309  21.646  13.678  -11.597 1.0000000000
81444  19.361  16.273  -10.492 0.3750000000
126655  19.602  17.791  -13.536 0.7500000000
85700  19.548  21.694  -16.655 0.2500000000
63086  18.720  -6.603  -7.702 0.7500000000
63084  20.207  -6.664  -7.974 0.7500000000
63877  18.331  -5.917  -7.794 0.7500000000
63095  20.383  -5.955  -8.409 0.7500000000
63097  19.038  -6.011  -8.206 0.7500000000
63889  18.634  -5.342  -8.310 0.7500000000
63886  20.958  -5.579  -8.549 0.7500000000
63887  20.212  -5.292  -8.896 0.7500000000
63888  19.354  -5.347  -8.692 0.7500000000
65512  17.656  -3.468  -8.278 0.7500000000
64647  18.837  -4.648  -8.767 0.7500000000
64660  18.991  -3.759  -9.212 0.8750000000
65511  18.269  -4.017  -8.651 0.8750000000
64646  21.040  -4.887  -9.067 0.7500000000
64658  20.415  -4.391  -9.314 0.7500000000
64657  21.153  -4.090  -9.330 0.7500000000
65521  20.636  -3.535  -9.595 0.7500000000
65531  20.149  -2.887  -9.860 0.8750000000
66397  19.687  -2.206  -10.145 0.8750000000
66385  20.934  -2.678  -9.907 0.7500000000
66396  20.493  -2.058  -10.243 0.8750000000
67250  21.909  -1.599  -9.996 0.8750000000
67257  21.527  -1.079  -10.377 0.8750000000
67256  22.073  -0.968  -10.085 0.8750000000
68109  21.835  -0.317  -10.316 0.8750000000
121301  23.787  0.291  -9.248 0.3750000000
118230  23.134  0.094  -9.535 0.6250000000
68841  22.449  0.269  -9.880 0.7500000000
68849  21.818  0.467  -10.255 0.7500000000
68839  24.149  1.030  -9.072 0.5000000000
68840  23.197  0.947  -9.489 0.5000000000
69638  22.835  1.917  -9.634 0.7500000000
70445  25.079  2.437  -8.720 0.1250000000
126821  24.494  2.482  -9.104 0.3750000000
69637  23.819  1.977  -9.312 0.6250000000
70457  23.312  2.612  -9.571 0.6250000000
70458  22.578  2.841  -9.895 0.6250000000
70444  25.797  2.366  -8.329 0.1250000000
118076  25.486  3.120  -8.578 0.1250000000
71393  24.466  3.817  -9.265 0.1250000000
72276  24.850  4.464  -8.927 0.1250000000
71394  23.612  3.929  -9.658 0.6250000000
72286  23.395  4.917  -9.718 0.6250000000
127484  22.679  4.945  -10.097 0.7500000000
72275  25.415  4.383  -8.599 0.1250000000
73151  25.386  5.111  -8.591 0.1250000000
73152  24.626  5.188  -9.019 0.1250000000
73161  24.022  5.301  -9.367 0.5000000000
73162  23.538  5.840  -9.569 0.6250000000
74030  23.020  6.448  -9.857 0.7500000000
71384  25.886  3.902  -8.326 0.1250000000
74028  24.345  6.051  -9.137 0.5000000000
112558  24.443  7.179  -9.042 0.5000000000
74029  23.656  6.740  -9.473 0.6250000000
80007  18.039  14.033  -10.862 0.6250000000
79984  18.241  14.737  -10.541 0.5000000000
75646  23.896  8.447  -9.801 0.6250000000
75648  23.121  8.792  -10.611 0.6250000000
128209  24.097  9.058  -9.959 0.5000000000
75647  23.645  8.905  -10.320 0.6250000000
76404  24.036  9.494  -10.308 0.6250000000
76405  23.497  9.449  -10.608 0.7500000000
76406  22.844  9.405  -10.820 0.8750000000
78623  22.232  12.184  -11.623 0.8750000000
77128  23.248  10.091  -10.878 0.7500000000
77872  23.249  11.448  -11.039 0.8750000000
77873  22.529  11.507  -11.398 0.8750000000
118558  22.623  12.806  -11.385 0.8750000000
76396  24.563  9.488  -9.861 0.3750000000
116668  24.475  9.933  -10.231 0.5000000000
77133  23.599  10.767  -10.833 0.6250000000
117597  25.752  9.969  -9.246 0.2500000000
77111  25.105  10.122  -9.811 0.3750000000
111176  24.189  10.809  -10.533 0.5000000000
80731  18.857  15.088  -11.096 0.6250000000
80005  19.233  14.588  -11.456 0.8750000000
123784  19.387  15.187  -11.463 0.7500000000
80026  19.951  14.973  -11.680 0.8750000000
79310  21.086  12.989  -11.681 0.8750000000
79308  22.433  13.567  -11.459 0.8750000000
78608  23.608  12.089  -10.809 0.7500000000
77126  24.622  10.508  -10.265 0.3750000000
77864  24.773  11.296  -10.354 0.5000000000
79291  23.667  13.310  -10.859 0.7500000000
77125  25.213  10.809  -10.001 0.2500000000
80714  18.599  15.304  -10.517 0.6250000000
80749  20.799  15.221  -12.008 0.8750000000
80024  21.289  14.483  -11.682 0.8750000000
80004  22.156  14.422  -11.554 0.8750000000
80003  22.964  14.262  -11.360 0.7500000000
120346  24.026  12.751  -10.715 0.5000000000
78605  25.916  13.001  -10.298 0.2500000000
112152  24.895  12.841  -10.533 0.5000000000
78607  24.434  12.063  -10.577 0.5000000000
77847  26.506  11.483  -9.497 0.2500000000
80713  19.039  15.592  -10.866 0.5000000000
81476  19.760  16.188  -12.259 0.5000000000
81488  20.001  16.422  -12.805 0.7500000000
81475  20.618  16.047  -12.408 0.7500000000
82236  20.487  16.706  -12.836 0.7500000000
81474  21.413  16.617  -12.387 0.7500000000
82219  22.266  16.520  -11.891 0.7500000000
125274  21.533  15.895  -12.075 0.7500000000
82235  21.320  17.389  -12.638 0.7500000000
124831  22.269  15.825  -11.725 0.7500000000
125449  22.757  15.209  -11.511 0.7500000000
81457  22.997  16.156  -11.593 0.7500000000
80728  24.172  15.061  -10.977 0.5000000000
116118  23.450  14.847  -11.255 0.6250000000
79983  24.683  14.419  -10.636 0.3750000000
82263  19.588  18.131  -14.044 0.6250000000
82252  19.967  17.123  -13.263 0.7500000000
82251  20.406  17.441  -13.222 0.7500000000
82234  22.227  17.344  -12.151 0.7500000000
82218  23.179  17.111  -11.795 0.6250000000
106911  24.637  16.010  -11.201 0.3750000000
81456  23.908  16.492  -11.557 0.3750000000
108628  26.094  14.067  -10.227 0.1250000000
117243  26.288  15.878  -10.978 0.1250000000
80727  25.601  16.008  -10.972 0.2500000000
83032  20.615  18.409  -13.421 0.7500000000
83013  21.247  18.098  -12.856 0.6250000000
83012  22.225  18.298  -12.430 0.7500000000
82217  24.254  17.281  -11.776 0.3750000000
127865  22.954  17.870  -12.143 0.3750000000
81455  25.397  16.689  -11.348 0.2500000000
118677  24.691  16.805  -11.473 0.3750000000
80748  27.407  16.019  -12.185 0.1250000000
80726  26.804  15.961  -11.446 0.1250000000
79981  26.832  14.403  -10.408 0.1250000000
83033  19.849  18.811  -14.341 0.6250000000
83717  21.660  18.957  -12.896 0.3750000000
83716  22.840  19.393  -12.730 0.3750000000
83031  24.758  19.111  -13.000 0.2500000000
82233  23.822  17.883  -12.188 0.3750000000
82230  26.272  17.392  -12.599 0.1250000000
82216  25.140  17.340  -11.687 0.3750000000
122256  27.989  15.595  -12.251 0.1250000000
81473  25.897  17.120  -11.781 0.1250000000
127586  20.684  20.418  -14.390 0.3750000000
83736  20.978  19.328  -13.582 0.3750000000
83735  22.041  19.788  -13.234 0.3750000000
83734  23.544  20.049  -13.126 0.3750000000
123613  22.835  20.157  -13.163 0.3750000000
83010  24.355  18.567  -12.557 0.3750000000
82261  26.574  17.622  -14.576 0.1250000000
82231  25.536  17.720  -12.292 0.1250000000
83009  25.172  18.397  -12.711 0.2500000000
81486  27.585  16.621  -13.575 0.1250000000
85053  21.583  21.679  -14.506 0.2500000000
85036  22.451  21.419  -13.802 0.2500000000
84379  22.275  20.587  -13.492 0.3750000000
84380  21.334  20.143  -13.787 0.3750000000
84391  24.372  20.775  -14.493 0.1250000000
84378  23.155  20.807  -13.465 0.3750000000
83749  24.592  20.034  -14.059 0.1250000000
83733  24.302  19.789  -13.309 0.2500000000
83043  25.581  18.754  -15.107 0.1250000000
83732  24.962  19.379  -13.721 0.1250000000
84393  20.531  21.090  -14.819 0.3750000000
85052  22.549  22.076  -14.455 0.2500000000
85050  24.261  21.525  -15.033 0.1250000000
85051  23.740  21.982  -14.908 0.1250000000
84403  24.563  20.692  -15.578 0.1250000000
85062  24.311  21.524  -15.968 0.1250000000
117913  26.022  18.288  -15.680 0.1250000000
111191  24.786  19.938  -16.178 0.1250000000
85705  23.272  22.644  -16.374 0.1250000000
84408  24.510  20.518  -16.578 0.1250000000
85068  24.282  21.193  -16.970 0.1250000000
83058  25.602  18.876  -17.035 0.1250000000
82270  26.171  18.275  -16.476 0.1250000000
74841  23.729  7.644  -9.583 0.6250000000
77848  25.656  11.418  -9.980 0.3750000000
112868  19.380  15.592  -11.452 0.6250000000
80751  19.709  15.533  -11.739 0.8750000000
80750  20.105  15.723  -12.125 0.7500000000
79290  24.360  13.529  -10.648 0.5000000000
80002  23.737  14.128  -10.923 0.7500000000
79289  25.257  13.760  -10.450 0.5000000000
112996  25.698  18.502  -14.357 0.1250000000
84392  23.537  21.567  -14.154 0.2500000000
83763  25.166  19.378  -16.681 0.1250000000
71395  22.903  3.606  -9.928 0.7500000000
114417  24.307  8.009  -9.314 0.3750000000
76395  25.259  9.418  -9.337 0.2500000000
83748  25.125  19.452  -14.630 0.1250000000
77109  26.502  10.150  -8.773 0.1250000000
62238  19.678  -7.431  -7.513 0.7500000000
61310  18.902  -7.767  -7.235 0.7500000000
63087  17.967  -6.516  -7.294 0.7500000000
63878  17.490  -5.605  -7.136 0.7500000000
62237  20.504  -7.381  -7.477 0.7500000000
63085  19.424  -6.646  -7.888 0.7500000000
107522  20.848  -6.839  -7.736 0.7500000000
127544  17.758  -4.109  -8.019 0.6250000000
64648  18.160  -4.693  -8.228 0.7500000000
64645  21.691  -4.381  -8.901 0.7500000000
65510  21.716  -3.750  -9.172 0.6250000000
66384  21.665  -2.416  -9.747 0.6250000000
67249  22.543  -1.319  -9.688 0.5000000000
67241  23.839  -1.198  -8.929 0.3750000000
67248  23.164  -1.044  -9.426 0.5000000000
68097  24.493  0.229  -8.859 0.1250000000
69626  25.363  1.685  -8.488 0.1250000000
70433  26.548  2.268  -7.892 0.1250000000
119054  26.595  3.718  -7.884 0.1250000000
72274  26.579  4.539  -7.878 0.1250000000
73150  26.290  5.422  -8.051 0.1250000000
79985  17.612  14.185  -10.270 0.3750000000
74017  26.476  6.429  -7.908 0.1250000000
74018  25.675  6.003  -8.387 0.1250000000
128477  25.216  7.316  -8.569 0.1250000000
74840  24.941  8.011  -8.809 0.2500000000
75638  24.633  8.746  -9.415 0.2500000000
110991  18.257  15.274  -9.931 0.5000000000
77110  25.928  10.702  -9.476 0.2500000000
79279  26.833  12.815  -9.838 0.1250000000
79980  27.508  14.678  -10.827 0.1250000000
80724  28.358  15.109  -11.917 0.1250000000
80747  28.028  16.055  -12.952 0.1250000000
80746  28.536  15.371  -12.676 0.1250000000
81501  27.058  17.180  -15.010 0.1250000000
81507  27.679  16.970  -16.029 0.1250000000
118873  19.977  18.809  -11.899 0.1250000000
85690  21.697  22.315  -15.130 0.2500000000
85698  21.913  22.736  -15.840 0.1250000000
85706  22.471  23.177  -16.441 0.1250000000
85069  23.824  21.959  -16.570 0.1250000000
83764  24.656  19.771  -17.130 0.1250000000
82275  26.577  18.020  -17.117 0.1250000000
83768  25.057  19.337  -17.514 0.1250000000
69649  21.445  1.194  -10.324 0.7500000000
113152  22.746  8.246  -10.545 0.7500000000
78609  16.871  13.012  -10.560 0.3750000000
113668  21.968  12.871  -11.644 0.8750000000
67258  20.845  -1.263  -10.504 0.8750000000
65523  18.253  -3.239  -8.964 0.7500000000
119397  22.231  1.116  -9.867 0.7500000000
116706  22.459  10.121  -11.067 0.8750000000
83750  19.438  18.775  -15.594 0.3750000000
85707  19.520  22.379  -16.920 0.1250000000
85063  20.607  21.766  -15.510 0.2500000000
116022  19.024  -7.171  -7.583 0.7500000000
63094  20.905  -6.280  -8.128 0.7500000000
63890  18.003  -5.268  -7.849 0.7500000000
63096  19.761  -5.998  -8.401 0.7500000000
64659  19.604  -4.574  -9.148 0.7500000000
65522  19.851  -3.719  -9.502 0.8750000000
66386  19.384  -2.997  -9.696 0.8750000000
65520  21.375  -3.282  -9.519 0.7500000000
66395  21.252  -1.846  -10.203 0.8750000000
66383  22.381  -2.091  -9.481 0.6250000000
126620  24.060  -0.101  -9.081 0.2500000000
68098  23.571  -0.434  -9.273 0.5000000000
68099  22.656  -0.541  -9.763 0.6250000000
69627  24.628  1.772  -8.858 0.2500000000
111745  24.916  0.985  -8.629 0.1250000000
70446  24.798  3.122  -9.032 0.2500000000
70456  24.004  3.038  -9.405 0.3750000000
125629  23.292  3.224  -9.680 0.6250000000
71383  26.230  3.067  -8.137 0.1250000000
71385  25.135  3.793  -8.799 0.1250000000
72285  24.181  4.590  -9.360 0.5000000000
107254  25.897  4.673  -8.321 0.1250000000
74019  25.009  5.747  -8.747 0.1250000000
74027  25.072  6.518  -8.663 0.1250000000
74842  23.142  7.273  -9.959 0.6250000000
74850  23.283  8.140  -10.248 0.6250000000
77127  23.980  10.127  -10.564 0.6250000000
78622  22.895  12.132  -11.212 0.7500000000
79307  23.106  13.456  -11.182 0.7500000000
77865  23.968  11.404  -10.680 0.5000000000
78606  25.324  12.106  -10.353 0.3750000000
80730  21.792  15.207  -11.724 0.7500000000
79288  26.791  13.577  -10.124 0.1250000000
78591  26.202  12.152  -9.962 0.2500000000
122829  27.064  12.131  -9.507 0.1250000000
80729  23.649  15.628  -11.372 0.6250000000
80712  25.092  15.284  -10.742 0.3750000000
79982  25.553  14.633  -10.486 0.3750000000
120721  26.254  14.792  -10.437 0.1250000000
81454  26.151  16.456  -11.359 0.1250000000
80710  26.785  15.299  -10.774 0.1250000000
82232  24.763  17.926  -12.159 0.3750000000
83011  23.383  18.578  -12.434 0.3750000000
81471  27.368  16.503  -12.781 0.1250000000
80725  27.576  15.374  -11.499 0.1250000000
81472  26.680  16.620  -12.170 0.1250000000
83737  20.291  19.655  -14.381 0.3750000000
81487  26.983  17.040  -13.118 0.1250000000
82249  26.510  17.591  -13.552 0.1250000000
118729  25.864  18.025  -13.041 0.1250000000
84377  23.945  20.580  -13.642 0.3750000000
83715  23.915  19.330  -12.761 0.3750000000
81495  27.142  17.198  -14.081 0.1250000000
82250  26.047  18.094  -13.990 0.1250000000
82262  26.093  18.121  -14.929 0.1250000000
108486  26.520  17.733  -15.568 0.1250000000
115820  25.367  18.958  -14.238 0.1250000000
81494  27.613  16.693  -14.508 0.1250000000
128417  23.221  22.202  -14.749 0.2500000000
83758  24.775  20.017  -15.113 0.1250000000
83757  25.227  19.418  -15.670 0.1250000000
83051  25.642  18.821  -16.134 0.1250000000
85689  22.624  22.489  -15.146 0.1250000000
85697  23.497  22.289  -15.579 0.1250000000
110732  26.659  17.741  -16.283 0.1250000000
86353  23.217  23.155  -17.044 0.1250000000
124080  22.737  22.656  -15.850 0.1250000000
61308  20.156  -8.081  -7.123 0.7500000000
62239  18.410  -7.225  -7.310 0.7500000000
62227  18.118  -7.907  -6.906 0.7500000000
64635  17.410  -4.632  -7.440 0.5000000000
65519  22.126  -3.023  -9.152 0.6250000000
66382  23.095  -1.694  -9.191 0.5000000000
74829  25.822  6.923  -8.265 0.1250000000
81500  27.581  16.803  -15.288 0.1250000000
82269  27.070  17.307  -15.765 0.1250000000
62228  17.648  -7.175  -6.797 0.7500000000
61297  19.754  -8.842  -6.748 0.6250000000
61296  20.624  -8.623  -6.634 0.6250000000
62225  21.667  -7.650  -6.691 0.3750000000
62226  20.923  -7.914  -6.991 0.6250000000
63071  22.652  -6.506  -6.585 0.2500000000
63083  21.432  -6.561  -7.616 0.3750000000
81445  18.750  15.869  -9.779 0.2500000000
61309  19.452  -8.140  -7.084 0.6250000000
63876  21.586  -5.841  -8.012 0.5000000000
65509  22.235  -3.800  -8.743 0.3750000000
61294  22.136  -8.072  -5.980 0.5000000000
61295  21.387  -8.375  -6.379 0.6250000000
118541  19.747  -9.591  -6.465 0.6250000000
63073  17.179  -6.354  -6.518 0.3750000000
62229  16.740  -7.085  -6.115 0.3750000000
61298  18.777  -8.560  -6.773 0.6250000000
61283  21.836  -8.815  -5.722 0.3750000000
60386  21.107  -9.100  -6.097 0.5000000000
60387  20.367  -9.361  -6.367 0.6250000000
63863  16.594  -5.559  -6.210 0.2500000000
62224  22.432  -7.309  -6.294 0.2500000000
66363  16.921  -2.935  -7.834 0.3750000000
63875  22.386  -5.244  -7.703 0.2500000000
64644  22.315  -4.483  -8.321 0.3750000000
65497  22.899  -3.809  -8.237 0.2500000000
66374  22.882  -2.511  -8.834 0.2500000000
66373  23.720  -2.090  -8.673 0.2500000000
73144  16.320  5.130  -7.412 0.1250000000
125527  24.431  -1.067  -8.705 0.2500000000
118960  15.781  10.031  -10.642 0.3750000000
75649  15.592  8.680  -10.224 0.2500000000
74010  16.521  5.962  -7.791 0.1250000000
72281  16.042  4.625  -7.680 0.2500000000
66364  16.497  -2.430  -7.303 0.2500000000
76416  15.736  9.347  -10.752 0.3750000000
63885  21.667  -5.092  -8.472 0.5000000000
62236  21.231  -7.248  -7.319 0.5000000000
121949  16.783  -4.916  -6.655 0.3750000000
65499  16.379  -3.220  -6.961 0.2500000000
124803  22.707  -3.233  -8.615 0.2500000000
63072  21.925  -6.932  -7.017 0.2500000000
63082  22.118  -6.117  -7.280 0.3750000000
60373  21.520  -9.519  -5.457 0.3750000000
60374  20.758  -9.761  -5.773 0.5000000000
65508  23.484  -3.023  -8.305 0.2500000000
122963  16.349  4.428  -6.861 0.1250000000
59431  18.551  -10.067  -6.257 0.5000000000
59415  21.130  -10.132  -5.108 0.2500000000
58551  20.125  -11.140  -5.178 0.3750000000
59429  20.057  -10.089  -6.186 0.5000000000
59419  17.540  -10.212  -5.578 0.3750000000
119285  16.946  -9.453  -5.607 0.5000000000
60389  18.393  -9.209  -6.438 0.5000000000
60375  17.705  -9.376  -6.067 0.5000000000
61299  17.827  -8.629  -6.490 0.3750000000
58540  16.125  -11.211  -4.377 0.1250000000
58553  17.641  -11.134  -5.304 0.3750000000
61284  16.292  -7.842  -5.750 0.2500000000
56720  16.975  -13.342  -4.396 0.1250000000
122308  16.929  -11.409  -4.899 0.2500000000
58552  18.419  -11.708  -5.525 0.3750000000
59401  20.845  -10.768  -4.789 0.2500000000
123121  19.514  -11.506  -5.564 0.3750000000
110186  19.041  -11.397  -5.970 0.5000000000
57600  15.891  -12.069  -4.063 0.1250000000
58539  17.616  -11.917  -5.016 0.3750000000
59402  15.965  -10.301  -4.505 0.1250000000
60378  15.812  -8.809  -5.013 0.1250000000
75637  25.497  8.730  -8.811 0.1250000000
61300  17.219  -7.911  -6.428 0.3750000000
60388  19.092  -9.416  -6.543 0.5000000000
59430  19.354  -10.184  -6.369 0.5000000000
60357  21.910  -9.985  -4.905 0.2500000000
59418  18.475  -10.963  -5.972 0.5000000000
117472  19.018  -10.818  -6.324 0.5000000000
59416  20.391  -10.437  -5.475 0.3750000000
59417  19.595  -10.870  -6.035 0.3750000000
59420  16.469  -9.885  -5.145 0.2500000000
60377  16.190  -9.115  -5.316 0.1250000000
60376  16.849  -8.698  -5.928 0.1250000000
114792  16.742  -12.027  -4.585 0.1250000000
58541  15.567  -11.362  -3.646 0.1250000000
108945  15.649  -10.691  -3.941 0.1250000000
58554  16.719  -10.698  -4.993 0.1250000000
125569  16.023  -8.455  -5.392 0.1250000000
57599  16.493  -12.781  -4.318 0.1250000000
124476  19.873  -11.870  -4.968 0.2500000000
60358  15.866  -9.472  -4.679 0.1250000000
57597  18.369  -13.076  -4.675 0.2500000000
57596  19.557  -12.578  -4.710 0.2500000000
64636  16.378  -4.095  -6.613 0.2500000000
58537  20.639  -11.545  -4.598 0.2500000000
57598  17.471  -12.729  -4.660 0.1250000000
122179  19.117  -12.108  -5.382 0.2500000000
124440  18.356  -12.433  -5.103 0.2500000000
106804  19.155  -13.244  -4.554 0.1250000000
65478  15.827  -3.448  -6.092 0.1250000000
79292  17.086  13.645  -9.923 0.1250000000
79977  17.198  14.290  -9.233 0.1250000000
80707  17.388  14.831  -8.650 0.1250000000
80706  17.968  15.515  -8.792 0.1250000000
79976  17.794  14.803  -9.627 0.1250000000
80695  17.020  15.276  -7.757 0.1250000000
81437  18.387  16.595  -8.439 0.1250000000
80694  17.637  16.193  -7.713 0.1250000000
81426  18.068  16.871  -7.731 0.1250000000
78610  16.594  12.278  -9.851 0.1250000000
79293  16.773  12.945  -9.317 0.1250000000
74855  15.624  8.147  -9.687 0.1250000000
63074  16.316  -6.321  -5.651 0.1250000000
64595  16.059  -4.618  -5.862 0.1250000000
76407  15.515  9.921  -10.014 0.1250000000
78592  16.508  12.173  -8.781 0.1250000000
79281  16.559  13.000  -8.122 0.1250000000
79280  16.758  13.676  -8.652 0.1250000000
79966  16.427  14.728  -7.108 0.1250000000
79943  18.738  15.389  -6.199 0.1250000000
81420  18.238  16.960  -7.597 0.1250000000
81425  18.894  16.954  -8.193 0.1250000000
66342  16.094  -2.854  -6.564 0.1250000000
65498  17.086  -3.742  -7.524 0.1250000000
64619  16.106  -4.738  -5.963 0.1250000000
63864  16.106  -5.405  -5.325 0.1250000000
120485  15.518  9.330  -9.874 0.1250000000
109836  15.886  -4.073  -5.968 0.1250000000
65457  15.829  -3.788  -5.918 0.1250000000
79275  16.434  13.852  -7.442 0.1250000000
80687  17.050  15.540  -7.151 0.1250000000
79952  16.477  15.044  -6.978 0.1250000000
80686  17.731  16.402  -7.308 0.1250000000
79256  17.786  13.570  -6.545 0.1250000000
81419  19.205  17.018  -7.994 0.1250000000
60372  22.320  -9.342  -5.193 0.1250000000
119752  23.250  -8.426  -5.204 0.1250000000
62210  22.985  -7.798  -5.590 0.1250000000
62223  23.220  -6.954  -5.968 0.1250000000
63070  23.467  -6.159  -6.290 0.1250000000
63862  22.884  -5.683  -6.872 0.1250000000
63874  23.190  -5.022  -7.179 0.1250000000
64634  23.031  -4.456  -7.697 0.1250000000
65477  25.142  -3.985  -6.743 0.1250000000
65495  24.520  -3.688  -7.283 0.1250000000
65496  23.642  -3.761  -7.717 0.1250000000
66362  24.860  -2.858  -7.640 0.1250000000
66361  25.634  -2.526  -7.486 0.1250000000
66371  25.113  -2.124  -8.003 0.1250000000
67240  24.558  -1.625  -8.489 0.1250000000
58536  21.581  -11.230  -4.352 0.1250000000
59399  22.257  -10.587  -4.488 0.1250000000
60356  23.199  -9.141  -4.889 0.1250000000
116346  23.675  -8.036  -5.254 0.1250000000
63052  24.028  -6.649  -5.771 0.1250000000
63069  24.312  -5.929  -6.080 0.1250000000
111198  23.798  -5.311  -6.612 0.1250000000
64617  24.984  -4.677  -6.556 0.1250000000
65494  25.376  -3.273  -7.114 0.1250000000
112445  24.968  -0.937  -8.528 0.1250000000
128853  25.460  -1.020  -8.303 0.1250000000
67227  25.805  -1.797  -7.778 0.1250000000
68087  24.939  -0.304  -8.616 0.1250000000
61282  22.608  -8.591  -5.407 0.1250000000
66372  24.351  -2.489  -8.194 0.1250000000
65507  24.181  -3.163  -7.829 0.1250000000
59400  21.520  -10.517  -4.695 0.1250000000
58538  20.354  -12.324  -4.401 0.1250000000
109852  22.741  -9.935  -4.689 0.1250000000
62209  23.837  -7.421  -5.496 0.1250000000
64633  23.866  -4.471  -7.118 0.1250000000
64618  24.375  -4.810  -6.686 0.1250000000
67239  25.321  -1.441  -8.220 0.1250000000
66360  26.397  -2.189  -7.304 0.1250000000
57595  20.808  -12.658  -3.912 0.1250000000
58527  22.043  -11.907  -3.787 0.1250000000
61280  24.405  -7.994  -5.077 0.1250000000
67238  26.445  -1.396  -7.563 0.1250000000
64632  24.572  -4.322  -6.859 0.1250000000
67196  16.721  -1.867  -5.605 0.1250000000
68066  16.689  -0.095  -6.821 0.1250000000
68088  24.324  -0.533  -8.844 0.1250000000
71417  19.900  3.279  -11.519 1.0000000000
72266  15.825  4.174  -7.488 0.2500000000
72280  16.320  4.036  -8.637 0.3750000000
73136  15.998  4.585  -7.283 0.2500000000
73178  19.153  5.524  -11.700 1.0000000000
76415  16.413  9.119  -11.609 0.6250000000
76423  19.057  9.427  -11.878 1.0000000000
80001  28.067  14.765  -11.345 0.1250000000
80711  25.944  15.380  -10.629 0.1250000000
81496  18.008  18.127  -16.123 0.5000000000
81502  17.891  17.653  -16.552 0.5000000000
82271  18.177  17.753  -16.609 0.5000000000
82999  20.585  18.487  -11.405 0.1250000000
83014  18.801  18.413  -13.492 0.2500000000
83030  25.419  18.667  -13.515 0.1250000000
83046  17.804  17.764  -15.956 0.2500000000
83052  18.206  17.746  -16.749 0.5000000000
83053  17.930  17.729  -16.742 0.5000000000
83059  17.900  17.692  -16.941 0.5000000000
83759  18.782  18.137  -16.980 0.3750000000
83765  18.014  17.739  -16.691 0.3750000000
84405  19.083  19.017  -16.367 0.3750000000
85037  21.500  20.957  -14.011 0.3750000000
110085  23.599  22.410  -17.129 0.1250000000
115703  16.735  3.261  -9.111 0.5000000000
117693  16.772  14.446  -8.021 0.1250000000
119776  23.274  12.751  -10.982 0.7500000000
121794  25.852  -1.121  -8.010 0.1250000000
122865  18.440  2.098  -10.999 1.0000000000
123750  18.446  18.648  -13.953 0.2500000000
127230  18.936  -12.743  -4.968 0.2500000000
127716  23.986  21.861  -15.386 0.1250000000
127813  16.214  4.780  -7.071 0.1250000000
