#!ascii label  , from subject sub-v2s18x29502_ses-1 vox2ras=TkReg
2093
26051  39.000  -47.647  -2.645 0.6000000238
26817  38.448  -46.847  -1.589 0.5000000000
124957  35.151  -48.481  -2.429 0.6999999881
25224  35.422  -48.931  -2.899 0.6000000238
25238  35.740  -49.518  -3.434 0.6000000238
26064  34.075  -48.672  -3.892 0.6000000238
124111  37.382  -46.930  -1.720 0.6999999881
26052  37.895  -47.551  -2.519 0.6000000238
25223  36.741  -48.581  -3.013 0.5000000000
25237  36.857  -49.447  -3.584 0.5000000000
24410  36.899  -50.252  -4.165 0.5000000000
25246  35.171  -49.805  -4.178 0.6000000238
25247  34.462  -49.183  -4.504 0.6000000238
26818  37.556  -46.159  -1.072 0.5000000000
26039  38.883  -47.464  -2.267 0.5000000000
26063  38.212  -48.209  -3.262 0.6000000238
25253  35.104  -49.655  -5.129 0.6000000238
120446  37.121  -48.580  -0.853 0.5000000000
25200  36.323  -48.707  -0.319 0.5000000000
27606  32.924  -46.038  -3.030 0.6000000238
27605  33.299  -46.496  -3.575 0.6999999881
26809  34.572  -47.070  -0.937 0.6000000238
26821  33.858  -47.543  -1.889 0.6999999881
26054  33.679  -47.676  -2.726 0.6000000238
26837  33.540  -47.370  -3.395 0.6000000238
26070  33.757  -47.828  -4.059 0.6000000238
26819  36.180  -46.797  -1.150 0.6000000238
26042  35.638  -47.792  -1.851 0.6999999881
26069  34.072  -48.330  -4.688 0.6000000238
27588  37.776  -46.021  -0.719 0.5000000000
27589  37.117  -45.907  -0.660 0.5000000000
26851  34.284  -47.783  -5.424 0.6000000238
26030  38.408  -46.861  -1.033 0.5000000000
26850  34.773  -48.133  -6.018 0.6000000238
26031  37.631  -47.507  -0.560 0.5000000000
26856  35.229  -47.512  -6.599 0.6000000238
27622  35.760  -46.962  -7.212 0.6999999881
26855  35.862  -48.013  -7.117 0.6000000238
28401  35.793  -46.042  -7.263 0.6999999881
26854  36.644  -48.143  -7.691 0.6000000238
26860  37.246  -47.524  -8.208 0.6000000238
27626  38.101  -47.069  -8.717 0.6000000238
27627  37.212  -46.572  -8.283 0.6000000238
29167  38.771  -44.156  -10.817 0.5000000000
29946  37.583  -42.993  -10.669 0.6999999881
29165  38.070  -44.506  -10.625 0.6000000238
30805  36.568  -42.285  -10.316 0.8000000119
29160  36.091  -44.781  -9.891 0.6999999881
29118  32.441  -44.505  -2.960 0.6000000238
28374  33.189  -45.723  -3.755 0.6999999881
110838  33.396  -46.881  -1.520 0.6999999881
27590  32.777  -46.292  -2.065 0.6000000238
26843  33.627  -46.913  -4.174 0.6999999881
28384  33.313  -45.043  -4.279 0.6999999881
27578  35.104  -46.168  -0.252 0.6000000238
27579  33.742  -46.513  -0.600 0.6000000238
28396  33.742  -45.409  -4.967 0.8000000119
28335  34.973  -45.040  0.776 0.5000000000
27564  34.242  -45.840  0.108 0.5000000000
27620  34.126  -45.979  -5.434 0.8000000119
27611  34.195  -46.861  -5.433 0.6000000238
28333  36.849  -45.500  0.368 0.5000000000
27577  36.577  -45.649  -0.172 0.5000000000
28403  34.626  -45.761  -6.171 0.8000000119
27624  34.503  -46.450  -5.969 0.6000000238
26018  37.003  -47.336  0.180 0.5000000000
122590  34.792  -45.077  -6.357 0.8000000119
28402  35.257  -45.526  -6.746 0.8000000119
27623  35.113  -46.484  -6.581 0.6999999881
29151  36.417  -44.558  -7.677 0.6999999881
29144  35.856  -45.162  -7.287 0.6999999881
128258  37.012  -44.199  -8.251 0.6999999881
27628  36.383  -46.484  -7.638 0.6999999881
29156  37.825  -44.329  -8.796 0.6000000238
28406  37.718  -45.704  -8.630 0.6000000238
115872  39.038  -43.039  -9.791 0.6999999881
124073  38.643  -44.473  -9.479 0.6999999881
28411  38.214  -45.033  -9.117 0.6000000238
29944  39.290  -43.638  -10.962 0.6999999881
29159  39.100  -44.610  -10.355 0.6000000238
30811  38.858  -43.141  -11.209 0.8000000119
29947  39.091  -43.702  -11.059 0.8000000119
29164  39.088  -44.232  -10.761 0.6000000238
114179  37.654  -42.042  -10.833 0.8999999762
29941  35.303  -43.227  -9.566 0.6999999881
31611  36.806  -41.551  -10.485 0.8000000119
109324  35.760  -43.949  -9.779 0.6999999881
29887  32.538  -43.660  -3.539 0.6000000238
29117  32.921  -44.358  -3.848 0.6999999881
29897  32.674  -42.802  -3.904 0.6999999881
28366  32.556  -45.462  -2.573 0.6000000238
29896  33.264  -42.855  -4.569 0.6000000238
29092  31.543  -43.822  -0.252 0.4000000060
123113  32.316  -45.447  -0.726 0.6000000238
122621  32.130  -45.038  -2.158 0.6000000238
29127  33.300  -44.227  -4.480 0.6999999881
28336  32.573  -45.110  0.104 0.6000000238
29136  33.679  -44.558  -5.021 0.8000000119
29056  34.632  -44.040  1.793 0.4000000060
29074  33.848  -44.729  1.095 0.5000000000
27565  33.503  -45.359  0.402 0.6000000238
29907  33.572  -43.604  -4.981 0.8000000119
29073  35.637  -44.339  1.515 0.5000000000
29135  34.126  -44.063  -5.630 0.8000000119
27547  36.628  -45.365  0.672 0.4000000060
122110  34.969  -43.822  -6.749 0.8000000119
27563  36.942  -45.769  0.652 0.5000000000
29918  35.808  -42.985  -7.543 0.8000000119
117631  36.867  -41.531  -8.375 0.8000000119
29927  36.507  -43.558  -7.901 0.6999999881
111483  35.701  -43.908  -7.312 0.8000000119
29934  37.916  -42.806  -8.944 0.8000000119
29926  36.948  -42.967  -8.372 0.6999999881
31605  38.778  -41.247  -9.582 0.8999999762
30798  38.882  -42.243  -9.702 0.8999999762
31610  39.627  -41.814  -10.728 0.8999999762
29933  38.544  -43.731  -9.402 0.6999999881
29939  39.345  -43.552  -10.502 0.6000000238
31617  38.785  -41.847  -11.239 0.8999999762
30814  39.258  -42.477  -11.239 0.8999999762
115029  35.082  -41.712  -9.521 0.8000000119
108535  34.239  -41.813  -9.136 0.8000000119
31612  35.965  -41.601  -9.948 0.8000000119
30807  34.768  -42.552  -9.344 0.8000000119
32521  36.440  -40.759  -10.243 0.8000000119
30748  32.145  -43.020  -3.273 0.6999999881
125881  32.575  -42.016  -3.899 0.6000000238
29882  32.027  -43.627  -2.756 0.6000000238
30749  31.699  -42.688  -2.480 0.5000000000
31571  32.720  -41.434  -4.219 0.6999999881
29867  31.325  -42.963  -0.125 0.4000000060
29874  31.440  -43.283  -0.895 0.5000000000
29883  31.636  -43.462  -1.823 0.6000000238
29852  31.609  -43.377  0.634 0.5000000000
109250  33.637  -42.794  -5.154 0.6999999881
30691  32.978  -42.707  2.210 0.5000000000
29075  32.730  -44.589  0.809 0.6000000238
29816  34.702  -43.145  2.678 0.4000000060
29833  33.895  -43.631  2.141 0.4000000060
31593  34.632  -41.483  -6.653 0.8000000119
30786  34.371  -42.279  -6.278 0.8000000119
29832  35.332  -43.660  2.327 0.4000000060
125909  35.424  -42.608  -7.345 0.8000000119
30785  34.992  -42.296  -7.019 0.8000000119
29146  34.616  -44.397  -6.275 0.8000000119
28306  36.317  -44.275  2.043 0.3000000119
33394  36.648  -39.670  -8.125 0.8000000119
122772  36.327  -40.435  -8.032 0.8000000119
31591  35.700  -41.994  -7.622 0.8000000119
33393  37.594  -39.602  -8.572 0.8000000119
31599  36.368  -41.935  -8.080 0.8000000119
33400  38.700  -39.619  -9.317 0.8999999762
32514  38.175  -40.349  -8.969 0.8999999762
33399  39.678  -39.723  -10.370 0.8999999762
32520  39.750  -41.003  -10.665 0.8999999762
33406  39.990  -39.822  -11.111 0.8999999762
110474  39.864  -41.159  -11.113 0.8999999762
124088  39.866  -40.910  -11.220 0.8999999762
31613  34.529  -40.997  -9.388 0.8000000119
112905  33.426  -41.843  -8.732 0.8000000119
115599  39.255  -41.046  -11.279 0.8999999762
32528  38.679  -40.284  -11.283 0.8999999762
118950  35.430  -40.899  -9.686 0.8000000119
32529  37.350  -40.131  -10.647 0.8000000119
31560  31.698  -41.325  -2.921 0.6000000238
32470  31.834  -40.589  -3.229 0.6000000238
33355  32.033  -39.829  -3.607 0.6000000238
117894  31.346  -40.641  -1.692 0.6000000238
31519  31.520  -41.624  0.308 0.4000000060
30733  31.350  -42.110  -0.227 0.4000000060
115640  31.333  -41.902  -0.977 0.4000000060
113948  31.424  -41.916  -1.837 0.5000000000
31570  33.232  -41.465  -4.709 0.6999999881
30719  31.466  -42.450  0.461 0.4000000060
31580  33.628  -41.486  -5.322 0.6999999881
31502  32.894  -41.330  1.792 0.5000000000
30705  31.747  -42.603  1.146 0.4000000060
31579  34.089  -41.499  -5.980 0.6999999881
32382  33.540  -40.872  2.133 0.5000000000
33389  34.594  -39.783  -6.458 0.8000000119
32501  34.357  -40.721  -6.295 0.8000000119
121587  36.237  -39.047  -7.752 0.8000000119
31592  35.129  -41.442  -7.220 0.8000000119
34396  37.315  -38.164  -8.352 0.8000000119
114639  39.131  -38.936  -9.691 0.8999999762
111413  39.341  -38.367  -10.204 0.8999999762
33413  39.826  -39.738  -11.292 0.8999999762
33416  39.398  -39.576  -11.476 1.0000000000
33409  34.460  -39.487  -9.295 0.8000000119
34416  38.836  -38.760  -11.524 1.0000000000
32523  34.897  -40.202  -9.485 0.8000000119
34417  37.560  -38.574  -10.813 1.0000000000
33415  36.927  -39.320  -10.431 0.8000000119
33407  36.061  -39.328  -9.876 0.8000000119
34364  32.459  -38.351  -3.694 0.6000000238
32458  31.391  -39.973  -1.750 0.6000000238
34363  32.973  -38.693  -4.438 0.6999999881
33302  31.804  -40.015  0.128 0.4000000060
117763  31.503  -40.379  -0.309 0.4000000060
31542  31.306  -41.173  -1.323 0.4000000060
31518  31.894  -41.301  0.828 0.4000000060
114566  33.633  -40.047  -5.417 0.6999999881
32394  33.791  -40.281  1.759 0.5000000000
119709  33.918  -39.561  0.904 0.4000000060
119695  34.108  -40.147  -5.904 0.8000000119
33388  35.254  -39.864  -7.154 0.8000000119
34389  34.586  -38.641  -6.126 0.8000000119
35353  36.684  -37.554  -7.817 0.8000000119
34387  35.593  -39.094  -7.302 0.8000000119
35359  37.408  -37.381  -8.385 0.8000000119
116783  37.020  -38.921  -8.245 0.8000000119
34395  38.339  -38.058  -9.122 0.8999999762
35365  39.609  -37.733  -10.827 0.8999999762
125700  38.930  -36.928  -9.861 0.8999999762
35372  39.498  -38.209  -11.381 1.0000000000
35377  39.428  -38.009  -11.570 1.0000000000
36251  39.303  -37.178  -12.017 1.0000000000
34409  35.598  -38.632  -9.692 0.8000000119
32524  34.088  -40.278  -9.167 0.8000000119
114512  38.238  -37.681  -11.339 1.0000000000
35373  36.849  -37.747  -10.525 0.8000000119
34339  31.653  -38.694  -1.385 0.6000000238
33347  31.608  -39.687  -2.637 0.6000000238
34346  32.018  -38.091  -2.822 0.6000000238
113185  33.299  -36.877  -3.899 0.6999999881
120310  32.440  -39.017  0.307 0.4000000060
33325  31.586  -39.693  -0.463 0.5000000000
33339  31.456  -39.453  -1.138 0.5000000000
34375  33.558  -38.273  -4.923 0.8000000119
35324  33.754  -37.412  -4.751 0.8000000119
32411  32.298  -40.514  0.682 0.4000000060
34374  33.974  -38.675  -5.460 0.8000000119
33299  35.283  -39.385  0.226 0.4000000060
34307  34.515  -39.113  0.440 0.4000000060
34388  35.391  -38.280  -6.823 0.8000000119
35347  34.982  -37.391  -6.032 0.8000000119
110976  35.993  -37.809  -7.344 0.8000000119
112429  36.817  -36.892  -7.855 0.8000000119
37035  37.739  -35.365  -9.089 0.8000000119
36233  39.815  -36.601  -10.982 1.0000000000
36241  40.211  -36.276  -11.861 1.0000000000
37905  39.544  -34.912  -10.915 1.0000000000
36250  39.966  -36.685  -12.190 1.0000000000
37051  37.955  -35.778  -11.604 1.0000000000
35366  36.257  -37.121  -10.081 0.8999999762
124778  34.420  -38.124  -9.307 0.8999999762
36244  36.977  -36.755  -10.738 1.0000000000
36234  36.061  -36.382  -10.014 1.0000000000
35367  35.429  -37.024  -9.627 1.0000000000
37914  37.634  -34.932  -11.538 1.0000000000
39658  38.051  -32.666  -11.766 1.0000000000
38807  37.347  -34.041  -11.373 1.0000000000
38808  36.557  -33.647  -10.718 1.0000000000
40587  38.219  -31.755  -11.826 1.0000000000
39650  37.163  -33.118  -11.254 1.0000000000
35306  32.337  -37.344  -2.318 0.6999999881
35314  32.613  -37.507  -3.327 0.6999999881
36982  33.543  -35.463  -2.745 0.6999999881
36146  32.807  -36.760  -0.904 0.6000000238
36161  32.710  -36.679  -1.792 0.6000000238
35325  33.084  -37.834  -4.208 0.6999999881
113895  32.055  -38.007  -0.791 0.6000000238
34309  32.849  -38.487  0.339 0.5000000000
122944  34.319  -35.683  -4.475 0.8000000119
117688  34.412  -37.060  -5.273 0.8000000119
121789  35.174  -36.456  -5.819 0.8000000119
36212  35.590  -36.668  -6.464 0.8000000119
36219  36.586  -36.148  -7.619 0.8000000119
36211  35.967  -36.075  -6.860 0.8000000119
37026  37.165  -35.764  -8.341 0.6999999881
37044  38.711  -35.970  -9.847 0.8999999762
37898  37.630  -34.401  -9.038 0.8000000119
122866  39.394  -35.679  -10.612 0.8999999762
38792  38.264  -33.884  -9.661 1.0000000000
37906  38.945  -34.213  -10.433 1.0000000000
37913  40.185  -34.911  -11.848 1.0000000000
38800  39.714  -34.003  -11.482 1.0000000000
39641  39.593  -32.927  -11.492 1.0000000000
37063  40.211  -35.326  -12.208 1.0000000000
109378  39.603  -31.979  -11.254 1.0000000000
38815  40.149  -34.004  -12.058 1.0000000000
39656  39.739  -32.161  -12.010 1.0000000000
115764  38.893  -33.128  -12.304 1.0000000000
37045  35.756  -35.576  -9.910 1.0000000000
36236  34.656  -36.466  -9.316 1.0000000000
39657  39.117  -32.395  -12.263 1.0000000000
37053  36.220  -35.012  -10.389 1.0000000000
37916  36.018  -34.171  -10.238 1.0000000000
38809  35.860  -33.292  -10.163 1.0000000000
115333  37.615  -30.907  -11.413 1.0000000000
39651  36.396  -32.759  -10.624 1.0000000000
36171  33.173  -36.096  -2.270 0.6999999881
36180  33.344  -36.114  -3.267 0.6999999881
36144  34.130  -36.035  -0.078 0.5000000000
36160  33.231  -36.163  -1.279 0.6999999881
36190  33.726  -36.133  -4.016 0.6999999881
35285  33.072  -37.082  -0.243 0.6000000238
111460  34.691  -37.379  0.408 0.5000000000
36127  34.460  -36.581  0.340 0.5000000000
36201  34.672  -36.237  -5.242 0.8000000119
36200  35.133  -35.825  -5.638 0.8000000119
37875  35.224  -35.116  -5.920 0.6999999881
119040  35.709  -35.321  -6.678 0.8000000119
37882  36.012  -34.847  -7.249 0.8000000119
121282  36.142  -35.545  -7.221 0.8000000119
37890  37.027  -34.852  -8.417 0.6999999881
37891  36.462  -34.398  -7.806 0.6999999881
38793  37.641  -33.438  -8.901 0.8999999762
39634  37.284  -32.137  -8.089 0.8000000119
40551  37.519  -31.315  -7.828 0.8000000119
42514  38.227  -29.654  -7.363 0.8000000119
111084  38.267  -32.942  -9.564 0.8999999762
40561  37.923  -31.644  -8.582 0.8000000119
41524  38.144  -30.795  -8.276 0.8000000119
39642  38.913  -32.437  -10.448 1.0000000000
39633  38.341  -32.013  -9.461 0.8999999762
41523  38.579  -30.161  -8.674 0.8999999762
41515  38.315  -30.094  -7.960 0.8000000119
123722  38.937  -31.610  -10.260 0.8999999762
40568  39.480  -30.850  -10.573 1.0000000000
117825  39.735  -31.844  -11.751 1.0000000000
38818  39.720  -33.269  -12.234 1.0000000000
41548  39.443  -30.434  -11.962 1.0000000000
41546  39.091  -30.602  -12.229 1.0000000000
39643  35.278  -32.863  -9.588 1.0000000000
42543  39.290  -29.571  -12.018 1.0000000000
41547  38.371  -30.015  -12.127 1.0000000000
40581  36.134  -31.933  -10.481 1.0000000000
42542  38.499  -28.943  -12.319 1.0000000000
42538  37.848  -29.201  -12.126 1.0000000000
41543  37.055  -30.268  -10.830 1.0000000000
36961  34.491  -35.144  -0.316 0.6999999881
36973  34.036  -34.924  -1.255 0.6999999881
37833  33.862  -34.843  -2.246 0.6999999881
37853  33.964  -34.903  -3.200 0.6999999881
115601  35.301  -35.123  0.237 0.6000000238
37852  34.249  -35.080  -3.954 0.6999999881
37864  34.570  -34.858  -4.539 0.6999999881
35267  36.155  -36.408  0.390 0.5000000000
37876  34.840  -34.565  -5.270 0.6999999881
37883  35.579  -34.402  -6.585 0.6999999881
125916  35.103  -34.302  -5.908 0.6999999881
38774  35.845  -33.460  -6.846 0.6999999881
38784  36.451  -33.416  -7.635 0.6999999881
113491  37.113  -32.988  -8.245 0.6999999881
40541  37.183  -30.973  -7.102 0.8000000119
41496  37.484  -29.637  -5.999 0.8000000119
107648  37.975  -29.007  -5.768 0.8000000119
41506  37.634  -30.064  -6.806 0.8000000119
110129  37.860  -28.738  -5.849 0.8000000119
43491  38.134  -28.777  -6.444 0.8000000119
41532  39.073  -30.032  -9.616 1.0000000000
42522  38.577  -29.458  -8.194 0.8999999762
43508  38.068  -28.420  -7.069 0.8000000119
42530  38.866  -29.249  -9.174 1.0000000000
43521  38.204  -28.335  -7.868 0.8000000119
40578  39.719  -31.172  -11.410 1.0000000000
41531  39.486  -30.098  -10.557 1.0000000000
41545  39.669  -30.686  -11.562 1.0000000000
42540  39.537  -30.001  -11.624 1.0000000000
43539  38.831  -28.143  -12.141 1.0000000000
40570  35.553  -31.850  -9.779 1.0000000000
39644  34.794  -32.853  -9.049 1.0000000000
43542  38.518  -28.103  -12.444 1.0000000000
43540  37.992  -28.304  -12.469 1.0000000000
43536  37.484  -28.664  -11.987 1.0000000000
41533  36.338  -30.499  -10.241 1.0000000000
43541  37.485  -27.850  -12.220 1.0000000000
106704  35.622  -33.772  -0.338 0.6999999881
38706  34.974  -33.804  -0.714 0.6999999881
38732  34.437  -33.386  -2.319 0.6000000238
38743  34.450  -33.659  -3.368 0.6000000238
120353  34.649  -33.049  -3.907 0.6000000238
38768  34.640  -33.911  -4.485 0.6999999881
113067  35.133  -33.083  -5.709 0.6999999881
38757  34.791  -32.925  -4.929 0.6999999881
39618  35.629  -32.720  -6.296 0.6999999881
126264  36.011  -32.175  -6.525 0.6999999881
41497  36.816  -30.176  -5.429 0.8000000119
39617  36.265  -32.534  -7.023 0.6999999881
40542  36.440  -31.576  -6.630 0.8000000119
43473  36.902  -28.229  -4.921 0.8000000119
44416  37.285  -28.320  -5.656 0.8000000119
44432  36.779  -27.558  -6.907 0.8000000119
44461  38.269  -28.270  -8.878 0.8000000119
44451  36.728  -27.278  -7.624 0.8000000119
114961  38.891  -28.317  -10.903 1.0000000000
108919  37.933  -27.684  -9.538 1.0000000000
44463  36.978  -27.171  -8.392 0.6999999881
44475  38.137  -27.200  -10.504 1.0000000000
45336  37.449  -26.824  -9.751 0.8999999762
44478  38.610  -27.513  -11.414 1.0000000000
45349  38.351  -26.921  -12.165 1.0000000000
45343  37.665  -26.010  -11.180 1.0000000000
39636  34.666  -32.524  -8.595 1.0000000000
45354  38.207  -27.029  -12.409 1.0000000000
44484  37.536  -26.879  -12.297 1.0000000000
43530  36.416  -29.046  -10.203 1.0000000000
41534  35.808  -30.842  -9.610 1.0000000000
40562  35.344  -31.310  -8.937 1.0000000000
43537  36.887  -28.614  -11.170 1.0000000000
38721  34.653  -33.569  -1.352 0.6999999881
40526  34.921  -31.738  -3.887 0.6000000238
39597  34.976  -31.987  -4.766 0.6999999881
40543  35.774  -31.873  -6.064 0.6999999881
40533  35.511  -31.489  -5.288 0.6999999881
40532  36.182  -31.040  -5.802 0.8000000119
42491  37.460  -29.269  -4.977 0.6999999881
126533  37.344  -28.583  -4.405 0.6999999881
44417  36.299  -27.797  -5.548 0.6999999881
44433  35.931  -27.258  -6.322 0.6999999881
45309  36.163  -26.939  -7.262 0.6999999881
45328  35.996  -26.183  -7.792 0.8000000119
45344  37.112  -25.655  -10.172 1.0000000000
41526  35.087  -30.865  -8.201 1.0000000000
46294  37.361  -25.494  -11.861 1.0000000000
113423  36.035  -28.955  -9.661 1.0000000000
44480  36.795  -27.476  -11.545 1.0000000000
39560  34.781  -32.755  -1.677 0.6000000238
39571  34.940  -31.975  -1.971 0.6000000238
39572  34.648  -32.495  -2.439 0.6000000238
40499  35.346  -31.379  -2.518 0.6000000238
39582  34.666  -32.268  -3.299 0.6000000238
40509  34.966  -31.655  -3.139 0.6000000238
40508  35.391  -31.176  -3.458 0.6000000238
41481  35.956  -30.575  -3.959 0.6000000238
41498  35.972  -30.670  -4.917 0.6000000238
42474  37.373  -29.327  -3.987 0.6999999881
42473  37.608  -28.914  -4.251 0.6999999881
114585  35.778  -27.588  -3.824 0.6999999881
44407  35.931  -27.714  -4.729 0.6999999881
45284  35.163  -27.118  -4.445 0.6999999881
45285  34.722  -26.323  -4.202 0.6999999881
45294  35.319  -26.594  -5.955 0.6999999881
49767  41.773  -20.955  -5.237 0.3000000119
122236  35.181  -25.417  -6.673 0.6999999881
46245  34.974  -25.828  -6.040 0.6999999881
50676  41.716  -20.766  -6.029 0.3000000119
46275  35.513  -25.330  -7.475 0.8000000119
37877  32.352  -34.645  -5.702 0.8999999762
46281  36.466  -25.362  -9.392 1.0000000000
38776  33.395  -33.565  -6.698 1.0000000000
123739  34.456  -31.726  -7.448 1.0000000000
39627  33.824  -33.070  -7.260 1.0000000000
46295  37.005  -24.765  -11.659 1.0000000000
45352  35.808  -26.055  -11.301 1.0000000000
45351  36.743  -26.414  -11.865 1.0000000000
43531  36.125  -28.198  -10.379 1.0000000000
41525  35.542  -30.191  -8.692 1.0000000000
44481  36.033  -27.046  -10.854 1.0000000000
39558  35.967  -31.931  -1.104 0.6000000238
40489  35.551  -31.570  -1.705 0.6000000238
41447  37.729  -30.421  -1.373 0.6000000238
40498  36.065  -30.898  -2.123 0.6000000238
42440  38.139  -29.560  -1.584 0.6000000238
123147  37.967  -29.131  -2.033 0.6999999881
42456  37.618  -29.168  -2.662 0.6999999881
41461  36.859  -30.069  -2.560 0.6000000238
43454  37.443  -28.719  -2.913 0.6999999881
113265  42.404  -26.132  -1.441 0.3000000119
46204  42.282  -25.275  -1.407 0.3000000119
42461  37.629  -29.002  -3.506 0.6999999881
44395  36.506  -27.957  -3.458 0.6999999881
45268  35.098  -26.845  -3.353 0.6999999881
49749  41.474  -21.046  -4.298 0.3000000119
50623  40.828  -21.033  -3.930 0.4000000060
50639  41.200  -20.696  -4.477 0.4000000060
127485  40.948  -19.870  -4.443 0.4000000060
37012  31.832  -35.358  -5.523 0.6999999881
37001  31.498  -35.239  -4.679 0.6999999881
54131  41.541  -16.495  -5.097 0.3000000119
51550  41.462  -20.115  -5.173 0.3000000119
47163  35.142  -24.744  -6.894 0.6999999881
122650  32.615  -33.627  -5.375 0.8999999762
53299  41.757  -17.312  -5.444 0.3000000119
116365  41.575  -18.953  -5.455 0.3000000119
46282  35.984  -25.445  -8.468 0.8000000119
38769  33.149  -33.148  -5.857 0.8999999762
110409  41.373  -18.043  -4.900 0.3000000119
110557  41.162  -19.087  -4.677 0.3000000119
46291  36.088  -24.657  -9.248 0.8000000119
47194  36.294  -23.872  -10.257 1.0000000000
40553  34.670  -30.967  -7.518 1.0000000000
47201  36.410  -24.478  -11.924 1.0000000000
42523  35.693  -29.226  -8.984 1.0000000000
42524  35.168  -29.268  -8.214 1.0000000000
45356  36.483  -25.498  -11.982 1.0000000000
43522  35.569  -28.454  -9.391 1.0000000000
45345  35.158  -26.596  -10.274 1.0000000000
44476  35.402  -27.575  -9.837 1.0000000000
108491  38.209  -28.784  -1.622 0.6999999881
43425  37.841  -28.241  -1.490 0.6999999881
44368  42.585  -27.042  -1.641 0.3000000119
45245  41.827  -26.672  -1.066 0.4000000060
43441  37.704  -28.655  -2.141 0.6999999881
43442  37.191  -28.222  -2.382 0.6999999881
112364  36.807  -28.123  -2.882 0.6999999881
46205  41.538  -24.883  -0.948 0.4000000060
44396  35.887  -27.489  -2.827 0.6999999881
47108  42.195  -24.363  -1.384 0.3000000119
46195  40.792  -25.538  -0.502 0.5000000000
45256  35.352  -26.275  -1.903 0.6999999881
45257  34.944  -26.155  -2.548 0.6999999881
47109  41.471  -23.948  -1.010 0.5000000000
45269  34.678  -25.916  -3.354 0.6999999881
48878  41.571  -22.019  -1.909 0.4000000060
123128  39.277  -22.688  -1.374 0.6000000238
120191  39.825  -21.916  -2.376 0.5000000000
46236  34.582  -25.374  -4.239 0.6999999881
49722  41.120  -21.627  -2.620 0.3000000119
46246  34.653  -25.339  -5.291 0.6999999881
54108  39.296  -16.766  -3.706 0.4000000060
49739  39.641  -21.356  -2.887 0.4000000060
46259  34.825  -24.999  -6.187 0.6999999881
37867  31.061  -34.896  -3.809 0.6999999881
54121  40.508  -16.303  -4.288 0.4000000060
50624  40.186  -20.686  -3.509 0.4000000060
37002  30.792  -35.764  -4.335 0.6000000238
54120  40.968  -16.742  -4.424 0.3000000119
51538  40.645  -19.330  -4.026 0.4000000060
51527  39.577  -20.046  -3.035 0.4000000060
47178  35.384  -24.548  -7.527 0.6999999881
47164  35.032  -24.233  -6.358 0.6999999881
37878  31.970  -34.805  -4.977 0.6999999881
116412  40.173  -17.823  -3.722 0.4000000060
52435  40.755  -18.379  -4.159 0.4000000060
111632  39.441  -19.095  -3.078 0.4000000060
47188  35.638  -24.668  -8.255 0.8000000119
53286  41.368  -17.195  -4.753 0.3000000119
52422  40.109  -18.719  -3.578 0.4000000060
111096  35.709  -23.922  -9.056 0.8000000119
40554  34.093  -32.151  -6.929 1.0000000000
47197  36.523  -24.105  -11.343 1.0000000000
44464  34.933  -27.948  -8.954 1.0000000000
45353  34.783  -25.710  -10.695 1.0000000000
46296  35.487  -25.241  -11.563 1.0000000000
46302  35.256  -24.492  -11.665 1.0000000000
44477  34.599  -27.042  -9.334 1.0000000000
43523  34.659  -28.358  -8.082 1.0000000000
45346  34.118  -26.162  -9.797 1.0000000000
45338  33.511  -26.672  -9.124 1.0000000000
43414  38.982  -28.783  -0.888 0.6000000238
106743  39.196  -28.210  -0.657 0.6000000238
44361  38.783  -27.618  -0.574 0.6000000238
44362  38.108  -27.280  -0.565 0.6999999881
44359  40.254  -27.322  -0.382 0.5000000000
44360  39.466  -27.472  -0.413 0.6000000238
44370  37.531  -27.615  -1.049 0.6999999881
45233  41.210  -26.343  -0.666 0.5000000000
46196  39.902  -25.871  -0.180 0.4000000060
44371  36.643  -27.147  -1.319 0.6999999881
44372  35.839  -27.016  -1.938 0.6999999881
115200  39.102  -26.114  -0.086 0.6000000238
45247  36.686  -26.277  -0.883 0.6999999881
119744  39.987  -24.974  -0.240 0.6000000238
45248  35.983  -26.357  -1.382 0.6999999881
47989  40.879  -23.577  -0.825 0.6000000238
47991  39.418  -23.699  -0.558 0.6000000238
47112  35.391  -24.958  -1.711 0.6999999881
47119  35.022  -24.747  -2.197 0.6999999881
48002  39.749  -23.021  -0.922 0.5000000000
48868  38.430  -22.573  -1.576 0.6000000238
48004  37.116  -23.489  -1.182 0.6000000238
47120  34.706  -24.564  -2.923 0.6000000238
53276  37.992  -16.927  -3.916 0.4000000060
49738  40.024  -21.232  -3.271 0.4000000060
48880  39.195  -22.250  -2.041 0.4000000060
48869  37.482  -22.733  -1.579 0.5000000000
48870  36.603  -22.946  -1.769 0.6000000238
47127  34.611  -24.522  -3.836 0.6999999881
54109  38.539  -16.696  -3.821 0.4000000060
48881  38.423  -21.800  -2.180 0.5000000000
47140  34.622  -24.529  -4.766 0.6999999881
53274  39.586  -17.425  -3.575 0.4000000060
52424  38.034  -17.762  -3.421 0.5000000000
50612  39.069  -20.632  -2.705 0.4000000060
125410  38.505  -21.047  -2.417 0.4000000060
47152  34.767  -24.422  -5.623 0.6999999881
38758  32.310  -33.126  -4.502 0.8999999762
37866  31.654  -34.448  -4.271 0.6999999881
53287  40.849  -17.493  -4.246 0.4000000060
51522  38.807  -19.596  -2.698 0.4000000060
48067  35.579  -23.335  -7.672 0.6999999881
48054  35.346  -23.947  -7.093 0.6999999881
39609  33.257  -32.143  -5.498 0.8999999762
122694  35.929  -23.071  -10.014 0.8999999762
40545  33.663  -31.628  -6.087 0.8999999762
41508  34.411  -30.330  -6.943 1.0000000000
48089  36.102  -23.715  -11.816 1.0000000000
41517  34.846  -30.044  -7.684 1.0000000000
47199  34.331  -24.061  -11.236 1.0000000000
42515  34.550  -29.105  -7.491 1.0000000000
42506  34.274  -29.613  -6.888 1.0000000000
47200  33.663  -23.543  -10.902 1.0000000000
47190  32.114  -25.127  -9.351 0.8999999762
47195  32.412  -24.545  -9.955 1.0000000000
46293  32.395  -25.411  -10.126 1.0000000000
44466  33.005  -27.160  -8.347 1.0000000000
44452  33.886  -27.810  -7.736 1.0000000000
47196  31.985  -25.384  -9.997 1.0000000000
45339  32.099  -26.655  -9.482 1.0000000000
44467  31.488  -27.146  -9.067 0.8999999762
46283  31.634  -25.995  -9.517 1.0000000000
45340  31.504  -26.651  -9.318 0.8999999762
45236  38.875  -26.916  -0.292 0.6000000238
45237  38.140  -26.313  -0.296 0.6999999881
45246  37.341  -26.825  -0.702 0.6999999881
46198  38.610  -25.414  -0.165 0.6999999881
46200  36.939  -25.512  -0.667 0.6999999881
47100  39.150  -24.564  -0.243 0.6000000238
47101  38.136  -24.634  -0.332 0.6000000238
47103  36.611  -24.953  -0.825 0.6999999881
47993  37.606  -23.989  -0.610 0.6999999881
47110  36.777  -24.257  -0.903 0.6000000238
110175  36.247  -23.794  -1.470 0.6000000238
48005  35.500  -24.204  -1.810 0.6000000238
54124  37.733  -15.647  -4.508 0.3000000119
47992  38.527  -23.836  -0.509 0.6000000238
115540  38.011  -23.270  -0.992 0.6000000238
48012  35.011  -23.897  -2.495 0.6000000238
53277  37.359  -16.982  -4.541 0.4000000060
128562  37.366  -16.553  -4.611 0.4000000060
49708  37.675  -21.914  -1.974 0.6000000238
48011  35.647  -23.203  -2.160 0.6000000238
48882  36.906  -22.103  -2.013 0.5000000000
48013  34.708  -23.791  -3.362 0.6000000238
49726  37.097  -21.206  -2.247 0.4000000060
48019  34.873  -23.121  -3.943 0.6000000238
52425  37.546  -17.954  -3.731 0.5000000000
51523  37.585  -19.747  -2.619 0.4000000060
50613  38.165  -20.198  -2.429 0.4000000060
48029  35.053  -23.195  -5.413 0.6000000238
51528  37.275  -18.728  -3.476 0.5000000000
52413  38.539  -18.620  -2.962 0.4000000060
111437  35.547  -23.133  -6.906 0.6000000238
52414  37.799  -18.618  -3.078 0.4000000060
51524  36.961  -19.637  -2.991 0.4000000060
39610  32.748  -32.656  -5.036 0.8999999762
48082  35.706  -23.037  -8.775 0.8999999762
40535  32.778  -31.757  -4.739 0.8999999762
40534  33.176  -31.092  -5.225 0.8999999762
41499  33.240  -30.215  -5.536 0.8999999762
41509  33.896  -30.099  -6.231 0.8999999762
48093  34.944  -22.873  -11.657 1.0000000000
118743  32.990  -24.009  -10.344 1.0000000000
43492  33.973  -28.874  -6.940 1.0000000000
44453  33.203  -27.689  -7.544 0.8999999762
46276  31.825  -25.596  -8.217 1.0000000000
45329  30.905  -27.117  -8.578 1.0000000000
44468  31.134  -27.073  -9.087 0.8999999762
46260  31.885  -25.343  -6.753 1.0000000000
45311  30.656  -26.669  -7.401 0.8999999762
46199  37.715  -25.445  -0.382 0.6999999881
55011  38.400  -15.143  -4.515 0.3000000119
53288  37.140  -16.144  -4.754 0.3000000119
53289  36.723  -16.574  -4.994 0.3000000119
112216  34.975  -23.032  -2.953 0.6000000238
51539  36.628  -18.240  -5.071 0.5000000000
117274  36.312  -17.324  -5.191 0.4000000060
49727  36.372  -21.558  -2.487 0.5000000000
50614  37.331  -20.374  -2.473 0.5000000000
113806  35.559  -21.798  -3.162 0.5000000000
48891  35.233  -22.260  -3.661 0.5000000000
52426  37.083  -17.796  -4.552 0.5000000000
50615  36.489  -20.591  -2.791 0.5000000000
49740  35.583  -21.282  -3.774 0.5000000000
51540  36.436  -19.327  -4.883 0.5000000000
50627  36.028  -20.527  -3.539 0.5000000000
48042  35.304  -23.099  -6.139 0.6000000238
51529  36.683  -18.970  -3.854 0.5000000000
50626  36.447  -19.888  -3.398 0.5000000000
48936  35.804  -22.372  -7.812 0.6999999881
50655  36.348  -19.857  -5.446 0.5000000000
50641  35.922  -20.414  -4.393 0.5000000000
48959  35.851  -22.030  -10.040 0.8999999762
48964  35.114  -22.305  -11.594 0.8999999762
124827  35.927  -22.421  -10.837 0.8999999762
48094  34.327  -22.416  -11.537 0.8999999762
47189  32.823  -24.111  -8.887 0.8999999762
48083  33.088  -23.519  -9.910 0.8999999762
48088  33.498  -22.858  -10.700 0.8999999762
48091  33.856  -22.731  -11.250 1.0000000000
43493  33.239  -28.495  -6.549 0.8999999762
42507  33.658  -29.259  -6.351 0.8999999762
44454  32.218  -27.625  -7.842 0.8999999762
119246  32.527  -24.800  -8.172 0.8000000119
112205  32.447  -24.769  -7.103 0.6999999881
43494  32.341  -28.118  -6.766 0.8999999762
44455  30.876  -27.548  -8.475 0.8999999762
44435  31.314  -27.971  -7.783 0.8999999762
55012  37.524  -15.030  -4.597 0.3000000119
106821  37.082  -15.562  -4.716 0.3000000119
54995  36.508  -15.427  -3.975 0.4000000060
54112  35.897  -16.046  -3.614 0.3000000119
54111  36.665  -16.095  -4.648 0.3000000119
53278  35.988  -16.510  -4.282 0.4000000060
48884  35.478  -22.386  -2.775 0.6000000238
51551  36.616  -18.522  -5.865 0.5000000000
52444  36.290  -17.531  -6.247 0.4000000060
49750  35.376  -21.680  -4.529 0.5000000000
48899  35.098  -22.592  -4.794 0.5000000000
50654  36.604  -19.222  -6.632 0.5000000000
120245  35.468  -21.926  -5.499 0.5000000000
49768  36.028  -21.284  -6.264 0.5000000000
123918  35.694  -22.298  -6.503 0.5000000000
115694  36.316  -20.407  -6.067 0.5000000000
49791  36.163  -21.317  -7.438 0.5000000000
50677  36.474  -20.317  -7.101 0.5000000000
50695  36.293  -20.110  -8.303 0.6000000238
117363  35.834  -22.008  -8.978 0.6000000238
50730  35.268  -20.077  -9.490 0.6999999881
49839  35.452  -21.026  -10.441 0.6999999881
48961  35.400  -21.707  -11.173 0.6999999881
49840  34.351  -20.748  -10.426 0.6999999881
49845  34.037  -21.318  -11.002 0.8000000119
49844  34.739  -21.058  -10.909 0.8000000119
43474  32.955  -28.911  -5.943 0.8999999762
119485  33.490  -22.330  -9.986 0.8999999762
113934  33.705  -21.849  -10.778 0.8999999762
47179  32.884  -24.237  -7.622 0.6999999881
43495  31.315  -28.283  -6.905 0.8999999762
43511  30.504  -28.151  -7.968 0.8999999762
46261  31.206  -25.686  -6.417 1.0000000000
54996  35.669  -15.414  -3.079 0.3000000119
54997  35.172  -15.898  -2.987 0.3000000119
52445  35.965  -17.364  -6.322 0.4000000060
53279  35.086  -17.087  -3.650 0.3000000119
52459  35.973  -17.425  -7.047 0.4000000060
52436  35.726  -17.412  -5.330 0.4000000060
52446  35.367  -17.778  -5.756 0.4000000060
118976  35.464  -17.610  -7.302 0.4000000060
52460  35.475  -17.574  -6.788 0.4000000060
51577  36.251  -18.368  -8.062 0.4000000060
52488  35.974  -18.009  -8.018 0.4000000060
51593  35.888  -18.690  -8.371 0.5000000000
50694  36.516  -19.195  -7.779 0.5000000000
50732  34.180  -20.563  -9.809 0.6000000238
124475  33.777  -21.176  -10.195 0.8000000119
115761  33.393  -22.964  -8.899 0.6999999881
48056  32.765  -23.863  -6.536 0.6999999881
45330  30.555  -27.612  -8.053 0.8999999762
44436  30.009  -27.947  -7.822 0.8999999762
46248  30.634  -25.486  -5.802 0.8999999762
45296  29.962  -26.275  -6.159 0.8000000119
114636  30.181  -24.078  -5.489 0.6999999881
48047  29.131  -23.822  -5.730 0.8000000119
54093  34.361  -16.008  -2.832 0.3000000119
110295  34.290  -16.843  -3.124 0.3000000119
53291  34.958  -17.690  -4.015 0.3000000119
53280  34.094  -17.662  -3.368 0.4000000060
51552  34.874  -18.297  -6.142 0.4000000060
115763  34.714  -18.766  -5.027 0.4000000060
50678  34.491  -19.238  -6.636 0.5000000000
52478  35.211  -17.988  -7.658 0.5000000000
50696  34.381  -19.684  -7.870 0.5000000000
51578  34.936  -18.844  -8.167 0.5000000000
49809  34.065  -20.445  -8.484 0.5000000000
49826  34.532  -20.072  -8.937 0.5000000000
49827  33.882  -20.755  -9.243 0.6000000238
48951  33.598  -21.755  -9.100 0.6999999881
48937  33.510  -22.353  -7.855 0.6999999881
48055  33.288  -22.867  -6.573 0.6999999881
48044  32.636  -23.088  -5.647 0.6999999881
122761  32.251  -23.905  -5.752 0.6999999881
48915  32.099  -22.600  -5.227 0.6999999881
46247  31.316  -25.060  -5.809 0.8000000119
114526  31.167  -23.860  -5.428 0.6999999881
110736  35.335  -13.966  -2.552 0.3000000119
54982  34.070  -15.187  -2.623 0.3000000119
123337  33.671  -15.745  -2.805 0.4000000060
112248  33.627  -17.114  -3.167 0.4000000060
51531  33.703  -18.925  -3.826 0.4000000060
50656  34.334  -19.577  -5.164 0.4000000060
50657  33.790  -20.660  -5.375 0.5000000000
50679  34.012  -20.627  -6.662 0.6000000238
50642  33.411  -20.236  -4.339 0.3000000119
49751  32.979  -21.063  -4.638 0.4000000060
49810  33.724  -21.242  -8.229 0.6999999881
49792  33.641  -21.722  -6.831 0.6999999881
116726  33.608  -21.484  -5.840 0.6000000238
48068  33.250  -23.448  -7.682 0.6999999881
48925  33.241  -22.274  -5.765 0.6999999881
48914  32.694  -22.288  -5.362 0.6000000238
54115  32.967  -16.790  -3.262 0.3000000119
53281  33.244  -17.654  -3.387 0.3000000119
51532  33.010  -19.099  -3.701 0.3000000119
53292  32.637  -17.440  -3.607 0.3000000119
52429  32.671  -18.268  -3.703 0.3000000119
53293  32.007  -17.571  -4.014 0.3000000119
51543  32.610  -19.814  -3.911 0.3000000119
112334  32.431  -19.030  -3.904 0.4000000060
49769  33.125  -21.634  -5.252 0.5000000000
50643  32.670  -20.500  -4.194 0.5000000000
51544  31.860  -20.304  -4.426 0.5000000000
49752  32.255  -21.107  -4.608 0.6000000238
49771  31.885  -21.832  -4.975 0.6000000238
57560  33.844  -12.864  -2.723 0.4000000060
56699  33.450  -13.625  -2.882 0.3000000119
55845  33.090  -14.397  -3.106 0.3000000119
56700  32.792  -13.602  -3.510 0.3000000119
115928  32.550  -15.987  -3.597 0.3000000119
55014  32.208  -15.163  -4.085 0.3000000119
54125  32.256  -16.780  -3.828 0.3000000119
115539  31.896  -15.977  -4.300 0.3000000119
54126  31.570  -16.797  -4.475 0.3000000119
52438  31.875  -18.431  -4.181 0.4000000060
53300  31.377  -17.654  -4.705 0.4000000060
50658  31.459  -21.085  -4.993 0.6000000238
121156  31.313  -19.595  -4.869 0.4000000060
52447  31.209  -18.637  -4.987 0.4000000060
51553  31.002  -20.255  -5.281 0.5000000000
111683  31.090  -21.749  -5.374 0.6000000238
127411  29.201  -22.651  -6.103 0.6999999881
124883  28.740  -24.409  -5.716 0.8000000119
114776  33.523  -12.254  -3.066 0.4000000060
55846  32.491  -14.380  -3.784 0.3000000119
55862  31.968  -14.364  -4.620 0.3000000119
55015  31.658  -15.175  -4.860 0.3000000119
112719  31.338  -15.990  -5.115 0.4000000060
54132  31.117  -16.840  -5.392 0.4000000060
52448  30.682  -18.404  -5.868 0.4000000060
51554  30.659  -19.300  -5.710 0.4000000060
50659  30.617  -20.957  -5.641 0.5000000000
52461  30.256  -18.644  -6.428 0.4000000060
48917  30.741  -22.421  -5.479 0.6000000238
50680  30.258  -20.147  -6.028 0.4000000060
124177  29.729  -22.362  -5.879 0.6999999881
49793  29.832  -20.848  -6.284 0.4000000060
50681  29.561  -20.100  -6.647 0.4000000060
49794  29.366  -21.527  -6.397 0.6000000238
50682  28.998  -20.701  -6.926 0.5000000000
48926  28.931  -22.197  -6.408 0.6000000238
48057  28.688  -22.966  -6.229 0.6999999881
48938  28.134  -22.274  -6.804 0.6999999881
59370  33.768  -10.743  -3.654 0.3000000119
57575  32.627  -12.808  -4.031 0.3000000119
57592  32.248  -12.860  -4.960 0.3000000119
121996  31.876  -13.600  -5.192 0.3000000119
55863  31.556  -14.390  -5.445 0.3000000119
55023  31.227  -15.210  -5.709 0.4000000060
54144  30.908  -16.052  -5.999 0.3000000119
55038  30.812  -15.276  -6.529 0.3000000119
53314  30.432  -17.775  -6.532 0.3000000119
54145  30.501  -16.166  -6.964 0.3000000119
51566  29.953  -19.409  -6.459 0.4000000060
52479  29.963  -18.191  -6.980 0.3000000119
53331  29.922  -17.565  -7.362 0.3000000119
52462  29.650  -18.799  -6.949 0.3000000119
52480  29.435  -18.264  -7.663 0.3000000119
117839  29.250  -18.958  -7.469 0.3000000119
52481  28.927  -18.792  -8.097 0.4000000060
50699  28.486  -20.073  -7.595 0.5000000000
49795  28.547  -21.508  -6.909 0.5000000000
49811  27.707  -21.564  -7.472 0.5000000000
58532  32.594  -11.976  -4.723 0.3000000119
114876  32.214  -12.302  -5.502 0.3000000119
57611  31.917  -12.891  -5.754 0.3000000119
56732  31.566  -13.632  -6.023 0.3000000119
55039  30.532  -15.344  -7.260 0.3000000119
55052  30.075  -15.771  -7.843 0.3000000119
54159  29.861  -16.714  -7.789 0.3000000119
53332  29.448  -17.495  -8.214 0.3000000119
51580  28.442  -19.346  -8.202 0.4000000060
124323  28.053  -20.369  -7.803 0.5000000000
50717  27.985  -19.928  -8.121 0.5000000000
50700  27.651  -20.649  -7.977 0.5000000000
59392  32.845  -11.011  -5.078 0.3000000119
58549  32.376  -11.618  -5.701 0.3000000119
57612  31.652  -12.869  -6.579 0.3000000119
56743  31.177  -13.658  -6.922 0.3000000119
55899  30.342  -14.959  -7.927 0.3000000119
52490  29.084  -18.126  -8.646 0.4000000060
116058  28.513  -18.624  -8.832 0.4000000060
51595  27.968  -19.325  -8.664 0.4000000060
52491  27.822  -18.724  -9.109 0.4000000060
49828  27.129  -20.597  -8.337 0.5000000000
50719  26.838  -20.095  -8.592 0.4000000060
60349  33.694  -9.535  -4.620 0.3000000119
59391  33.421  -10.395  -4.430 0.3000000119
58563  32.150  -11.424  -6.524 0.3000000119
128545  30.821  -13.940  -7.407 0.3000000119
55913  30.335  -14.636  -8.892 0.3000000119
55053  29.631  -16.205  -8.616 0.3000000119
55065  29.535  -15.842  -9.464 0.3000000119
53341  29.147  -17.416  -9.106 0.3000000119
112172  28.819  -17.967  -9.162 0.4000000060
52502  28.302  -18.073  -9.338 0.3000000119
59412  33.089  -10.022  -5.403 0.3000000119
59413  32.560  -10.796  -6.000 0.3000000119
60370  32.690  -10.070  -6.306 0.3000000119
58575  31.892  -11.263  -7.218 0.3000000119
58564  31.757  -12.051  -7.148 0.3000000119
58576  31.601  -11.485  -7.989 0.3000000119
57632  31.315  -12.848  -7.491 0.3000000119
56753  30.858  -13.504  -7.820 0.3000000119
57644  31.380  -12.242  -8.210 0.3000000119
109792  29.991  -15.432  -8.778 0.3000000119
60369  33.050  -9.359  -6.168 0.3000000119
59427  32.254  -10.576  -6.897 0.3000000119
60384  32.564  -9.597  -7.031 0.3000000119
121262  32.101  -10.086  -7.572 0.3000000119
59438  31.817  -10.737  -7.754 0.3000000119
125625  31.170  -12.464  -9.144 0.3000000119
56766  30.615  -13.736  -8.972 0.3000000119
55064  30.065  -15.035  -9.874 0.3000000119
61292  33.033  -8.910  -6.799 0.3000000119
61306  32.705  -8.808  -7.544 0.3000000119
108878  31.823  -10.156  -8.383 0.3000000119
60392  32.149  -9.419  -7.974 0.4000000060
59439  31.659  -10.943  -8.702 0.3000000119
58588  31.420  -11.769  -9.151 0.3000000119
60396  31.921  -9.488  -9.118 0.4000000060
61314  32.414  -8.695  -8.487 0.4000000060
59448  31.683  -10.395  -9.338 0.4000000060
62244  32.715  -7.940  -8.893 0.3000000119
61322  32.270  -8.612  -9.516 0.4000000060
36243  38.137  -36.627  -11.496 1.0000000000
37059  38.726  -35.436  -12.246 1.0000000000
47166  31.736  -25.022  -6.050 0.6999999881
48046  30.480  -23.180  -5.484 0.8000000119
120945  29.531  -23.151  -5.761 0.8000000119
26043  34.386  -48.129  -2.338 0.6000000238
120601  34.487  -48.696  -3.059 0.6000000238
123899  33.815  -46.496  -4.868 0.6000000238
26792  37.638  -45.965  -0.345 0.5000000000
26793  37.425  -46.138  0.222 0.5000000000
28359  32.389  -45.690  -1.535 0.6000000238
118539  39.546  -42.306  -11.044 0.8999999762
29111  31.607  -44.139  -1.146 0.5000000000
29057  33.193  -44.151  1.529 0.5000000000
29072  36.272  -44.159  1.901 0.4000000060
29906  34.094  -43.106  -5.760 0.6999999881
123605  37.535  -41.019  -8.649 0.8999999762
116446  32.530  -39.965  -4.327 0.6999999881
29835  32.035  -43.240  1.329 0.5000000000
30690  33.903  -42.248  2.739 0.5000000000
29831  36.072  -43.887  2.236 0.4000000060
32499  35.598  -40.774  -7.560 0.8000000119
33361  33.105  -40.015  -4.875 0.6999999881
32395  33.046  -40.589  1.354 0.4000000060
112900  38.157  -37.142  -8.982 0.8000000119
118391  35.109  -37.947  -9.535 0.8000000119
34347  31.666  -38.743  -2.306 0.6000000238
33300  33.029  -39.424  0.651 0.4000000060
33284  33.446  -40.015  1.080 0.4000000060
126051  34.803  -36.793  -5.580 0.8000000119
110705  39.035  -36.338  -12.274 1.0000000000
114658  34.755  -38.398  0.268 0.5000000000
35271  32.643  -37.791  -0.117 0.5000000000
117781  37.013  -35.330  -10.978 1.0000000000
36145  33.468  -36.407  -0.484 0.6999999881
125551  40.196  -34.253  -12.034 1.0000000000
37924  39.564  -34.849  -12.396 1.0000000000
40580  36.622  -31.170  -10.713 1.0000000000
41542  37.656  -29.967  -11.510 1.0000000000
39625  36.765  -32.571  -7.697 0.8000000119
43535  38.975  -28.211  -11.681 1.0000000000
125293  36.755  -27.852  -6.189 0.8000000119
43529  38.914  -28.812  -10.072 1.0000000000
42537  39.520  -29.674  -11.134 1.0000000000
45337  36.530  -26.281  -8.846 0.8000000119
46289  37.336  -25.187  -11.190 1.0000000000
46300  36.842  -25.114  -12.117 1.0000000000
41465  36.698  -29.978  -3.510 0.6999999881
48865  41.899  -22.647  -1.521 0.4000000060
38777  32.903  -34.074  -6.212 1.0000000000
39619  33.598  -32.636  -6.392 1.0000000000
49737  40.630  -21.344  -3.338 0.4000000060
46292  33.562  -25.418  -10.315 1.0000000000
48000  41.344  -23.135  -1.133 0.4000000060
48879  40.676  -21.965  -2.044 0.5000000000
48001  40.565  -22.966  -0.997 0.5000000000
127714  38.628  -18.001  -3.265 0.4000000060
52423  39.345  -18.161  -3.349 0.4000000060
45347  32.689  -26.062  -9.909 1.0000000000
46262  30.538  -26.179  -6.439 0.8000000119
121338  35.749  -20.965  -5.186 0.5000000000
123359  35.790  -21.287  -9.609 0.6999999881
128299  35.984  -20.299  -8.953 0.6000000238
51594  35.241  -19.525  -8.751 0.5000000000
50731  34.725  -20.275  -9.718 0.5000000000
51565  34.946  -17.938  -7.153 0.5000000000
48045  31.911  -23.516  -5.443 0.6999999881
124648  31.510  -22.397  -5.257 0.6999999881
49772  30.191  -21.623  -5.826 0.6000000238
55877  31.186  -14.440  -6.283 0.3000000119
27632  38.865  -46.685  -9.382 0.5000000000
28410  38.785  -45.804  -9.522 0.5000000000
29155  39.102  -44.954  -9.884 0.5000000000
26089  39.416  -48.081  -9.324 0.5000000000
26864  39.650  -47.606  -9.789 0.5000000000
25262  38.417  -49.505  -8.440 0.5000000000
26083  38.674  -48.412  -8.743 0.5000000000
26865  38.948  -47.501  -9.140 0.5000000000
25263  37.392  -49.702  -7.820 0.5000000000
24435  37.141  -50.551  -7.051 0.4000000060
26078  36.905  -48.961  -7.775 0.5000000000
24436  36.549  -50.376  -6.383 0.4000000060
26079  36.233  -48.936  -7.210 0.5000000000
24429  35.846  -50.228  -5.266 0.5000000000
26080  35.645  -48.962  -6.583 0.5000000000
33390  31.535  -39.185  -6.850 0.6999999881
33374  31.458  -39.891  -5.920 0.6999999881
34404  31.920  -38.876  -8.110 0.8000000119
34402  33.295  -38.737  -8.777 0.8000000119
34403  32.498  -38.786  -8.441 0.8000000119
35369  33.702  -37.837  -9.007 0.8999999762
118718  31.312  -37.804  -6.768 0.6999999881
122420  32.479  -37.347  -8.340 0.8999999762
35354  32.072  -37.075  -7.881 0.8999999762
35360  33.073  -37.134  -8.703 0.8999999762
37047  34.017  -35.962  -9.022 0.8999999762
36213  31.484  -36.412  -6.621 0.6000000238
36221  31.726  -36.710  -7.303 0.8000000119
36227  33.272  -36.307  -8.664 0.8999999762
122499  34.164  -35.227  -8.963 0.8999999762
37046  34.560  -34.484  -9.178 0.8999999762
38802  35.307  -33.837  -9.680 0.8999999762
112970  39.488  -31.986  -0.817 0.5000000000
39539  37.502  -32.644  -0.609 0.5000000000
113251  37.104  -32.143  -0.736 0.5000000000
38703  37.471  -33.543  -0.434 0.6000000238
38704  36.069  -33.093  -0.470 0.5000000000
38705  35.274  -33.094  -0.913 0.5000000000
37816  35.111  -34.421  -0.272 0.6000000238
36203  31.141  -36.448  -5.747 0.6000000238
37030  31.872  -36.008  -7.254 0.8999999762
37037  32.768  -35.862  -8.230 0.8999999762
36220  32.173  -36.270  -7.796 0.8999999762
37028  33.164  -35.078  -8.031 0.8999999762
128930  34.233  -34.412  -8.815 0.8999999762
38803  34.720  -33.523  -9.167 0.8999999762
41427  39.023  -30.645  -0.791 0.5000000000
117697  38.589  -30.007  -1.109 0.5000000000
121682  39.472  -31.182  -0.739 0.5000000000
41429  37.875  -31.067  -0.980 0.5000000000
40487  37.142  -31.125  -1.184 0.5000000000
40465  40.222  -31.375  -0.783 0.5000000000
40466  38.626  -31.390  -0.789 0.5000000000
37885  32.551  -34.840  -6.635 0.8999999762
37019  32.068  -35.401  -6.329 0.6999999881
37029  32.425  -35.611  -7.649 0.8999999762
37892  33.260  -34.546  -7.590 0.8999999762
37900  33.643  -34.285  -8.092 0.8999999762
111779  34.443  -33.169  -8.577 0.8999999762
42421  39.639  -29.726  -0.639 0.5000000000
41425  40.865  -30.168  -0.702 0.5000000000
42438  41.625  -29.834  -1.068 0.5000000000
37884  33.117  -34.361  -6.982 0.8999999762
38786  33.547  -33.911  -7.454 0.8999999762
38785  33.964  -33.496  -8.022 0.8999999762
42422  39.114  -29.447  -0.870 0.5000000000
122664  40.498  -28.785  -0.533 0.5000000000
109582  39.969  -28.140  -0.436 0.5000000000
42419  41.037  -29.354  -0.677 0.5000000000
43412  40.753  -27.987  -0.499 0.4000000060
37854  31.218  -34.002  -3.484 0.6000000238
38745  30.647  -33.547  -2.919 0.6000000238
39600  31.911  -32.679  -3.805 0.8000000119
39585  30.754  -32.670  -2.943 0.6999999881
39573  30.166  -32.243  -2.747 0.6999999881
40501  29.543  -31.894  -2.846 0.6999999881
40513  28.237  -31.342  -3.331 0.6999999881
39583  31.962  -31.869  -3.787 0.8000000119
39599  32.375  -32.256  -4.293 0.8000000119
115382  30.776  -31.841  -3.123 0.6999999881
108243  30.043  -31.502  -3.079 0.6999999881
40512  29.177  -31.366  -3.240 0.6999999881
41468  29.720  -30.842  -3.626 0.6999999881
41485  29.204  -30.268  -4.321 0.6999999881
41482  32.015  -30.401  -4.372 0.8000000119
42476  31.278  -29.757  -4.599 0.8000000119
41500  32.629  -30.309  -4.917 0.8000000119
42477  29.474  -29.717  -5.062 0.6999999881
41484  30.298  -30.212  -4.236 0.6999999881
125039  30.368  -29.436  -5.058 0.8000000119
42475  32.062  -29.755  -4.799 0.8000000119
42496  29.617  -29.323  -5.977 0.6999999881
43478  29.681  -29.077  -6.868 0.8000000119
43498  28.654  -28.946  -7.215 0.6000000238
43475  32.155  -28.616  -5.894 0.8000000119
43476  31.194  -28.675  -5.900 0.8000000119
106850  28.941  -28.335  -7.260 0.6000000238
45314  28.549  -27.365  -6.589 0.6000000238
112253  27.777  -27.383  -6.521 0.6000000238
43497  29.445  -28.772  -7.350 0.8000000119
45297  29.041  -26.338  -5.931 0.6000000238
110088  27.976  -26.475  -6.048 0.6000000238
43496  30.257  -28.645  -7.200 0.8000000119
46263  27.875  -25.452  -5.869 0.6000000238
45313  29.441  -27.352  -6.866 0.6999999881
46250  28.796  -25.308  -5.629 0.6000000238
48058  28.301  -23.761  -6.120 0.6999999881
114908  27.543  -23.910  -6.436 0.6000000238
47156  28.042  -24.552  -5.932 0.6000000238
48927  27.722  -23.109  -6.635 0.6000000238
46249  29.763  -25.549  -5.644 0.6999999881
47155  29.501  -24.716  -5.539 0.6999999881
24419  36.363  -50.453  -4.724 0.4000000060
24437  36.068  -50.188  -5.923 0.5000000000
26076  35.099  -48.959  -5.952 0.5000000000
121602  37.267  -48.246  -8.114 0.5000000000
26859  37.981  -47.919  -8.512 0.5000000000
108484  34.844  -35.502  -9.375 0.8999999762
44369  41.843  -27.548  -1.156 0.3000000119
123258  32.343  -31.570  -4.207 0.8000000119
26082  39.400  -48.823  -9.129 0.5000000000
34398  31.664  -38.571  -7.649 0.8000000119
41483  31.321  -30.635  -3.959 0.8000000119
41467  30.638  -31.049  -3.519 0.6999999881
42494  31.703  -29.178  -5.234 0.8000000119
42497  28.904  -29.445  -6.005 0.6999999881
42508  29.066  -29.247  -6.935 0.6999999881
35284  36.012  -38.671  -0.530 0.4000000060
35296  38.172  -37.747  -1.217 0.4000000060
36143  36.420  -37.391  0.022 0.4000000060
36125  36.878  -35.669  0.185 0.5000000000
116126  38.734  -36.923  -1.215 0.4000000060
35295  39.041  -37.626  -1.770 0.4000000060
36959  37.351  -35.115  -0.097 0.5000000000
37797  35.878  -34.498  0.159 0.5000000000
111181  38.420  -35.654  -0.627 0.5000000000
36159  38.870  -36.136  -1.030 0.4000000060
36142  37.120  -36.609  -0.023 0.4000000060
118355  39.716  -36.913  -1.974 0.4000000060
36170  39.920  -36.080  -1.943 0.4000000060
36141  38.106  -36.671  -0.598 0.4000000060
36169  40.287  -36.699  -2.439 0.4000000060
36958  38.041  -34.959  -0.460 0.5000000000
36980  40.351  -35.491  -2.365 0.4000000060
128635  40.348  -36.058  -2.388 0.4000000060
37018  42.758  -35.048  -5.957 0.4000000060
37000  41.783  -35.313  -4.125 0.4000000060
36989  41.330  -35.634  -3.440 0.4000000060
37881  43.298  -34.835  -6.495 0.4000000060
36999  42.122  -36.040  -4.612 0.4000000060
37814  38.148  -34.070  -0.547 0.5000000000
37831  38.680  -34.583  -0.778 0.5000000000
36972  39.016  -35.249  -1.052 0.4000000060
41521  47.346  -30.192  -9.170 0.3000000119
36981  39.751  -35.090  -1.751 0.4000000060
41530  46.964  -30.856  -9.463 0.3000000119
37851  41.445  -34.790  -3.507 0.4000000060
40566  47.316  -31.191  -10.247 0.3000000119
39631  46.289  -32.188  -9.005 0.3000000119
39632  45.714  -32.716  -8.416 0.3000000119
38783  44.492  -33.800  -7.201 0.3000000119
37873  43.214  -34.200  -6.032 0.4000000060
37874  42.678  -34.423  -5.493 0.4000000060
38791  45.512  -33.615  -8.627 0.3000000119
38782  45.207  -33.307  -7.791 0.3000000119
37880  43.817  -34.314  -6.741 0.4000000060
38720  38.895  -33.768  -0.815 0.4000000060
38719  39.615  -33.522  -1.254 0.4000000060
38731  40.685  -33.883  -2.212 0.4000000060
37829  40.004  -34.135  -1.751 0.4000000060
42520  47.775  -29.580  -8.790 0.3000000119
41514  45.792  -30.604  -7.351 0.3000000119
41522  46.702  -30.571  -8.604 0.3000000119
40549  46.205  -31.042  -8.002 0.3000000119
39614  45.189  -32.000  -6.860 0.3000000119
39616  44.085  -32.947  -5.977 0.4000000060
38765  43.481  -33.375  -5.681 0.4000000060
37862  42.395  -34.141  -4.877 0.4000000060
40559  45.959  -31.862  -8.204 0.3000000119
107222  45.447  -32.382  -7.607 0.3000000119
38772  44.348  -33.266  -6.590 0.3000000119
38702  38.307  -33.208  -0.625 0.4000000060
41495  44.699  -30.317  -5.306 0.3000000119
41478  44.292  -30.695  -4.661 0.3000000119
39579  43.244  -32.071  -3.842 0.4000000060
40507  42.910  -31.871  -2.913 0.4000000060
39580  42.654  -32.604  -3.334 0.4000000060
39570  41.040  -33.254  -1.977 0.4000000060
42513  45.990  -29.902  -7.288 0.3000000119
41505  45.066  -30.706  -5.956 0.3000000119
40523  44.549  -31.255  -5.366 0.3000000119
39595  43.535  -32.336  -4.651 0.4000000060
39596  42.928  -32.798  -4.253 0.4000000060
38730  41.396  -33.573  -2.570 0.4000000060
40539  45.361  -31.079  -6.717 0.3000000119
39606  44.355  -32.150  -5.699 0.3000000119
39607  43.774  -32.629  -5.354 0.4000000060
38755  42.644  -33.465  -4.625 0.4000000060
38742  41.731  -33.899  -3.461 0.4000000060
40550  45.628  -31.479  -7.464 0.3000000119
40540  44.850  -31.605  -6.162 0.3000000119
38754  43.178  -33.047  -5.026 0.4000000060
38756  42.200  -33.842  -4.229 0.4000000060
41445  41.378  -30.729  -0.982 0.4000000060
123196  41.748  -31.213  -1.340 0.4000000060
40485  41.116  -31.585  -1.024 0.4000000060
40486  40.393  -32.070  -1.004 0.4000000060
121433  43.480  -30.540  -3.162 0.3000000119
40496  43.002  -31.016  -2.487 0.4000000060
39555  41.870  -31.970  -1.673 0.4000000060
39557  39.998  -32.727  -1.210 0.4000000060
41479  43.849  -30.620  -3.889 0.4000000060
40497  42.504  -31.701  -2.219 0.4000000060
39568  42.331  -32.395  -2.457 0.4000000060
39556  40.979  -32.569  -1.465 0.4000000060
42478  28.680  -29.724  -4.992 0.6000000238
42479  27.894  -29.508  -4.705 0.6000000238
44438  28.095  -28.283  -6.924 0.5000000000
43480  27.861  -28.801  -6.393 0.5000000000
44439  27.314  -27.681  -6.534 0.5000000000
46264  26.979  -25.773  -6.377 0.5000000000
47167  27.244  -24.729  -6.346 0.5000000000
48069  26.986  -23.144  -7.065 0.5000000000
48939  27.365  -22.432  -7.234 0.4000000060
57655  30.355  -12.895  -10.606 0.3000000119
57666  30.188  -12.841  -10.695 0.3000000119
119128  30.008  -13.417  -10.799 0.3000000119
59449  31.525  -11.104  -9.568 0.3000000119
58596  31.138  -11.656  -10.235 0.3000000119
58607  30.654  -11.867  -10.612 0.3000000119
108756  29.863  -12.151  -10.822 0.3000000119
56783  29.026  -13.264  -10.675 0.3000000119
58609  28.633  -11.880  -10.734 0.3000000119
59458  31.727  -9.994  -9.922 0.3000000119
59459  31.450  -10.688  -10.213 0.3000000119
59467  31.023  -11.165  -10.688 0.3000000119
126399  30.955  -10.758  -11.002 0.3000000119
58608  30.526  -11.517  -10.868 0.3000000119
58612  29.916  -11.217  -11.108 0.3000000119
59468  27.162  -10.766  -10.848 0.3000000119
112883  26.339  -10.404  -10.565 0.3000000119
60404  31.874  -9.328  -10.235 0.3000000119
60414  31.536  -9.687  -10.870 0.3000000119
118368  31.269  -10.392  -10.787 0.3000000119
59473  31.136  -10.051  -11.183 0.3000000119
111059  30.439  -10.491  -11.255 0.3000000119
60421  30.740  -9.532  -11.516 0.3000000119
59474  29.034  -10.405  -11.329 0.3000000119
58613  28.732  -11.125  -11.028 0.3000000119
59475  27.348  -10.225  -11.359 0.3000000119
61329  32.144  -8.429  -10.453 0.3000000119
61338  31.954  -8.155  -11.168 0.3000000119
61339  31.601  -8.615  -11.439 0.3000000119
61340  31.063  -8.672  -11.830 0.3000000119
61341  29.967  -8.902  -11.809 0.3000000119
61342  28.530  -9.026  -12.024 0.3000000119
62260  32.330  -7.584  -10.708 0.3000000119
62271  31.642  -7.873  -11.811 0.3000000119
62272  31.068  -7.947  -12.198 0.3000000119
61348  29.115  -8.423  -12.181 0.3000000119
62270  32.122  -7.301  -11.440 0.3000000119
62281  31.351  -7.234  -12.285 0.3000000119
62282  30.404  -7.445  -12.512 0.3000000119
63121  31.959  -6.907  -12.006 0.3000000119
63132  31.646  -6.379  -12.406 0.3000000119
63131  32.222  -6.052  -12.186 0.3000000119
36178  41.276  -36.533  -3.434 0.4000000060
35297  37.398  -38.807  -1.491 0.4000000060
35304  40.403  -37.491  -2.837 0.4000000060
35305  39.746  -37.658  -2.389 0.4000000060
37017  43.268  -35.500  -6.551 0.4000000060
36199  42.587  -36.470  -5.277 0.4000000060
36189  41.819  -36.746  -4.011 0.4000000060
41540  48.319  -30.947  -10.602 0.3000000119
40577  46.958  -31.929  -10.532 0.3000000119
39639  46.477  -32.431  -9.935 0.3000000119
39640  46.047  -33.023  -9.237 0.3000000119
37896  44.918  -34.326  -8.081 0.3000000119
37889  44.211  -34.702  -7.460 0.3000000119
41529  47.736  -30.514  -10.008 0.3000000119
42521  46.957  -29.838  -8.342 0.3000000119
41504  45.538  -30.074  -6.597 0.3000000119
42512  46.551  -29.517  -7.583 0.3000000119
42437  42.276  -29.844  -1.510 0.4000000060
41459  42.643  -30.346  -1.891 0.4000000060
41458  43.207  -30.034  -2.573 0.4000000060
42472  44.098  -30.003  -4.218 0.3000000119
42471  44.439  -29.812  -4.764 0.3000000119
113894  42.159  -29.052  -1.443 0.4000000060
41469  28.029  -30.615  -3.661 0.6000000238
62251  32.523  -7.794  -9.847 0.3000000119
63110  32.520  -6.749  -10.996 0.3000000119
63120  32.345  -6.437  -11.699 0.3000000119
63910  32.640  -5.688  -11.994 0.3000000119
42519  48.659  -29.431  -9.314 0.3000000119
35268  35.495  -37.679  0.209 0.4000000060
36942  36.097  -35.358  0.389 0.5000000000
37840  41.106  -34.335  -2.827 0.4000000060
60423  27.869  -9.699  -11.834 0.3000000119
61347  30.219  -8.201  -12.199 0.3000000119
63921  32.465  -5.330  -12.446 0.3000000119
34326  35.346  -39.238  -0.226 0.3000000119
29162  34.276  -44.272  -9.203 0.6000000238
29943  33.872  -43.636  -8.970 0.6999999881
29163  33.453  -44.232  -8.767 0.6999999881
34334  38.192  -38.737  -1.920 0.3000000119
29815  35.448  -43.619  2.701 0.3000000119
117393  34.725  -41.867  3.372 0.3000000119
29928  32.213  -43.259  -7.693 0.6999999881
29936  32.626  -43.344  -8.195 0.6999999881
112038  32.774  -44.096  -8.371 0.6999999881
33338  36.859  -40.182  -1.461 0.3000000119
34335  37.542  -39.525  -1.969 0.3000000119
30808  33.898  -42.756  -8.885 0.6999999881
33337  37.443  -40.160  -2.028 0.3000000119
34355  40.052  -39.364  -3.469 0.3000000119
34356  39.169  -39.683  -3.118 0.3000000119
34344  38.912  -38.914  -2.512 0.3000000119
34362  41.642  -38.617  -4.289 0.3000000119
34354  41.084  -38.277  -3.674 0.3000000119
117334  40.496  -38.139  -3.239 0.3000000119
31488  34.119  -41.226  2.849 0.3000000119
33265  34.762  -39.535  2.037 0.4000000060
31607  32.413  -41.015  -8.226 0.6999999881
33298  36.027  -40.107  -0.331 0.3000000119
33282  34.678  -39.571  1.067 0.3000000119
110691  32.713  -41.789  -8.343 0.6999999881
30800  33.036  -42.622  -8.462 0.6999999881
32428  36.909  -40.398  -1.163 0.3000000119
32457  37.785  -40.509  -2.139 0.3000000119
33354  39.181  -40.760  -3.456 0.3000000119
34343  39.854  -38.511  -2.901 0.3000000119
34361  42.238  -38.850  -4.750 0.3000000119
32381  34.185  -40.441  2.485 0.4000000060
31608  32.160  -40.960  -7.872 0.6999999881
34285  36.285  -38.707  1.643 0.3000000119
33281  35.526  -39.478  0.683 0.3000000119
32427  37.643  -40.421  -1.312 0.3000000119
33297  37.019  -39.879  -0.048 0.3000000119
31606  32.945  -41.058  -8.677 0.6999999881
32441  38.563  -40.734  -2.266 0.3000000119
36188  42.298  -37.029  -4.573 0.3000000119
35312  41.435  -37.284  -3.667 0.3000000119
35334  43.300  -37.680  -5.730 0.3000000119
35335  42.758  -37.352  -5.172 0.3000000119
33296  37.988  -39.482  -0.020 0.3000000119
33401  32.909  -39.546  -8.632 0.6999999881
33336  39.339  -40.317  -1.654 0.3000000119
32426  38.533  -40.275  -1.345 0.3000000119
32515  33.298  -40.315  -8.827 0.6999999881
36198  43.083  -36.780  -5.860 0.3000000119
33319  39.013  -39.325  -0.236 0.3000000119
34411  34.068  -38.742  -9.128 0.6999999881
42454  43.319  -29.114  -2.863 0.3000000119
28416  35.360  -45.376  -9.553 0.5000000000
28412  33.209  -45.806  -8.456 0.6999999881
28417  34.531  -45.134  -9.260 0.6000000238
27633  33.799  -46.546  -8.666 0.6000000238
29161  35.144  -44.571  -9.508 0.6000000238
29152  31.906  -43.912  -7.322 0.6999999881
30793  32.131  -42.526  -7.479 0.6999999881
32352  35.127  -40.320  3.646 0.3000000119
30794  31.974  -41.899  -7.136 0.6999999881
33266  34.833  -39.848  2.859 0.4000000060
32509  32.013  -40.614  -7.592 0.6999999881
34269  36.166  -38.582  2.559 0.4000000060
34286  35.391  -39.137  1.779 0.4000000060
33403  31.812  -39.383  -7.815 0.6999999881
34284  37.321  -38.460  1.616 0.3000000119
34283  38.412  -38.386  1.550 0.3000000119
34282  39.425  -38.411  1.537 0.3000000119
34337  36.429  -39.921  -1.307 0.3000000119
32517  32.094  -40.264  -8.011 0.6999999881
28418  33.737  -45.010  -8.848 0.6000000238
34323  40.100  -38.922  -0.151 0.3000000119
34268  37.022  -38.224  2.434 0.3000000119
27635  39.521  -47.007  -10.082 0.5000000000
27642  38.608  -46.272  -10.515 0.5000000000
26876  38.630  -47.115  -10.658 0.5000000000
27636  39.309  -46.451  -10.115 0.4000000060
22801  32.474  -51.900  -5.944 0.4000000060
22083  31.575  -53.509  -4.910 0.5000000000
125285  38.850  -45.668  -10.446 0.4000000060
106675  39.019  -46.170  -10.363 0.5000000000
27643  37.470  -45.932  -10.339 0.5000000000
20525  29.870  -55.946  -4.332 0.4000000060
19719  29.166  -56.491  -4.279 0.4000000060
22795  31.893  -52.744  -5.125 0.5000000000
28415  36.344  -45.658  -9.877 0.4000000060
19701  28.452  -56.435  -3.693 0.4000000060
18837  28.128  -57.336  -4.775 0.4000000060
111761  30.666  -54.767  -3.903 0.4000000060
115569  31.848  -52.216  -4.361 0.5000000000
127188  31.460  -53.559  -4.175 0.4000000060
23589  32.434  -51.178  -5.747 0.5000000000
114315  32.742  -48.886  -7.433 0.4000000060
116167  34.792  -45.800  -9.262 0.5000000000
26867  33.556  -47.332  -8.475 0.4000000060
26085  32.953  -48.533  -7.823 0.4000000060
27638  34.595  -46.429  -9.025 0.4000000060
19721  27.845  -56.913  -4.042 0.4000000060
21333  25.435  -54.276  -4.752 0.4000000060
117831  30.261  -54.706  -3.014 0.4000000060
22080  26.363  -53.494  -4.001 0.4000000060
22790  31.597  -52.174  -3.570 0.5000000000
21319  30.769  -54.159  -3.391 0.4000000060
22792  27.248  -52.605  -3.038 0.4000000060
23582  31.829  -51.416  -4.110 0.5000000000
115149  28.173  -51.014  -2.306 0.4000000060
124343  27.561  -51.662  -2.827 0.4000000060
24430  32.273  -50.349  -5.664 0.5000000000
124554  32.109  -49.791  -5.615 0.5000000000
25228  28.512  -49.588  -2.025 0.4000000060
26057  28.431  -48.704  -2.128 0.4000000060
25259  32.333  -49.575  -6.287 0.5000000000
26087  32.094  -48.192  -6.779 0.6000000238
26862  32.419  -47.492  -7.609 0.6000000238
27634  33.054  -46.710  -8.289 0.5000000000
20527  25.231  -55.254  -4.688 0.4000000060
21332  26.118  -54.272  -4.170 0.4000000060
20507  28.207  -55.751  -3.151 0.4000000060
22079  27.024  -53.460  -3.212 0.4000000060
22777  31.316  -52.042  -2.901 0.5000000000
115445  30.563  -52.999  -2.595 0.4000000060
22067  27.799  -53.468  -2.650 0.4000000060
24421  31.819  -50.609  -4.288 0.5000000000
23555  29.049  -51.210  -1.803 0.4000000060
22781  28.131  -52.670  -2.439 0.4000000060
24431  31.922  -50.006  -4.945 0.5000000000
26081  31.838  -48.284  -6.008 0.5000000000
107945  28.680  -47.915  -2.073 0.4000000060
26863  32.112  -47.635  -7.152 0.6000000238
27629  32.501  -46.851  -7.848 0.6000000238
20509  26.495  -55.148  -3.819 0.4000000060
21302  29.857  -54.285  -2.577 0.4000000060
124162  27.553  -54.127  -2.858 0.4000000060
21304  28.335  -54.304  -2.567 0.4000000060
23554  29.494  -52.017  -1.882 0.4000000060
108916  31.650  -49.955  -3.991 0.5000000000
23553  29.866  -51.342  -1.724 0.4000000060
25216  29.130  -49.867  -1.781 0.4000000060
25255  31.931  -49.157  -5.589 0.5000000000
26044  29.146  -49.186  -1.859 0.4000000060
29157  32.934  -44.875  -8.456 0.6000000238
28408  32.294  -46.289  -7.634 0.6000000238
26858  31.797  -47.428  -6.443 0.6000000238
114659  27.056  -56.819  -3.956 0.4000000060
20508  27.291  -55.452  -3.368 0.4000000060
22065  29.532  -53.581  -2.349 0.4000000060
22066  28.710  -53.563  -2.358 0.4000000060
24400  31.328  -50.855  -2.882 0.5000000000
22778  30.699  -52.224  -2.433 0.5000000000
23565  30.460  -51.424  -2.076 0.5000000000
25225  31.197  -49.996  -3.097 0.5000000000
25226  30.437  -49.615  -2.373 0.5000000000
26077  31.669  -48.470  -5.065 0.5000000000
25240  31.402  -49.202  -3.684 0.5000000000
25241  30.886  -49.054  -3.019 0.5000000000
25215  29.731  -49.716  -1.846 0.4000000060
26852  31.614  -47.716  -5.453 0.6000000238
26055  29.932  -48.249  -2.350 0.5000000000
26830  29.383  -47.565  -2.231 0.4000000060
122744  32.435  -44.620  -8.081 0.6000000238
110659  31.950  -45.960  -7.225 0.6000000238
27621  31.525  -46.936  -5.608 0.6000000238
26071  31.458  -48.527  -4.183 0.5000000000
26066  30.618  -48.201  -2.994 0.5000000000
27625  31.670  -46.376  -6.415 0.6000000238
27613  31.278  -46.579  -4.874 0.6000000238
26838  31.150  -47.817  -3.864 0.5000000000
28404  31.683  -45.492  -6.671 0.6000000238
28409  32.063  -44.651  -7.582 0.6000000238
30777  31.326  -42.313  -5.436 0.5000000000
29909  31.185  -43.792  -5.041 0.5000000000
109828  31.694  -42.856  -6.308 0.6000000238
29908  31.436  -43.335  -5.590 0.6000000238
125095  31.097  -44.432  -4.887 0.5000000000
110159  30.272  -44.921  -3.732 0.5000000000
128844  31.451  -46.264  -5.552 0.6000000238
28385  31.222  -45.790  -4.911 0.5000000000
26839  30.534  -47.334  -3.235 0.5000000000
27607  30.398  -46.414  -3.375 0.5000000000
28376  29.950  -45.562  -3.185 0.5000000000
31581  31.551  -41.390  -5.773 0.5000000000
32489  31.179  -40.648  -5.466 0.5000000000
114996  31.742  -40.054  -6.615 0.6000000238
31594  31.834  -41.309  -6.620 0.6000000238
29128  31.334  -45.058  -5.357 0.6000000238
28386  30.618  -45.669  -3.974 0.5000000000
29921  31.676  -43.713  -6.517 0.6000000238
29137  31.469  -44.298  -5.758 0.6000000238
26871  36.877  -47.361  -9.813 0.4000000060
124802  35.483  -46.285  -9.458 0.4000000060
29166  36.989  -44.047  -10.360 0.5000000000
28421  37.179  -45.049  -10.352 0.4000000060
109819  31.535  -45.044  -6.133 0.6000000238
27640  39.343  -47.321  -10.566 0.5000000000
26095  37.756  -48.586  -10.191 0.5000000000
26875  38.941  -47.290  -10.787 0.5000000000
26877  37.686  -46.796  -10.354 0.5000000000
112533  32.164  -51.827  -5.117 0.5000000000
20506  30.096  -55.380  -3.515 0.4000000060
21320  29.606  -55.036  -2.790 0.4000000060
22793  26.607  -52.646  -3.884 0.4000000060
24403  27.867  -50.111  -2.535 0.4000000060
21321  28.770  -55.120  -2.707 0.4000000060
22779  29.984  -52.757  -2.163 0.4000000060
19703  26.818  -56.040  -3.766 0.4000000060
28397  31.493  -45.672  -5.870 0.6000000238
22084  25.721  -53.497  -4.710 0.3000000119
111698  27.539  -50.787  -2.919 0.3000000119
25229  27.944  -49.315  -2.469 0.3000000119
114470  26.857  -51.763  -3.825 0.3000000119
24413  27.260  -50.187  -3.476 0.3000000119
23575  26.520  -51.057  -4.524 0.3000000119
19702  27.616  -56.295  -3.587 0.4000000060
19720  28.515  -56.861  -4.337 0.4000000060
21303  29.167  -54.382  -2.470 0.4000000060
21318  31.239  -54.116  -4.304 0.4000000060
21322  27.824  -54.909  -2.882 0.4000000060
21323  26.905  -54.415  -3.395 0.4000000060
22064  30.169  -53.574  -2.514 0.4000000060
22077  31.639  -52.972  -4.057 0.5000000000
22078  30.739  -53.550  -2.956 0.4000000060
22769  30.133  -51.973  -1.925 0.5000000000
22780  29.105  -52.778  -2.149 0.4000000060
22791  31.203  -52.820  -3.097 0.5000000000
22802  32.188  -52.586  -5.961 0.4000000060
23564  31.091  -51.447  -2.593 0.5000000000
23574  31.506  -51.454  -3.203 0.5000000000
23581  32.103  -50.901  -4.942 0.5000000000
24389  30.216  -50.832  -1.815 0.4000000060
24390  29.570  -50.513  -1.719 0.4000000060
24401  30.715  -50.639  -2.366 0.5000000000
24402  28.679  -50.388  -1.914 0.4000000060
24411  36.022  -50.132  -3.931 0.5000000000
24412  31.591  -50.726  -3.550 0.5000000000
24418  37.402  -50.789  -4.851 0.4000000060
24420  35.743  -50.178  -4.556 0.6000000238
24441  37.973  -50.465  -7.736 0.5000000000
25214  30.181  -50.254  -1.907 0.4000000060
25227  29.803  -48.977  -2.080 0.4000000060
25239  34.715  -49.292  -3.626 0.6000000238
25248  31.680  -49.219  -4.561 0.5000000000
25254  34.536  -48.742  -5.328 0.6000000238
25256  36.609  -49.783  -7.209 0.4000000060
25257  36.070  -49.686  -6.569 0.5000000000
25258  35.604  -49.662  -5.910 0.5000000000
25260  32.414  -48.861  -6.940 0.6000000238
25261  39.337  -49.650  -8.812 0.5000000000
26040  38.741  -47.347  -1.810 0.5000000000
26053  36.345  -48.045  -2.402 0.6999999881
26056  29.223  -48.399  -1.978 0.4000000060
26062  39.429  -48.244  -3.443 0.6000000238
26065  31.147  -48.552  -3.519 0.5000000000
26084  37.715  -48.803  -8.276 0.5000000000
26086  32.466  -48.207  -7.413 0.6000000238
26093  32.758  -47.950  -7.863 0.4000000060
26102  39.468  -47.654  -10.613 0.5000000000
26794  36.605  -46.774  0.676 0.5000000000
26807  38.076  -46.273  -0.913 0.5000000000
26808  37.815  -46.503  -0.409 0.5000000000
26820  34.791  -47.637  -1.550 0.6999999881
26828  38.538  -46.949  -1.978 0.5000000000
26829  30.130  -47.645  -2.615 0.5000000000
26842  33.881  -47.375  -4.801 0.6000000238
26844  31.352  -47.322  -4.742 0.6000000238
26845  30.948  -46.948  -4.082 0.5000000000
26857  34.632  -47.203  -6.047 0.6000000238
26861  36.503  -47.272  -7.686 0.6000000238
26868  32.880  -47.419  -8.091 0.5000000000
26869  39.922  -47.929  -9.951 0.5000000000
26870  37.788  -47.611  -10.346 0.5000000000
26874  39.618  -47.728  -10.455 0.5000000000
27548  36.517  -45.430  1.176 0.3000000119
27562  37.229  -45.667  0.222 0.5000000000
27576  37.367  -45.773  -0.210 0.5000000000
27580  32.863  -46.320  -1.108 0.6999999881
27596  33.249  -46.945  -2.618 0.6000000238
27597  29.946  -46.973  -2.646 0.4000000060
27598  29.611  -46.233  -2.696 0.5000000000
27612  33.513  -45.985  -4.376 0.6999999881
27614  30.900  -46.287  -4.278 0.5000000000
27630  32.012  -46.880  -7.249 0.6000000238
27631  39.372  -47.036  -9.742 0.5000000000
27639  34.114  -45.783  -8.901 0.6000000238
27641  39.143  -46.921  -10.619 0.5000000000
28318  36.275  -44.769  1.418 0.4000000060
28334  36.371  -44.857  1.081 0.5000000000
28349  35.888  -45.387  0.361 0.5000000000
28375  32.887  -45.167  -3.441 0.6000000238
28395  34.242  -45.031  -5.692 0.8000000119
28405  38.196  -46.347  -8.884 0.5000000000
28407  36.643  -45.627  -7.858 0.6000000238
28413  32.363  -45.468  -7.900 0.6000000238
28414  39.072  -45.489  -10.210 0.5000000000
28419  38.935  -45.077  -10.427 0.6000000238
28420  38.362  -45.303  -10.515 0.5000000000
28422  38.744  -44.610  -10.621 0.5000000000
29054  36.301  -44.013  2.084 0.4000000060
29055  36.088  -43.839  1.985 0.4000000060
29076  31.992  -44.310  0.358 0.5000000000
29091  31.910  -44.675  -0.496 0.4000000060
29101  31.918  -44.952  -1.365 0.5000000000
29110  31.877  -44.327  -2.083 0.6000000238
29145  35.290  -44.645  -6.854 0.8000000119
29147  31.696  -44.634  -6.813 0.6000000238
29150  37.246  -44.913  -8.377 0.6999999881
29158  32.273  -43.991  -7.924 0.6999999881
29817  33.522  -43.057  2.379 0.4000000060
29834  32.779  -43.394  1.806 0.5000000000
29851  32.255  -43.927  1.148 0.5000000000
29886  33.048  -43.591  -4.232 0.6999999881
29919  35.231  -43.130  -7.125 0.8000000119
29920  34.470  -43.698  -6.215 0.8000000119
29929  31.888  -43.146  -7.084 0.6000000238
29935  33.269  -43.456  -8.603 0.6999999881
29940  36.260  -43.153  -10.046 0.6999999881
29942  34.503  -43.393  -9.245 0.8000000119
29945  38.338  -43.774  -10.809 0.6000000238
30689  34.947  -42.818  3.152 0.3000000119
30704  32.360  -42.655  1.700 0.5000000000
30741  31.461  -42.632  -1.458 0.4000000060
30753  32.022  -42.191  -3.312 0.6999999881
30761  33.462  -42.163  -4.916 0.6999999881
30762  33.035  -42.140  -4.357 0.6999999881
30776  33.852  -42.223  -5.576 0.6999999881
30787  31.748  -42.053  -6.336 0.6000000238
30791  36.964  -42.280  -8.423 0.8000000119
30792  36.344  -42.629  -7.972 0.6999999881
30799  37.779  -41.839  -8.870 0.8999999762
30801  32.467  -42.545  -8.033 0.6999999881
30804  39.506  -42.745  -10.673 0.8999999762
30806  35.637  -42.419  -9.743 0.6999999881
30810  39.520  -43.118  -11.016 0.6999999881
30813  39.390  -43.118  -11.137 0.8000000119
31473  34.799  -41.086  3.535 0.3000000119
31489  33.415  -41.515  2.380 0.5000000000
31490  32.839  -42.069  2.156 0.5000000000
31503  32.175  -41.856  1.451 0.4000000060
31504  31.661  -41.966  0.894 0.4000000060
31533  31.373  -41.160  -0.454 0.4000000060
31551  31.430  -41.250  -2.143 0.6000000238
31559  32.203  -41.397  -3.625 0.6000000238
31600  32.257  -41.708  -7.830 0.6999999881
31601  32.022  -41.198  -7.384 0.6999999881
31614  33.689  -41.054  -9.070 0.8000000119
31618  37.816  -41.108  -10.962 0.8999999762
31620  39.630  -41.636  -11.183 0.8999999762
32365  34.570  -40.571  3.095 0.3000000119
32396  32.444  -41.108  1.236 0.4000000060
32412  31.644  -40.803  0.227 0.4000000060
32442  37.978  -40.626  -1.925 0.3000000119
32443  37.459  -40.349  -1.689 0.3000000119
32444  31.310  -40.322  -0.990 0.4000000060
32455  38.768  -41.116  -2.989 0.3000000119
32456  38.215  -40.646  -2.402 0.3000000119
32471  31.507  -40.574  -2.405 0.6000000238
32476  32.895  -40.734  -4.545 0.6999999881
32477  32.341  -40.681  -3.976 0.6000000238
32486  33.850  -40.779  -5.673 0.6999999881
32487  33.396  -40.759  -5.081 0.6999999881
32488  31.700  -40.638  -6.146 0.5000000000
32500  34.881  -40.670  -6.969 0.8000000119
32502  31.885  -40.633  -6.972 0.6000000238
32507  37.119  -40.312  -8.402 0.8000000119
32508  36.217  -41.252  -8.017 0.8000000119
32513  39.419  -40.399  -9.947 0.8999999762
32516  32.592  -40.308  -8.455 0.6999999881
32522  35.754  -40.095  -9.763 0.8000000119
32527  39.942  -40.362  -11.174 0.8999999762
32531  39.733  -40.310  -11.358 0.8999999762
33283  34.123  -39.845  1.449 0.5000000000
33301  32.367  -39.695  0.430 0.4000000060
33320  37.274  -40.259  -0.701 0.3000000119
33321  36.600  -40.286  -0.728 0.3000000119
33322  36.285  -40.241  -1.010 0.3000000119
33323  35.968  -39.935  -0.587 0.3000000119
33324  31.944  -39.242  0.023 0.4000000060
33345  38.476  -40.343  -2.777 0.3000000119
33346  37.939  -40.338  -2.354 0.3000000119
33362  32.403  -39.179  -4.014 0.6000000238
33372  34.074  -39.404  -5.728 0.8000000119
33373  33.432  -39.196  -5.098 0.8000000119
33387  35.918  -39.802  -7.663 0.8000000119
33395  31.885  -40.000  -7.363 0.6999999881
33402  32.220  -39.541  -8.261 0.8000000119
33408  35.245  -39.414  -9.572 0.8000000119
33410  33.701  -39.526  -8.942 0.6999999881
33414  38.126  -39.441  -11.096 1.0000000000
34270  35.450  -39.138  2.742 0.4000000060
34303  39.769  -38.604  0.682 0.3000000119
34304  38.759  -38.713  0.717 0.3000000119
34305  37.691  -38.928  0.775 0.3000000119
34306  36.531  -39.333  0.675 0.3000000119
34308  33.609  -38.847  0.544 0.5000000000
34310  32.229  -38.511  -0.079 0.5000000000
34324  36.532  -39.241  -1.202 0.3000000119
34325  36.023  -39.680  -0.904 0.3000000119
34327  31.769  -38.897  -0.594 0.5000000000
34336  36.955  -39.732  -1.650 0.3000000119
34338  31.912  -37.980  -1.816 0.6000000238
34345  37.971  -39.784  -2.381 0.3000000119
34357  31.901  -38.935  -3.231 0.6000000238
34373  42.823  -38.253  -5.143 0.3000000119
34390  31.458  -38.294  -7.039 0.6999999881
34391  31.161  -38.382  -6.400 0.6999999881
34397  36.504  -38.323  -7.805 0.8000000119
34401  38.040  -38.854  -8.815 0.8000000119
34408  36.443  -38.565  -10.165 0.8000000119
34410  34.800  -38.727  -9.429 0.8000000119
34415  39.728  -39.228  -11.237 0.8999999762
34420  39.551  -39.018  -11.421 1.0000000000
35269  34.140  -38.116  0.466 0.5000000000
35270  33.417  -37.716  0.299 0.5000000000
35283  37.159  -37.870  -0.620 0.4000000060
35298  32.336  -37.309  -1.338 0.6000000238
35313  40.930  -37.366  -3.301 0.3000000119
35321  42.354  -37.937  -4.587 0.3000000119
35322  41.824  -37.618  -4.097 0.3000000119
35323  34.050  -36.559  -4.626 0.8000000119
35336  34.220  -37.912  -5.417 0.8000000119
35345  36.173  -36.906  -7.232 0.8000000119
35346  35.629  -37.399  -6.767 0.8000000119
35348  31.351  -37.165  -6.736 0.6000000238
35355  31.624  -37.636  -7.390 0.8000000119
35358  38.913  -37.650  -9.755 0.8999999762
35361  32.053  -38.029  -8.123 0.8000000119
35368  34.501  -37.368  -9.324 0.8999999762
36126  35.235  -36.572  0.478 0.5000000000
36128  33.763  -36.796  0.128 0.6000000238
36158  39.313  -36.565  -1.537 0.4000000060
36172  32.851  -36.736  -2.830 0.6999999881
36179  40.745  -36.028  -2.861 0.4000000060
36202  31.578  -35.904  -6.110 0.6999999881
36210  42.884  -35.924  -5.991 0.4000000060
36225  37.971  -36.298  -9.009 0.8000000119
36226  37.309  -36.600  -8.343 0.8000000119
36228  32.574  -36.627  -8.308 0.8999999762
36235  35.359  -36.176  -9.597 1.0000000000
36237  33.827  -36.831  -9.056 0.8999999762
36242  39.894  -37.146  -11.660 1.0000000000
36249  40.257  -35.965  -12.135 1.0000000000
36943  35.543  -35.822  0.468 0.5000000000
36944  34.819  -35.807  0.344 0.5000000000
36960  36.700  -34.794  0.127 0.5000000000
36962  33.785  -35.666  -0.786 0.6999999881
36974  33.545  -35.496  -1.733 0.6999999881
36990  40.884  -35.140  -2.914 0.4000000060
36991  33.839  -35.536  -3.651 0.6999999881
37009  42.238  -34.987  -5.043 0.4000000060
37010  35.525  -35.913  -6.174 0.6999999881
37011  34.799  -35.381  -5.192 0.8000000119
37020  31.773  -35.838  -6.757 0.6999999881
37025  43.661  -35.114  -7.045 0.4000000060
37027  36.527  -35.268  -7.775 0.8000000119
37036  33.537  -35.520  -8.591 0.8999999762
37043  40.071  -35.726  -11.496 1.0000000000
37052  36.510  -35.815  -10.507 1.0000000000
37057  40.355  -35.543  -12.029 1.0000000000
37058  39.749  -35.853  -12.408 1.0000000000
37815  37.388  -34.385  -0.238 0.5000000000
37817  34.524  -34.315  -0.906 0.6999999881
37830  39.321  -34.376  -1.224 0.5000000000
37832  34.265  -34.205  -1.788 0.6999999881
37841  40.438  -34.665  -2.325 0.4000000060
37842  34.215  -34.234  -2.774 0.6000000238
37863  41.925  -34.484  -4.231 0.4000000060
37865  32.178  -34.062  -4.781 0.6999999881
37893  32.733  -34.977  -7.359 0.8999999762
37897  38.501  -34.921  -9.908 1.0000000000
37899  33.923  -34.717  -8.621 0.8999999762
37907  35.452  -34.748  -9.781 0.8999999762
37915  36.754  -34.522  -10.855 1.0000000000
37923  40.276  -34.814  -12.075 1.0000000000
37925  38.372  -34.461  -12.045 1.0000000000
37928  40.147  -34.651  -12.216 1.0000000000
37929  39.871  -34.145  -12.299 1.0000000000
38701  39.159  -32.914  -0.804 0.4000000060
38718  40.386  -33.348  -1.653 0.4000000060
38741  42.371  -33.295  -3.776 0.4000000060
38744  31.323  -33.108  -3.344 0.6999999881
38759  31.809  -33.562  -3.973 0.8000000119
38766  42.900  -33.760  -5.333 0.4000000060
38767  34.896  -33.747  -5.448 0.6999999881
38773  43.813  -33.649  -6.298 0.4000000060
38775  35.325  -33.623  -6.156 0.6999999881
38794  34.199  -34.008  -8.652 0.8999999762
38801  38.929  -33.385  -10.498 1.0000000000
38806  40.033  -33.481  -12.007 1.0000000000
38816  39.135  -33.884  -12.378 1.0000000000
38817  38.122  -33.550  -11.843 1.0000000000
39538  38.485  -32.324  -0.706 0.5000000000
39540  36.544  -32.438  -0.697 0.5000000000
39541  35.790  -32.534  -0.838 0.5000000000
39559  35.313  -32.274  -1.337 0.6000000238
39569  41.678  -32.854  -2.103 0.4000000060
39581  42.094  -33.141  -2.873 0.4000000060
39584  31.386  -32.261  -3.379 0.8000000119
39598  34.754  -32.402  -4.198 0.6000000238
39608  35.253  -32.343  -5.546 0.6999999881
39615  44.614  -32.472  -6.392 0.4000000060
39624  44.901  -32.879  -7.057 0.3000000119
39626  34.345  -32.577  -7.877 0.8999999762
39635  35.047  -32.205  -9.074 1.0000000000
39649  39.810  -32.574  -11.923 1.0000000000
39652  35.780  -32.523  -10.151 1.0000000000
40467  37.642  -31.772  -0.803 0.5000000000
40468  36.749  -31.765  -0.961 0.6000000238
40484  42.321  -31.154  -1.782 0.4000000060
40488  36.318  -31.292  -1.452 0.6000000238
40500  34.840  -31.905  -2.609 0.6000000238
40506  43.443  -31.280  -3.430 0.4000000060
40510  32.006  -31.128  -3.963 0.8000000119
40511  31.396  -31.452  -3.565 0.8000000119
40524  43.844  -31.476  -4.335 0.3000000119
40525  35.396  -31.241  -4.390 0.6000000238
40531  44.128  -31.902  -5.005 0.4000000060
40544  34.187  -31.084  -6.665 1.0000000000
40552  36.873  -31.844  -7.414 0.8000000119
40558  46.480  -31.360  -8.799 0.3000000119
40560  38.571  -31.000  -9.358 0.8999999762
40563  34.782  -31.754  -8.268 1.0000000000
40567  46.673  -31.611  -9.707 0.3000000119
40569  36.003  -31.275  -10.201 1.0000000000
40576  47.798  -31.597  -10.863 0.3000000119
40579  37.078  -32.052  -11.149 1.0000000000
40585  39.674  -31.272  -11.758 1.0000000000
40586  39.181  -31.479  -12.198 1.0000000000
40588  39.425  -31.082  -12.064 1.0000000000
41426  39.950  -30.474  -0.631 0.5000000000
41428  38.339  -30.701  -0.978 0.5000000000
41444  42.013  -30.539  -1.390 0.4000000060
41446  40.747  -30.893  -0.730 0.5000000000
41448  36.855  -30.586  -1.733 0.6000000238
41460  37.491  -29.804  -1.933 0.6000000238
41466  35.982  -30.652  -2.986 0.6000000238
41480  36.749  -29.981  -4.474 0.6999999881
41486  28.330  -30.153  -4.188 0.6000000238
41494  45.132  -29.856  -5.775 0.3000000119
41507  36.931  -30.562  -6.312 0.8000000119
41513  46.368  -30.243  -7.849 0.3000000119
41516  37.836  -30.472  -7.546 0.8000000119
41541  39.701  -30.429  -11.184 1.0000000000
42420  40.296  -29.596  -0.571 0.5000000000
42439  38.655  -29.099  -1.259 0.6000000238
42455  42.790  -29.383  -1.990 0.4000000060
42462  37.275  -29.419  -3.229 0.6999999881
42492  33.302  -29.577  -5.832 0.8999999762
42493  32.567  -29.468  -5.394 0.8000000119
42495  31.025  -29.136  -5.231 0.8000000119
42498  28.217  -29.218  -5.697 0.6000000238
42505  38.119  -29.241  -6.557 0.8000000119
42529  39.248  -29.454  -10.237 1.0000000000
42531  36.689  -29.612  -10.496 1.0000000000
42532  36.126  -29.762  -9.642 1.0000000000
42539  37.281  -29.405  -11.287 1.0000000000
42541  39.063  -29.680  -12.287 1.0000000000
42544  38.966  -28.850  -12.208 1.0000000000
43411  41.184  -28.589  -0.693 0.5000000000
43413  39.659  -28.965  -0.627 0.5000000000
43423  41.740  -28.376  -1.129 0.5000000000
43424  38.387  -28.189  -0.984 0.6000000238
43426  37.249  -27.916  -1.745 0.6999999881
43460  37.294  -28.556  -3.673 0.6999999881
43472  37.586  -28.806  -5.098 0.8000000119
43477  30.399  -28.984  -5.932 0.8000000119
43479  28.471  -29.147  -6.770 0.6000000238
43507  38.431  -28.905  -7.315 0.8000000119
43509  34.170  -28.479  -7.444 1.0000000000
43510  33.590  -28.248  -7.205 1.0000000000
43512  30.023  -28.299  -7.796 0.8999999762
43520  38.584  -28.804  -8.354 0.8999999762
43534  39.252  -28.895  -11.013 1.0000000000
43538  39.245  -29.038  -11.778 1.0000000000
44358  41.152  -27.189  -0.617 0.4000000060
44381  36.529  -27.688  -2.144 0.6999999881
44431  37.599  -28.219  -6.478 0.8000000119
44434  32.985  -27.938  -7.059 0.8999999762
44437  29.645  -28.311  -7.515 0.8000000119
44450  37.525  -27.811  -7.520 0.8000000119
44462  37.712  -27.719  -8.629 0.8000000119
44465  34.172  -27.400  -8.465 1.0000000000
44474  38.427  -28.124  -10.052 1.0000000000
44479  38.229  -26.612  -11.511 1.0000000000
44482  38.421  -27.459  -12.301 1.0000000000
44483  38.066  -27.388  -12.525 1.0000000000
45234  40.494  -26.494  -0.394 0.5000000000
45235  39.678  -26.693  -0.242 0.6000000238
45238  37.330  -26.081  -0.553 0.6999999881
45244  42.935  -25.644  -1.830 0.3000000119
45295  34.881  -26.375  -5.174 0.6999999881
45310  35.558  -26.228  -6.790 0.6999999881
45312  30.153  -27.036  -7.075 0.8000000119
45315  27.131  -26.827  -6.468 0.5000000000
45327  36.443  -26.791  -7.974 0.8000000119
45348  31.865  -26.068  -9.818 1.0000000000
45350  37.925  -26.205  -12.068 1.0000000000
45355  38.013  -26.653  -12.409 1.0000000000
46197  39.367  -25.393  -0.130 0.6999999881
46206  36.269  -25.573  -1.054 0.6999999881
46207  35.610  -25.584  -1.508 0.6999999881
46212  35.077  -25.535  -2.001 0.6999999881
46213  34.785  -25.358  -2.671 0.6999999881
46221  34.635  -25.151  -3.377 0.6000000238
46277  31.216  -26.215  -7.707 1.0000000000
46284  31.241  -26.583  -8.968 0.8999999762
46290  36.808  -24.706  -10.527 1.0000000000
46297  34.439  -24.924  -11.024 1.0000000000
46298  33.308  -24.588  -10.533 1.0000000000
46299  37.390  -25.985  -12.116 1.0000000000
46301  36.119  -24.815  -12.005 1.0000000000
47098  40.704  -24.376  -0.596 0.5000000000
47099  39.912  -24.222  -0.406 0.6000000238
47102  37.265  -24.769  -0.565 0.6999999881
47111  36.028  -24.745  -1.287 0.6999999881
47153  31.700  -24.399  -5.667 0.6999999881
47154  30.937  -24.670  -5.547 0.8999999762
47165  32.191  -24.577  -6.177 0.6999999881
47198  36.177  -23.163  -11.186 0.8999999762
47202  35.874  -24.235  -11.943 1.0000000000
47203  35.255  -23.627  -11.723 1.0000000000
47990  40.219  -23.609  -0.663 0.6000000238
48003  38.907  -23.162  -0.936 0.6000000238
48020  34.709  -23.834  -4.312 0.6999999881
48030  34.815  -23.818  -5.139 0.6999999881
48043  35.008  -23.707  -5.869 0.6999999881
48059  26.770  -23.936  -6.800 0.5000000000
48090  34.320  -23.174  -11.443 1.0000000000
48092  35.705  -22.967  -11.700 1.0000000000
48866  41.042  -22.458  -1.440 0.4000000060
48867  40.070  -22.411  -1.513 0.5000000000
48883  36.144  -22.347  -2.300 0.5000000000
48900  34.883  -23.311  -4.739 0.6000000238
48913  35.307  -22.640  -5.682 0.6000000238
48916  31.396  -23.061  -5.333 0.6999999881
48962  34.470  -21.715  -11.388 0.8999999762
48963  33.869  -22.053  -11.255 0.8999999762
49723  40.310  -21.606  -2.804 0.4000000060
49724  39.087  -21.591  -2.574 0.5000000000
49725  37.829  -21.024  -2.210 0.4000000060
49728  35.877  -21.241  -3.035 0.5000000000
49770  32.490  -21.735  -5.005 0.6000000238
49808  36.021  -21.125  -8.705 0.6000000238
49825  35.609  -20.515  -9.545 0.6000000238
50625  39.703  -20.850  -3.136 0.4000000060
50640  40.670  -20.314  -3.985 0.4000000060
50697  33.917  -20.718  -7.665 0.6999999881
50698  29.053  -19.973  -7.160 0.5000000000
50715  36.188  -19.074  -8.440 0.5000000000
50716  35.765  -19.704  -8.909 0.6000000238
50718  27.493  -19.980  -8.436 0.5000000000
50735  35.016  -20.453  -10.268 0.6999999881
51530  36.333  -19.587  -4.067 0.5000000000
51541  33.995  -19.349  -4.321 0.4000000060
51542  33.201  -19.697  -3.854 0.3000000119
51564  36.504  -18.371  -7.454 0.4000000060
51567  29.368  -19.455  -7.024 0.4000000060
51579  28.900  -19.437  -7.598 0.3000000119
51596  27.302  -19.372  -8.808 0.4000000060
52427  34.156  -18.288  -3.686 0.4000000060
52428  33.470  -18.363  -3.596 0.3000000119
52437  34.685  -18.378  -4.411 0.4000000060
52458  36.479  -17.849  -6.879 0.4000000060
52476  36.182  -17.792  -7.585 0.4000000060
52477  35.749  -17.727  -7.637 0.4000000060
52489  35.542  -18.274  -8.071 0.5000000000
53273  40.232  -16.916  -3.860 0.4000000060
53275  38.745  -17.400  -3.502 0.4000000060
53290  35.964  -16.877  -4.812 0.4000000060
53301  30.881  -17.693  -5.626 0.4000000060
54110  37.899  -16.282  -4.292 0.3000000119
54113  35.131  -16.464  -3.303 0.3000000119
54114  33.616  -16.421  -2.964 0.4000000060
54133  30.689  -16.918  -6.268 0.3000000119
54160  29.460  -16.915  -8.646 0.3000000119
54170  29.270  -16.640  -9.287 0.3000000119
54981  34.847  -15.298  -2.664 0.3000000119
54998  33.404  -15.156  -2.857 0.4000000060
54999  32.797  -15.177  -3.335 0.3000000119
55827  35.401  -14.710  -2.683 0.3000000119
55889  30.758  -14.526  -7.139 0.3000000119
56715  32.308  -13.599  -4.364 0.3000000119
56765  31.000  -12.933  -8.523 0.3000000119
57574  33.155  -12.856  -3.244 0.4000000060
57665  30.473  -12.411  -10.542 0.3000000119
58516  33.670  -11.499  -3.291 0.4000000060
60405  31.551  -10.014  -10.443 0.3000000119
60420  31.383  -9.283  -11.330 0.3000000119
60422  29.522  -9.661  -11.555 0.3000000119
61313  32.976  -8.093  -7.968 0.3000000119
61330  31.841  -8.971  -10.987 0.3000000119
107725  37.688  -35.777  -0.219 0.5000000000
108272  35.477  -27.217  -5.374 0.6999999881
108833  33.626  -30.797  -5.931 0.8999999762
108835  39.790  -37.377  -11.842 1.0000000000
108936  34.661  -43.066  -6.554 0.8000000119
108963  32.191  -35.460  -7.042 0.8999999762
109561  31.870  -19.346  -4.271 0.5000000000
109941  40.108  -19.682  -3.505 0.4000000060
110028  41.351  -27.935  -0.757 0.4000000060
110073  40.028  -40.423  -10.919 0.8999999762
110161  41.456  -21.303  -3.373 0.3000000119
110625  38.072  -40.044  -0.742 0.3000000119
110771  27.072  -50.946  -3.720 0.3000000119
110884  41.692  -25.809  -0.982 0.3000000119
110936  30.390  -27.991  -8.080 0.8999999762
111160  39.238  -44.260  -10.100 0.6999999881
111250  34.095  -37.253  0.384 0.5000000000
111456  39.490  -39.647  -0.858 0.3000000119
111530  41.552  -29.049  -0.985 0.5000000000
111803  36.025  -34.103  -7.249 0.6999999881
112263  37.001  -33.911  -8.360 0.6999999881
112420  38.653  -28.691  -9.233 1.0000000000
112993  42.492  -35.657  -5.427 0.4000000060
113168  38.684  -27.590  -12.043 1.0000000000
113242  30.328  -17.030  -6.995 0.3000000119
113870  35.968  -37.821  -9.847 0.8999999762
113893  38.525  -30.960  -12.027 1.0000000000
114343  41.716  -36.051  -3.881 0.4000000060
114408  36.557  -33.855  -0.149 0.6000000238
114586  34.369  -34.445  -3.745 0.6999999881
114723  36.451  -39.927  -10.154 0.8000000119
114903  37.422  -43.595  -8.544 0.6000000238
114979  43.507  -37.079  -6.384 0.3000000119
115030  34.989  -43.885  -9.425 0.6000000238
115112  39.733  -39.141  -10.728 0.8999999762
115151  32.556  -31.004  -4.472 0.8000000119
115534  32.820  -37.970  -8.601 0.8999999762
115573  30.325  -12.336  -10.669 0.3000000119
115939  33.132  -15.902  -3.038 0.3000000119
116152  28.774  -30.734  -3.684 0.6999999881
116467  28.550  -51.905  -2.145 0.4000000060
116587  33.865  -48.117  -3.271 0.6000000238
117134  35.305  -48.318  -6.484 0.6000000238
117224  39.951  -33.142  -12.009 1.0000000000
117410  29.232  -55.844  -3.352 0.4000000060
117448  39.218  -44.041  -10.601 0.6000000238
117459  28.242  -20.833  -7.480 0.5000000000
117500  35.374  -26.775  -2.485 0.6999999881
117542  30.255  -24.939  -5.509 0.6999999881
117650  39.264  -46.898  -10.455 0.5000000000
118211  35.503  -23.969  -8.029 0.8000000119
118267  40.757  -36.790  -2.966 0.4000000060
118325  32.446  -24.830  -10.172 1.0000000000
118513  39.237  -30.065  -0.763 0.5000000000
119392  35.075  -39.127  -6.791 0.8000000119
119480  25.855  -54.907  -4.311 0.4000000060
119714  30.364  -48.805  -2.534 0.5000000000
119721  29.826  -12.921  -10.789 0.3000000119
119931  39.722  -38.611  -10.925 0.8999999762
120119  35.943  -46.262  -0.599 0.5000000000
120497  34.511  -32.946  -3.041 0.6000000238
120652  38.122  -46.371  -1.250 0.5000000000
120711  31.489  -39.289  -1.830 0.6000000238
121199  32.553  -37.352  -0.649 0.6000000238
121455  30.598  -14.194  -7.974 0.3000000119
121470  31.600  -41.880  -2.578 0.5000000000
121844  27.230  -23.508  -6.751 0.5000000000
121945  32.647  -46.235  -8.042 0.6000000238
122055  30.318  -14.307  -9.772 0.3000000119
122060  32.865  -40.064  0.795 0.4000000060
122507  38.555  -35.114  -0.715 0.5000000000
122833  31.987  -12.176  -6.203 0.3000000119
122874  31.366  -42.567  -0.706 0.4000000060
123181  30.351  -54.090  -2.814 0.4000000060
123367  31.869  -42.513  -6.914 0.6999999881
123374  39.396  -35.814  -1.431 0.4000000060
123794  35.845  -21.864  -2.736 0.5000000000
123921  36.679  -28.093  -4.167 0.6999999881
124017  32.995  -45.911  -0.348 0.6000000238
124031  31.243  -53.564  -3.624 0.4000000060
124384  35.257  -23.613  -6.461 0.6999999881
124453  33.071  -45.006  0.594 0.6000000238
124963  32.892  -39.409  -4.569 0.6999999881
125081  30.849  -45.064  -4.552 0.5000000000
125108  31.468  -47.962  -4.639 0.5000000000
125244  38.035  -19.295  -2.630 0.4000000060
125278  34.331  -39.944  2.147 0.4000000060
125552  34.774  -18.528  -7.612 0.5000000000
125936  35.692  -22.510  -11.307 0.8999999762
125990  38.759  -29.684  -8.879 0.8999999762
126123  37.737  -32.524  -8.768 0.8999999762
126280  44.779  -29.636  -5.251 0.3000000119
126320  35.250  -28.655  -8.685 1.0000000000
126577  33.777  -45.949  -4.917 0.8000000119
126605  44.238  -31.345  -4.835 0.3000000119
126638  32.961  -20.143  -3.883 0.3000000119
126674  32.574  -45.932  -0.886 0.6000000238
127020  31.907  -45.244  -7.278 0.6000000238
127479  28.438  -25.910  -5.749 0.6000000238
127549  36.189  -50.313  -4.316 0.6000000238
127637  38.536  -42.522  -11.165 0.8999999762
127808  44.120  -33.774  -6.696 0.3000000119
127893  36.747  -40.898  -8.299 0.8000000119
127912  35.896  -38.503  -7.430 0.8000000119
127973  32.124  -48.794  -6.361 0.5000000000
128094  32.690  -28.510  -6.212 0.8999999762
128305  35.576  -21.096  -4.432 0.5000000000
128337  34.644  -25.862  -4.742 0.6999999881
128490  35.800  -44.577  -7.293 0.8000000119
128558  28.169  -28.799  -6.930 0.5000000000
128642  41.006  -16.139  -4.633 0.4000000060
128652  37.518  -19.235  -2.903 0.4000000060
128944  37.272  -36.028  -11.048 1.0000000000
128951  36.831  -33.105  -0.455 0.5000000000
128959  37.923  -26.606  -10.783 1.0000000000
