#!ascii label  , from subject sub-v2s18x29511_ses-1 vox2ras=TkReg
2047
66555  53.312  -12.543  52.272 0.0000000000
47554  42.877  -31.336  61.811 0.0000000000
41200  27.027  -37.940  65.598 0.0000000000
43311  24.042  -34.769  70.125 0.0000000000
41154  38.787  -36.828  67.661 0.0000000000
45560  31.975  -34.030  59.101 0.0000000000
63575  54.916  -15.133  53.424 0.0000000000
70521  58.710  -8.282  47.444 0.0000000000
64501  50.864  -15.257  61.563 0.0000000000
126554  44.118  -23.178  56.596 0.0000000000
51788  34.845  -27.617  52.330 0.0000000000
39136  30.482  -39.776  72.270 0.0000000000
40132  24.900  -39.015  67.150 0.0000000000
41080  27.723  -37.955  74.835 0.0000000000
42195  33.233  -36.440  68.180 0.0000000000
142849  54.520  -11.023  62.466 0.0000000000
47449  45.996  -31.957  67.528 0.0000000000
51601  46.595  -27.673  65.997 0.0000000000
55604  47.775  -23.592  62.322 0.0000000000
52673  42.246  -27.322  59.984 0.0000000000
52767  39.579  -26.753  53.154 0.0000000000
48671  39.513  -30.165  56.561 0.0000000000
125732  25.361  -34.151  57.398 0.0000000000
46635  27.726  -32.685  54.290 0.0000000000
69563  54.278  -9.369  48.928 0.0000000000
67638  54.124  -11.570  43.383 0.0000000000
133140  23.853  -37.148  59.706 0.0000000000
40194  22.285  -38.412  60.763 0.0000000000
44446  40.840  -35.292  64.494 0.0000000000
46550  37.614  -32.368  60.483 0.0000000000
42287  35.743  -35.681  63.363 0.0000000000
43395  29.276  -35.154  62.713 0.0000000000
66535  58.362  -12.673  54.501 0.0000000000
44252  25.325  -33.751  79.234 0.0000000000
45366  20.817  -33.054  74.795 0.0000000000
71414  56.246  -7.697  54.013 0.0000000000
136941  53.157  -10.576  56.498 0.0000000000
66477  57.557  -12.515  58.812 0.0000000000
64543  52.676  -14.455  57.455 0.0000000000
61684  49.712  -17.881  55.286 0.0000000000
59620  51.928  -18.731  64.708 0.0000000000
57698  49.201  -20.838  58.182 0.0000000000
58784  44.879  -20.774  52.257 0.0000000000
56772  40.171  -22.456  50.030 0.0000000000
48677  33.679  -30.615  56.312 0.0000000000
40063  31.723  -39.215  74.349 0.0000000000
39126  28.598  -39.729  72.648 0.0000000000
140526  29.763  -37.387  75.315 0.0000000000
39124  33.399  -40.300  72.478 0.0000000000
47498  44.854  -31.940  64.598 0.0000000000
50662  45.209  -29.120  63.963 0.0000000000
52621  44.962  -27.095  63.542 0.0000000000
49653  42.889  -28.924  60.817 0.0000000000
50737  41.821  -28.990  58.424 0.0000000000
48626  41.599  -30.618  59.460 0.0000000000
41325  22.523  -37.234  55.485 0.0000000000
43519  23.484  -35.490  54.124 0.0000000000
68570  52.754  -10.395  50.848 0.0000000000
68605  52.650  -11.232  47.831 0.0000000000
66596  53.204  -13.054  49.760 0.0000000000
41231  26.023  -37.186  63.091 0.0000000000
40206  23.394  -38.583  60.231 0.0000000000
39225  24.835  -39.348  63.046 0.0000000000
43319  25.316  -36.278  68.706 0.0000000000
138590  24.068  -37.458  65.760 0.0000000000
44422  23.259  -34.727  66.750 0.0000000000
44396  21.931  -33.728  68.378 0.0000000000
43342  42.784  -35.476  66.512 0.0000000000
42243  39.835  -36.643  65.674 0.0000000000
43371  38.396  -35.767  63.888 0.0000000000
41195  37.717  -36.784  65.892 0.0000000000
42212  29.884  -36.239  67.336 0.0000000000
42250  31.406  -36.187  65.679 0.0000000000
42274  28.445  -35.764  64.352 0.0000000000
43413  26.392  -35.186  61.605 0.0000000000
64604  57.072  -14.913  54.143 0.0000000000
64620  58.062  -14.437  52.881 0.0000000000
63614  56.387  -15.469  51.742 0.0000000000
44296  18.329  -34.564  76.534 0.0000000000
67509  56.477  -11.337  57.820 0.0000000000
69423  56.075  -9.679  60.564 0.0000000000
65490  52.136  -13.192  61.845 0.0000000000
65505  53.454  -13.051  60.387 0.0000000000
132678  51.365  -14.614  59.525 0.0000000000
63543  50.474  -15.576  56.453 0.0000000000
61662  49.933  -17.217  58.106 0.0000000000
55634  45.969  -23.503  59.507 0.0000000000
56598  48.414  -22.676  60.618 0.0000000000
56631  46.730  -22.489  57.706 0.0000000000
57754  47.132  -21.008  55.315 0.0000000000
56698  44.450  -22.150  54.714 0.0000000000
57817  42.477  -21.560  51.493 0.0000000000
55732  41.835  -23.133  53.252 0.0000000000
53749  37.839  -25.853  51.008 0.0000000000
127898  34.690  -33.956  60.353 0.0000000000
47597  35.488  -31.540  58.688 0.0000000000
46589  32.483  -32.564  57.487 0.0000000000
47659  28.382  -31.370  52.602 0.0000000000
70555  61.610  -8.286  44.259 0.0000000000
120716  59.270  -8.011  44.830 0.0000000000
40121  27.920  -39.040  68.640 0.0000000000
38328  26.079  -40.004  65.929 0.0000000000
38307  26.917  -40.333  68.951 0.0000000000
133301  26.699  -38.520  70.974 0.0000000000
42157  26.386  -36.671  72.749 0.0000000000
40088  37.762  -38.387  70.215 0.0000000000
41157  35.963  -36.825  67.992 0.0000000000
40091  34.711  -39.028  70.958 0.0000000000
40107  32.044  -38.230  70.356 0.0000000000
70322  54.999  -8.185  62.010 0.0000000000
64474  52.390  -13.913  64.392 0.0000000000
52600  47.213  -25.310  64.943 0.0000000000
53612  45.518  -24.977  61.882 0.0000000000
53678  42.789  -25.081  58.024 0.0000000000
54684  41.777  -24.747  55.201 0.0000000000
52733  41.461  -26.788  56.376 0.0000000000
50769  40.370  -28.834  55.534 0.0000000000
128355  36.961  -28.804  55.091 0.0000000000
45576  28.266  -33.841  58.275 0.0000000000
45609  29.498  -33.228  56.498 0.0000000000
45622  25.644  -33.528  55.266 0.0000000000
70513  56.828  -8.814  48.381 0.0000000000
128179  56.495  -9.260  45.401 0.0000000000
68611  54.150  -10.319  46.137 0.0000000000
39207  24.172  -39.269  63.633 0.0000000000
44442  44.141  -34.131  65.520 0.0000000000
45510  42.159  -33.016  63.005 0.0000000000
46534  40.654  -32.424  61.190 0.0000000000
45513  39.224  -34.108  62.507 0.0000000000
44473  36.328  -34.772  61.853 0.0000000000
43406  34.083  -34.765  61.430 0.0000000000
141771  34.687  -36.073  65.400 0.0000000000
43375  32.428  -35.618  63.154 0.0000000000
44477  30.834  -34.647  61.154 0.0000000000
44518  27.471  -34.129  59.854 0.0000000000
43436  24.607  -35.551  59.186 0.0000000000
66538  55.448  -12.703  53.117 0.0000000000
66583  55.332  -13.175  50.930 0.0000000000
66568  58.802  -12.363  52.285 0.0000000000
137774  26.865  -36.489  77.129 0.0000000000
44320  24.434  -34.688  74.370 0.0000000000
45335  22.918  -33.250  76.695 0.0000000000
44345  22.764  -34.260  72.497 0.0000000000
71466  58.004  -8.102  50.296 0.0000000000
70475  55.719  -8.337  51.533 0.0000000000
70460  53.786  -9.086  52.732 0.0000000000
67543  52.680  -11.461  54.692 0.0000000000
66511  56.019  -12.330  55.586 0.0000000000
65553  58.561  -13.024  56.168 0.0000000000
64570  56.189  -14.724  56.057 0.0000000000
67469  56.123  -11.670  60.996 0.0000000000
64531  55.208  -13.942  58.223 0.0000000000
124125  53.476  -14.579  55.173 0.0000000000
64590  51.064  -14.752  54.109 0.0000000000
141721  49.096  -16.447  52.711 0.0000000000
61615  52.388  -17.561  62.872 0.0000000000
57634  50.731  -21.666  63.479 0.0000000000
58646  51.530  -19.818  61.020 0.0000000000
60705  51.233  -18.905  59.855 0.0000000000
59741  49.658  -19.629  56.905 0.0000000000
59792  47.506  -19.882  53.778 0.0000000000
54730  40.283  -24.235  51.980 0.0000000000
47594  38.509  -30.709  58.700 0.0000000000
48674  36.343  -29.986  56.749 0.0000000000
49752  34.500  -29.145  54.566 0.0000000000
47638  30.504  -31.820  55.404 0.0000000000
48704  31.037  -30.033  54.002 0.0000000000
41079  30.672  -37.633  74.891 0.0000000000
42139  30.338  -36.521  74.566 0.0000000000
47521  43.765  -31.734  63.361 0.0000000000
48578  44.928  -30.629  64.068 0.0000000000
49639  44.174  -30.104  62.600 0.0000000000
50673  44.190  -29.281  62.662 0.0000000000
48616  43.090  -30.446  61.198 0.0000000000
48625  42.215  -30.354  59.872 0.0000000000
47579  41.974  -31.011  60.181 0.0000000000
67574  52.415  -11.947  51.218 0.0000000000
67581  52.413  -11.986  50.301 0.0000000000
66586  52.733  -12.547  50.922 0.0000000000
41214  26.613  -37.527  64.471 0.0000000000
127554  24.977  -38.828  62.167 0.0000000000
39214  25.827  -39.297  64.220 0.0000000000
43309  25.346  -35.691  69.645 0.0000000000
43333  24.336  -35.724  67.468 0.0000000000
43334  24.147  -35.076  68.067 0.0000000000
44409  22.716  -34.298  67.273 0.0000000000
141304  23.039  -34.337  68.993 0.0000000000
41124  39.299  -37.137  68.768 0.0000000000
41136  39.977  -36.760  68.065 0.0000000000
41151  40.855  -36.611  67.285 0.0000000000
123730  39.178  -36.717  66.974 0.0000000000
41194  38.310  -36.925  66.028 0.0000000000
121265  38.009  -36.856  67.075 0.0000000000
41177  28.063  -37.006  66.556 0.0000000000
42253  28.486  -36.363  65.784 0.0000000000
41213  27.030  -36.970  65.013 0.0000000000
42295  26.685  -36.385  63.468 0.0000000000
63574  55.737  -15.258  53.463 0.0000000000
63573  56.624  -15.190  53.370 0.0000000000
63597  55.233  -15.311  52.642 0.0000000000
70369  53.851  -7.250  59.996 0.0000000000
68472  54.153  -9.628  59.518 0.0000000000
69410  54.464  -7.688  60.693 0.0000000000
65491  51.500  -13.932  61.828 0.0000000000
65507  51.614  -13.696  61.049 0.0000000000
64513  50.717  -15.040  60.602 0.0000000000
63521  50.402  -15.710  59.149 0.0000000000
62558  50.236  -16.542  59.538 0.0000000000
55649  44.748  -23.571  58.184 0.0000000000
55647  46.647  -22.829  58.436 0.0000000000
55663  45.404  -22.812  57.341 0.0000000000
56673  45.375  -22.128  55.779 0.0000000000
55692  44.057  -22.761  55.838 0.0000000000
56700  43.054  -22.435  53.904 0.0000000000
55710  42.776  -22.841  54.603 0.0000000000
45559  32.729  -33.868  59.158 0.0000000000
46576  33.374  -33.090  58.610 0.0000000000
45571  32.833  -33.454  58.542 0.0000000000
71516  59.947  -7.669  45.585 0.0000000000
70543  59.028  -8.220  45.966 0.0000000000
40096  29.443  -39.041  70.777 0.0000000000
39165  27.556  -39.827  68.952 0.0000000000
39148  28.224  -40.037  70.640 0.0000000000
40064  28.538  -39.035  73.698 0.0000000000
39139  27.183  -39.688  71.290 0.0000000000
40076  27.089  -38.445  72.329 0.0000000000
131951  26.592  -37.561  71.265 0.0000000000
41089  26.953  -37.637  73.815 0.0000000000
41106  36.345  -38.360  71.371 0.0000000000
40089  36.471  -38.390  70.633 0.0000000000
40082  35.259  -39.375  71.557 0.0000000000
39135  31.474  -39.888  72.482 0.0000000000
39144  33.152  -39.663  71.487 0.0000000000
40095  30.459  -38.753  70.980 0.0000000000
41132  29.549  -37.751  69.608 0.0000000000
50638  46.927  -28.769  66.851 0.0000000000
52551  47.381  -26.898  67.838 0.0000000000
53549  47.375  -25.861  66.664 0.0000000000
53561  47.826  -24.857  65.514 0.0000000000
144162  46.931  -25.920  65.331 0.0000000000
52640  43.675  -26.992  62.149 0.0000000000
53599  44.891  -25.778  62.397 0.0000000000
52655  43.893  -25.843  61.284 0.0000000000
53646  44.039  -24.938  60.123 0.0000000000
53648  42.549  -25.973  59.278 0.0000000000
53679  42.293  -25.628  57.491 0.0000000000
52702  41.939  -26.682  58.313 0.0000000000
49712  40.625  -30.015  57.048 0.0000000000
50762  40.799  -28.869  56.309 0.0000000000
49733  40.093  -29.637  55.797 0.0000000000
49748  38.926  -29.045  54.961 0.0000000000
49735  38.482  -29.376  55.489 0.0000000000
45577  27.433  -33.888  58.237 0.0000000000
45595  27.911  -33.636  57.504 0.0000000000
45596  26.028  -33.835  56.938 0.0000000000
69562  55.881  -9.097  48.346 0.0000000000
138684  55.802  -9.195  47.389 0.0000000000
69574  54.471  -9.580  47.507 0.0000000000
67611  52.387  -12.008  46.461 0.0000000000
41272  23.317  -37.440  59.005 0.0000000000
40229  22.712  -38.079  58.440 0.0000000000
39187  25.498  -39.750  66.752 0.0000000000
38330  25.263  -39.566  65.132 0.0000000000
40153  24.632  -39.249  65.787 0.0000000000
42278  22.464  -36.335  64.092 0.0000000000
41222  22.588  -37.647  62.967 0.0000000000
142657  41.866  -35.882  65.684 0.0000000000
43341  43.540  -35.041  66.141 0.0000000000
44444  42.825  -34.763  64.928 0.0000000000
45500  43.369  -33.294  64.174 0.0000000000
44453  41.407  -34.366  63.951 0.0000000000
45511  41.089  -33.292  62.322 0.0000000000
44454  40.466  -34.543  63.619 0.0000000000
42285  37.221  -35.766  64.175 0.0000000000
43388  37.177  -35.433  62.943 0.0000000000
43390  35.818  -35.409  62.612 0.0000000000
43404  35.405  -35.066  61.899 0.0000000000
42305  35.040  -35.366  62.370 0.0000000000
41158  34.768  -36.564  67.961 0.0000000000
41176  35.187  -36.382  67.279 0.0000000000
42224  33.600  -36.150  66.715 0.0000000000
42292  30.412  -35.758  64.206 0.0000000000
42290  32.307  -36.043  64.079 0.0000000000
43394  30.677  -35.244  62.781 0.0000000000
127436  32.100  -35.223  62.393 0.0000000000
43409  30.493  -35.005  61.942 0.0000000000
44496  29.280  -34.388  60.717 0.0000000000
136132  28.410  -34.566  61.365 0.0000000000
42329  25.024  -36.290  60.657 0.0000000000
43426  25.496  -35.322  60.283 0.0000000000
42339  24.240  -36.290  59.485 0.0000000000
66537  57.648  -12.487  53.858 0.0000000000
66552  57.235  -12.701  52.566 0.0000000000
139821  58.466  -12.669  53.703 0.0000000000
64634  58.981  -13.664  52.010 0.0000000000
43218  26.282  -35.244  78.226 0.0000000000
43255  25.789  -35.636  75.688 0.0000000000
129938  25.290  -34.418  77.692 0.0000000000
45337  20.783  -33.044  76.508 0.0000000000
45351  21.466  -33.037  75.530 0.0000000000
45364  23.120  -33.508  75.062 0.0000000000
45377  21.574  -33.644  73.221 0.0000000000
44362  21.597  -33.871  71.786 0.0000000000
45389  20.266  -33.378  72.507 0.0000000000
123255  59.126  -7.682  50.603 0.0000000000
71431  57.544  -7.804  52.906 0.0000000000
70458  55.629  -8.208  53.026 0.0000000000
70476  54.250  -8.770  52.039 0.0000000000
70459  54.672  -8.556  53.063 0.0000000000
68508  53.088  -10.069  55.817 0.0000000000
68521  52.943  -10.053  54.793 0.0000000000
67527  52.869  -11.011  55.884 0.0000000000
66513  53.594  -12.265  55.382 0.0000000000
66502  53.891  -12.095  56.185 0.0000000000
67493  57.709  -11.156  58.407 0.0000000000
67522  58.080  -11.689  57.339 0.0000000000
66488  58.327  -12.094  57.464 0.0000000000
138343  57.483  -14.173  56.444 0.0000000000
65546  57.354  -13.656  57.681 0.0000000000
68439  55.073  -9.710  62.304 0.0000000000
68446  55.992  -10.001  61.647 0.0000000000
128424  54.910  -11.343  61.839 0.0000000000
64532  53.715  -13.987  58.573 0.0000000000
128054  54.577  -13.768  58.747 0.0000000000
64542  53.598  -14.280  57.760 0.0000000000
121768  54.473  -14.557  56.481 0.0000000000
64572  53.566  -14.580  56.066 0.0000000000
132865  52.407  -14.444  54.805 0.0000000000
136659  51.450  -14.677  55.654 0.0000000000
62592  49.942  -16.442  55.524 0.0000000000
62598  50.073  -15.788  54.874 0.0000000000
130242  49.472  -16.941  54.100 0.0000000000
61698  48.747  -18.017  53.229 0.0000000000
60662  52.305  -18.297  63.461 0.0000000000
55588  48.482  -23.335  63.575 0.0000000000
56558  49.923  -22.795  64.046 0.0000000000
55602  48.891  -22.830  63.006 0.0000000000
57674  48.770  -21.738  59.329 0.0000000000
57665  49.625  -21.437  60.565 0.0000000000
57664  50.170  -20.689  60.049 0.0000000000
59662  51.561  -19.151  60.711 0.0000000000
58697  50.435  -19.894  58.977 0.0000000000
59719  50.352  -19.264  57.990 0.0000000000
127551  49.637  -20.256  57.885 0.0000000000
57780  46.013  -21.294  54.021 0.0000000000
58755  47.042  -20.720  54.685 0.0000000000
143920  46.244  -20.344  52.795 0.0000000000
144031  46.725  -19.785  52.577 0.0000000000
58800  45.437  -20.187  51.640 0.0000000000
58820  44.225  -20.257  50.614 0.0000000000
57818  41.698  -21.782  51.229 0.0000000000
57843  41.372  -21.265  49.343 0.0000000000
53724  40.622  -25.723  54.118 0.0000000000
54710  40.677  -24.718  53.356 0.0000000000
53740  40.168  -25.328  52.862 0.0000000000
145771  37.674  -24.894  49.935 0.0000000000
123163  39.180  -32.449  60.907 0.0000000000
47569  39.333  -31.740  60.236 0.0000000000
46561  38.336  -31.724  60.026 0.0000000000
47625  33.977  -30.909  57.005 0.0000000000
47608  36.081  -30.740  58.099 0.0000000000
48676  34.519  -30.367  56.456 0.0000000000
49738  35.504  -29.313  55.557 0.0000000000
49740  33.822  -29.880  55.302 0.0000000000
46619  28.832  -32.863  55.218 0.0000000000
46617  30.204  -32.467  55.686 0.0000000000
46633  29.263  -32.388  54.785 0.0000000000
48706  29.563  -30.762  53.385 0.0000000000
49778  31.171  -28.895  52.783 0.0000000000
69601  55.639  -9.842  44.089 0.0000000000
69619  56.529  -9.612  43.443 0.0000000000
65624  55.625  -13.481  49.758 0.0000000000
38263  30.868  -40.251  73.118 0.0000000000
38279  29.277  -40.126  72.143 0.0000000000
39118  29.946  -39.886  73.541 0.0000000000
40054  29.127  -38.953  74.804 0.0000000000
40046  28.613  -38.157  75.283 0.0000000000
40062  32.388  -39.568  73.700 0.0000000000
47483  46.072  -31.912  66.047 0.0000000000
48526  46.594  -30.901  67.592 0.0000000000
48550  46.412  -31.072  66.091 0.0000000000
49604  46.415  -29.642  65.875 0.0000000000
50655  46.128  -28.113  65.401 0.0000000000
51616  45.698  -27.488  64.536 0.0000000000
51633  45.163  -28.029  63.848 0.0000000000
51649  43.433  -27.983  62.011 0.0000000000
51680  42.501  -28.133  60.415 0.0000000000
132314  41.984  -28.209  58.857 0.0000000000
50717  42.176  -28.930  59.209 0.0000000000
49700  41.506  -29.755  58.337 0.0000000000
48655  40.454  -30.262  57.558 0.0000000000
44557  23.788  -34.810  56.792 0.0000000000
44579  24.000  -34.469  56.214 0.0000000000
42415  22.954  -35.987  54.594 0.0000000000
69556  53.640  -9.654  49.634 0.0000000000
69564  53.630  -9.833  48.672 0.0000000000
68589  52.491  -11.117  49.753 0.0000000000
131887  52.451  -12.008  48.890 0.0000000000
42321  24.669  -37.332  60.810 0.0000000000
41262  23.626  -38.056  59.870 0.0000000000
143071  24.915  -38.538  61.732 0.0000000000
40191  24.433  -38.925  61.693 0.0000000000
39235  24.208  -39.319  62.120 0.0000000000
41163  25.363  -38.082  68.208 0.0000000000
41202  24.337  -38.505  65.923 0.0000000000
143349  24.306  -36.613  66.702 0.0000000000
42230  24.029  -36.413  66.102 0.0000000000
44424  21.787  -33.796  66.047 0.0000000000
43355  41.672  -36.226  66.239 0.0000000000
42262  40.369  -36.292  65.288 0.0000000000
43370  39.306  -35.784  64.130 0.0000000000
134290  39.191  -36.575  65.115 0.0000000000
42265  37.638  -36.320  64.975 0.0000000000
42266  36.850  -35.940  64.681 0.0000000000
42196  32.134  -36.434  68.109 0.0000000000
42210  32.277  -36.219  67.215 0.0000000000
42227  30.523  -36.161  66.812 0.0000000000
42272  29.933  -35.866  65.011 0.0000000000
43379  28.801  -35.412  63.508 0.0000000000
43396  28.441  -35.076  62.781 0.0000000000
42294  27.380  -35.646  63.393 0.0000000000
42309  26.280  -36.259  62.761 0.0000000000
64583  58.398  -13.701  54.403 0.0000000000
64602  58.527  -13.704  53.573 0.0000000000
64603  57.608  -14.697  53.488 0.0000000000
63613  57.433  -15.002  52.186 0.0000000000
44282  19.373  -34.656  77.702 0.0000000000
45353  19.427  -33.028  75.476 0.0000000000
45379  19.775  -33.115  73.393 0.0000000000
45369  18.222  -33.218  74.431 0.0000000000
68487  53.671  -10.282  58.152 0.0000000000
141832  54.324  -11.371  57.812 0.0000000000
68486  54.661  -10.530  59.071 0.0000000000
68485  56.216  -10.681  59.265 0.0000000000
67481  57.348  -11.165  59.326 0.0000000000
66411  53.460  -11.935  62.825 0.0000000000
66427  54.600  -11.963  61.502 0.0000000000
65489  53.057  -12.669  61.332 0.0000000000
65524  52.769  -13.587  59.931 0.0000000000
64534  51.836  -14.579  58.021 0.0000000000
63536  51.026  -15.110  56.848 0.0000000000
63528  51.072  -15.093  57.717 0.0000000000
62584  50.072  -16.277  56.844 0.0000000000
135489  49.880  -17.849  56.859 0.0000000000
145683  47.333  -23.673  61.343 0.0000000000
55612  48.134  -23.093  61.190 0.0000000000
55621  47.548  -23.177  60.350 0.0000000000
56615  47.570  -22.580  58.986 0.0000000000
57686  48.063  -21.835  58.222 0.0000000000
57714  48.359  -20.980  56.972 0.0000000000
57716  46.893  -21.703  56.402 0.0000000000
57735  45.852  -21.696  55.269 0.0000000000
57782  44.661  -21.573  53.479 0.0000000000
57815  44.036  -20.985  51.989 0.0000000000
57783  43.797  -21.687  53.188 0.0000000000
56743  42.448  -22.237  52.635 0.0000000000
55751  41.296  -22.898  52.165 0.0000000000
51783  39.040  -27.109  52.875 0.0000000000
130031  39.166  -26.087  52.153 0.0000000000
52789  37.569  -26.483  51.468 0.0000000000
52807  36.316  -26.296  50.785 0.0000000000
53774  35.570  -25.983  49.188 0.0000000000
46551  36.597  -32.963  60.581 0.0000000000
46562  36.799  -32.139  59.971 0.0000000000
46574  35.313  -32.367  59.368 0.0000000000
46588  33.796  -32.225  58.229 0.0000000000
47627  32.425  -31.546  56.530 0.0000000000
46666  27.184  -32.192  52.722 0.0000000000
46679  26.209  -32.507  51.484 0.0000000000
71514  61.780  -7.387  45.327 0.0000000000
137251  59.798  -8.093  44.256 0.0000000000
69617  59.230  -9.080  43.229 0.0000000000
41162  27.567  -38.752  67.110 0.0000000000
39196  26.475  -39.464  65.647 0.0000000000
40130  27.365  -39.421  67.422 0.0000000000
38321  26.686  -39.968  67.623 0.0000000000
38308  26.019  -39.769  67.974 0.0000000000
38281  27.882  -40.250  71.426 0.0000000000
39149  26.676  -39.931  70.115 0.0000000000
40123  25.712  -38.978  68.561 0.0000000000
41133  26.257  -37.899  69.665 0.0000000000
42179  25.804  -36.316  70.285 0.0000000000
43290  25.324  -35.466  71.534 0.0000000000
40116  38.392  -37.721  69.260 0.0000000000
41139  37.231  -37.380  68.491 0.0000000000
40118  36.922  -37.757  69.301 0.0000000000
40103  35.692  -37.647  69.696 0.0000000000
41127  34.185  -37.549  69.625 0.0000000000
39132  34.521  -40.157  71.734 0.0000000000
40105  33.857  -38.240  70.458 0.0000000000
41129  32.358  -37.505  69.684 0.0000000000
125497  30.416  -36.956  69.208 0.0000000000
41144  29.174  -37.227  68.652 0.0000000000
64621  53.370  -14.932  52.745 0.0000000000
132655  54.069  -15.445  51.443 0.0000000000
63617  52.850  -15.279  51.244 0.0000000000
71313  54.332  -6.681  61.617 0.0000000000
67434  53.356  -11.066  63.809 0.0000000000
66403  53.119  -11.679  63.611 0.0000000000
65458  52.392  -13.039  63.896 0.0000000000
64487  51.893  -14.533  63.154 0.0000000000
123209  48.309  -24.136  65.046 0.0000000000
54570  47.313  -24.205  63.383 0.0000000000
52619  46.201  -25.954  64.186 0.0000000000
53597  46.307  -25.040  63.099 0.0000000000
130071  46.740  -24.332  61.951 0.0000000000
54615  45.629  -24.347  60.802 0.0000000000
54648  44.458  -24.107  58.794 0.0000000000
54662  43.247  -24.423  57.659 0.0000000000
55678  42.722  -23.818  56.271 0.0000000000
54663  42.605  -24.878  57.243 0.0000000000
53693  41.734  -25.922  56.162 0.0000000000
52747  40.635  -26.939  55.084 0.0000000000
51722  41.572  -27.987  57.370 0.0000000000
51737  40.768  -28.172  55.876 0.0000000000
51759  40.237  -27.494  54.503 0.0000000000
50792  39.064  -28.117  53.835 0.0000000000
50794  37.506  -28.107  53.796 0.0000000000
50796  35.483  -28.262  53.656 0.0000000000
44532  30.472  -33.920  58.719 0.0000000000
45592  30.512  -33.374  57.441 0.0000000000
45593  29.508  -33.449  57.318 0.0000000000
45620  27.352  -33.284  55.718 0.0000000000
45632  26.257  -33.252  54.658 0.0000000000
44614  24.267  -34.161  54.751 0.0000000000
45634  24.766  -33.725  54.186 0.0000000000
120712  58.129  -8.387  48.042 0.0000000000
70533  57.625  -8.700  46.445 0.0000000000
141691  56.330  -9.075  46.878 0.0000000000
69593  55.649  -9.611  45.601 0.0000000000
141149  54.273  -10.778  44.450 0.0000000000
68604  53.231  -10.591  47.400 0.0000000000
67617  53.148  -11.486  45.352 0.0000000000
39205  25.458  -39.481  64.209 0.0000000000
39216  24.623  -39.357  63.460 0.0000000000
39217  24.037  -39.295  62.552 0.0000000000
41203  23.863  -37.992  64.967 0.0000000000
40181  23.376  -38.707  62.539 0.0000000000
139628  45.520  -33.061  66.604 0.0000000000
46487  45.234  -32.980  65.480 0.0000000000
46507  43.567  -32.568  63.746 0.0000000000
46521  42.405  -32.414  62.583 0.0000000000
47556  41.782  -31.812  61.298 0.0000000000
45526  41.332  -32.527  61.645 0.0000000000
45527  40.537  -33.057  61.744 0.0000000000
45529  37.963  -33.577  61.599 0.0000000000
43386  38.779  -35.478  63.527 0.0000000000
45514  38.318  -34.662  62.537 0.0000000000
45530  37.020  -34.158  61.633 0.0000000000
44489  35.850  -34.379  61.323 0.0000000000
44491  34.465  -34.429  60.656 0.0000000000
44492  33.105  -34.474  60.478 0.0000000000
41174  36.693  -36.706  66.953 0.0000000000
41197  36.106  -36.380  66.173 0.0000000000
42268  34.833  -36.023  64.693 0.0000000000
42248  33.194  -36.208  65.983 0.0000000000
127546  33.265  -36.158  64.433 0.0000000000
42307  33.984  -35.822  63.257 0.0000000000
127476  33.590  -35.034  62.107 0.0000000000
43423  32.489  -34.808  61.042 0.0000000000
128320  31.710  -34.283  59.769 0.0000000000
44515  30.141  -34.167  59.584 0.0000000000
44517  28.311  -34.162  59.568 0.0000000000
145135  26.456  -34.011  58.972 0.0000000000
44481  26.822  -34.681  61.130 0.0000000000
44519  25.685  -34.730  59.591 0.0000000000
44538  24.777  -34.614  57.935 0.0000000000
42357  23.088  -36.247  56.932 0.0000000000
121767  54.222  -12.623  52.685 0.0000000000
66571  54.684  -12.972  51.497 0.0000000000
66553  56.193  -12.833  52.415 0.0000000000
65583  59.110  -12.949  52.972 0.0000000000
66567  59.237  -12.399  51.978 0.0000000000
63633  54.677  -15.605  50.928 0.0000000000
43253  29.707  -35.013  75.414 0.0000000000
42118  28.842  -36.058  75.711 0.0000000000
42119  28.261  -36.493  76.225 0.0000000000
43230  27.096  -35.964  77.628 0.0000000000
42120  27.070  -36.901  76.553 0.0000000000
42141  26.203  -36.337  74.543 0.0000000000
43269  25.481  -35.466  73.479 0.0000000000
43279  24.275  -34.879  72.489 0.0000000000
45311  24.490  -33.624  78.656 0.0000000000
44309  24.156  -34.112  76.032 0.0000000000
44331  23.857  -34.354  73.759 0.0000000000
143616  23.425  -34.727  71.364 0.0000000000
44372  22.601  -34.287  70.420 0.0000000000
71485  60.030  -7.723  48.478 0.0000000000
70501  58.314  -8.233  48.859 0.0000000000
70502  57.618  -8.422  49.421 0.0000000000
121800  56.196  -8.613  50.059 0.0000000000
131505  58.747  -7.626  52.128 0.0000000000
70490  56.501  -8.272  50.928 0.0000000000
70492  54.665  -8.892  50.496 0.0000000000
69544  53.936  -9.144  51.151 0.0000000000
138580  53.019  -9.965  51.527 0.0000000000
68557  52.498  -11.484  53.052 0.0000000000
70443  54.008  -8.907  53.724 0.0000000000
68546  52.562  -10.879  53.662 0.0000000000
66541  52.768  -12.097  53.510 0.0000000000
66524  54.290  -12.495  54.241 0.0000000000
66523  55.384  -12.505  54.714 0.0000000000
138360  57.859  -12.292  55.126 0.0000000000
67524  55.823  -11.773  57.066 0.0000000000
66499  57.978  -11.889  56.464 0.0000000000
66520  58.380  -12.619  55.309 0.0000000000
122425  57.297  -14.525  55.354 0.0000000000
64586  56.358  -14.727  55.409 0.0000000000
64587  55.117  -14.745  54.780 0.0000000000
69409  55.837  -8.962  60.958 0.0000000000
129837  56.831  -11.024  60.179 0.0000000000
66462  57.154  -12.131  59.575 0.0000000000
66446  55.054  -12.447  60.795 0.0000000000
65521  55.802  -13.288  59.381 0.0000000000
137512  56.556  -13.898  57.936 0.0000000000
121802  55.688  -14.498  57.041 0.0000000000
64571  54.620  -14.660  55.549 0.0000000000
63562  53.921  -14.766  54.010 0.0000000000
64605  53.247  -14.734  53.574 0.0000000000
64607  51.471  -14.627  53.373 0.0000000000
63552  50.882  -14.957  55.019 0.0000000000
63577  50.051  -15.314  53.328 0.0000000000
63490  52.443  -16.178  63.616 0.0000000000
62539  51.551  -16.746  62.223 0.0000000000
141217  51.527  -20.516  64.207 0.0000000000
56587  49.311  -22.297  61.953 0.0000000000
127055  50.590  -21.402  62.578 0.0000000000
59633  51.837  -19.555  63.354 0.0000000000
59648  52.140  -18.843  62.368 0.0000000000
61627  51.974  -18.287  61.807 0.0000000000
61641  51.015  -17.698  60.782 0.0000000000
61668  50.408  -18.226  58.412 0.0000000000
60734  50.118  -18.671  57.186 0.0000000000
60758  49.542  -18.673  55.773 0.0000000000
58722  48.460  -20.526  56.215 0.0000000000
59780  48.380  -19.700  54.983 0.0000000000
60768  48.650  -18.962  54.438 0.0000000000
59804  47.761  -19.096  52.709 0.0000000000
57829  42.891  -20.979  50.779 0.0000000000
58852  42.572  -20.579  48.390 0.0000000000
55712  41.737  -23.688  53.842 0.0000000000
55743  40.869  -23.666  52.444 0.0000000000
55752  40.550  -23.423  51.740 0.0000000000
54732  39.026  -25.007  51.209 0.0000000000
54740  39.262  -24.378  50.946 0.0000000000
47567  41.009  -31.602  60.305 0.0000000000
47592  40.361  -30.652  58.950 0.0000000000
128504  39.332  -30.340  57.951 0.0000000000
47596  36.524  -31.140  58.780 0.0000000000
48641  37.835  -30.550  58.253 0.0000000000
48672  38.422  -29.917  56.727 0.0000000000
49737  36.476  -29.222  55.665 0.0000000000
49751  35.147  -28.913  54.905 0.0000000000
50797  34.637  -28.425  53.491 0.0000000000
46591  30.945  -33.002  56.996 0.0000000000
46616  30.866  -32.179  56.000 0.0000000000
47636  32.080  -31.159  55.933 0.0000000000
47652  29.262  -31.427  53.780 0.0000000000
48698  30.583  -30.773  54.399 0.0000000000
48696  32.315  -30.192  54.927 0.0000000000
49754  32.860  -29.591  54.479 0.0000000000
50799  33.022  -28.670  53.238 0.0000000000
122273  57.894  -8.642  44.963 0.0000000000
69618  57.320  -9.316  43.443 0.0000000000
68662  58.111  -10.121  42.346 0.0000000000
66584  54.295  -13.176  50.781 0.0000000000
47538  43.345  -31.345  62.438 0.0000000000
48588  44.079  -30.857  63.057 0.0000000000
48589  43.690  -30.681  62.306 0.0000000000
49640  43.571  -30.267  61.887 0.0000000000
48604  43.254  -30.879  61.760 0.0000000000
48617  42.551  -30.718  60.622 0.0000000000
48605  42.789  -31.090  61.260 0.0000000000
66573  52.757  -12.386  51.775 0.0000000000
41201  26.694  -37.938  64.957 0.0000000000
40163  26.327  -38.541  64.394 0.0000000000
40152  26.657  -38.737  65.222 0.0000000000
43310  24.660  -35.020  69.613 0.0000000000
43320  24.793  -35.354  68.819 0.0000000000
43321  23.953  -34.721  69.101 0.0000000000
44394  23.451  -34.592  68.394 0.0000000000
130249  38.994  -37.326  68.862 0.0000000000
41137  39.370  -36.918  68.352 0.0000000000
41153  39.636  -36.766  67.723 0.0000000000
41173  38.495  -36.809  66.682 0.0000000000
41178  27.467  -38.093  66.447 0.0000000000
41199  27.573  -37.031  65.803 0.0000000000
64500  51.393  -14.730  62.313 0.0000000000
64512  51.119  -14.438  61.285 0.0000000000
63513  50.424  -15.786  60.087 0.0000000000
63503  50.543  -15.850  60.990 0.0000000000
55664  44.619  -23.305  57.432 0.0000000000
125689  45.364  -23.173  58.005 0.0000000000
55677  44.587  -22.690  56.215 0.0000000000
55693  43.353  -22.760  55.317 0.0000000000
128258  43.337  -23.211  56.050 0.0000000000
45572  32.135  -33.653  58.472 0.0000000000
71494  59.700  -7.891  47.603 0.0000000000
71505  59.821  -7.866  46.636 0.0000000000
70531  59.128  -8.210  46.859 0.0000000000
39146  29.972  -39.464  71.572 0.0000000000
39155  28.535  -39.494  70.342 0.0000000000
39147  29.002  -39.788  71.181 0.0000000000
40056  28.111  -38.598  74.316 0.0000000000
40075  27.652  -38.817  72.635 0.0000000000
40066  27.376  -38.227  73.201 0.0000000000
41098  26.807  -37.618  73.008 0.0000000000
134259  36.815  -37.490  71.422 0.0000000000
120359  35.870  -38.868  71.218 0.0000000000
40071  35.549  -39.004  71.951 0.0000000000
39145  31.206  -39.260  71.724 0.0000000000
50647  46.929  -28.157  66.635 0.0000000000
134193  47.171  -27.962  67.193 0.0000000000
51600  46.902  -27.237  66.582 0.0000000000
52568  47.298  -26.590  67.181 0.0000000000
52584  47.053  -26.402  66.437 0.0000000000
52585  46.712  -26.583  65.782 0.0000000000
51679  42.634  -27.213  60.771 0.0000000000
144826  43.590  -26.497  61.591 0.0000000000
132769  43.207  -26.402  61.002 0.0000000000
53629  43.549  -25.627  60.550 0.0000000000
52672  42.703  -26.311  60.155 0.0000000000
143314  42.227  -26.682  59.531 0.0000000000
49720  40.500  -29.671  56.370 0.0000000000
49721  39.701  -29.946  55.999 0.0000000000
49734  39.343  -29.537  55.561 0.0000000000
49722  38.971  -29.779  56.036 0.0000000000
44555  26.096  -33.992  57.642 0.0000000000
44577  25.204  -33.948  56.615 0.0000000000
69554  55.158  -9.146  49.086 0.0000000000
137186  54.833  -9.306  48.293 0.0000000000
141279  54.122  -9.526  48.225 0.0000000000
39177  25.134  -39.456  66.765 0.0000000000
39188  25.111  -39.566  66.148 0.0000000000
40141  24.723  -39.137  66.429 0.0000000000
42296  21.981  -36.613  63.362 0.0000000000
43360  41.440  -35.661  65.158 0.0000000000
43359  42.374  -35.431  65.356 0.0000000000
44445  41.873  -34.987  64.682 0.0000000000
44452  42.295  -34.178  64.234 0.0000000000
42286  36.512  -35.662  63.817 0.0000000000
43374  36.323  -35.540  63.134 0.0000000000
145756  35.375  -35.584  62.840 0.0000000000
41159  34.093  -36.682  68.317 0.0000000000
42208  33.895  -36.355  67.579 0.0000000000
43378  29.942  -35.374  63.371 0.0000000000
43377  30.916  -35.547  63.533 0.0000000000
128484  29.995  -35.122  62.570 0.0000000000
44479  29.225  -34.657  61.521 0.0000000000
43411  28.865  -34.896  62.101 0.0000000000
42330  24.406  -36.740  60.187 0.0000000000
140164  23.775  -36.628  59.081 0.0000000000
66536  58.170  -12.473  54.138 0.0000000000
44251  25.986  -34.497  79.130 0.0000000000
44265  25.843  -34.646  78.840 0.0000000000
44279  25.864  -35.084  78.243 0.0000000000
44280  25.363  -34.135  78.487 0.0000000000
45352  20.361  -32.858  75.629 0.0000000000
143655  21.540  -33.235  74.611 0.0000000000
121965  21.155  -33.283  73.976 0.0000000000
45378  20.708  -33.389  73.259 0.0000000000
71464  60.947  -7.052  51.476 0.0000000000
71447  61.139  -6.462  51.977 0.0000000000
121885  57.321  -7.364  53.985 0.0000000000
71432  56.581  -8.023  53.034 0.0000000000
121515  55.381  -8.118  53.756 0.0000000000
67526  53.348  -11.382  56.678 0.0000000000
66476  58.121  -11.732  58.290 0.0000000000
67507  58.029  -11.386  58.045 0.0000000000
65534  57.979  -12.761  58.046 0.0000000000
65545  58.230  -13.095  57.282 0.0000000000
67444  54.409  -10.391  62.767 0.0000000000
68447  55.103  -10.604  62.101 0.0000000000
64533  52.761  -14.216  58.289 0.0000000000
64556  53.555  -14.481  56.938 0.0000000000
64557  52.595  -14.572  56.624 0.0000000000
64573  52.374  -14.499  55.689 0.0000000000
135388  49.814  -17.359  55.571 0.0000000000
62599  49.743  -16.883  54.822 0.0000000000
61691  49.444  -17.641  54.490 0.0000000000
61697  49.131  -17.445  53.719 0.0000000000
60775  48.950  -18.185  54.080 0.0000000000
60656  52.227  -18.155  64.238 0.0000000000
55587  49.310  -23.023  63.881 0.0000000000
142767  48.252  -23.299  62.806 0.0000000000
57684  49.376  -21.048  58.873 0.0000000000
57673  49.489  -21.251  59.664 0.0000000000
58678  50.055  -20.524  59.239 0.0000000000
124898  50.666  -20.005  59.665 0.0000000000
58679  49.868  -20.383  58.548 0.0000000000
59697  50.184  -19.813  58.310 0.0000000000
57798  45.222  -21.167  53.026 0.0000000000
58771  45.989  -20.912  53.359 0.0000000000
58783  45.651  -20.586  52.543 0.0000000000
58801  44.543  -20.487  51.427 0.0000000000
56771  40.811  -22.096  50.849 0.0000000000
57844  40.719  -21.766  49.742 0.0000000000
56784  40.146  -22.176  49.104 0.0000000000
52766  40.136  -26.159  53.480 0.0000000000
53734  40.460  -25.403  53.536 0.0000000000
45542  38.250  -32.785  61.068 0.0000000000
46549  38.560  -32.226  60.523 0.0000000000
48661  34.841  -30.657  57.182 0.0000000000
48686  34.162  -30.098  55.813 0.0000000000
48687  33.400  -30.340  55.688 0.0000000000
46634  28.573  -32.545  54.517 0.0000000000
68644  54.496  -10.898  43.789 0.0000000000
67637  54.789  -11.106  42.997 0.0000000000
39116  31.551  -40.188  73.652 0.0000000000
39117  30.676  -40.134  73.648 0.0000000000
39107  31.088  -39.759  74.314 0.0000000000
40044  30.239  -37.993  75.236 0.0000000000
40053  29.958  -38.949  75.018 0.0000000000
40045  29.527  -38.193  75.320 0.0000000000
41069  29.109  -37.379  75.507 0.0000000000
41088  32.253  -38.294  73.932 0.0000000000
41087  32.870  -38.826  73.441 0.0000000000
47497  45.458  -32.126  65.263 0.0000000000
48551  45.905  -31.237  65.373 0.0000000000
48577  45.175  -29.937  64.023 0.0000000000
48563  45.543  -30.523  64.763 0.0000000000
49619  45.676  -29.615  64.985 0.0000000000
49618  46.023  -28.965  65.513 0.0000000000
50656  45.610  -28.562  64.712 0.0000000000
49652  43.319  -29.605  61.420 0.0000000000
50674  43.640  -28.971  62.093 0.0000000000
50685  43.236  -28.728  61.508 0.0000000000
51662  42.874  -28.032  61.220 0.0000000000
50698  42.526  -28.979  59.979 0.0000000000
48637  41.807  -30.044  59.118 0.0000000000
48638  41.278  -30.327  58.640 0.0000000000
48654  40.983  -30.118  57.849 0.0000000000
48639  40.763  -30.411  58.316 0.0000000000
42375  23.065  -35.866  56.168 0.0000000000
43473  23.498  -35.095  56.145 0.0000000000
42393  22.747  -36.331  55.395 0.0000000000
68580  52.879  -10.333  50.095 0.0000000000
68588  53.017  -10.418  49.206 0.0000000000
141265  52.767  -12.581  50.151 0.0000000000
67587  52.452  -11.848  49.509 0.0000000000
66597  52.657  -12.545  49.402 0.0000000000
65627  52.978  -13.216  49.032 0.0000000000
42310  25.661  -37.046  62.369 0.0000000000
41243  24.849  -38.073  61.377 0.0000000000
41242  25.221  -37.961  61.936 0.0000000000
40173  25.126  -39.101  62.873 0.0000000000
40180  24.589  -39.235  62.393 0.0000000000
40192  24.032  -39.098  61.706 0.0000000000
42214  25.122  -37.046  67.997 0.0000000000
41164  24.864  -38.022  67.405 0.0000000000
42215  24.596  -36.674  67.274 0.0000000000
123891  23.826  -35.226  67.192 0.0000000000
43343  24.172  -35.957  66.836 0.0000000000
43344  23.667  -35.399  66.346 0.0000000000
43356  23.382  -35.656  65.512 0.0000000000
43345  23.047  -34.827  65.856 0.0000000000
43357  22.568  -35.058  65.001 0.0000000000
44395  22.730  -34.233  68.186 0.0000000000
44423  22.558  -34.297  66.388 0.0000000000
45474  21.271  -33.575  66.716 0.0000000000
45455  21.584  -33.656  67.582 0.0000000000
42205  41.171  -36.362  67.427 0.0000000000
41192  40.323  -36.704  66.704 0.0000000000
42223  41.089  -36.551  66.687 0.0000000000
42242  40.745  -36.459  66.006 0.0000000000
42261  41.119  -36.112  65.551 0.0000000000
42263  39.691  -36.364  64.938 0.0000000000
42245  38.090  -36.763  65.511 0.0000000000
136183  37.689  -36.633  65.475 0.0000000000
41212  37.260  -36.442  65.392 0.0000000000
42211  30.562  -36.263  67.562 0.0000000000
136477  31.351  -36.227  67.243 0.0000000000
42273  28.943  -35.875  65.047 0.0000000000
42252  29.418  -36.025  65.792 0.0000000000
43362  29.429  -35.660  64.225 0.0000000000
43380  27.994  -35.257  63.313 0.0000000000
42293  27.906  -35.623  63.842 0.0000000000
42320  25.240  -36.903  61.499 0.0000000000
64584  57.626  -14.503  54.696 0.0000000000
122278  57.947  -14.447  54.113 0.0000000000
63596  56.052  -15.367  52.641 0.0000000000
63595  56.729  -15.268  52.563 0.0000000000
121146  57.225  -15.381  51.438 0.0000000000
44295  19.079  -34.132  76.939 0.0000000000
45338  19.696  -33.244  76.397 0.0000000000
45339  18.795  -33.632  76.142 0.0000000000
45354  18.519  -33.400  75.294 0.0000000000
134387  53.888  -10.186  58.784 0.0000000000
68471  55.516  -10.021  59.928 0.0000000000
134174  56.464  -10.439  59.875 0.0000000000
68484  57.244  -10.854  58.992 0.0000000000
66429  52.862  -12.516  62.366 0.0000000000
66428  53.741  -12.158  61.894 0.0000000000
64523  51.336  -14.309  60.344 0.0000000000
65525  51.927  -13.688  60.329 0.0000000000
126940  51.959  -13.999  59.652 0.0000000000
120451  51.925  -14.318  58.856 0.0000000000
63520  51.110  -15.018  58.732 0.0000000000
62568  50.078  -16.419  58.622 0.0000000000
63529  50.466  -15.640  58.209 0.0000000000
62576  50.042  -16.335  57.719 0.0000000000
62577  49.811  -17.090  57.246 0.0000000000
55622  47.123  -23.536  60.796 0.0000000000
55633  46.880  -23.345  59.986 0.0000000000
55646  47.130  -22.831  58.895 0.0000000000
56616  47.218  -22.563  58.411 0.0000000000
143803  47.691  -22.286  58.515 0.0000000000
56630  47.495  -22.173  57.915 0.0000000000
56649  47.206  -21.976  57.175 0.0000000000
56650  46.433  -22.248  56.862 0.0000000000
56697  45.152  -21.931  54.970 0.0000000000
57756  45.642  -21.587  54.444 0.0000000000
57757  44.936  -21.791  54.186 0.0000000000
56724  43.974  -21.962  53.934 0.0000000000
56726  42.536  -22.503  53.217 0.0000000000
56744  41.916  -22.676  52.707 0.0000000000
51784  38.356  -27.270  52.675 0.0000000000
52776  37.978  -26.855  52.079 0.0000000000
52823  35.972  -25.902  50.024 0.0000000000
52824  35.186  -26.251  49.767 0.0000000000
45545  35.642  -33.664  60.616 0.0000000000
46563  35.926  -32.704  59.949 0.0000000000
45556  35.094  -33.234  59.852 0.0000000000
46577  32.986  -32.855  58.037 0.0000000000
124194  33.134  -32.307  57.615 0.0000000000
47611  33.524  -31.657  57.413 0.0000000000
47612  32.791  -31.933  57.122 0.0000000000
70556  60.226  -7.716  44.763 0.0000000000
70570  59.158  -8.398  43.963 0.0000000000
40129  27.739  -38.878  67.802 0.0000000000
40140  27.241  -39.122  66.678 0.0000000000
39157  27.255  -40.226  69.269 0.0000000000
39166  27.171  -40.176  68.576 0.0000000000
38314  26.824  -40.140  68.279 0.0000000000
38315  26.394  -39.926  67.802 0.0000000000
39167  26.510  -39.997  68.528 0.0000000000
38271  29.003  -40.055  72.488 0.0000000000
38280  28.494  -40.253  71.829 0.0000000000
38272  28.227  -40.182  72.151 0.0000000000
40084  26.816  -39.459  70.791 0.0000000000
127105  26.975  -39.907  70.626 0.0000000000
39158  26.459  -39.710  69.552 0.0000000000
40111  26.159  -38.957  69.262 0.0000000000
41146  25.864  -38.005  68.896 0.0000000000
41119  26.469  -37.779  70.451 0.0000000000
42170  26.337  -36.705  71.686 0.0000000000
42178  26.218  -36.869  70.804 0.0000000000
42171  25.856  -36.063  71.158 0.0000000000
43300  25.382  -35.586  70.667 0.0000000000
42158  25.967  -35.861  72.078 0.0000000000
41104  37.653  -38.008  70.748 0.0000000000
42177  38.163  -37.401  70.656 0.0000000000
41117  38.242  -38.121  70.338 0.0000000000
40087  38.377  -38.189  69.810 0.0000000000
40101  37.866  -38.350  69.857 0.0000000000
40117  37.625  -37.875  69.312 0.0000000000
40102  37.162  -38.183  69.949 0.0000000000
40090  35.520  -39.010  71.125 0.0000000000
134038  35.934  -38.277  70.511 0.0000000000
122199  35.271  -38.213  70.508 0.0000000000
41126  34.947  -37.551  69.608 0.0000000000
40104  34.606  -38.006  70.356 0.0000000000
39123  34.354  -40.137  72.181 0.0000000000
39133  33.920  -40.364  71.963 0.0000000000
126658  32.250  -38.900  71.316 0.0000000000
40093  33.137  -38.719  70.931 0.0000000000
40106  32.950  -37.957  70.243 0.0000000000
41143  31.676  -36.817  69.125 0.0000000000
41130  31.298  -37.516  69.807 0.0000000000
40120  28.627  -38.264  69.181 0.0000000000
41145  28.295  -38.091  68.246 0.0000000000
41161  27.986  -37.833  67.333 0.0000000000
63599  53.449  -15.193  51.847 0.0000000000
67435  52.783  -11.518  64.231 0.0000000000
65448  52.357  -13.029  64.682 0.0000000000
64486  52.170  -13.856  63.551 0.0000000000
63478  52.391  -14.938  63.931 0.0000000000
48525  46.696  -30.186  67.281 0.0000000000
54558  47.703  -24.559  64.758 0.0000000000
54557  47.881  -23.916  64.122 0.0000000000
53584  47.265  -24.648  64.184 0.0000000000
145109  45.341  -27.317  63.973 0.0000000000
52602  46.045  -26.650  64.580 0.0000000000
52620  45.566  -26.620  63.973 0.0000000000
53613  44.661  -25.452  61.595 0.0000000000
53598  45.662  -25.394  62.746 0.0000000000
54587  46.227  -24.710  62.327 0.0000000000
54602  46.221  -24.433  61.661 0.0000000000
120531  46.166  -24.218  61.155 0.0000000000
145818  45.751  -24.537  61.331 0.0000000000
54633  43.795  -24.745  59.281 0.0000000000
54632  44.608  -24.389  59.693 0.0000000000
54649  43.553  -24.589  58.434 0.0000000000
52732  41.892  -26.189  56.919 0.0000000000
134082  41.187  -26.421  55.645 0.0000000000
133527  41.789  -28.150  58.130 0.0000000000
51751  40.520  -27.908  55.210 0.0000000000
50777  40.047  -28.323  54.794 0.0000000000
51760  39.678  -27.856  54.138 0.0000000000
50778  39.359  -28.511  54.524 0.0000000000
49749  37.993  -28.886  54.851 0.0000000000
129631  37.972  -28.468  54.220 0.0000000000
50780  37.249  -28.484  54.419 0.0000000000
50795  36.495  -28.193  53.882 0.0000000000
50781  36.488  -28.551  54.581 0.0000000000
44533  29.560  -33.981  58.887 0.0000000000
45574  29.969  -33.678  58.107 0.0000000000
45575  29.087  -33.723  58.218 0.0000000000
45612  26.700  -33.554  56.386 0.0000000000
45611  27.625  -33.461  56.611 0.0000000000
45621  26.470  -33.383  55.511 0.0000000000
129128  23.422  -35.282  54.786 0.0000000000
44600  24.384  -34.108  55.590 0.0000000000
44615  23.808  -34.792  54.429 0.0000000000
44628  24.221  -34.257  53.878 0.0000000000
45646  24.667  -33.806  53.275 0.0000000000
45645  25.300  -33.386  53.566 0.0000000000
120968  57.336  -8.685  47.823 0.0000000000
70523  57.070  -8.770  47.042 0.0000000000
69572  56.544  -8.948  47.648 0.0000000000
69585  54.654  -9.830  46.628 0.0000000000
69584  55.360  -9.583  46.331 0.0000000000
68620  54.932  -10.005  45.819 0.0000000000
68628  54.399  -10.455  45.180 0.0000000000
68595  53.116  -10.520  48.295 0.0000000000
67618  52.594  -11.888  45.752 0.0000000000
41254  23.906  -38.417  60.467 0.0000000000
40219  23.002  -38.289  59.383 0.0000000000
38335  25.935  -39.603  64.988 0.0000000000
39198  24.464  -39.335  64.309 0.0000000000
141359  24.229  -39.275  63.037 0.0000000000
40174  23.863  -39.079  63.226 0.0000000000
41215  23.352  -38.320  63.466 0.0000000000
41233  22.253  -37.855  62.149 0.0000000000
43330  42.686  -35.324  66.782 0.0000000000
43329  43.399  -34.882  66.573 0.0000000000
44433  43.794  -34.660  65.747 0.0000000000
44418  44.196  -34.367  66.107 0.0000000000
44416  44.736  -33.868  66.425 0.0000000000
46471  45.217  -33.506  66.088 0.0000000000
45495  44.659  -33.510  65.364 0.0000000000
45501  42.611  -33.455  63.782 0.0000000000
46508  42.830  -32.763  63.366 0.0000000000
46520  43.078  -32.102  62.896 0.0000000000
46533  42.038  -32.140  61.920 0.0000000000
46522  41.749  -32.737  62.352 0.0000000000
45512  40.144  -33.628  62.412 0.0000000000
45528  39.578  -33.417  61.915 0.0000000000
123451  38.615  -33.868  62.049 0.0000000000
44464  36.711  -35.150  62.432 0.0000000000
44463  37.441  -35.074  62.554 0.0000000000
44472  36.999  -34.818  62.130 0.0000000000
44471  37.715  -34.393  62.086 0.0000000000
145442  36.368  -34.335  61.515 0.0000000000
43405  34.795  -34.916  61.586 0.0000000000
44474  34.963  -34.747  61.222 0.0000000000
44475  34.401  -34.614  60.926 0.0000000000
127391  33.892  -34.400  60.397 0.0000000000
44476  33.798  -34.599  60.812 0.0000000000
41156  36.605  -36.971  67.848 0.0000000000
122910  37.326  -36.958  67.459 0.0000000000
145620  36.284  -36.734  67.502 0.0000000000
41198  35.149  -36.155  66.330 0.0000000000
126091  35.453  -36.051  65.407 0.0000000000
42226  31.855  -36.227  66.426 0.0000000000
42225  32.718  -36.174  66.540 0.0000000000
42249  32.383  -36.237  65.652 0.0000000000
42289  33.243  -35.991  63.595 0.0000000000
42288  34.198  -36.048  63.969 0.0000000000
133592  33.398  -35.559  62.900 0.0000000000
43392  32.851  -35.289  62.472 0.0000000000
140202  31.230  -34.910  61.608 0.0000000000
133039  31.921  -34.992  61.644 0.0000000000
43424  31.689  -34.740  61.028 0.0000000000
44493  32.190  -34.497  60.400 0.0000000000
44494  31.294  -34.448  60.453 0.0000000000
138325  30.897  -34.288  59.890 0.0000000000
44495  30.274  -34.376  60.476 0.0000000000
44497  28.362  -34.305  60.349 0.0000000000
120338  27.021  -33.843  59.029 0.0000000000
43397  27.554  -35.186  62.723 0.0000000000
43412  27.371  -34.830  61.777 0.0000000000
43435  25.149  -35.270  59.564 0.0000000000
139361  26.060  -34.638  60.181 0.0000000000
132787  25.139  -34.837  58.852 0.0000000000
43445  24.363  -35.243  58.438 0.0000000000
43460  23.911  -35.042  57.593 0.0000000000
43446  23.832  -35.676  58.168 0.0000000000
66554  55.064  -12.801  52.212 0.0000000000
121067  57.926  -12.511  52.280 0.0000000000
64619  58.853  -13.574  52.732 0.0000000000
65595  59.384  -12.980  52.293 0.0000000000
141025  59.549  -12.543  51.500 0.0000000000
43242  29.018  -35.182  75.989 0.0000000000
130173  28.340  -35.687  76.406 0.0000000000
42112  27.066  -36.527  77.172 0.0000000000
137788  26.817  -36.903  75.915 0.0000000000
42121  26.551  -36.327  76.425 0.0000000000
43261  24.994  -35.143  75.018 0.0000000000
43260  25.668  -35.722  74.784 0.0000000000
43270  25.038  -35.185  74.125 0.0000000000
125016  24.729  -34.977  73.256 0.0000000000
143012  24.398  -34.792  73.733 0.0000000000
128768  22.377  -33.318  77.468 0.0000000000
45312  22.700  -33.504  78.636 0.0000000000
45322  23.523  -33.426  77.881 0.0000000000
45299  23.720  -33.610  79.138 0.0000000000
44294  23.804  -33.628  76.861 0.0000000000
45349  23.382  -33.438  75.934 0.0000000000
44332  22.397  -33.936  73.224 0.0000000000
44322  22.960  -33.802  74.030 0.0000000000
122563  23.259  -34.278  73.139 0.0000000000
44344  23.522  -34.612  72.464 0.0000000000
129682  22.814  -34.439  71.209 0.0000000000
44361  22.376  -34.204  71.821 0.0000000000
45411  21.064  -33.635  70.936 0.0000000000
45390  19.272  -33.153  72.745 0.0000000000
71484  60.872  -7.517  49.136 0.0000000000
143598  59.041  -7.867  49.145 0.0000000000
71476  58.586  -8.027  49.676 0.0000000000
70503  56.762  -8.673  49.463 0.0000000000
120586  57.095  -8.425  50.172 0.0000000000
129569  59.590  -7.138  52.561 0.0000000000
144272  58.994  -7.442  52.724 0.0000000000
70474  56.705  -8.110  51.968 0.0000000000
70491  55.501  -8.542  50.682 0.0000000000
121258  54.806  -8.603  51.320 0.0000000000
69531  53.624  -9.305  51.964 0.0000000000
69517  53.163  -9.833  52.479 0.0000000000
68556  52.538  -10.759  52.291 0.0000000000
68545  52.748  -10.447  53.108 0.0000000000
70442  54.852  -8.357  54.228 0.0000000000
70427  54.284  -8.663  54.938 0.0000000000
68534  52.639  -10.796  54.348 0.0000000000
67551  52.600  -11.546  53.941 0.0000000000
66526  52.824  -12.043  54.314 0.0000000000
129055  53.367  -12.322  53.889 0.0000000000
66525  53.429  -12.324  54.659 0.0000000000
66512  54.665  -12.385  55.525 0.0000000000
123283  56.837  -12.425  54.940 0.0000000000
66510  57.430  -12.218  55.699 0.0000000000
67510  55.117  -11.550  57.661 0.0000000000
66498  58.286  -12.185  56.554 0.0000000000
66509  58.219  -12.304  55.707 0.0000000000
66508  58.457  -12.570  55.987 0.0000000000
65559  58.577  -13.042  55.621 0.0000000000
64569  56.992  -14.587  55.993 0.0000000000
137484  55.877  -14.837  54.795 0.0000000000
126400  55.614  -14.731  55.477 0.0000000000
70346  54.707  -7.324  61.860 0.0000000000
70345  55.246  -8.385  61.474 0.0000000000
67454  56.412  -10.752  60.987 0.0000000000
137594  56.484  -11.373  60.649 0.0000000000
145067  57.015  -11.560  59.858 0.0000000000
66444  56.567  -11.905  60.322 0.0000000000
66447  54.059  -12.443  60.946 0.0000000000
65504  54.483  -12.939  60.145 0.0000000000
65537  55.300  -13.624  58.864 0.0000000000
65536  56.067  -13.704  58.573 0.0000000000
64540  55.837  -14.149  57.742 0.0000000000
64588  54.222  -14.688  54.645 0.0000000000
64589  53.289  -14.629  54.347 0.0000000000
138583  51.633  -14.542  54.510 0.0000000000
144616  52.263  -14.501  53.951 0.0000000000
64623  50.696  -14.828  52.821 0.0000000000
143436  50.673  -14.903  53.565 0.0000000000
63542  50.905  -15.011  56.001 0.0000000000
63553  50.359  -15.588  55.660 0.0000000000
63578  49.670  -16.008  53.971 0.0000000000
133322  49.442  -15.840  53.007 0.0000000000
125288  49.970  -15.256  52.352 0.0000000000
62528  52.486  -17.104  63.520 0.0000000000
63491  51.943  -16.226  62.894 0.0000000000
62529  52.402  -16.970  62.913 0.0000000000
56567  50.320  -22.354  63.801 0.0000000000
145284  50.674  -22.110  64.818 0.0000000000
57619  50.849  -21.841  64.285 0.0000000000
57618  51.384  -21.117  64.618 0.0000000000
136070  51.296  -21.123  63.885 0.0000000000
56588  48.669  -22.707  61.498 0.0000000000
56597  49.117  -22.177  61.060 0.0000000000
130183  50.342  -20.923  60.838 0.0000000000
57654  49.943  -21.570  61.598 0.0000000000
57653  51.001  -20.698  61.531 0.0000000000
58634  51.618  -20.128  62.863 0.0000000000
131189  51.698  -20.005  61.969 0.0000000000
59640  51.936  -19.399  62.533 0.0000000000
59649  51.875  -19.178  61.666 0.0000000000
59678  51.248  -19.103  59.976 0.0000000000
60682  51.750  -18.759  61.274 0.0000000000
60694  51.479  -18.864  60.476 0.0000000000
61628  51.584  -17.688  61.603 0.0000000000
60695  51.248  -18.502  60.193 0.0000000000
61652  50.611  -17.570  59.878 0.0000000000
127907  50.830  -18.544  59.350 0.0000000000
59740  50.020  -19.297  57.267 0.0000000000
139747  50.412  -18.724  57.957 0.0000000000
60748  49.847  -19.004  56.583 0.0000000000
58723  47.960  -20.991  56.300 0.0000000000
58738  47.787  -20.784  55.729 0.0000000000
58754  47.686  -20.184  54.624 0.0000000000
128157  48.112  -19.534  54.179 0.0000000000
60776  48.510  -18.688  53.615 0.0000000000
59791  48.008  -19.231  53.399 0.0000000000
59819  46.087  -19.700  51.447 0.0000000000
57816  43.235  -21.262  51.705 0.0000000000
57854  41.376  -21.249  48.426 0.0000000000
57842  41.943  -20.747  48.910 0.0000000000
57853  41.994  -20.939  48.066 0.0000000000
54683  42.230  -24.307  55.729 0.0000000000
54694  42.079  -24.072  55.034 0.0000000000
54695  41.698  -24.247  54.498 0.0000000000
54721  40.517  -24.442  52.672 0.0000000000
54720  41.224  -23.899  53.147 0.0000000000
52788  38.469  -26.169  51.627 0.0000000000
53747  39.105  -25.529  51.613 0.0000000000
53748  38.517  -25.438  51.103 0.0000000000
54753  38.085  -24.464  49.893 0.0000000000
54741  38.605  -24.757  50.658 0.0000000000
55765  38.802  -23.997  50.263 0.0000000000
46546  41.200  -31.971  60.975 0.0000000000
47566  41.594  -31.490  60.594 0.0000000000
46547  40.676  -31.948  60.707 0.0000000000
47582  38.946  -31.245  59.436 0.0000000000
47581  39.875  -31.120  59.588 0.0000000000
47593  39.539  -30.645  58.838 0.0000000000
47585  36.157  -31.836  59.389 0.0000000000
47584  37.050  -31.463  59.403 0.0000000000
48659  36.719  -30.292  57.420 0.0000000000
48642  37.048  -30.588  58.176 0.0000000000
48658  37.807  -30.213  57.519 0.0000000000
48673  37.344  -29.870  56.814 0.0000000000
49724  36.910  -29.545  56.212 0.0000000000
49739  34.549  -29.524  55.249 0.0000000000
50783  34.916  -28.684  54.176 0.0000000000
49764  34.196  -28.969  53.977 0.0000000000
45591  31.416  -33.373  57.798 0.0000000000
45608  30.200  -33.139  56.695 0.0000000000
47639  29.838  -32.116  55.116 0.0000000000
47628  31.617  -31.824  56.312 0.0000000000
47637  31.272  -31.504  55.670 0.0000000000
47660  27.695  -31.693  52.227 0.0000000000
47653  28.660  -31.648  53.432 0.0000000000
48705  30.233  -30.386  53.683 0.0000000000
48697  31.425  -30.464  54.675 0.0000000000
49755  31.940  -29.732  54.310 0.0000000000
50813  31.013  -28.560  52.089 0.0000000000
49777  32.090  -28.711  53.094 0.0000000000
50811  32.658  -28.325  52.535 0.0000000000
70554  62.779  -8.549  44.240 0.0000000000
70545  57.361  -8.838  45.622 0.0000000000
70544  58.145  -8.551  45.831 0.0000000000
69599  57.165  -9.025  44.733 0.0000000000
69634  57.276  -9.747  42.782 0.0000000000
128242  58.110  -9.307  43.126 0.0000000000
130243  31.496  -37.491  73.896 0.0000000000
41078  31.417  -38.176  74.534 0.0000000000
42138  31.033  -37.330  74.445 0.0000000000
126373  30.012  -37.043  75.102 0.0000000000
47520  44.507  -31.323  63.912 0.0000000000
48564  45.249  -31.287  64.646 0.0000000000
133957  44.609  -30.269  63.415 0.0000000000
49631  44.667  -29.583  63.324 0.0000000000
126442  43.809  -29.698  62.123 0.0000000000
139408  42.752  -29.842  60.468 0.0000000000
68571  52.455  -11.033  51.442 0.0000000000
68581  52.450  -11.116  50.611 0.0000000000
66585  53.356  -12.991  50.520 0.0000000000
41221  26.296  -37.570  63.774 0.0000000000
41232  25.530  -38.136  62.735 0.0000000000
144549  25.897  -37.909  63.282 0.0000000000
40172  25.748  -38.703  63.534 0.0000000000
39215  25.308  -39.319  63.557 0.0000000000
42199  24.791  -35.951  68.019 0.0000000000
44408  23.375  -34.670  67.643 0.0000000000
136253  22.389  -34.001  68.884 0.0000000000
42193  40.204  -36.674  68.080 0.0000000000
42206  40.474  -36.605  67.798 0.0000000000
41152  40.224  -36.707  67.570 0.0000000000
41172  39.793  -36.761  67.109 0.0000000000
41193  39.485  -36.782  66.383 0.0000000000
42244  38.884  -36.826  65.667 0.0000000000
144136  38.842  -36.851  66.306 0.0000000000
140953  37.992  -36.872  66.388 0.0000000000
123231  37.487  -36.797  66.588 0.0000000000
42213  28.637  -36.789  67.203 0.0000000000
144647  29.259  -36.294  67.091 0.0000000000
42229  28.891  -36.310  66.515 0.0000000000
42254  27.976  -36.279  65.079 0.0000000000
42275  27.583  -36.182  64.391 0.0000000000
42276  26.860  -36.719  64.183 0.0000000000
63559  56.202  -15.090  54.163 0.0000000000
142281  55.597  -15.397  51.998 0.0000000000
70379  53.850  -7.666  59.148 0.0000000000
69425  53.969  -8.424  59.805 0.0000000000
69424  54.833  -9.015  60.460 0.0000000000
145717  51.042  -14.788  60.040 0.0000000000
64524  50.808  -15.182  59.701 0.0000000000
55648  45.282  -23.536  58.730 0.0000000000
130139  46.030  -23.159  58.586 0.0000000000
55662  46.028  -22.827  57.893 0.0000000000
56632  46.038  -22.588  57.276 0.0000000000
56651  45.599  -22.445  56.610 0.0000000000
56674  44.695  -22.368  55.554 0.0000000000
56675  44.045  -22.458  55.208 0.0000000000
56699  43.607  -22.407  54.603 0.0000000000
55731  42.323  -23.010  53.847 0.0000000000
44511  33.987  -34.126  60.028 0.0000000000
45557  34.285  -33.524  59.656 0.0000000000
45558  33.475  -33.627  59.284 0.0000000000
45590  32.272  -33.172  57.934 0.0000000000
71504  60.696  -7.480  46.359 0.0000000000
141478  58.543  -8.363  45.199 0.0000000000
40110  28.174  -39.258  69.484 0.0000000000
39156  27.773  -39.860  69.774 0.0000000000
38297  27.573  -40.094  70.081 0.0000000000
39120  28.565  -39.167  72.979 0.0000000000
39127  28.018  -39.524  72.505 0.0000000000
39128  27.370  -39.373  72.028 0.0000000000
134626  26.943  -39.084  71.562 0.0000000000
139099  26.822  -38.224  71.657 0.0000000000
41110  26.699  -37.512  72.110 0.0000000000
42164  37.440  -37.223  71.212 0.0000000000
40081  36.897  -38.408  70.695 0.0000000000
126844  37.300  -38.304  70.294 0.0000000000
127365  32.457  -40.157  72.553 0.0000000000
39134  33.290  -40.282  71.972 0.0000000000
124103  32.351  -39.724  71.994 0.0000000000
40094  31.389  -38.627  70.914 0.0000000000
41118  30.925  -38.155  70.375 0.0000000000
40108  29.918  -38.269  70.311 0.0000000000
40109  28.984  -38.605  70.030 0.0000000000
49591  46.805  -29.451  67.024 0.0000000000
138043  46.962  -28.861  67.109 0.0000000000
51570  47.223  -27.752  67.906 0.0000000000
53534  48.141  -25.175  67.446 0.0000000000
53548  47.958  -25.154  66.508 0.0000000000
53562  47.273  -25.708  65.862 0.0000000000
52639  44.409  -26.761  62.773 0.0000000000
52638  45.186  -26.208  63.203 0.0000000000
52654  44.163  -26.188  61.978 0.0000000000
53627  45.151  -24.841  61.155 0.0000000000
53628  44.376  -25.210  60.860 0.0000000000
53647  43.255  -25.428  59.714 0.0000000000
53664  43.030  -25.256  58.855 0.0000000000
53665  42.348  -25.901  58.382 0.0000000000
52716  41.967  -26.417  57.684 0.0000000000
49711  41.183  -29.680  57.593 0.0000000000
50738  41.481  -28.908  57.613 0.0000000000
49719  40.999  -29.408  56.956 0.0000000000
143418  40.439  -29.342  55.957 0.0000000000
50770  39.705  -29.001  55.206 0.0000000000
140610  26.916  -33.828  57.369 0.0000000000
129789  25.838  -33.624  56.109 0.0000000000
69573  55.216  -9.297  47.704 0.0000000000
68603  53.891  -10.094  46.989 0.0000000000
131303  52.404  -12.431  47.825 0.0000000000
67601  52.359  -11.969  47.329 0.0000000000
38323  25.705  -39.905  66.320 0.0000000000
38329  25.679  -39.710  65.500 0.0000000000
38324  25.302  -39.642  65.711 0.0000000000
39197  24.845  -39.457  65.242 0.0000000000
40154  24.313  -39.047  65.083 0.0000000000
42277  23.250  -37.014  64.485 0.0000000000
41216  22.862  -37.325  63.745 0.0000000000
43354  42.666  -35.740  66.011 0.0000000000
44434  43.260  -35.118  65.603 0.0000000000
44443  43.579  -34.479  65.233 0.0000000000
45496  43.816  -33.856  64.873 0.0000000000
45497  43.139  -34.014  64.551 0.0000000000
139922  41.873  -33.630  63.465 0.0000000000
144491  41.612  -33.264  62.781 0.0000000000
45502  41.180  -33.764  63.135 0.0000000000
45503  40.584  -33.854  62.882 0.0000000000
44461  39.805  -34.320  63.017 0.0000000000
43372  37.583  -35.658  63.625 0.0000000000
43373  36.890  -35.559  63.362 0.0000000000
43389  36.510  -35.370  62.755 0.0000000000
43403  36.054  -35.139  62.189 0.0000000000
144881  34.405  -35.052  62.045 0.0000000000
129130  35.385  -37.012  68.695 0.0000000000
136733  35.461  -36.636  67.854 0.0000000000
42207  34.494  -36.200  66.960 0.0000000000
42271  30.887  -36.048  64.953 0.0000000000
42270  31.795  -36.149  64.888 0.0000000000
42291  31.321  -35.934  64.198 0.0000000000
43376  31.678  -35.720  63.593 0.0000000000
43393  31.497  -35.393  62.967 0.0000000000
43408  31.296  -35.122  62.231 0.0000000000
44478  29.944  -34.633  61.325 0.0000000000
43414  25.625  -35.701  61.202 0.0000000000
43427  24.844  -35.910  59.885 0.0000000000
42347  24.014  -35.922  58.808 0.0000000000
42348  23.499  -36.462  58.340 0.0000000000
41284  22.933  -37.227  58.032 0.0000000000
120918  56.446  -12.587  54.030 0.0000000000
120917  56.869  -12.745  53.190 0.0000000000
66551  58.240  -12.503  53.144 0.0000000000
138027  58.940  -12.596  52.866 0.0000000000
64635  58.319  -14.336  52.271 0.0000000000
63630  58.082  -14.714  51.458 0.0000000000
135635  26.270  -34.993  78.696 0.0000000000
43232  26.284  -35.534  77.625 0.0000000000
142265  26.587  -36.080  77.216 0.0000000000
44292  25.603  -34.981  77.194 0.0000000000
43246  25.042  -34.941  76.067 0.0000000000
45324  20.787  -33.938  78.045 0.0000000000
45336  21.928  -33.068  76.520 0.0000000000
45350  22.526  -33.166  75.767 0.0000000000
45365  22.265  -33.334  74.811 0.0000000000
45376  21.976  -33.540  73.962 0.0000000000
44346  21.979  -33.956  72.513 0.0000000000
45388  21.206  -33.660  72.524 0.0000000000
45399  20.910  -33.576  71.880 0.0000000000
140929  59.623  -7.737  49.863 0.0000000000
71465  60.313  -7.445  50.691 0.0000000000
138019  60.001  -7.357  51.243 0.0000000000
120434  58.335  -7.724  51.181 0.0000000000
121078  58.434  -7.564  52.769 0.0000000000
137975  55.919  -8.224  52.315 0.0000000000
121935  55.113  -8.425  52.182 0.0000000000
69477  53.580  -9.313  55.317 0.0000000000
68522  52.724  -10.769  55.130 0.0000000000
67538  52.777  -11.404  55.305 0.0000000000
66514  52.912  -11.989  55.054 0.0000000000
67537  53.129  -11.744  55.762 0.0000000000
66501  55.159  -12.144  56.317 0.0000000000
67508  57.713  -11.240  57.958 0.0000000000
65544  58.479  -12.650  56.651 0.0000000000
65554  58.150  -13.456  56.600 0.0000000000
64539  57.453  -13.959  56.996 0.0000000000
64553  56.766  -14.507  56.565 0.0000000000
69381  54.795  -8.693  62.388 0.0000000000
69380  55.529  -9.049  61.875 0.0000000000
67455  55.720  -11.097  61.548 0.0000000000
66426  55.434  -11.876  61.263 0.0000000000
65523  53.851  -13.528  59.454 0.0000000000
120680  54.452  -14.133  58.023 0.0000000000
64541  55.122  -14.290  57.524 0.0000000000
120838  54.403  -14.385  57.275 0.0000000000
64574  51.726  -14.522  55.141 0.0000000000
136793  50.075  -16.141  56.134 0.0000000000
62607  49.263  -16.619  53.411 0.0000000000
61719  48.825  -16.802  52.004 0.0000000000
61709  48.883  -17.180  52.926 0.0000000000
61710  48.582  -17.792  52.354 0.0000000000
61606  52.403  -17.625  63.843 0.0000000000
61614  52.413  -17.843  63.122 0.0000000000
55572  49.611  -23.136  64.760 0.0000000000
56568  49.723  -22.613  63.459 0.0000000000
56606  48.894  -21.983  60.168 0.0000000000
58661  50.937  -20.283  60.478 0.0000000000
59679  50.827  -19.427  59.497 0.0000000000
127500  50.929  -19.083  59.381 0.0000000000
59696  50.562  -19.381  58.846 0.0000000000
59720  49.907  -19.726  57.614 0.0000000000
128288  49.419  -20.145  57.201 0.0000000000
57755  46.401  -21.259  54.742 0.0000000000
58756  46.538  -20.836  54.046 0.0000000000
134504  47.117  -20.419  54.091 0.0000000000
58770  46.770  -20.268  53.378 0.0000000000
58782  47.330  -19.572  53.026 0.0000000000
58799  46.143  -20.010  52.137 0.0000000000
59820  45.689  -19.618  50.812 0.0000000000
58821  43.537  -20.478  50.310 0.0000000000
127543  42.192  -21.383  50.729 0.0000000000
57831  41.485  -21.504  50.310 0.0000000000
53723  41.183  -25.090  54.592 0.0000000000
138364  40.744  -25.004  53.944 0.0000000000
54722  40.028  -24.850  52.262 0.0000000000
53759  37.291  -25.651  50.417 0.0000000000
53758  37.920  -25.206  50.441 0.0000000000
125022  37.331  -25.192  49.850 0.0000000000
46548  40.025  -32.144  60.770 0.0000000000
47583  37.969  -31.289  59.389 0.0000000000
47609  35.182  -31.047  57.880 0.0000000000
48660  35.759  -30.461  57.312 0.0000000000
48675  35.415  -30.159  56.616 0.0000000000
49725  35.950  -29.688  56.141 0.0000000000
48685  34.993  -29.796  56.014 0.0000000000
49753  33.821  -29.509  54.619 0.0000000000
45618  29.146  -33.109  55.916 0.0000000000
46606  29.927  -32.968  56.003 0.0000000000
47670  28.089  -31.197  51.705 0.0000000000
47658  29.003  -31.113  52.991 0.0000000000
48712  29.845  -30.017  52.912 0.0000000000
49768  30.623  -29.582  53.226 0.0000000000
122000  55.880  -9.614  44.902 0.0000000000
69600  56.436  -9.398  44.419 0.0000000000
66582  56.554  -13.043  50.974 0.0000000000
65607  55.795  -13.299  50.394 0.0000000000
134412  56.554  -13.302  50.040 0.0000000000
38277  30.797  -40.005  72.777 0.0000000000
39137  29.555  -40.003  71.902 0.0000000000
38269  30.396  -39.968  72.832 0.0000000000
38270  29.819  -39.911  72.640 0.0000000000
125488  29.394  -39.613  73.506 0.0000000000
40052  30.855  -38.753  74.787 0.0000000000
39109  29.579  -39.451  74.223 0.0000000000
39110  28.958  -39.291  73.987 0.0000000000
40055  28.520  -38.816  74.536 0.0000000000
40047  28.125  -38.333  74.911 0.0000000000
40073  33.972  -39.646  72.710 0.0000000000
40074  33.094  -39.700  73.091 0.0000000000
39115  32.424  -40.259  73.093 0.0000000000
39125  31.587  -40.291  72.963 0.0000000000
46458  45.924  -32.462  66.724 0.0000000000
47467  46.414  -31.628  66.790 0.0000000000
143752  46.598  -30.803  66.679 0.0000000000
48538  46.702  -30.155  66.882 0.0000000000
49605  46.161  -30.423  65.566 0.0000000000
49592  46.709  -29.480  66.584 0.0000000000
141915  46.640  -28.733  66.185 0.0000000000
51615  46.284  -27.102  65.195 0.0000000000
51634  44.485  -27.758  63.155 0.0000000000
50663  44.613  -28.711  63.277 0.0000000000
123171  44.056  -28.400  62.641 0.0000000000
51648  43.986  -27.582  62.577 0.0000000000
123051  43.165  -27.176  61.495 0.0000000000
124168  42.221  -28.208  59.598 0.0000000000
49682  42.271  -29.621  59.581 0.0000000000
49699  41.920  -29.463  58.933 0.0000000000
48670  40.124  -30.362  56.929 0.0000000000
44556  24.465  -34.387  57.000 0.0000000000
43497  23.192  -35.516  55.406 0.0000000000
41344  22.653  -37.419  54.267 0.0000000000
41343  22.816  -37.057  53.882 0.0000000000
68596  52.553  -11.260  48.816 0.0000000000
67594  52.426  -11.882  48.193 0.0000000000
66607  52.530  -12.641  48.511 0.0000000000
41261  24.137  -37.745  60.308 0.0000000000
41253  24.347  -38.347  60.888 0.0000000000
40205  23.967  -38.812  60.987 0.0000000000
40193  23.453  -38.761  61.119 0.0000000000
39227  23.893  -39.209  62.035 0.0000000000
40131  25.258  -38.948  67.867 0.0000000000
134736  24.603  -38.507  66.716 0.0000000000
41179  24.406  -37.492  66.560 0.0000000000
42255  23.622  -36.720  65.255 0.0000000000
42256  22.960  -36.018  64.776 0.0000000000
44435  22.253  -34.364  65.527 0.0000000000
42222  41.604  -36.382  66.962 0.0000000000
42241  42.196  -36.022  66.588 0.0000000000
131432  40.734  -35.912  65.065 0.0000000000
43369  40.033  -35.382  64.111 0.0000000000
43361  40.062  -35.945  64.686 0.0000000000
138821  39.520  -36.108  64.588 0.0000000000
42283  38.949  -36.209  64.547 0.0000000000
42264  38.460  -36.528  65.003 0.0000000000
42284  38.011  -35.975  64.406 0.0000000000
42267  36.035  -35.792  64.278 0.0000000000
138579  32.648  -36.290  67.697 0.0000000000
141471  31.119  -36.198  66.382 0.0000000000
42228  29.728  -36.103  66.574 0.0000000000
42251  30.439  -36.063  65.877 0.0000000000
43398  26.697  -35.460  62.368 0.0000000000
128845  27.278  -36.067  63.865 0.0000000000
42308  26.889  -35.716  62.987 0.0000000000
42319  25.832  -35.976  62.077 0.0000000000
65564  58.602  -12.958  54.853 0.0000000000
65573  58.668  -12.897  53.867 0.0000000000
63572  57.266  -14.978  52.906 0.0000000000
44281  20.104  -34.383  78.099 0.0000000000
45325  20.096  -33.680  77.328 0.0000000000
123947  20.036  -32.791  74.878 0.0000000000
45367  20.293  -33.045  74.086 0.0000000000
45368  19.246  -32.870  74.445 0.0000000000
45380  18.793  -32.859  73.585 0.0000000000
44310  17.627  -33.966  75.189 0.0000000000
68498  53.467  -10.577  57.384 0.0000000000
67511  53.721  -11.195  57.577 0.0000000000
144673  53.640  -10.826  57.865 0.0000000000
67496  53.965  -10.925  58.271 0.0000000000
67495  55.249  -11.153  58.408 0.0000000000
67494  57.105  -10.951  58.530 0.0000000000
67480  57.755  -11.229  58.526 0.0000000000
66461  57.745  -11.630  58.926 0.0000000000
67445  53.897  -11.155  63.137 0.0000000000
67456  54.207  -11.578  62.303 0.0000000000
65506  52.440  -13.267  60.784 0.0000000000
64522  52.850  -13.940  59.132 0.0000000000
64544  51.766  -14.753  57.179 0.0000000000
63537  50.497  -15.624  57.301 0.0000000000
62585  49.837  -17.046  56.312 0.0000000000
59621  51.693  -19.429  65.202 0.0000000000
128098  47.744  -23.473  61.605 0.0000000000
55603  48.330  -23.108  62.056 0.0000000000
145520  47.669  -23.341  60.985 0.0000000000
55620  47.960  -23.040  60.641 0.0000000000
56599  47.938  -22.841  60.081 0.0000000000
123642  46.724  -23.126  59.126 0.0000000000
55632  47.415  -22.947  59.556 0.0000000000
56607  48.328  -22.412  59.774 0.0000000000
56614  48.126  -22.167  58.985 0.0000000000
57685  48.670  -21.486  58.559 0.0000000000
57699  48.546  -21.238  57.812 0.0000000000
57700  47.887  -21.598  57.478 0.0000000000
57715  47.631  -21.414  56.707 0.0000000000
57733  47.368  -21.235  55.989 0.0000000000
56672  46.092  -21.939  56.091 0.0000000000
57734  46.617  -21.465  55.624 0.0000000000
57781  45.450  -21.445  53.733 0.0000000000
57799  44.381  -21.292  52.740 0.0000000000
57800  43.530  -21.474  52.477 0.0000000000
57801  42.755  -21.752  52.256 0.0000000000
56725  43.257  -22.088  53.419 0.0000000000
56742  43.017  -21.935  52.894 0.0000000000
56757  41.986  -22.148  52.077 0.0000000000
56758  41.341  -22.325  51.625 0.0000000000
56759  40.796  -22.708  51.505 0.0000000000
143224  39.250  -26.549  52.627 0.0000000000
52775  38.721  -26.666  52.333 0.0000000000
52806  37.120  -26.182  50.886 0.0000000000
141969  36.690  -25.900  50.408 0.0000000000
126993  34.646  -32.828  59.379 0.0000000000
46575  34.634  -32.239  58.850 0.0000000000
47598  34.649  -31.639  58.308 0.0000000000
47610  34.322  -31.357  57.669 0.0000000000
47626  33.218  -31.274  56.731 0.0000000000
46651  26.621  -32.645  53.248 0.0000000000
46650  27.441  -32.385  53.536 0.0000000000
46667  26.402  -32.526  52.392 0.0000000000
47661  26.919  -32.055  51.860 0.0000000000
47672  26.727  -32.019  50.962 0.0000000000
47671  27.418  -31.584  51.340 0.0000000000
71527  61.132  -7.684  44.713 0.0000000000
71515  60.861  -7.469  45.400 0.0000000000
125256  60.582  -8.118  44.199 0.0000000000
136089  60.009  -8.532  43.661 0.0000000000
67654  54.434  -11.975  42.653 0.0000000000
40151  27.003  -38.890  65.965 0.0000000000
39195  26.828  -39.417  66.325 0.0000000000
39186  26.441  -39.782  66.365 0.0000000000
40122  27.462  -39.703  68.181 0.0000000000
39175  27.110  -39.974  67.864 0.0000000000
38322  26.232  -40.028  66.897 0.0000000000
38316  25.894  -39.968  67.192 0.0000000000
39176  25.509  -39.568  67.415 0.0000000000
38288  28.734  -40.126  71.496 0.0000000000
38289  28.064  -40.286  71.003 0.0000000000
38298  27.065  -40.297  69.649 0.0000000000
39138  27.633  -40.017  71.778 0.0000000000
38291  26.939  -40.158  70.175 0.0000000000
38299  26.692  -40.149  69.410 0.0000000000
39159  26.260  -39.651  68.912 0.0000000000
39168  25.864  -39.549  68.224 0.0000000000
42188  25.831  -36.867  69.379 0.0000000000
41120  26.108  -37.116  70.104 0.0000000000
133346  24.862  -35.186  71.095 0.0000000000
41115  39.118  -37.156  69.411 0.0000000000
41138  38.703  -37.224  68.581 0.0000000000
41155  38.020  -37.096  68.015 0.0000000000
126187  38.037  -37.500  68.773 0.0000000000
40119  36.274  -37.351  68.820 0.0000000000
130431  36.430  -37.872  69.902 0.0000000000
41140  34.563  -36.978  68.890 0.0000000000
41141  33.737  -36.946  68.983 0.0000000000
40083  34.995  -39.791  71.916 0.0000000000
39131  34.991  -39.749  71.472 0.0000000000
39143  33.886  -40.080  71.479 0.0000000000
40092  33.979  -39.345  71.057 0.0000000000
41128  33.326  -37.507  69.649 0.0000000000
41142  32.787  -36.815  69.040 0.0000000000
42197  31.006  -36.392  68.291 0.0000000000
42198  30.029  -36.470  68.180 0.0000000000
41131  30.388  -37.674  69.892 0.0000000000
141610  29.249  -36.601  67.741 0.0000000000
41160  28.619  -37.272  67.856 0.0000000000
63576  54.075  -14.925  53.406 0.0000000000
63598  54.273  -15.189  52.471 0.0000000000
63616  53.453  -15.457  51.132 0.0000000000
139625  53.123  -15.646  50.689 0.0000000000
70323  54.518  -7.564  62.361 0.0000000000
70302  54.103  -8.245  62.835 0.0000000000
69356  54.244  -9.428  62.890 0.0000000000
68426  53.679  -10.254  63.543 0.0000000000
66412  52.748  -12.365  63.308 0.0000000000
66404  52.590  -12.248  64.147 0.0000000000
65472  52.310  -13.090  62.943 0.0000000000
65473  51.812  -13.856  62.652 0.0000000000
63502  51.330  -15.737  62.362 0.0000000000
55558  49.028  -23.724  65.422 0.0000000000
55573  48.776  -23.508  64.465 0.0000000000
55589  47.800  -23.674  63.142 0.0000000000
52601  46.610  -26.126  64.879 0.0000000000
53573  46.751  -25.349  64.262 0.0000000000
140223  46.393  -25.360  63.741 0.0000000000
53585  46.796  -24.767  63.572 0.0000000000
54571  46.876  -24.409  62.673 0.0000000000
54586  47.286  -23.997  61.925 0.0000000000
54601  46.788  -24.012  61.354 0.0000000000
130954  46.292  -23.802  60.573 0.0000000000
54616  44.868  -24.615  60.463 0.0000000000
54631  45.421  -24.066  60.091 0.0000000000
54647  45.133  -23.878  59.377 0.0000000000
54661  44.054  -23.953  57.960 0.0000000000
55665  43.685  -23.769  57.234 0.0000000000
141727  43.318  -23.624  56.658 0.0000000000
54671  42.925  -24.152  56.978 0.0000000000
54672  42.413  -24.614  56.495 0.0000000000
53707  41.970  -25.110  55.954 0.0000000000
53692  42.161  -25.400  56.706 0.0000000000
53708  41.466  -25.555  55.422 0.0000000000
52759  40.782  -25.999  54.931 0.0000000000
52760  40.415  -26.601  54.275 0.0000000000
51708  41.857  -27.392  58.580 0.0000000000
51721  41.773  -27.279  57.888 0.0000000000
52717  41.658  -27.068  57.129 0.0000000000
50761  41.256  -28.629  56.947 0.0000000000
131608  41.243  -27.840  56.546 0.0000000000
51750  40.946  -27.336  55.809 0.0000000000
51768  39.949  -27.085  53.805 0.0000000000
51769  39.353  -27.461  53.488 0.0000000000
51770  38.715  -27.651  53.279 0.0000000000
51771  37.915  -27.701  53.208 0.0000000000
50779  38.644  -28.566  54.327 0.0000000000
50793  38.343  -28.122  53.765 0.0000000000
51772  37.021  -27.754  53.183 0.0000000000
45573  31.357  -33.818  58.528 0.0000000000
138397  30.747  -33.643  58.097 0.0000000000
45594  28.663  -33.599  57.631 0.0000000000
45610  28.649  -33.377  56.760 0.0000000000
45619  28.266  -33.194  55.869 0.0000000000
46620  28.002  -33.011  55.040 0.0000000000
46636  26.863  -32.851  54.065 0.0000000000
44578  24.591  -34.109  56.271 0.0000000000
45613  25.070  -33.797  55.831 0.0000000000
45623  24.886  -33.721  55.025 0.0000000000
45633  25.444  -33.446  54.417 0.0000000000
45644  26.042  -33.086  53.814 0.0000000000
46652  25.853  -32.958  52.963 0.0000000000
70532  58.426  -8.471  46.642 0.0000000000
70522  57.895  -8.601  47.242 0.0000000000
70534  56.824  -8.969  46.262 0.0000000000
120699  56.066  -9.310  46.200 0.0000000000
68627  55.222  -9.983  44.989 0.0000000000
121400  54.848  -10.364  44.329 0.0000000000
69575  53.697  -9.935  47.828 0.0000000000
68612  53.392  -10.689  46.534 0.0000000000
68613  52.740  -11.288  46.952 0.0000000000
67610  52.937  -11.349  46.126 0.0000000000
68621  53.605  -10.833  45.683 0.0000000000
68629  53.780  -11.062  44.888 0.0000000000
40230  22.529  -38.838  58.753 0.0000000000
132773  26.274  -39.243  64.857 0.0000000000
38336  25.498  -39.546  64.810 0.0000000000
139482  25.064  -39.482  63.664 0.0000000000
39226  24.357  -39.292  62.606 0.0000000000
40164  23.857  -38.893  64.147 0.0000000000
135282  23.454  -37.946  64.154 0.0000000000
126784  22.904  -38.634  61.613 0.0000000000
43328  44.152  -34.527  66.279 0.0000000000
46459  45.561  -32.956  66.942 0.0000000000
123166  45.637  -32.724  66.049 0.0000000000
46488  44.811  -32.716  64.879 0.0000000000
46489  44.143  -33.199  64.586 0.0000000000
46506  44.263  -32.266  64.184 0.0000000000
121203  42.643  -31.792  62.184 0.0000000000
47555  42.385  -31.580  61.558 0.0000000000
46535  39.831  -32.743  61.362 0.0000000000
46536  38.910  -33.109  61.511 0.0000000000
44455  39.533  -35.061  63.586 0.0000000000
44462  38.914  -34.927  63.025 0.0000000000
43387  38.070  -35.442  63.075 0.0000000000
45543  37.290  -33.239  61.134 0.0000000000
45544  36.428  -33.789  61.170 0.0000000000
124829  35.571  -34.799  61.606 0.0000000000
44490  35.121  -34.462  60.956 0.0000000000
44512  33.307  -34.122  59.854 0.0000000000
44513  32.548  -34.210  59.772 0.0000000000
41196  37.001  -36.608  66.019 0.0000000000
41175  35.861  -36.521  67.174 0.0000000000
42246  36.361  -36.102  65.239 0.0000000000
137274  35.557  -35.900  64.685 0.0000000000
122232  35.193  -35.913  63.979 0.0000000000
42209  33.059  -36.163  67.339 0.0000000000
42247  34.073  -36.133  65.892 0.0000000000
142797  32.585  -36.199  64.856 0.0000000000
122061  33.259  -36.227  65.273 0.0000000000
42269  34.059  -36.195  64.914 0.0000000000
42306  34.840  -35.778  63.164 0.0000000000
43391  34.245  -35.421  62.675 0.0000000000
43407  32.708  -35.008  61.791 0.0000000000
43422  33.304  -34.776  61.225 0.0000000000
44514  31.127  -34.114  59.224 0.0000000000
44534  28.695  -34.043  58.946 0.0000000000
142891  29.681  -34.301  60.131 0.0000000000
44516  29.131  -34.207  59.741 0.0000000000
44535  27.887  -34.054  58.973 0.0000000000
44536  26.497  -34.000  58.318 0.0000000000
44537  25.625  -34.293  58.182 0.0000000000
141678  28.135  -34.837  62.185 0.0000000000
44480  27.538  -34.442  60.833 0.0000000000
43425  26.148  -34.902  60.840 0.0000000000
123605  26.451  -34.195  59.605 0.0000000000
120382  25.937  -34.282  58.933 0.0000000000
122809  23.463  -35.464  56.874 0.0000000000
42376  22.713  -36.719  56.236 0.0000000000
140443  23.149  -36.562  57.610 0.0000000000
125233  54.142  -12.736  52.014 0.0000000000
66570  55.772  -12.962  51.643 0.0000000000
66569  56.932  -12.809  51.876 0.0000000000
65582  59.269  -12.679  52.323 0.0000000000
63615  54.873  -15.378  51.770 0.0000000000
128502  55.474  -15.557  51.287 0.0000000000
62648  55.336  -15.905  50.417 0.0000000000
43259  30.118  -35.284  74.771 0.0000000000
42127  29.617  -36.094  74.997 0.0000000000
43254  29.284  -35.666  75.446 0.0000000000
42128  29.376  -36.601  75.331 0.0000000000
42129  28.837  -36.735  75.715 0.0000000000
41070  28.265  -37.246  75.883 0.0000000000
41071  27.902  -37.667  75.385 0.0000000000
43243  27.764  -35.287  77.198 0.0000000000
43244  27.624  -36.277  76.976 0.0000000000
143511  27.534  -37.166  75.986 0.0000000000
41061  27.271  -37.344  75.570 0.0000000000
41081  27.110  -37.547  74.620 0.0000000000
42140  26.540  -37.028  74.243 0.0000000000
42149  26.162  -36.269  73.687 0.0000000000
42131  26.325  -36.310  75.385 0.0000000000
131211  25.722  -35.754  74.134 0.0000000000
130626  25.915  -35.808  72.940 0.0000000000
43278  25.198  -35.259  72.513 0.0000000000
43291  24.583  -35.071  71.767 0.0000000000
45321  24.581  -33.782  77.727 0.0000000000
44293  24.701  -34.352  76.890 0.0000000000
44308  24.376  -34.478  75.194 0.0000000000
44321  23.817  -34.024  74.561 0.0000000000
44330  23.983  -34.666  73.120 0.0000000000
43292  23.797  -34.834  71.846 0.0000000000
43302  24.118  -34.905  71.061 0.0000000000
44371  23.361  -34.642  70.691 0.0000000000
44384  22.453  -34.136  69.585 0.0000000000
124661  22.019  -34.096  71.049 0.0000000000
44373  21.790  -33.957  70.191 0.0000000000
71486  59.081  -7.997  48.364 0.0000000000
70512  57.547  -8.550  48.579 0.0000000000
122016  57.068  -8.689  48.952 0.0000000000
137229  56.528  -8.863  48.896 0.0000000000
70504  55.998  -8.910  49.295 0.0000000000
70505  55.334  -8.871  49.884 0.0000000000
71429  60.457  -6.439  52.580 0.0000000000
71448  59.354  -7.503  51.602 0.0000000000
71449  57.709  -7.808  51.843 0.0000000000
70489  57.425  -8.042  50.938 0.0000000000
69555  54.506  -9.165  49.718 0.0000000000
126102  53.997  -9.259  50.307 0.0000000000
69545  53.370  -9.759  50.587 0.0000000000
67561  52.471  -11.781  52.093 0.0000000000
66556  52.760  -12.205  52.648 0.0000000000
70441  55.725  -7.816  54.709 0.0000000000
69503  53.366  -9.616  53.340 0.0000000000
69490  53.507  -9.430  54.297 0.0000000000
68533  53.001  -10.210  53.896 0.0000000000
66540  53.302  -12.386  53.084 0.0000000000
66539  54.282  -12.537  53.477 0.0000000000
121100  55.172  -12.572  53.896 0.0000000000
141435  54.215  -12.488  54.915 0.0000000000
66522  57.699  -12.397  54.517 0.0000000000
66521  58.161  -12.427  54.925 0.0000000000
67525  54.331  -11.726  57.084 0.0000000000
66500  56.665  -12.034  56.388 0.0000000000
67523  57.272  -11.628  57.199 0.0000000000
64567  58.239  -13.793  55.153 0.0000000000
64568  58.020  -13.857  55.937 0.0000000000
64585  56.646  -14.806  54.775 0.0000000000
63560  55.456  -15.016  54.158 0.0000000000
63561  54.651  -14.872  54.082 0.0000000000
70356  54.666  -7.385  61.322 0.0000000000
131275  55.042  -8.252  61.079 0.0000000000
69397  56.051  -9.287  61.189 0.0000000000
140494  56.277  -9.567  60.823 0.0000000000
68456  56.477  -10.249  60.416 0.0000000000
68470  56.789  -10.717  59.655 0.0000000000
66445  55.862  -12.340  60.635 0.0000000000
65522  54.917  -13.354  59.432 0.0000000000
66464  55.414  -12.867  60.046 0.0000000000
66463  56.279  -12.697  59.919 0.0000000000
65520  56.736  -13.103  59.234 0.0000000000
65535  57.117  -13.424  58.471 0.0000000000
121547  56.533  -14.314  57.247 0.0000000000
64554  56.118  -14.620  56.620 0.0000000000
142751  55.047  -14.489  56.902 0.0000000000
64555  55.424  -14.665  56.287 0.0000000000
64606  52.462  -14.703  52.996 0.0000000000
64558  51.618  -14.710  56.358 0.0000000000
63563  50.358  -15.289  54.155 0.0000000000
132943  51.876  -15.398  63.111 0.0000000000
58614  51.629  -20.224  64.842 0.0000000000
135013  51.701  -19.802  64.089 0.0000000000
56577  48.913  -22.668  62.260 0.0000000000
56576  49.476  -22.439  62.743 0.0000000000
57645  49.889  -22.004  62.447 0.0000000000
57633  51.218  -20.908  63.163 0.0000000000
58623  51.536  -20.329  63.604 0.0000000000
59632  52.023  -18.956  63.924 0.0000000000
59639  52.191  -18.894  63.032 0.0000000000
60670  52.276  -18.398  62.713 0.0000000000
61626  52.278  -18.073  62.469 0.0000000000
60681  52.094  -18.570  62.025 0.0000000000
129824  52.159  -17.659  62.362 0.0000000000
62540  50.882  -16.771  61.349 0.0000000000
62548  50.490  -16.655  60.453 0.0000000000
61661  50.248  -17.421  58.990 0.0000000000
60721  50.657  -18.964  58.678 0.0000000000
61669  50.086  -17.996  57.588 0.0000000000
61676  49.864  -18.141  56.187 0.0000000000
60767  49.280  -18.414  54.909 0.0000000000
58711  49.006  -20.639  57.491 0.0000000000
143606  48.885  -20.467  56.875 0.0000000000
58721  49.132  -20.055  56.515 0.0000000000
58737  48.124  -20.326  55.425 0.0000000000
59763  48.748  -19.910  55.792 0.0000000000
59762  49.345  -19.427  56.171 0.0000000000
59779  48.974  -19.181  55.370 0.0000000000
60785  48.278  -18.598  52.732 0.0000000000
59805  47.302  -19.268  52.313 0.0000000000
58802  43.728  -20.725  51.164 0.0000000000
58822  42.953  -20.628  49.927 0.0000000000
57830  42.200  -20.957  49.884 0.0000000000
58838  42.666  -20.460  49.178 0.0000000000
55694  42.599  -23.451  55.394 0.0000000000
55711  42.179  -23.550  54.505 0.0000000000
54709  41.246  -24.441  53.881 0.0000000000
55742  41.459  -23.268  52.737 0.0000000000
55763  40.180  -23.029  50.907 0.0000000000
52774  39.644  -26.050  52.747 0.0000000000
53741  39.622  -25.443  52.198 0.0000000000
54731  39.602  -24.783  51.642 0.0000000000
55753  39.878  -23.915  51.324 0.0000000000
47565  42.214  -31.309  60.913 0.0000000000
134236  41.351  -31.181  59.835 0.0000000000
47568  40.272  -31.570  60.245 0.0000000000
47580  40.716  -31.194  59.629 0.0000000000
48627  41.047  -30.773  59.088 0.0000000000
128478  40.112  -30.386  58.160 0.0000000000
139635  40.008  -30.399  57.418 0.0000000000
48656  39.682  -30.370  57.131 0.0000000000
144700  37.548  -31.756  59.875 0.0000000000
47595  37.470  -30.914  58.815 0.0000000000
48640  38.473  -30.363  57.972 0.0000000000
48657  38.885  -30.180  57.285 0.0000000000
49723  37.941  -29.574  56.152 0.0000000000
49736  37.477  -29.225  55.584 0.0000000000
49750  36.029  -28.828  55.089 0.0000000000
50782  35.739  -28.555  54.385 0.0000000000
50809  34.328  -28.095  52.842 0.0000000000
46590  31.719  -32.803  57.310 0.0000000000
46605  30.554  -32.725  56.313 0.0000000000
46604  31.262  -32.482  56.642 0.0000000000
46603  32.038  -32.214  56.903 0.0000000000
48678  32.888  -30.874  56.137 0.0000000000
46649  28.266  -32.186  53.833 0.0000000000
47646  28.940  -31.983  54.167 0.0000000000
47645  29.541  -31.771  54.476 0.0000000000
47651  29.848  -31.104  54.119 0.0000000000
47644  30.182  -31.493  54.764 0.0000000000
47643  30.925  -31.150  55.051 0.0000000000
48689  31.749  -30.799  55.336 0.0000000000
48688  32.607  -30.545  55.532 0.0000000000
48695  33.152  -29.971  55.130 0.0000000000
49767  31.538  -29.321  53.566 0.0000000000
49766  32.495  -29.166  53.786 0.0000000000
49765  33.427  -29.101  53.902 0.0000000000
50798  33.877  -28.615  53.341 0.0000000000
50810  33.522  -28.239  52.696 0.0000000000
51789  33.980  -27.693  52.203 0.0000000000
137792  57.733  -8.829  43.995 0.0000000000
70557  58.498  -8.489  44.437 0.0000000000
137526  58.500  -8.756  43.721 0.0000000000
69633  58.849  -9.729  42.691 0.0000000000
67653  55.196  -11.489  42.282 0.0000000000
66572  53.522  -12.832  51.398 0.0000000000
65609  54.050  -13.284  50.034 0.0000000000
65608  54.963  -13.351  50.246 0.0000000000
38264  30.254  -40.020  73.058 0.0000000000
38265  29.612  -39.820  72.996 0.0000000000
38278  30.061  -39.901  72.482 0.0000000000
38282  27.351  -39.988  70.946 0.0000000000
38290  27.474  -40.105  70.494 0.0000000000
39108  30.346  -39.599  74.347 0.0000000000
39119  28.994  -39.486  73.130 0.0000000000
39185  26.942  -39.582  66.910 0.0000000000
39206  25.017  -39.561  64.363 0.0000000000
40057  27.569  -38.159  74.065 0.0000000000
40065  28.076  -38.720  73.299 0.0000000000
40097  26.494  -38.936  70.117 0.0000000000
41060  27.543  -36.808  76.522 0.0000000000
41105  37.044  -37.953  71.110 0.0000000000
41125  38.809  -37.602  69.211 0.0000000000
42130  26.646  -37.005  75.086 0.0000000000
42148  26.543  -37.074  73.549 0.0000000000
42416  22.624  -36.890  54.613 0.0000000000
43245  26.020  -35.566  76.685 0.0000000000
43301  24.810  -35.095  70.377 0.0000000000
43410  29.622  -34.973  62.010 0.0000000000
44360  23.109  -34.605  71.868 0.0000000000
44383  23.232  -34.475  69.816 0.0000000000
44498  26.734  -34.426  60.435 0.0000000000
44601  23.739  -34.723  55.347 0.0000000000
45483  44.626  -33.957  65.928 0.0000000000
45570  33.981  -32.923  59.048 0.0000000000
45631  27.108  -33.093  54.877 0.0000000000
46446  46.035  -32.270  67.170 0.0000000000
46618  29.571  -32.682  55.420 0.0000000000
47654  27.979  -31.897  53.065 0.0000000000
51696  41.996  -27.417  59.253 0.0000000000
53586  45.852  -25.728  63.533 0.0000000000
55676  44.875  -22.762  56.758 0.0000000000
56557  50.301  -22.546  64.596 0.0000000000
56575  50.159  -22.152  63.121 0.0000000000
56652  45.020  -22.457  56.197 0.0000000000
57644  51.267  -20.652  62.420 0.0000000000
59626  51.781  -19.400  64.563 0.0000000000
59663  51.178  -19.576  60.181 0.0000000000
61640  51.569  -18.450  61.022 0.0000000000
62500  52.453  -16.964  64.213 0.0000000000
69396  56.408  -9.894  61.031 0.0000000000
69583  55.731  -9.313  46.756 0.0000000000
71430  59.103  -7.126  53.219 0.0000000000
120304  46.573  -30.260  66.301 0.0000000000
121694  55.177  -9.436  47.035 0.0000000000
122179  57.007  -9.160  43.969 0.0000000000
123584  46.637  -30.906  67.158 0.0000000000
126126  47.392  -23.986  62.640 0.0000000000
126194  42.061  -26.623  58.910 0.0000000000
126276  40.135  -30.098  56.375 0.0000000000
126696  18.122  -34.073  75.900 0.0000000000
127322  23.774  -33.812  75.324 0.0000000000
128501  33.595  -39.524  71.221 0.0000000000
130288  47.541  -20.600  55.174 0.0000000000
130753  34.450  -39.850  71.285 0.0000000000
131105  23.476  -35.894  57.596 0.0000000000
135709  25.555  -37.226  68.599 0.0000000000
136497  47.655  -25.690  67.186 0.0000000000
140091  50.922  -16.052  61.737 0.0000000000
141503  44.529  -30.739  63.588 0.0000000000
141529  22.833  -36.538  54.190 0.0000000000
142960  44.200  -33.736  65.103 0.0000000000
143524  47.871  -22.615  59.489 0.0000000000
143632  48.351  -19.108  53.887 0.0000000000
143722  57.068  -8.092  51.384 0.0000000000
144235  41.508  -29.374  57.985 0.0000000000
144350  52.564  -12.256  49.862 0.0000000000
144508  51.577  -14.560  53.991 0.0000000000
144754  24.178  -39.307  62.262 0.0000000000
