#!ascii label  , from subject sub-v2s18x29511_ses-1 vox2ras=TkReg
1729
45357  13.295  -33.647  75.200 0.0000000000
67603  48.216  -11.912  47.425 0.0000000000
47525  32.607  -31.836  63.431 0.0000000000
50633  40.151  -28.128  67.689 0.0000000000
48543  24.534  -30.730  66.181 0.0000000000
125969  21.920  -30.373  76.263 0.0000000000
74316  57.072  -4.909  42.603 0.0000000000
73270  55.640  -5.452  50.498 0.0000000000
58714  42.882  -20.831  57.191 0.0000000000
76204  58.130  -2.254  32.914 0.0000000000
47415  33.076  -32.047  70.247 0.0000000000
47352  17.980  -31.815  76.089 0.0000000000
72420  57.931  -6.628  46.351 0.0000000000
70571  53.310  -7.823  43.735 0.0000000000
65584  48.493  -13.685  52.684 0.0000000000
68535  51.287  -10.301  53.950 0.0000000000
62621  44.815  -16.290  52.214 0.0000000000
52689  37.918  -26.614  59.790 0.0000000000
121822  37.080  -29.978  63.771 0.0000000000
46399  29.068  -32.843  71.616 0.0000000000
47345  28.921  -31.332  77.318 0.0000000000
126370  23.407  -31.714  71.077 0.0000000000
49558  18.344  -29.549  70.714 0.0000000000
47511  28.389  -31.971  64.292 0.0000000000
75225  62.356  -2.999  43.190 0.0000000000
73306  62.510  -4.392  48.523 0.0000000000
70514  51.875  -7.983  48.754 0.0000000000
61654  46.073  -16.804  58.773 0.0000000000
54588  42.245  -24.183  62.871 0.0000000000
73420  58.148  -4.994  37.488 0.0000000000
76156  63.496  -2.279  36.974 0.0000000000
76189  65.088  -1.950  33.209 0.0000000000
45387  32.641  -32.979  72.982 0.0000000000
46349  15.453  -32.673  75.406 0.0000000000
45303  16.809  -34.065  79.532 0.0000000000
44272  14.679  -34.833  78.778 0.0000000000
73341  52.294  -5.250  43.347 0.0000000000
64559  48.327  -14.148  56.955 0.0000000000
66489  50.333  -12.142  57.484 0.0000000000
45317  7.648  -32.856  79.110 0.0000000000
64658  44.790  -14.767  49.145 0.0000000000
49669  32.351  -29.383  60.670 0.0000000000
50686  34.723  -28.493  61.341 0.0000000000
130089  35.152  -30.871  62.933 0.0000000000
136372  26.664  -32.180  68.879 0.0000000000
123515  26.165  -32.986  71.879 0.0000000000
47438  24.201  -31.618  68.449 0.0000000000
47490  26.862  -30.995  65.797 0.0000000000
128745  28.634  -31.755  67.738 0.0000000000
48448  25.495  -30.740  77.502 0.0000000000
74288  60.141  -4.359  43.014 0.0000000000
76091  62.619  -2.537  45.255 0.0000000000
75196  59.726  -4.497  44.578 0.0000000000
72395  56.938  -6.312  48.128 0.0000000000
73284  59.851  -5.742  49.554 0.0000000000
67619  48.359  -11.323  44.963 0.0000000000
69595  50.359  -9.747  45.692 0.0000000000
68597  50.053  -9.874  48.217 0.0000000000
59781  42.082  -18.715  54.880 0.0000000000
61685  43.571  -17.336  55.144 0.0000000000
60724  45.018  -19.016  57.736 0.0000000000
136443  39.223  -27.680  64.101 0.0000000000
53630  40.154  -25.203  60.899 0.0000000000
52604  41.706  -26.806  64.688 0.0000000000
72492  55.802  -6.347  39.696 0.0000000000
73422  56.233  -5.315  37.273 0.0000000000
73395  58.239  -6.066  39.433 0.0000000000
74341  60.549  -4.811  39.446 0.0000000000
77158  62.481  -0.634  31.407 0.0000000000
75317  61.943  -3.336  32.827 0.0000000000
76172  64.615  -1.914  35.272 0.0000000000
122774  61.565  -4.185  34.522 0.0000000000
46465  32.788  -33.078  66.306 0.0000000000
45473  34.970  -33.391  66.022 0.0000000000
46419  35.614  -32.637  69.924 0.0000000000
130648  19.594  -30.709  76.170 0.0000000000
47320  21.388  -31.032  79.478 0.0000000000
47323  19.321  -32.156  79.333 0.0000000000
74317  54.630  -4.859  42.438 0.0000000000
74265  57.381  -4.755  44.036 0.0000000000
73340  54.585  -4.965  43.817 0.0000000000
71517  55.886  -7.404  45.250 0.0000000000
72410  54.669  -6.728  47.721 0.0000000000
66599  47.948  -12.896  49.749 0.0000000000
68583  49.656  -10.595  50.423 0.0000000000
67553  49.921  -11.962  53.394 0.0000000000
56653  40.014  -22.056  56.819 0.0000000000
52526  42.792  -27.082  69.805 0.0000000000
46352  11.296  -32.871  75.240 0.0000000000
43237  12.050  -35.493  77.733 0.0000000000
44274  9.016  -34.875  77.588 0.0000000000
66618  46.911  -12.880  47.160 0.0000000000
64656  46.241  -14.094  49.786 0.0000000000
64626  47.000  -15.215  52.312 0.0000000000
64577  46.303  -14.993  55.813 0.0000000000
52692  34.779  -27.027  59.302 0.0000000000
51653  36.637  -28.263  62.232 0.0000000000
49609  38.612  -28.926  65.262 0.0000000000
46476  37.434  -32.975  65.180 0.0000000000
138342  40.489  -32.186  65.317 0.0000000000
46371  31.530  -32.282  74.227 0.0000000000
45332  30.001  -32.957  76.008 0.0000000000
46373  28.852  -32.771  74.240 0.0000000000
46362  25.928  -32.653  74.276 0.0000000000
47373  23.027  -31.461  73.951 0.0000000000
48511  21.926  -30.935  68.916 0.0000000000
141018  21.028  -30.619  70.937 0.0000000000
48482  20.303  -30.430  73.702 0.0000000000
49525  18.122  -30.033  73.293 0.0000000000
48485  16.500  -30.607  73.435 0.0000000000
127288  13.686  -30.720  73.244 0.0000000000
48609  30.893  -30.051  61.331 0.0000000000
126833  28.604  -30.527  61.298 0.0000000000
47509  30.357  -32.155  64.050 0.0000000000
46454  30.196  -32.321  66.948 0.0000000000
47408  31.111  -32.264  70.262 0.0000000000
73304  64.428  -4.836  47.691 0.0000000000
73315  60.221  -5.432  46.429 0.0000000000
121391  50.985  -8.851  42.996 0.0000000000
122535  52.301  -8.496  46.388 0.0000000000
72384  53.496  -6.424  49.957 0.0000000000
69532  50.957  -9.048  51.581 0.0000000000
72345  52.908  -6.862  52.156 0.0000000000
62637  42.394  -16.447  51.643 0.0000000000
63544  44.830  -16.277  55.892 0.0000000000
63515  45.829  -15.021  60.070 0.0000000000
129878  40.140  -23.396  59.629 0.0000000000
56601  42.550  -22.597  60.500 0.0000000000
54542  44.066  -24.856  66.483 0.0000000000
56561  45.023  -22.969  64.201 0.0000000000
58649  44.860  -20.963  60.933 0.0000000000
59650  47.493  -19.389  61.658 0.0000000000
61616  48.459  -16.980  62.457 0.0000000000
74395  58.432  -4.682  34.560 0.0000000000
75272  60.970  -3.764  37.568 0.0000000000
75252  62.391  -3.112  39.370 0.0000000000
44359  32.853  -34.646  72.248 0.0000000000
45356  14.408  -33.372  75.484 0.0000000000
45328  14.960  -33.942  77.264 0.0000000000
44298  14.280  -34.139  76.946 0.0000000000
65539  48.322  -13.748  58.519 0.0000000000
65538  49.130  -13.243  58.174 0.0000000000
47325  8.722  -31.125  79.346 0.0000000000
48607  32.362  -30.430  61.824 0.0000000000
48592  33.649  -30.585  62.351 0.0000000000
47524  33.725  -31.685  63.449 0.0000000000
47456  25.486  -31.390  67.523 0.0000000000
47422  25.592  -32.244  68.970 0.0000000000
47457  24.576  -31.337  67.683 0.0000000000
48572  25.522  -30.472  64.549 0.0000000000
48541  26.039  -30.887  66.084 0.0000000000
47473  26.681  -31.077  66.600 0.0000000000
48450  23.509  -30.635  76.711 0.0000000000
48427  23.860  -30.423  78.766 0.0000000000
74314  58.777  -4.855  42.464 0.0000000000
75213  59.453  -4.490  43.826 0.0000000000
75204  58.684  -4.415  43.856 0.0000000000
73287  56.060  -5.578  49.645 0.0000000000
73268  57.578  -5.217  50.466 0.0000000000
67612  48.260  -11.470  45.898 0.0000000000
68614  49.335  -10.477  46.176 0.0000000000
67602  48.872  -11.254  47.360 0.0000000000
58740  41.461  -20.486  55.416 0.0000000000
58739  42.240  -20.159  55.699 0.0000000000
59743  43.822  -19.203  56.496 0.0000000000
58698  44.211  -20.153  57.957 0.0000000000
51603  39.293  -27.768  65.747 0.0000000000
51617  40.223  -27.479  64.336 0.0000000000
52571  40.510  -26.966  66.471 0.0000000000
72476  55.948  -6.221  41.155 0.0000000000
72491  56.604  -6.214  39.510 0.0000000000
73384  57.772  -6.026  40.911 0.0000000000
73368  59.210  -5.478  41.438 0.0000000000
76201  60.806  -2.462  32.472 0.0000000000
76191  60.328  -3.105  32.826 0.0000000000
75308  61.571  -3.939  33.562 0.0000000000
129932  60.035  -3.703  33.369 0.0000000000
46438  33.016  -32.729  68.749 0.0000000000
46437  34.060  -32.989  68.660 0.0000000000
46408  34.405  -32.098  70.426 0.0000000000
47364  18.491  -31.194  75.615 0.0000000000
47338  19.748  -31.473  77.694 0.0000000000
46332  18.687  -32.594  78.215 0.0000000000
44257  16.585  -34.502  79.904 0.0000000000
44245  17.706  -34.328  80.054 0.0000000000
73374  52.978  -5.184  41.629 0.0000000000
74293  54.914  -4.489  43.122 0.0000000000
74295  53.034  -4.671  42.945 0.0000000000
71539  53.081  -7.063  43.423 0.0000000000
72448  53.709  -6.355  43.613 0.0000000000
71529  54.583  -7.590  44.390 0.0000000000
71507  55.657  -7.481  46.104 0.0000000000
70547  53.731  -8.067  45.870 0.0000000000
65596  48.380  -13.344  51.757 0.0000000000
66574  49.229  -12.196  52.005 0.0000000000
66542  49.530  -12.694  53.736 0.0000000000
73386  53.594  -5.907  40.970 0.0000000000
44303  10.066  -34.469  76.467 0.0000000000
45345  9.708  -33.757  76.534 0.0000000000
65675  45.343  -13.505  46.859 0.0000000000
65658  46.463  -13.292  47.886 0.0000000000
65659  45.541  -13.718  47.815 0.0000000000
63641  45.086  -15.803  50.170 0.0000000000
123823  46.166  -15.131  50.509 0.0000000000
63601  46.386  -15.627  52.858 0.0000000000
145704  46.596  -15.225  54.484 0.0000000000
63564  45.936  -15.456  54.344 0.0000000000
51709  33.899  -27.073  58.992 0.0000000000
49632  36.343  -29.472  62.843 0.0000000000
50676  35.913  -28.500  61.994 0.0000000000
50665  37.050  -29.055  63.139 0.0000000000
51620  38.181  -28.763  64.151 0.0000000000
49622  38.129  -29.362  64.609 0.0000000000
45453  36.086  -33.496  67.287 0.0000000000
45489  36.268  -33.403  65.864 0.0000000000
45470  37.484  -33.377  66.695 0.0000000000
45485  40.242  -33.115  66.376 0.0000000000
47485  41.918  -31.453  65.412 0.0000000000
46398  30.049  -32.763  72.355 0.0000000000
46372  30.607  -32.349  74.377 0.0000000000
46385  29.107  -33.051  72.705 0.0000000000
46403  24.973  -32.580  71.241 0.0000000000
46388  25.605  -32.805  72.472 0.0000000000
46377  24.955  -32.468  72.980 0.0000000000
47371  24.507  -31.921  74.457 0.0000000000
47395  23.338  -31.708  72.344 0.0000000000
48532  22.223  -30.862  67.226 0.0000000000
122519  18.805  -29.606  69.994 0.0000000000
49568  20.306  -30.225  70.115 0.0000000000
49556  20.087  -30.053  70.742 0.0000000000
48492  21.019  -30.596  71.986 0.0000000000
49533  19.598  -30.044  72.425 0.0000000000
49524  18.937  -30.119  73.270 0.0000000000
49534  18.532  -29.874  72.423 0.0000000000
47388  14.976  -31.314  73.502 0.0000000000
49684  30.566  -29.072  59.705 0.0000000000
49685  29.758  -29.083  59.561 0.0000000000
48582  27.133  -31.254  63.597 0.0000000000
47544  28.285  -31.526  62.643 0.0000000000
47543  29.272  -31.418  62.737 0.0000000000
47510  29.369  -32.143  64.153 0.0000000000
46483  30.378  -32.431  65.502 0.0000000000
46468  29.936  -32.289  66.147 0.0000000000
46424  29.149  -32.529  69.886 0.0000000000
47419  29.672  -32.277  69.124 0.0000000000
140351  29.982  -32.637  71.486 0.0000000000
122865  31.603  -32.294  72.421 0.0000000000
46338  29.634  -32.373  76.600 0.0000000000
43224  11.549  -35.883  78.622 0.0000000000
43222  13.356  -35.626  79.082 0.0000000000
76097  63.696  -1.879  44.762 0.0000000000
139600  62.242  -3.665  46.613 0.0000000000
75181  63.882  -3.033  47.065 0.0000000000
74237  63.355  -4.321  48.477 0.0000000000
74232  63.105  -4.805  49.282 0.0000000000
73324  58.168  -5.240  44.774 0.0000000000
73323  58.931  -5.043  45.086 0.0000000000
72419  58.893  -6.356  46.806 0.0000000000
73283  60.881  -5.376  49.827 0.0000000000
135362  50.693  -9.010  47.276 0.0000000000
70536  51.758  -8.987  46.076 0.0000000000
70524  51.835  -7.840  47.836 0.0000000000
71487  52.935  -6.946  48.149 0.0000000000
71477  52.693  -7.277  49.051 0.0000000000
125498  50.476  -10.533  52.768 0.0000000000
68572  50.044  -10.018  50.919 0.0000000000
69518  51.116  -9.172  52.341 0.0000000000
139012  41.198  -16.782  51.779 0.0000000000
131039  44.923  -16.864  57.132 0.0000000000
62593  44.228  -16.816  55.338 0.0000000000
62578  45.156  -16.262  57.243 0.0000000000
64548  45.378  -15.635  57.199 0.0000000000
62560  45.820  -15.912  59.107 0.0000000000
52704  36.567  -26.418  57.917 0.0000000000
53666  37.787  -25.524  58.708 0.0000000000
53601  41.158  -25.142  61.983 0.0000000000
54617  40.168  -24.439  60.663 0.0000000000
142205  41.519  -23.810  61.495 0.0000000000
55635  40.889  -22.982  59.568 0.0000000000
55613  42.168  -23.350  61.666 0.0000000000
53537  42.585  -26.008  67.870 0.0000000000
57622  46.195  -22.087  64.119 0.0000000000
57647  44.747  -21.789  62.284 0.0000000000
57635  46.298  -21.225  62.901 0.0000000000
58647  46.391  -20.260  61.765 0.0000000000
58624  47.555  -20.340  63.785 0.0000000000
144710  57.428  -5.146  37.389 0.0000000000
74373  58.331  -4.914  36.133 0.0000000000
74371  60.057  -4.155  36.232 0.0000000000
135497  59.612  -4.483  36.850 0.0000000000
74311  61.623  -4.579  41.811 0.0000000000
75253  61.870  -3.819  39.904 0.0000000000
75245  62.992  -3.345  41.186 0.0000000000
75244  63.839  -2.641  41.239 0.0000000000
76198  64.363  -1.727  31.780 0.0000000000
76164  63.626  -2.291  36.298 0.0000000000
77096  64.970  -1.421  37.154 0.0000000000
76149  64.200  -1.866  38.284 0.0000000000
47400  33.077  -32.003  71.613 0.0000000000
46393  34.804  -32.397  71.800 0.0000000000
44342  34.270  -33.513  72.661 0.0000000000
46348  16.280  -32.414  75.610 0.0000000000
46333  17.987  -32.665  77.568 0.0000000000
45340  16.246  -33.273  76.928 0.0000000000
45304  16.057  -34.050  79.180 0.0000000000
129285  15.662  -34.902  79.844 0.0000000000
124476  50.908  -5.555  43.422 0.0000000000
71540  52.089  -7.060  43.328 0.0000000000
135705  48.649  -13.845  54.820 0.0000000000
66516  49.736  -12.819  55.390 0.0000000000
136702  49.389  -13.306  56.616 0.0000000000
66465  50.042  -12.223  59.121 0.0000000000
46336  8.695  -32.914  77.550 0.0000000000
46326  8.890  -31.494  78.734 0.0000000000
46316  8.051  -31.862  79.280 0.0000000000
64681  44.069  -14.286  47.915 0.0000000000
62679  44.030  -16.284  49.905 0.0000000000
51685  33.924  -27.783  60.087 0.0000000000
50687  33.894  -28.785  61.152 0.0000000000
49642  34.936  -29.530  62.192 0.0000000000
144548  36.520  -30.715  63.568 0.0000000000
142905  27.720  -32.574  69.774 0.0000000000
141392  27.211  -33.077  71.067 0.0000000000
46414  26.806  -32.890  70.432 0.0000000000
47409  25.145  -32.387  69.768 0.0000000000
47410  24.279  -31.949  69.942 0.0000000000
122477  17.889  -29.574  71.247 0.0000000000
49570  16.690  -29.104  70.002 0.0000000000
136044  26.543  -30.980  63.859 0.0000000000
47489  27.371  -31.431  65.046 0.0000000000
47470  28.846  -31.801  66.941 0.0000000000
47472  27.413  -31.341  66.479 0.0000000000
129290  27.793  -31.724  67.831 0.0000000000
47347  27.163  -30.925  77.131 0.0000000000
74287  61.167  -4.178  42.775 0.0000000000
76099  62.146  -2.644  44.231 0.0000000000
75211  61.529  -3.327  43.838 0.0000000000
75195  60.908  -4.254  44.742 0.0000000000
74245  61.504  -4.261  46.365 0.0000000000
72407  57.375  -6.614  47.316 0.0000000000
72406  58.666  -6.355  47.836 0.0000000000
72394  58.344  -6.052  48.655 0.0000000000
73267  58.714  -5.099  50.722 0.0000000000
68645  50.003  -10.261  43.566 0.0000000000
68622  49.655  -10.305  45.454 0.0000000000
69578  50.016  -9.678  47.260 0.0000000000
69566  50.578  -9.298  48.574 0.0000000000
70429  51.980  -9.057  54.600 0.0000000000
61700  41.216  -17.398  53.194 0.0000000000
62602  42.459  -17.127  53.758 0.0000000000
60769  42.459  -17.814  54.753 0.0000000000
60750  44.056  -18.164  56.044 0.0000000000
60723  45.635  -18.323  58.124 0.0000000000
52658  38.659  -27.155  61.368 0.0000000000
53632  39.038  -25.982  60.068 0.0000000000
52643  39.868  -27.224  62.352 0.0000000000
52641  41.271  -26.352  63.087 0.0000000000
53587  42.383  -25.416  63.900 0.0000000000
73398  54.344  -5.816  38.633 0.0000000000
73412  54.620  -5.390  37.784 0.0000000000
123818  55.964  -5.925  38.836 0.0000000000
141366  57.384  -5.740  38.650 0.0000000000
73408  58.472  -5.373  38.314 0.0000000000
73407  59.374  -5.310  38.605 0.0000000000
73394  59.405  -5.665  39.513 0.0000000000
74312  60.722  -4.842  42.041 0.0000000000
144229  60.961  -1.010  31.793 0.0000000000
76199  62.188  -2.566  32.329 0.0000000000
127634  64.043  -2.529  32.722 0.0000000000
76181  64.885  -2.029  34.245 0.0000000000
75293  63.589  -3.029  34.333 0.0000000000
76183  63.342  -2.996  35.097 0.0000000000
76175  62.233  -3.091  36.057 0.0000000000
46496  32.540  -32.641  64.859 0.0000000000
46495  33.456  -32.752  64.741 0.0000000000
46464  33.468  -33.219  66.032 0.0000000000
45439  35.609  -33.283  68.141 0.0000000000
128103  37.030  -33.279  69.374 0.0000000000
129766  20.871  -30.333  76.282 0.0000000000
48439  21.945  -30.228  78.177 0.0000000000
48441  20.709  -30.706  77.855 0.0000000000
47308  20.019  -32.032  79.570 0.0000000000
46314  18.431  -33.286  79.463 0.0000000000
45292  18.723  -33.483  80.154 0.0000000000
73372  55.333  -5.589  41.752 0.0000000000
74291  57.433  -4.632  43.376 0.0000000000
123430  55.760  -4.664  43.331 0.0000000000
74266  55.883  -5.070  43.826 0.0000000000
72439  56.718  -6.087  44.424 0.0000000000
132696  53.700  -5.234  43.651 0.0000000000
73334  55.141  -5.341  44.033 0.0000000000
71506  56.575  -7.203  45.745 0.0000000000
72422  56.100  -7.040  46.750 0.0000000000
72396  56.053  -6.320  48.234 0.0000000000
73299  55.573  -5.877  48.949 0.0000000000
66616  48.071  -12.133  48.199 0.0000000000
129339  49.049  -11.180  49.282 0.0000000000
67589  48.924  -11.641  50.039 0.0000000000
138898  49.570  -11.477  51.910 0.0000000000
68547  50.757  -10.814  53.550 0.0000000000
66527  50.202  -12.274  55.059 0.0000000000
68524  50.905  -11.013  55.348 0.0000000000
68509  51.089  -10.306  56.062 0.0000000000
57718  41.283  -21.380  56.574 0.0000000000
51552  40.682  -27.858  68.593 0.0000000000
73413  53.593  -5.540  38.582 0.0000000000
72493  54.340  -6.288  39.574 0.0000000000
72477  55.145  -6.200  40.900 0.0000000000
78052  56.409  -0.683  32.301 0.0000000000
77148  56.736  -1.441  32.774 0.0000000000
45358  12.644  -33.943  75.406 0.0000000000
122039  13.134  -34.617  76.343 0.0000000000
44301  11.483  -34.800  76.250 0.0000000000
43239  10.509  -35.424  77.285 0.0000000000
121584  10.015  -35.897  78.914 0.0000000000
44275  8.380  -34.578  78.516 0.0000000000
67613  47.736  -12.012  46.200 0.0000000000
66639  46.610  -12.833  45.346 0.0000000000
66627  47.327  -12.507  46.611 0.0000000000
66609  47.496  -12.676  48.478 0.0000000000
65628  47.444  -13.346  49.950 0.0000000000
65597  47.778  -13.840  51.407 0.0000000000
64657  45.532  -14.405  49.393 0.0000000000
64646  46.590  -14.698  50.529 0.0000000000
64624  47.988  -14.347  53.069 0.0000000000
64609  47.809  -14.594  53.987 0.0000000000
64576  47.300  -14.757  55.939 0.0000000000
64546  46.548  -14.699  57.505 0.0000000000
121386  36.260  -26.972  59.021 0.0000000000
51684  34.660  -27.555  60.311 0.0000000000
51682  36.081  -27.339  60.976 0.0000000000
51681  36.775  -27.264  61.018 0.0000000000
120665  38.032  -28.082  62.901 0.0000000000
51604  38.799  -28.211  65.199 0.0000000000
50640  39.869  -28.381  66.567 0.0000000000
136239  35.132  -32.765  64.561 0.0000000000
46493  35.958  -32.622  64.532 0.0000000000
132461  37.182  -31.855  64.165 0.0000000000
45469  39.092  -33.347  66.948 0.0000000000
46474  39.275  -32.601  65.496 0.0000000000
47502  38.643  -31.566  64.242 0.0000000000
49620  39.716  -30.050  64.578 0.0000000000
48553  41.000  -29.795  65.225 0.0000000000
49595  41.410  -28.914  66.783 0.0000000000
44328  31.418  -33.489  74.090 0.0000000000
142172  31.000  -32.532  74.525 0.0000000000
122442  30.335  -32.453  75.126 0.0000000000
46346  28.579  -31.829  75.952 0.0000000000
122967  27.435  -33.304  73.059 0.0000000000
46361  27.308  -32.896  74.474 0.0000000000
46347  27.313  -32.146  75.315 0.0000000000
47361  25.617  -31.763  75.756 0.0000000000
47363  23.879  -31.527  75.027 0.0000000000
48462  22.417  -30.733  75.248 0.0000000000
48531  23.122  -30.958  67.119 0.0000000000
137358  22.555  -31.189  68.510 0.0000000000
130498  22.905  -31.465  69.871 0.0000000000
48522  20.460  -30.405  68.397 0.0000000000
48512  21.615  -30.842  69.727 0.0000000000
48498  22.140  -30.956  71.088 0.0000000000
48491  21.917  -30.920  72.017 0.0000000000
122049  21.814  -30.822  73.808 0.0000000000
48463  21.393  -30.428  75.337 0.0000000000
48474  19.640  -30.401  75.002 0.0000000000
128479  18.964  -30.440  74.580 0.0000000000
48466  17.919  -30.892  74.636 0.0000000000
49535  17.173  -29.883  72.110 0.0000000000
133059  17.199  -30.353  73.544 0.0000000000
47374  17.062  -31.265  74.618 0.0000000000
47376  15.572  -31.717  74.165 0.0000000000
47377  14.507  -31.873  74.028 0.0000000000
47378  13.581  -31.790  74.030 0.0000000000
47379  12.718  -31.676  74.131 0.0000000000
47380  11.902  -31.407  74.416 0.0000000000
50702  31.765  -28.651  59.622 0.0000000000
49657  31.669  -29.725  60.937 0.0000000000
48594  31.806  -30.845  62.208 0.0000000000
48618  29.411  -30.127  61.076 0.0000000000
47542  30.214  -31.283  62.765 0.0000000000
47526  31.727  -31.883  63.492 0.0000000000
46497  31.651  -32.525  64.905 0.0000000000
46453  31.989  -32.873  66.885 0.0000000000
47431  31.837  -32.277  69.150 0.0000000000
125989  29.563  -31.948  67.619 0.0000000000
47432  30.985  -32.358  68.795 0.0000000000
47407  31.934  -31.932  70.582 0.0000000000
46396  32.175  -32.218  72.346 0.0000000000
46369  32.006  -32.763  73.455 0.0000000000
44285  13.711  -35.027  78.221 0.0000000000
44273  14.131  -35.385  79.163 0.0000000000
76090  63.439  -2.152  45.469 0.0000000000
74264  58.443  -4.494  44.105 0.0000000000
74246  60.585  -4.689  45.825 0.0000000000
73314  61.104  -4.955  46.976 0.0000000000
72405  59.533  -6.182  47.799 0.0000000000
73295  61.235  -5.251  49.058 0.0000000000
73294  62.263  -4.765  49.345 0.0000000000
133645  50.101  -6.734  43.373 0.0000000000
139291  52.075  -8.120  43.179 0.0000000000
69604  51.169  -9.520  43.624 0.0000000000
69602  52.338  -9.127  44.591 0.0000000000
121786  53.216  -8.458  45.182 0.0000000000
71497  53.300  -7.272  47.363 0.0000000000
72398  54.234  -6.407  48.449 0.0000000000
73289  54.244  -5.959  49.844 0.0000000000
68591  49.617  -10.527  49.600 0.0000000000
69557  50.727  -9.219  49.554 0.0000000000
69546  51.130  -8.836  50.350 0.0000000000
70462  51.670  -8.697  52.765 0.0000000000
71451  51.880  -8.057  51.337 0.0000000000
71467  52.412  -7.551  50.696 0.0000000000
135891  52.969  -6.898  50.407 0.0000000000
73245  53.888  -5.883  51.293 0.0000000000
123284  43.097  -16.671  50.873 0.0000000000
62622  43.725  -16.398  52.346 0.0000000000
62608  42.709  -17.144  53.683 0.0000000000
63582  43.771  -16.568  53.767 0.0000000000
63581  44.422  -16.076  53.918 0.0000000000
144926  45.094  -15.440  56.001 0.0000000000
122523  45.693  -14.874  58.002 0.0000000000
65528  46.280  -14.174  60.273 0.0000000000
54634  38.844  -24.329  59.477 0.0000000000
56620  39.836  -22.522  58.305 0.0000000000
56618  41.331  -22.236  58.552 0.0000000000
57688  42.656  -21.642  58.385 0.0000000000
52569  41.977  -26.459  67.282 0.0000000000
53564  43.002  -25.870  65.675 0.0000000000
54561  42.944  -24.972  64.315 0.0000000000
54550  44.199  -24.123  65.171 0.0000000000
55591  43.493  -23.455  63.597 0.0000000000
56580  43.574  -22.604  62.460 0.0000000000
57667  43.692  -21.702  60.469 0.0000000000
58682  44.037  -20.948  59.147 0.0000000000
58680  45.299  -20.153  59.756 0.0000000000
59680  46.364  -19.164  59.619 0.0000000000
60706  47.221  -17.921  59.801 0.0000000000
59634  48.235  -18.994  63.787 0.0000000000
60671  48.300  -18.279  62.488 0.0000000000
62549  47.413  -16.580  60.516 0.0000000000
63504  47.109  -15.308  61.512 0.0000000000
76194  57.372  -2.375  33.263 0.0000000000
75311  58.400  -3.568  33.567 0.0000000000
74393  60.150  -4.497  34.686 0.0000000000
75288  60.837  -3.786  35.897 0.0000000000
76166  62.122  -3.071  36.748 0.0000000000
74353  60.816  -4.237  38.401 0.0000000000
75262  61.443  -3.652  38.403 0.0000000000
76150  62.890  -2.600  38.790 0.0000000000
76141  64.145  -1.942  39.807 0.0000000000
125635  31.113  -34.549  73.772 0.0000000000
43277  31.709  -35.260  72.446 0.0000000000
143824  13.866  -33.414  75.160 0.0000000000
45342  14.540  -33.718  76.290 0.0000000000
45343  13.847  -33.742  75.681 0.0000000000
65526  48.062  -13.550  59.392 0.0000000000
47540  32.233  -31.402  62.802 0.0000000000
47539  33.223  -31.357  62.867 0.0000000000
134699  33.175  -31.787  63.421 0.0000000000
48542  25.349  -30.868  66.353 0.0000000000
48529  24.991  -30.985  66.958 0.0000000000
48556  25.324  -30.672  65.720 0.0000000000
47474  25.849  -31.031  66.819 0.0000000000
121740  22.863  -30.616  76.164 0.0000000000
48438  23.693  -30.421  77.769 0.0000000000
48451  22.592  -30.323  77.260 0.0000000000
74315  57.888  -4.913  42.569 0.0000000000
74290  58.378  -4.424  43.257 0.0000000000
73269  56.575  -5.342  50.409 0.0000000000
124571  48.305  -11.670  46.697 0.0000000000
58726  41.806  -20.845  56.103 0.0000000000
58725  42.595  -20.502  56.442 0.0000000000
58724  43.345  -20.136  56.827 0.0000000000
58713  43.598  -20.514  57.569 0.0000000000
51585  39.632  -27.883  66.451 0.0000000000
52589  39.833  -27.330  66.193 0.0000000000
52572  40.021  -27.430  67.040 0.0000000000
73370  57.396  -5.548  41.830 0.0000000000
73385  56.853  -6.087  41.108 0.0000000000
73369  58.309  -5.545  41.662 0.0000000000
76203  59.047  -2.054  32.625 0.0000000000
76192  59.513  -2.964  32.914 0.0000000000
76193  58.684  -2.859  33.135 0.0000000000
46422  32.642  -32.329  69.477 0.0000000000
46421  33.656  -32.338  69.731 0.0000000000
47351  18.713  -31.556  76.510 0.0000000000
47340  18.271  -32.139  76.793 0.0000000000
73375  52.089  -5.440  41.331 0.0000000000
74318  53.278  -4.674  42.434 0.0000000000
74319  52.541  -4.692  42.267 0.0000000000
71538  53.682  -7.238  43.652 0.0000000000
71530  53.886  -7.733  44.088 0.0000000000
70546  53.957  -8.170  44.852 0.0000000000
66558  48.910  -12.953  52.352 0.0000000000
65574  48.986  -13.199  53.218 0.0000000000
139670  10.050  -33.161  76.310 0.0000000000
65686  45.282  -13.217  45.985 0.0000000000
65660  44.650  -13.897  47.458 0.0000000000
62634  45.094  -16.222  51.028 0.0000000000
63622  45.736  -15.951  51.576 0.0000000000
63602  45.655  -15.975  52.586 0.0000000000
63580  45.422  -15.783  53.638 0.0000000000
49624  37.146  -29.487  63.493 0.0000000000
49623  37.850  -29.372  64.226 0.0000000000
48568  37.560  -30.026  64.123 0.0000000000
45438  37.500  -33.495  68.526 0.0000000000
137374  37.058  -33.434  67.532 0.0000000000
139311  37.954  -33.497  67.674 0.0000000000
47402  24.357  -32.290  71.696 0.0000000000
46389  24.890  -32.579  72.103 0.0000000000
47394  24.149  -32.032  72.503 0.0000000000
47403  23.714  -31.856  71.700 0.0000000000
125588  19.656  -29.859  70.023 0.0000000000
49557  19.237  -29.708  70.895 0.0000000000
49543  19.869  -29.974  71.515 0.0000000000
49544  19.161  -29.806  71.754 0.0000000000
49545  18.497  -29.674  71.504 0.0000000000
47530  27.868  -31.755  63.409 0.0000000000
47529  28.768  -31.894  63.425 0.0000000000
127155  29.112  -32.187  64.991 0.0000000000
46484  29.707  -32.278  65.472 0.0000000000
46413  28.582  -32.785  70.627 0.0000000000
46412  29.545  -32.633  70.729 0.0000000000
47344  29.452  -31.837  76.812 0.0000000000
145647  11.095  -36.518  80.137 0.0000000000
43211  11.895  -36.357  79.696 0.0000000000
75224  63.355  -2.713  42.863 0.0000000000
76119  63.758  -2.055  43.576 0.0000000000
145809  62.807  -2.464  43.621 0.0000000000
74244  62.717  -3.861  47.655 0.0000000000
72430  57.856  -6.326  45.268 0.0000000000
72429  58.646  -6.114  45.624 0.0000000000
124819  51.384  -8.286  48.130 0.0000000000
70525  51.347  -8.425  47.397 0.0000000000
135906  52.322  -7.435  48.230 0.0000000000
69505  50.904  -10.188  53.246 0.0000000000
69519  50.760  -9.820  52.587 0.0000000000
69504  51.381  -9.548  53.283 0.0000000000
62625  41.527  -16.687  52.341 0.0000000000
61664  45.243  -16.777  57.768 0.0000000000
62569  45.628  -16.308  58.391 0.0000000000
62561  45.675  -15.579  58.590 0.0000000000
62559  46.309  -16.402  59.451 0.0000000000
52703  37.193  -26.451  58.630 0.0000000000
53667  37.365  -25.394  58.086 0.0000000000
53650  38.168  -25.810  59.223 0.0000000000
54589  41.720  -24.674  62.415 0.0000000000
54603  41.268  -24.329  61.712 0.0000000000
55607  41.897  -23.940  62.122 0.0000000000
55614  41.502  -23.454  60.973 0.0000000000
55606  42.508  -23.501  62.515 0.0000000000
56551  46.416  -22.288  65.774 0.0000000000
57636  45.897  -21.849  63.316 0.0000000000
124907  46.588  -21.474  63.701 0.0000000000
58625  46.980  -20.832  63.304 0.0000000000
57620  47.124  -20.985  64.181 0.0000000000
74374  57.594  -5.040  36.669 0.0000000000
143922  58.228  -4.859  36.868 0.0000000000
122856  58.855  -4.726  37.032 0.0000000000
74286  61.995  -3.823  42.519 0.0000000000
74310  62.356  -4.079  41.502 0.0000000000
75237  62.846  -3.431  42.189 0.0000000000
75236  63.712  -2.886  41.957 0.0000000000
141619  65.116  -1.650  32.342 0.0000000000
77142  66.291  -0.862  32.687 0.0000000000
77129  66.671  -0.969  33.521 0.0000000000
77106  64.280  -1.841  36.672 0.0000000000
77097  64.218  -1.872  37.492 0.0000000000
121428  63.440  -2.344  37.956 0.0000000000
125176  33.285  -33.017  72.655 0.0000000000
46380  34.127  -32.878  72.335 0.0000000000
45386  33.714  -33.175  72.592 0.0000000000
46340  16.680  -32.657  76.382 0.0000000000
46341  15.837  -32.933  76.119 0.0000000000
45327  15.785  -33.729  77.598 0.0000000000
44271  15.389  -34.230  78.363 0.0000000000
120738  15.505  -34.605  79.350 0.0000000000
73343  50.297  -5.364  43.297 0.0000000000
72450  51.285  -6.137  43.527 0.0000000000
72451  50.500  -6.113  43.513 0.0000000000
65561  48.665  -13.840  55.518 0.0000000000
65555  49.299  -13.336  55.828 0.0000000000
65556  48.791  -13.759  56.324 0.0000000000
47335  9.690  -31.334  78.386 0.0000000000
46308  7.718  -31.685  79.848 0.0000000000
50701  32.572  -28.725  60.117 0.0000000000
50700  33.507  -28.475  60.439 0.0000000000
49668  33.119  -29.201  60.816 0.0000000000
48581  34.279  -30.957  62.820 0.0000000000
122038  34.406  -30.232  62.345 0.0000000000
48591  35.062  -30.257  62.554 0.0000000000
48580  35.789  -30.235  62.853 0.0000000000
47522  35.769  -31.081  63.363 0.0000000000
143502  27.295  -32.196  69.082 0.0000000000
46426  27.152  -32.593  69.633 0.0000000000
47437  25.079  -31.778  68.312 0.0000000000
47423  24.694  -31.982  69.095 0.0000000000
138103  24.795  -32.389  70.462 0.0000000000
47424  23.904  -31.712  69.190 0.0000000000
48571  26.237  -30.851  64.464 0.0000000000
48584  25.841  -30.598  63.689 0.0000000000
48554  26.661  -31.053  65.000 0.0000000000
48570  26.952  -31.124  64.374 0.0000000000
121985  27.594  -31.402  65.839 0.0000000000
47435  26.940  -31.772  67.979 0.0000000000
47454  27.218  -31.498  67.182 0.0000000000
136687  27.488  -31.956  68.583 0.0000000000
47421  27.855  -32.237  69.219 0.0000000000
47348  26.034  -31.266  76.807 0.0000000000
48447  26.602  -30.548  77.788 0.0000000000
75227  60.847  -4.062  43.523 0.0000000000
75202  60.198  -4.456  44.219 0.0000000000
75183  61.693  -3.832  45.557 0.0000000000
74255  60.961  -4.370  45.342 0.0000000000
122119  57.797  -6.326  47.996 0.0000000000
73297  57.427  -5.896  48.785 0.0000000000
68632  48.938  -10.937  44.218 0.0000000000
68631  49.736  -10.493  44.361 0.0000000000
134536  49.110  -10.787  44.931 0.0000000000
133918  49.381  -10.404  46.897 0.0000000000
69588  49.842  -9.903  46.353 0.0000000000
69577  50.460  -9.312  47.850 0.0000000000
61711  40.720  -17.470  52.443 0.0000000000
60770  41.850  -17.955  54.344 0.0000000000
61699  41.778  -17.327  53.791 0.0000000000
59742  44.441  -19.133  57.144 0.0000000000
59764  43.250  -18.634  55.674 0.0000000000
60749  44.361  -18.537  56.676 0.0000000000
60736  44.741  -18.378  57.210 0.0000000000
51651  38.660  -27.729  62.861 0.0000000000
51663  39.049  -27.414  62.126 0.0000000000
51650  39.307  -27.515  62.772 0.0000000000
136781  41.054  -27.092  64.295 0.0000000000
52623  40.795  -27.051  63.597 0.0000000000
52622  41.521  -26.628  63.862 0.0000000000
53588  41.859  -25.901  63.469 0.0000000000
53576  42.104  -26.225  64.197 0.0000000000
73397  55.131  -6.200  39.180 0.0000000000
73411  55.249  -5.715  38.376 0.0000000000
72481  58.063  -6.218  40.064 0.0000000000
73396  56.794  -5.844  38.785 0.0000000000
72490  57.489  -6.106  39.333 0.0000000000
120729  58.010  -5.809  38.807 0.0000000000
133900  58.741  -5.793  39.083 0.0000000000
123798  58.784  -6.046  39.866 0.0000000000
74313  59.689  -4.887  42.292 0.0000000000
73367  60.179  -5.349  41.075 0.0000000000
76200  61.453  -1.991  32.154 0.0000000000
129012  63.181  -2.271  32.076 0.0000000000
75316  62.891  -3.129  32.689 0.0000000000
75306  63.377  -3.204  33.522 0.0000000000
75295  62.222  -3.914  34.354 0.0000000000
142158  61.994  -3.846  34.945 0.0000000000
75286  62.494  -3.429  35.217 0.0000000000
75287  61.645  -3.689  35.499 0.0000000000
46480  33.039  -32.975  65.513 0.0000000000
121613  33.427  -33.235  66.765 0.0000000000
46436  35.117  -32.960  68.951 0.0000000000
46450  34.781  -33.255  68.055 0.0000000000
46435  36.084  -33.081  69.184 0.0000000000
48453  20.190  -30.586  76.648 0.0000000000
48452  20.776  -30.496  77.280 0.0000000000
130491  20.332  -30.730  77.273 0.0000000000
47331  19.931  -31.730  78.634 0.0000000000
47322  20.010  -31.900  79.262 0.0000000000
123805  20.095  -32.228  79.898 0.0000000000
46307  19.367  -32.444  80.009 0.0000000000
46325  17.303  -33.276  78.218 0.0000000000
46324  18.177  -33.108  78.626 0.0000000000
46315  17.552  -33.629  79.097 0.0000000000
73352  55.514  -4.726  42.686 0.0000000000
125766  54.561  -4.696  43.379 0.0000000000
74273  55.249  -4.803  43.613 0.0000000000
73339  55.239  -5.008  43.894 0.0000000000
73332  56.466  -5.195  44.045 0.0000000000
73333  55.641  -5.188  43.970 0.0000000000
74276  51.813  -5.003  43.028 0.0000000000
144485  52.498  -4.900  43.113 0.0000000000
74275  53.006  -4.984  43.437 0.0000000000
72440  55.153  -6.724  44.149 0.0000000000
72447  54.459  -5.817  43.846 0.0000000000
137336  55.839  -7.044  44.521 0.0000000000
71528  56.465  -6.883  44.732 0.0000000000
71495  55.178  -7.180  46.939 0.0000000000
72409  55.613  -6.727  47.594 0.0000000000
72397  55.132  -6.333  48.338 0.0000000000
66608  48.085  -12.398  49.143 0.0000000000
136363  48.589  -11.859  49.467 0.0000000000
66598  48.448  -12.397  50.073 0.0000000000
67563  49.730  -11.721  52.580 0.0000000000
67562  50.213  -11.244  53.081 0.0000000000
67552  50.500  -11.510  53.893 0.0000000000
66504  49.849  -12.768  56.168 0.0000000000
66515  50.221  -12.359  55.744 0.0000000000
123476  50.797  -11.198  56.258 0.0000000000
68510  50.905  -10.567  56.894 0.0000000000
69466  51.114  -9.972  56.787 0.0000000000
57737  40.266  -21.467  55.517 0.0000000000
57736  41.036  -21.164  55.813 0.0000000000
57719  40.534  -21.697  56.269 0.0000000000
73414  53.026  -5.655  39.028 0.0000000000
73399  53.733  -6.026  39.120 0.0000000000
72485  53.435  -6.279  39.945 0.0000000000
72484  54.337  -6.231  40.468 0.0000000000
73373  54.467  -5.699  41.428 0.0000000000
45359  11.849  -33.610  75.286 0.0000000000
44314  12.053  -34.361  75.720 0.0000000000
44315  11.284  -34.150  75.755 0.0000000000
43240  9.742  -35.075  76.941 0.0000000000
43251  10.614  -34.984  76.591 0.0000000000
121018  9.776  -35.456  77.807 0.0000000000
43225  10.653  -35.789  78.220 0.0000000000
45316  8.065  -33.409  78.281 0.0000000000
67620  47.711  -11.953  45.383 0.0000000000
66649  47.173  -12.464  45.000 0.0000000000
66629  46.094  -13.033  45.996 0.0000000000
66640  45.809  -13.053  45.171 0.0000000000
66628  46.750  -12.845  46.271 0.0000000000
66617  47.544  -12.437  47.517 0.0000000000
66610  47.071  -12.937  47.950 0.0000000000
65630  46.091  -13.783  48.833 0.0000000000
65643  46.918  -13.270  48.647 0.0000000000
65629  46.847  -13.604  49.457 0.0000000000
65611  47.588  -13.604  50.641 0.0000000000
65612  46.988  -13.922  50.184 0.0000000000
64667  44.382  -14.516  48.512 0.0000000000
64666  45.134  -14.168  48.693 0.0000000000
63639  46.306  -15.388  51.064 0.0000000000
64637  46.912  -15.045  51.417 0.0000000000
125154  47.440  -14.563  51.827 0.0000000000
64625  47.500  -14.746  52.654 0.0000000000
126832  47.483  -14.836  53.346 0.0000000000
64592  46.204  -15.202  55.049 0.0000000000
129331  47.067  -14.963  55.292 0.0000000000
64560  47.469  -14.564  56.813 0.0000000000
52705  35.543  -26.921  58.638 0.0000000000
134520  35.396  -27.025  59.525 0.0000000000
50699  34.291  -28.179  60.708 0.0000000000
51667  35.066  -27.930  60.903 0.0000000000
51654  36.082  -27.913  61.555 0.0000000000
51665  36.674  -27.644  61.579 0.0000000000
51652  37.342  -27.871  62.211 0.0000000000
51638  37.416  -28.430  62.857 0.0000000000
50648  38.623  -28.729  65.103 0.0000000000
51605  38.520  -28.612  64.767 0.0000000000
50642  38.992  -28.523  65.542 0.0000000000
49597  39.238  -28.625  65.811 0.0000000000
142822  34.474  -33.291  65.730 0.0000000000
46494  34.326  -32.829  64.678 0.0000000000
46479  34.851  -33.151  65.268 0.0000000000
127264  37.014  -33.365  65.839 0.0000000000
46477  36.398  -33.110  65.198 0.0000000000
46492  36.889  -32.516  64.585 0.0000000000
141428  37.939  -32.318  64.507 0.0000000000
46473  40.043  -32.551  65.825 0.0000000000
46490  39.829  -32.179  64.996 0.0000000000
46491  38.967  -32.254  64.723 0.0000000000
47501  39.559  -31.596  64.459 0.0000000000
48566  39.191  -30.717  64.245 0.0000000000
47500  40.440  -31.540  64.804 0.0000000000
47499  41.458  -30.499  65.218 0.0000000000
49606  41.638  -29.629  65.634 0.0000000000
45375  31.412  -32.557  74.201 0.0000000000
44318  30.996  -33.198  74.703 0.0000000000
46356  31.167  -32.370  74.105 0.0000000000
141148  29.866  -32.334  74.575 0.0000000000
46358  30.331  -32.312  74.983 0.0000000000
46359  29.419  -32.169  75.241 0.0000000000
46345  29.886  -32.276  75.621 0.0000000000
46387  27.120  -33.238  71.952 0.0000000000
46376  25.788  -32.769  73.372 0.0000000000
46375  26.746  -33.092  73.813 0.0000000000
140053  26.646  -32.689  74.584 0.0000000000
47369  26.192  -32.281  75.143 0.0000000000
47360  26.641  -31.690  76.095 0.0000000000
47370  25.307  -32.181  74.817 0.0000000000
47372  23.708  -31.693  74.130 0.0000000000
48461  23.314  -30.984  75.497 0.0000000000
48470  23.137  -31.303  74.679 0.0000000000
47440  22.029  -30.902  68.035 0.0000000000
47459  22.817  -31.133  67.876 0.0000000000
47425  22.693  -31.356  69.130 0.0000000000
48535  19.930  -30.175  67.626 0.0000000000
48514  19.736  -30.148  68.451 0.0000000000
48504  20.715  -30.480  70.593 0.0000000000
121383  20.873  -30.538  69.902 0.0000000000
48503  21.420  -30.751  70.549 0.0000000000
48502  22.196  -31.088  70.261 0.0000000000
48499  21.361  -30.721  71.310 0.0000000000
121239  20.490  -30.468  72.746 0.0000000000
135188  21.289  -30.757  72.602 0.0000000000
48481  21.130  -30.681  73.342 0.0000000000
128317  21.816  -30.667  74.597 0.0000000000
48472  21.004  -30.479  74.352 0.0000000000
127688  20.474  -30.335  75.244 0.0000000000
48473  20.141  -30.366  74.484 0.0000000000
48484  18.555  -30.226  73.937 0.0000000000
48475  18.390  -30.498  74.374 0.0000000000
120648  17.807  -30.309  73.888 0.0000000000
49546  17.270  -29.622  71.409 0.0000000000
48495  16.046  -30.285  72.674 0.0000000000
48494  16.860  -30.223  73.004 0.0000000000
48476  17.175  -30.676  74.036 0.0000000000
47375  16.473  -31.161  74.059 0.0000000000
140337  16.381  -31.618  74.580 0.0000000000
47387  15.832  -31.107  73.608 0.0000000000
48487  14.455  -30.748  73.060 0.0000000000
46364  13.980  -32.478  74.419 0.0000000000
47389  14.051  -31.281  73.552 0.0000000000
47391  12.397  -30.995  73.943 0.0000000000
46366  12.268  -32.337  74.494 0.0000000000
126838  30.161  -29.424  60.153 0.0000000000
49671  30.911  -29.479  60.429 0.0000000000
48608  31.575  -30.260  61.615 0.0000000000
145001  31.095  -30.312  61.660 0.0000000000
48619  28.780  -29.975  60.678 0.0000000000
139455  29.368  -30.556  61.635 0.0000000000
47528  29.730  -31.838  63.411 0.0000000000
47527  30.495  -31.746  63.331 0.0000000000
47541  31.177  -31.386  62.881 0.0000000000
136604  31.001  -31.922  63.581 0.0000000000
47508  31.265  -32.221  64.192 0.0000000000
46498  30.791  -32.404  64.841 0.0000000000
46467  30.683  -32.538  66.231 0.0000000000
46466  31.387  -32.740  66.268 0.0000000000
121878  31.034  -32.602  67.040 0.0000000000
46440  31.515  -32.603  68.104 0.0000000000
47418  30.634  -32.336  69.307 0.0000000000
47417  31.507  -32.203  69.659 0.0000000000
47401  32.368  -31.925  71.497 0.0000000000
46410  31.530  -32.064  71.410 0.0000000000
46383  30.941  -32.507  72.838 0.0000000000
46382  31.897  -32.541  73.323 0.0000000000
46370  31.527  -32.539  73.913 0.0000000000
45374  31.962  -32.925  73.721 0.0000000000
44319  30.377  -34.131  75.209 0.0000000000
48419  21.846  -30.630  79.216 0.0000000000
48428  22.268  -30.392  78.902 0.0000000000
47319  22.155  -31.019  79.689 0.0000000000
44286  12.881  -35.126  77.158 0.0000000000
43236  12.909  -35.445  78.223 0.0000000000
43210  12.951  -36.199  79.732 0.0000000000
43209  13.931  -35.924  79.897 0.0000000000
43199  14.680  -35.860  80.254 0.0000000000
43200  14.045  -36.329  80.437 0.0000000000
140026  62.195  -2.687  44.616 0.0000000000
76098  62.756  -2.200  44.737 0.0000000000
74243  64.308  -3.799  47.589 0.0000000000
74271  57.406  -4.684  43.904 0.0000000000
74270  58.120  -4.396  43.798 0.0000000000
122490  57.859  -4.561  44.098 0.0000000000
73316  59.421  -5.772  45.996 0.0000000000
73322  59.715  -4.874  45.403 0.0000000000
72393  59.286  -6.166  48.623 0.0000000000
73282  61.956  -5.127  50.069 0.0000000000
74226  62.645  -5.203  49.903 0.0000000000
70581  49.907  -8.377  42.707 0.0000000000
71541  50.051  -7.539  43.108 0.0000000000
70574  50.645  -8.213  42.871 0.0000000000
70573  51.463  -8.086  42.984 0.0000000000
69621  51.697  -8.816  43.313 0.0000000000
142209  50.245  -10.035  44.879 0.0000000000
68630  50.537  -10.110  43.998 0.0000000000
122150  51.046  -9.747  44.754 0.0000000000
69594  51.812  -9.363  45.145 0.0000000000
70548  52.468  -8.859  45.435 0.0000000000
123222  52.937  -8.415  45.943 0.0000000000
70535  52.895  -7.882  46.723 0.0000000000
145574  53.085  -6.850  48.715 0.0000000000
72399  53.496  -6.631  48.585 0.0000000000
72383  53.875  -6.298  49.159 0.0000000000
67588  49.299  -11.032  50.002 0.0000000000
69533  50.531  -9.519  51.290 0.0000000000
68582  50.067  -9.922  50.026 0.0000000000
69547  50.545  -9.428  50.507 0.0000000000
71433  52.562  -7.533  52.576 0.0000000000
71434  51.958  -8.008  52.222 0.0000000000
71450  52.411  -7.461  51.693 0.0000000000
72362  52.868  -6.853  51.257 0.0000000000
62638  41.608  -16.668  51.408 0.0000000000
62636  43.371  -16.504  51.529 0.0000000000
62623  42.859  -16.404  52.370 0.0000000000
133611  42.783  -17.224  54.100 0.0000000000
62609  42.020  -16.736  53.055 0.0000000000
62601  43.221  -17.248  54.174 0.0000000000
63555  44.487  -16.672  55.307 0.0000000000
63567  43.769  -17.019  54.233 0.0000000000
129335  44.361  -16.617  54.868 0.0000000000
63566  44.352  -16.340  54.550 0.0000000000
63554  44.499  -16.395  54.998 0.0000000000
64594  44.659  -15.969  55.050 0.0000000000
64579  44.851  -15.808  55.654 0.0000000000
63522  45.696  -15.095  58.743 0.0000000000
64536  45.584  -15.146  58.057 0.0000000000
127915  45.782  -14.814  58.969 0.0000000000
64526  45.963  -14.663  59.926 0.0000000000
53631  39.611  -25.610  60.517 0.0000000000
53649  38.694  -25.305  59.535 0.0000000000
135969  39.300  -25.045  59.973 0.0000000000
55624  40.130  -23.933  60.251 0.0000000000
55625  39.456  -23.789  59.637 0.0000000000
55650  39.414  -23.125  58.974 0.0000000000
56621  39.051  -22.735  58.163 0.0000000000
56609  41.566  -22.581  59.285 0.0000000000
56608  42.330  -22.390  59.658 0.0000000000
57689  41.837  -21.854  58.076 0.0000000000
57677  42.872  -21.847  59.205 0.0000000000
51551  41.583  -27.760  68.969 0.0000000000
52553  40.955  -26.949  67.904 0.0000000000
52552  41.880  -26.551  68.290 0.0000000000
53536  43.263  -25.612  67.348 0.0000000000
53551  42.812  -26.025  66.783 0.0000000000
53550  43.545  -25.457  66.498 0.0000000000
53574  43.245  -25.310  64.987 0.0000000000
53563  43.811  -25.017  65.619 0.0000000000
55574  45.292  -23.118  65.006 0.0000000000
55560  44.956  -23.629  65.649 0.0000000000
55575  44.598  -23.491  64.692 0.0000000000
54559  43.874  -23.822  64.336 0.0000000000
55590  44.233  -23.201  63.907 0.0000000000
55605  43.114  -23.093  62.920 0.0000000000
56571  43.856  -22.859  63.196 0.0000000000
57655  45.165  -21.195  61.824 0.0000000000
57656  44.449  -21.536  61.551 0.0000000000
57666  44.201  -21.415  60.885 0.0000000000
57675  44.283  -21.108  60.096 0.0000000000
58681  44.684  -20.542  59.469 0.0000000000
138554  44.917  -20.624  60.158 0.0000000000
59651  46.876  -19.752  61.456 0.0000000000
58662  46.287  -19.924  60.899 0.0000000000
59664  47.101  -19.235  60.847 0.0000000000
60697  46.948  -18.777  60.039 0.0000000000
60684  47.733  -18.697  61.256 0.0000000000
59628  47.898  -19.590  64.421 0.0000000000
59622  48.008  -19.083  65.231 0.0000000000
60663  48.400  -18.342  63.338 0.0000000000
135779  48.375  -17.618  62.235 0.0000000000
61630  47.981  -17.229  61.041 0.0000000000
61629  48.315  -17.048  61.732 0.0000000000
62542  47.787  -16.197  61.344 0.0000000000
62541  48.246  -16.369  62.045 0.0000000000
77132  56.247  -1.783  33.333 0.0000000000
73423  55.516  -5.428  37.636 0.0000000000
73431  54.771  -5.184  36.903 0.0000000000
73430  55.544  -5.235  36.685 0.0000000000
75299  58.009  -4.163  33.987 0.0000000000
141073  57.743  -3.513  33.692 0.0000000000
75298  58.855  -4.279  33.941 0.0000000000
75297  59.753  -4.363  33.934 0.0000000000
74394  59.283  -4.611  34.602 0.0000000000
74383  60.306  -4.244  35.487 0.0000000000
75279  60.822  -3.745  36.650 0.0000000000
75278  61.502  -3.384  36.302 0.0000000000
133640  61.444  -3.367  36.937 0.0000000000
74354  60.233  -4.837  38.569 0.0000000000
142538  60.692  -4.527  38.885 0.0000000000
124243  62.660  -3.242  40.222 0.0000000000
124887  61.783  -3.558  39.075 0.0000000000
75261  62.164  -3.154  38.552 0.0000000000
76134  63.251  -2.512  39.735 0.0000000000
120293  64.816  -2.002  41.250 0.0000000000
78065  60.855  -0.473  31.570 0.0000000000
78064  61.775  -0.011  31.291 0.0000000000
126027  32.322  -34.352  72.652 0.0000000000
144543  14.814  -32.930  75.265 0.0000000000
45341  15.409  -33.482  76.639 0.0000000000
44284  14.461  -34.463  77.771 0.0000000000
65548  48.656  -13.778  57.648 0.0000000000
49656  32.557  -29.854  61.298 0.0000000000
48606  33.185  -30.255  61.800 0.0000000000
47523  34.679  -31.640  63.491 0.0000000000
47436  26.021  -31.797  68.170 0.0000000000
48555  25.990  -30.777  65.248 0.0000000000
47455  26.383  -31.432  67.336 0.0000000000
48449  24.434  -30.734  77.133 0.0000000000
48426  24.897  -30.447  78.302 0.0000000000
48416  24.723  -30.527  79.078 0.0000000000
74289  59.177  -4.373  43.121 0.0000000000
75228  59.779  -4.427  43.479 0.0000000000
75229  58.841  -4.366  43.559 0.0000000000
75203  59.141  -4.527  44.165 0.0000000000
73298  56.499  -5.860  48.866 0.0000000000
73286  57.018  -5.546  49.601 0.0000000000
68623  48.904  -10.915  45.659 0.0000000000
68615  48.851  -11.067  46.454 0.0000000000
68606  49.475  -10.457  47.791 0.0000000000
59766  41.813  -19.708  55.066 0.0000000000
59765  42.507  -19.291  55.415 0.0000000000
59744  42.992  -19.705  56.081 0.0000000000
58712  43.976  -19.808  57.289 0.0000000000
59721  44.516  -19.592  57.655 0.0000000000
51618  39.243  -27.682  64.967 0.0000000000
51602  39.888  -27.375  65.386 0.0000000000
52588  40.467  -27.061  65.756 0.0000000000
52587  41.403  -26.860  65.680 0.0000000000
138692  55.664  -6.379  40.437 0.0000000000
72483  56.352  -6.360  40.352 0.0000000000
72482  57.213  -6.269  40.190 0.0000000000
73383  58.626  -5.949  40.704 0.0000000000
76202  59.979  -2.250  32.507 0.0000000000
75318  61.112  -3.272  32.868 0.0000000000
140916  60.732  -3.680  33.295 0.0000000000
75309  60.746  -4.372  33.978 0.0000000000
46452  32.776  -33.073  67.078 0.0000000000
46451  33.296  -33.068  67.721 0.0000000000
46420  34.662  -32.490  69.734 0.0000000000
48455  19.182  -31.055  76.292 0.0000000000
48454  19.793  -30.936  76.930 0.0000000000
47350  19.308  -31.386  76.922 0.0000000000
47332  19.278  -32.140  78.422 0.0000000000
46323  18.855  -32.695  79.059 0.0000000000
45294  17.390  -34.236  79.820 0.0000000000
128596  53.803  -4.933  42.011 0.0000000000
74294  54.009  -4.609  42.893 0.0000000000
74274  53.831  -4.899  43.401 0.0000000000
72449  52.813  -5.766  43.523 0.0000000000
71537  54.319  -7.012  43.810 0.0000000000
121958  55.298  -7.521  44.771 0.0000000000
122836  55.238  -7.647  45.580 0.0000000000
71518  54.594  -7.885  45.303 0.0000000000
71508  54.662  -7.654  46.243 0.0000000000
71496  54.212  -7.192  47.144 0.0000000000
66587  48.510  -12.733  51.004 0.0000000000
66575  48.797  -12.708  51.682 0.0000000000
66557  49.428  -12.468  52.866 0.0000000000
66503  50.443  -12.104  56.496 0.0000000000
46353  10.587  -32.821  75.818 0.0000000000
45360  11.095  -33.486  75.571 0.0000000000
45344  10.499  -33.807  76.022 0.0000000000
44287  9.275  -34.370  76.956 0.0000000000
142764  45.778  -13.244  46.412 0.0000000000
65674  46.158  -13.179  46.891 0.0000000000
63652  45.263  -15.148  49.775 0.0000000000
63640  45.703  -15.518  50.522 0.0000000000
63621  46.392  -15.613  51.972 0.0000000000
63579  47.032  -15.266  53.103 0.0000000000
137404  46.405  -15.483  53.564 0.0000000000
50677  35.188  -28.787  61.868 0.0000000000
51666  35.466  -28.224  61.449 0.0000000000
50666  36.405  -28.828  62.546 0.0000000000
50675  36.999  -28.709  62.814 0.0000000000
50664  37.597  -28.809  63.393 0.0000000000
50657  37.758  -29.085  63.842 0.0000000000
49610  38.143  -29.100  64.927 0.0000000000
45472  35.748  -33.472  66.382 0.0000000000
45490  35.619  -33.305  65.587 0.0000000000
45471  36.599  -33.464  66.563 0.0000000000
45488  37.909  -33.213  65.930 0.0000000000
45484  40.890  -32.741  65.800 0.0000000000
47486  41.131  -31.936  65.296 0.0000000000
46384  30.335  -32.676  73.364 0.0000000000
120839  29.507  -32.789  73.710 0.0000000000
121106  28.413  -33.217  73.350 0.0000000000
128513  25.470  -32.802  71.781 0.0000000000
47383  25.110  -32.420  73.918 0.0000000000
47384  24.314  -31.995  73.506 0.0000000000
47385  23.362  -31.695  73.221 0.0000000000
48521  21.255  -30.655  68.262 0.0000000000
121394  19.145  -29.820  69.043 0.0000000000
48513  20.172  -30.228  69.291 0.0000000000
48500  20.625  -30.434  71.293 0.0000000000
129469  20.340  -30.280  71.990 0.0000000000
48493  19.731  -30.257  73.249 0.0000000000
48486  15.494  -30.717  73.069 0.0000000000
49658  30.145  -29.807  60.862 0.0000000000
48596  28.884  -30.963  62.074 0.0000000000
46499  29.947  -32.333  64.819 0.0000000000
47420  28.740  -32.191  69.150 0.0000000000
142136  29.172  -31.946  68.417 0.0000000000
46423  30.141  -32.516  69.974 0.0000000000
46411  30.542  -32.414  70.924 0.0000000000
46397  30.809  -32.413  71.919 0.0000000000
43223  12.469  -35.825  78.895 0.0000000000
121217  62.463  -3.145  45.910 0.0000000000
75193  63.300  -2.639  46.228 0.0000000000
75182  63.111  -3.210  46.999 0.0000000000
75175  63.603  -3.703  47.757 0.0000000000
74236  64.022  -4.355  48.340 0.0000000000
74231  63.705  -4.772  48.907 0.0000000000
73293  63.460  -5.315  49.254 0.0000000000
74258  57.673  -4.691  44.245 0.0000000000
72418  59.716  -5.958  46.946 0.0000000000
134234  59.894  -5.476  50.226 0.0000000000
138675  50.390  -8.907  42.728 0.0000000000
69587  50.495  -9.381  46.543 0.0000000000
121682  51.087  -9.375  45.857 0.0000000000
69586  51.128  -8.889  46.675 0.0000000000
128716  51.671  -8.525  46.763 0.0000000000
121395  52.031  -8.035  47.124 0.0000000000
71498  52.502  -7.515  47.585 0.0000000000
72378  53.050  -6.944  49.702 0.0000000000
68573  49.700  -10.863  51.346 0.0000000000
128005  50.257  -10.143  51.879 0.0000000000
126469  50.668  -9.505  51.942 0.0000000000
63623  41.698  -16.410  52.121 0.0000000000
61678  44.243  -17.137  55.825 0.0000000000
62587  44.704  -16.527  56.210 0.0000000000
62579  44.983  -16.366  56.540 0.0000000000
133044  45.083  -16.089  56.503 0.0000000000
63530  45.534  -15.575  57.831 0.0000000000
121741  45.744  -15.225  59.350 0.0000000000
53614  40.589  -25.634  61.565 0.0000000000
143438  39.773  -24.871  60.415 0.0000000000
54604  40.685  -24.733  61.286 0.0000000000
55615  40.827  -24.010  60.986 0.0000000000
55623  40.836  -23.487  60.299 0.0000000000
56592  42.151  -23.066  60.930 0.0000000000
56591  42.727  -22.773  61.314 0.0000000000
141066  42.557  -26.113  68.638 0.0000000000
53522  43.013  -25.999  69.305 0.0000000000
53521  43.280  -25.504  68.400 0.0000000000
54534  43.843  -24.946  67.441 0.0000000000
56569  45.438  -22.396  63.767 0.0000000000
56570  44.667  -22.673  63.451 0.0000000000
57646  45.523  -21.521  62.565 0.0000000000
58637  45.947  -20.902  62.147 0.0000000000
58648  45.675  -20.605  61.355 0.0000000000
58636  46.688  -20.568  62.512 0.0000000000
59643  47.120  -19.969  62.110 0.0000000000
59642  47.746  -19.562  62.446 0.0000000000
73421  56.915  -5.319  37.686 0.0000000000
73429  56.206  -5.232  36.548 0.0000000000
74365  56.852  -5.183  36.960 0.0000000000
141286  58.126  -5.062  35.168 0.0000000000
74385  58.842  -4.800  35.331 0.0000000000
74384  59.626  -4.487  35.437 0.0000000000
74372  59.194  -4.541  36.198 0.0000000000
74362  60.257  -4.270  37.123 0.0000000000
74331  61.831  -4.471  40.826 0.0000000000
121253  61.148  -4.510  40.084 0.0000000000
137852  62.354  -3.868  40.722 0.0000000000
140020  63.305  -2.811  40.563 0.0000000000
77143  63.349  -1.237  31.503 0.0000000000
77157  65.732  -0.548  31.532 0.0000000000
76173  63.819  -2.372  35.636 0.0000000000
77115  64.384  -1.791  36.037 0.0000000000
77095  65.756  -1.215  37.664 0.0000000000
47399  33.460  -31.894  70.981 0.0000000000
46409  34.218  -32.059  71.087 0.0000000000
46394  33.848  -32.331  71.722 0.0000000000
44343  33.227  -33.571  72.825 0.0000000000
47353  17.150  -32.126  75.826 0.0000000000
46339  17.522  -32.411  76.622 0.0000000000
46334  17.046  -32.960  77.242 0.0000000000
45326  16.527  -33.473  77.886 0.0000000000
145509  16.073  -33.795  78.440 0.0000000000
45315  16.641  -33.700  78.821 0.0000000000
44258  16.087  -34.436  79.729 0.0000000000
137155  16.013  -34.901  80.055 0.0000000000
142783  15.741  -35.339  80.211 0.0000000000
73342  51.540  -5.415  43.353 0.0000000000
143292  51.977  -5.841  43.507 0.0000000000
70572  52.692  -7.902  43.432 0.0000000000
64608  48.481  -13.937  53.568 0.0000000000
137136  48.981  -13.408  54.176 0.0000000000
65560  49.168  -13.338  55.039 0.0000000000
134068  49.884  -12.735  57.006 0.0000000000
65547  49.337  -13.284  57.380 0.0000000000
66490  49.777  -12.725  57.844 0.0000000000
66478  50.197  -12.185  58.342 0.0000000000
46335  9.649  -32.071  77.537 0.0000000000
138568  9.108  -32.089  78.117 0.0000000000
46327  8.294  -32.383  78.434 0.0000000000
45306  7.505  -33.345  79.917 0.0000000000
63653  44.524  -15.661  49.584 0.0000000000
62654  44.525  -16.237  50.376 0.0000000000
62635  44.248  -16.445  51.354 0.0000000000
49655  33.575  -29.525  61.472 0.0000000000
49654  34.420  -29.147  61.694 0.0000000000
48590  35.586  -29.662  62.520 0.0000000000
48579  36.468  -30.101  63.271 0.0000000000
46400  28.000  -33.117  71.421 0.0000000000
136688  27.656  -32.865  70.386 0.0000000000
125788  26.163  -32.819  70.622 0.0000000000
46427  26.133  -32.625  69.806 0.0000000000
46415  25.493  -32.650  70.511 0.0000000000
120494  24.163  -32.023  70.929 0.0000000000
47411  23.534  -31.723  70.383 0.0000000000
49569  18.219  -29.479  69.262 0.0000000000
49559  17.488  -29.433  70.574 0.0000000000
47512  27.592  -31.603  64.219 0.0000000000
145281  27.887  -31.771  64.714 0.0000000000
47488  28.217  -31.845  65.313 0.0000000000
47471  28.195  -31.657  66.305 0.0000000000
47453  28.023  -31.610  67.093 0.0000000000
47434  28.297  -31.902  68.483 0.0000000000
46425  28.272  -32.553  69.836 0.0000000000
75226  61.604  -3.326  43.430 0.0000000000
75210  62.107  -2.672  43.815 0.0000000000
75212  60.617  -4.311  43.842 0.0000000000
75201  61.439  -3.620  44.285 0.0000000000
75194  61.927  -3.243  44.954 0.0000000000
144589  62.072  -3.987  47.062 0.0000000000
139908  58.125  -6.511  47.257 0.0000000000
72382  58.988  -5.933  49.251 0.0000000000
73285  58.138  -5.584  49.614 0.0000000000
125537  59.251  -5.528  50.001 0.0000000000
68646  49.359  -10.552  43.545 0.0000000000
69576  50.892  -8.770  47.987 0.0000000000
69565  51.147  -8.658  48.758 0.0000000000
69478  51.816  -9.501  55.088 0.0000000000
69491  51.684  -9.636  54.273 0.0000000000
62610  41.324  -16.912  52.550 0.0000000000
133086  41.755  -16.952  53.254 0.0000000000
61693  42.426  -17.336  54.240 0.0000000000
61692  42.942  -17.446  54.698 0.0000000000
60760  43.043  -17.804  55.107 0.0000000000
60759  43.620  -17.753  55.469 0.0000000000
61677  44.607  -17.541  56.661 0.0000000000
61671  44.948  -17.536  57.408 0.0000000000
61663  45.689  -17.231  58.212 0.0000000000
52675  38.358  -26.763  60.475 0.0000000000
52657  39.561  -26.902  61.545 0.0000000000
52656  40.347  -26.516  61.890 0.0000000000
51635  39.952  -27.530  63.279 0.0000000000
52642  40.602  -26.849  62.726 0.0000000000
129060  41.009  -26.064  62.278 0.0000000000
53600  41.546  -25.534  62.723 0.0000000000
54574  42.089  -25.049  63.147 0.0000000000
141522  55.786  -5.599  38.242 0.0000000000
73410  56.324  -5.502  38.116 0.0000000000
73409  57.619  -5.369  38.094 0.0000000000
74364  58.903  -4.983  37.847 0.0000000000
74342  59.960  -5.303  39.199 0.0000000000
73381  60.058  -5.401  39.988 0.0000000000
73382  59.407  -5.729  40.427 0.0000000000
128260  60.596  -5.022  40.310 0.0000000000
77145  61.464  -1.036  31.744 0.0000000000
77159  60.628  -1.449  32.037 0.0000000000
77144  62.311  -1.643  31.867 0.0000000000
76190  64.163  -2.636  33.775 0.0000000000
76182  64.053  -2.521  34.754 0.0000000000
75307  62.498  -3.625  33.498 0.0000000000
75294  62.944  -3.467  34.356 0.0000000000
76174  62.996  -2.744  35.869 0.0000000000
76165  62.836  -2.663  36.508 0.0000000000
47507  32.129  -32.253  64.161 0.0000000000
47506  33.066  -32.186  64.027 0.0000000000
125879  33.957  -33.150  65.436 0.0000000000
120745  34.116  -33.299  67.393 0.0000000000
46463  34.192  -33.344  66.311 0.0000000000
45454  35.055  -33.495  67.048 0.0000000000
139224  36.578  -33.346  68.354 0.0000000000
123695  35.208  -32.276  70.572 0.0000000000
128512  35.987  -32.395  70.781 0.0000000000
46406  36.517  -32.469  71.333 0.0000000000
46418  36.630  -32.808  70.308 0.0000000000
121703  21.510  -30.290  77.267 0.0000000000
48440  21.239  -30.403  78.053 0.0000000000
48420  21.317  -30.720  79.086 0.0000000000
48431  20.443  -31.138  78.182 0.0000000000
47330  20.472  -31.307  78.832 0.0000000000
47321  20.727  -31.272  79.266 0.0000000000
47307  20.742  -31.620  79.761 0.0000000000
126585  18.916  -32.703  79.746 0.0000000000
121532  17.922  -33.813  79.653 0.0000000000
45302  18.602  -33.204  79.701 0.0000000000
122679  18.868  -32.911  79.980 0.0000000000
73371  56.342  -5.250  42.051 0.0000000000
74292  56.414  -4.646  42.982 0.0000000000
74272  56.673  -4.839  43.605 0.0000000000
140380  56.074  -4.953  43.675 0.0000000000
123405  56.760  -4.947  43.897 0.0000000000
137364  57.129  -4.820  44.024 0.0000000000
73331  57.348  -5.468  44.444 0.0000000000
72431  57.128  -6.615  44.995 0.0000000000
127585  55.982  -6.096  44.251 0.0000000000
126848  57.324  -6.808  45.778 0.0000000000
72421  56.980  -6.852  46.567 0.0000000000
72408  56.511  -6.676  47.460 0.0000000000
73288  55.124  -5.709  49.764 0.0000000000
127981  48.569  -11.676  47.996 0.0000000000
67596  48.537  -11.730  48.760 0.0000000000
67582  49.300  -11.303  50.650 0.0000000000
67583  48.907  -12.027  50.742 0.0000000000
67575  49.291  -11.691  51.332 0.0000000000
68558  49.938  -10.961  52.277 0.0000000000
66528  49.631  -12.799  54.594 0.0000000000
67544  50.077  -12.167  54.238 0.0000000000
67539  50.619  -11.811  55.621 0.0000000000
128531  50.624  -11.659  54.754 0.0000000000
68536  50.924  -10.940  54.403 0.0000000000
68523  51.414  -10.266  54.952 0.0000000000
131618  51.541  -9.791  55.657 0.0000000000
58741  40.736  -20.833  55.111 0.0000000000
57717  42.078  -21.137  56.853 0.0000000000
132391  40.846  -28.104  68.596 0.0000000000
51571  40.268  -27.946  68.334 0.0000000000
50617  42.226  -27.874  69.291 0.0000000000
134804  55.067  -6.413  40.024 0.0000000000
77147  57.505  -1.769  32.790 0.0000000000
45371  12.633  -33.213  74.804 0.0000000000
44313  13.243  -34.154  75.745 0.0000000000
44300  12.394  -34.800  76.301 0.0000000000
142577  12.040  -35.201  76.802 0.0000000000
44302  10.765  -34.473  76.144 0.0000000000
43250  11.310  -35.338  76.975 0.0000000000
43238  11.206  -35.628  77.709 0.0000000000
120358  10.931  -36.179  79.297 0.0000000000
135727  9.466  -32.976  76.861 0.0000000000
45329  9.083  -33.595  77.055 0.0000000000
43226  9.154  -35.384  78.588 0.0000000000
43212  10.324  -36.260  79.975 0.0000000000
66638  47.222  -12.510  45.771 0.0000000000
67604  47.812  -12.113  46.883 0.0000000000
135232  47.457  -13.040  49.254 0.0000000000
65610  48.054  -13.308  51.038 0.0000000000
65585  47.954  -14.105  52.229 0.0000000000
139929  44.739  -14.128  48.105 0.0000000000
64647  45.907  -14.768  50.023 0.0000000000
64636  47.246  -14.279  50.979 0.0000000000
65565  48.401  -14.103  54.323 0.0000000000
137703  47.925  -14.470  55.076 0.0000000000
64591  47.147  -14.981  54.626 0.0000000000
64575  48.103  -14.282  56.100 0.0000000000
64545  47.633  -14.310  57.856 0.0000000000
65540  47.320  -14.099  59.004 0.0000000000
52691  36.767  -26.951  59.574 0.0000000000
51699  33.678  -27.466  59.548 0.0000000000
51698  34.306  -27.251  59.737 0.0000000000
51697  35.015  -27.117  59.999 0.0000000000
141218  35.664  -27.713  61.081 0.0000000000
51683  35.399  -27.405  60.570 0.0000000000
52678  35.824  -27.099  60.128 0.0000000000
52677  36.587  -27.104  60.416 0.0000000000
52676  37.378  -27.040  60.514 0.0000000000
52659  37.571  -27.330  61.352 0.0000000000
51664  38.166  -27.599  62.156 0.0000000000
51637  38.563  -27.966  63.739 0.0000000000
120365  38.067  -28.483  63.596 0.0000000000
51619  38.559  -28.212  64.331 0.0000000000
144688  38.750  -27.935  64.566 0.0000000000
51586  39.214  -27.955  65.786 0.0000000000
50641  39.491  -28.288  66.092 0.0000000000
50634  39.909  -28.155  66.856 0.0000000000
47505  33.960  -32.288  64.081 0.0000000000
138497  34.693  -32.401  64.124 0.0000000000
46478  35.584  -33.026  65.014 0.0000000000
47504  35.411  -32.133  63.975 0.0000000000
127357  36.353  -31.742  64.000 0.0000000000
48569  37.016  -30.903  63.824 0.0000000000
125926  38.362  -33.310  66.882 0.0000000000
45487  38.765  -32.976  66.141 0.0000000000
46475  38.391  -32.777  65.251 0.0000000000
47503  37.755  -31.311  64.045 0.0000000000
48567  38.151  -30.324  64.182 0.0000000000
49621  38.679  -29.584  64.599 0.0000000000
48565  40.625  -30.488  64.807 0.0000000000
49607  40.241  -29.472  65.122 0.0000000000
49596  39.887  -28.870  66.046 0.0000000000
50639  40.227  -28.521  66.969 0.0000000000
50632  40.536  -28.329  67.987 0.0000000000
132950  30.507  -33.138  75.294 0.0000000000
46357  30.887  -32.493  74.564 0.0000000000
45363  30.434  -32.540  75.101 0.0000000000
46344  29.921  -32.437  75.735 0.0000000000
47358  29.434  -31.935  76.151 0.0000000000
128760  29.133  -31.541  76.677 0.0000000000
46386  28.064  -33.251  72.426 0.0000000000
46374  27.791  -33.216  73.977 0.0000000000
123589  26.466  -33.035  72.739 0.0000000000
46360  28.196  -32.509  74.822 0.0000000000
47359  27.780  -31.396  76.472 0.0000000000
47362  24.701  -31.677  75.404 0.0000000000
47349  25.015  -31.277  76.447 0.0000000000
48460  24.046  -31.049  76.003 0.0000000000
142904  23.444  -30.813  76.068 0.0000000000
48530  24.070  -30.972  67.024 0.0000000000
47458  23.676  -31.264  67.796 0.0000000000
47439  23.300  -31.449  68.605 0.0000000000
138751  23.282  -31.563  69.306 0.0000000000
143767  23.592  -31.693  69.742 0.0000000000
48534  20.711  -30.456  67.688 0.0000000000
128698  21.054  -30.590  69.094 0.0000000000
140134  22.256  -31.160  69.583 0.0000000000
47412  22.826  -31.440  70.717 0.0000000000
47404  22.844  -31.451  71.655 0.0000000000
47396  22.620  -31.417  72.624 0.0000000000
47386  22.514  -31.313  73.467 0.0000000000
48480  21.880  -31.007  72.969 0.0000000000
48464  20.025  -30.443  75.821 0.0000000000
48483  19.410  -30.295  74.067 0.0000000000
143381  19.162  -30.577  75.156 0.0000000000
128505  18.688  -30.722  74.978 0.0000000000
47365  17.567  -31.499  75.307 0.0000000000
122845  17.811  -29.756  71.930 0.0000000000
130396  17.682  -29.936  72.671 0.0000000000
49536  16.519  -29.997  72.248 0.0000000000
145747  17.154  -30.057  72.696 0.0000000000
49526  17.468  -30.138  73.232 0.0000000000
47366  16.733  -31.823  75.146 0.0000000000
47367  15.897  -32.160  74.908 0.0000000000
46363  14.928  -32.435  74.704 0.0000000000
46350  14.249  -32.986  74.929 0.0000000000
46351  13.520  -33.100  74.742 0.0000000000
47390  13.133  -31.014  73.671 0.0000000000
46365  13.119  -32.484  74.363 0.0000000000
45372  11.879  -32.886  74.847 0.0000000000
46367  11.555  -32.191  74.833 0.0000000000
132440  11.287  -31.319  75.133 0.0000000000
134702  10.969  -32.056  75.445 0.0000000000
49670  31.743  -29.188  60.241 0.0000000000
50720  31.075  -28.702  59.268 0.0000000000
49672  29.374  -29.629  60.251 0.0000000000
48610  30.075  -30.280  61.556 0.0000000000
48595  29.777  -30.825  62.152 0.0000000000
130944  30.820  -30.626  62.029 0.0000000000
46481  32.069  -32.845  65.742 0.0000000000
46482  31.161  -32.608  65.573 0.0000000000
126341  32.436  -32.831  67.890 0.0000000000
46439  32.238  -32.541  68.726 0.0000000000
47487  29.101  -31.973  65.995 0.0000000000
46455  29.538  -32.021  66.744 0.0000000000
47452  30.509  -32.324  67.884 0.0000000000
47433  30.075  -32.175  68.502 0.0000000000
47416  32.268  -32.057  69.991 0.0000000000
47406  32.692  -31.875  70.809 0.0000000000
46395  32.738  -32.278  72.194 0.0000000000
46381  32.585  -32.735  72.854 0.0000000000
122842  22.877  -30.325  78.383 0.0000000000
130217  23.060  -30.472  79.069 0.0000000000
125880  13.698  -34.566  77.114 0.0000000000
44259  14.870  -35.275  79.678 0.0000000000
137754  15.411  -35.358  80.085 0.0000000000
76108  62.977  -2.134  44.184 0.0000000000
74263  59.022  -4.586  44.520 0.0000000000
74257  58.402  -4.649  44.454 0.0000000000
122295  59.141  -4.530  44.805 0.0000000000
74256  59.859  -4.317  45.027 0.0000000000
74238  61.893  -4.311  47.514 0.0000000000
73308  60.522  -5.663  47.746 0.0000000000
73296  60.214  -5.888  48.758 0.0000000000
73307  61.582  -4.836  48.244 0.0000000000
120366  50.886  -7.154  43.284 0.0000000000
138870  52.957  -8.357  43.911 0.0000000000
69622  50.424  -9.636  43.128 0.0000000000
69603  51.850  -9.396  44.123 0.0000000000
69620  52.404  -8.719  43.757 0.0000000000
70559  52.822  -8.700  44.536 0.0000000000
70558  53.375  -8.278  44.370 0.0000000000
71509  53.757  -7.627  46.678 0.0000000000
72411  53.735  -6.737  47.878 0.0000000000
73300  54.662  -5.991  49.047 0.0000000000
67595  48.996  -11.135  48.323 0.0000000000
68598  49.549  -10.523  48.727 0.0000000000
68590  50.109  -9.920  49.120 0.0000000000
70506  51.487  -8.482  49.604 0.0000000000
70477  51.454  -8.556  51.880 0.0000000000
70461  52.259  -8.149  53.099 0.0000000000
123972  51.353  -8.624  51.081 0.0000000000
70494  51.774  -8.262  50.466 0.0000000000
70493  52.220  -7.888  49.751 0.0000000000
139844  52.711  -7.362  49.926 0.0000000000
72361  53.351  -6.274  51.726 0.0000000000
72377  53.339  -6.314  50.876 0.0000000000
73272  53.860  -5.995  50.533 0.0000000000
73271  54.631  -5.645  50.703 0.0000000000
73243  55.341  -5.329  51.389 0.0000000000
121331  43.352  -16.622  50.058 0.0000000000
62655  43.798  -16.507  50.666 0.0000000000
63606  41.991  -16.545  52.729 0.0000000000
63605  42.562  -16.588  52.882 0.0000000000
62600  44.030  -16.990  54.718 0.0000000000
63583  43.072  -17.007  53.639 0.0000000000
63604  43.263  -16.526  53.136 0.0000000000
63603  44.099  -16.270  53.187 0.0000000000
130587  44.810  -16.059  53.201 0.0000000000
63565  44.854  -15.808  54.523 0.0000000000
64593  45.122  -15.495  55.096 0.0000000000
64578  45.343  -15.262  55.698 0.0000000000
64563  45.090  -15.748  56.451 0.0000000000
64547  45.506  -14.923  57.065 0.0000000000
123511  45.781  -14.960  57.193 0.0000000000
64535  46.301  -14.474  58.564 0.0000000000
64525  46.263  -14.264  59.615 0.0000000000
54635  38.174  -24.739  59.049 0.0000000000
54618  39.591  -24.358  60.083 0.0000000000
56610  40.907  -22.571  58.944 0.0000000000
56619  40.589  -22.347  58.383 0.0000000000
57704  40.773  -21.803  57.088 0.0000000000
57703  41.544  -21.601  57.336 0.0000000000
57702  42.361  -21.407  57.606 0.0000000000
57701  43.165  -21.135  57.943 0.0000000000
52538  40.523  -27.696  68.413 0.0000000000
52570  41.288  -26.722  66.764 0.0000000000
52586  42.183  -26.454  66.193 0.0000000000
52603  42.258  -26.460  65.246 0.0000000000
53575  42.641  -25.846  64.691 0.0000000000
54573  42.598  -24.547  63.593 0.0000000000
54533  44.445  -24.343  67.037 0.0000000000
55544  44.963  -23.793  66.708 0.0000000000
54541  44.462  -24.337  66.077 0.0000000000
54560  43.567  -24.578  64.728 0.0000000000
54572  43.170  -24.134  63.995 0.0000000000
55592  42.808  -23.752  63.278 0.0000000000
56581  42.891  -22.926  62.128 0.0000000000
56600  43.204  -22.230  60.896 0.0000000000
56579  44.311  -22.346  62.739 0.0000000000
57657  43.814  -21.882  61.268 0.0000000000
57668  43.056  -22.060  60.046 0.0000000000
57676  43.585  -21.536  59.597 0.0000000000
57687  43.403  -21.364  58.738 0.0000000000
58699  43.834  -20.779  58.321 0.0000000000
126096  44.463  -20.379  58.677 0.0000000000
59699  44.801  -19.736  58.248 0.0000000000
58663  45.496  -20.358  60.524 0.0000000000
59681  45.705  -19.552  59.306 0.0000000000
59698  45.457  -19.277  58.498 0.0000000000
60708  46.096  -18.825  58.866 0.0000000000
60707  46.698  -18.368  59.287 0.0000000000
61653  46.723  -17.412  59.191 0.0000000000
58615  47.475  -20.355  64.798 0.0000000000
59635  47.909  -19.661  63.334 0.0000000000
59641  48.169  -18.995  62.871 0.0000000000
60657  48.388  -18.303  64.285 0.0000000000
60672  48.002  -18.877  62.025 0.0000000000
142216  47.879  -18.021  60.941 0.0000000000
61642  47.590  -17.545  60.407 0.0000000000
61643  47.140  -16.968  59.791 0.0000000000
62550  46.450  -16.041  60.156 0.0000000000
62551  45.913  -15.571  59.835 0.0000000000
63514  46.028  -15.232  60.485 0.0000000000
63505  46.248  -14.856  61.220 0.0000000000
63506  45.995  -14.962  60.706 0.0000000000
77131  56.898  -1.978  33.160 0.0000000000
127136  57.918  -2.896  33.372 0.0000000000
75310  59.203  -3.620  33.454 0.0000000000
75296  60.937  -4.321  34.944 0.0000000000
76157  62.719  -2.688  37.259 0.0000000000
74363  59.690  -4.747  37.704 0.0000000000
141536  60.412  -4.446  37.858 0.0000000000
74340  61.185  -4.167  39.155 0.0000000000
75271  61.928  -3.225  37.629 0.0000000000
142157  62.629  -2.789  38.024 0.0000000000
123752  63.839  -2.011  38.988 0.0000000000
76133  64.026  -2.250  40.510 0.0000000000
44299  13.782  -34.131  76.338 0.0000000000
45330  8.601  -33.967  77.544 0.0000000000
45355  15.076  -33.193  75.847 0.0000000000
46313  19.279  -32.221  79.819 0.0000000000
46317  7.487  -32.510  79.971 0.0000000000
46391  36.626  -32.675  71.634 0.0000000000
46401  26.548  -32.982  71.192 0.0000000000
46402  25.801  -32.836  71.203 0.0000000000
47339  18.912  -32.032  77.409 0.0000000000
48418  22.676  -30.670  79.406 0.0000000000
48429  21.570  -30.436  78.723 0.0000000000
48430  20.970  -30.730  78.622 0.0000000000
48442  20.247  -30.959  77.566 0.0000000000
48465  19.109  -30.786  75.633 0.0000000000
48471  22.476  -30.993  74.267 0.0000000000
48593  32.741  -30.854  62.272 0.0000000000
49608  39.160  -29.133  65.332 0.0000000000
49641  35.716  -29.078  62.329 0.0000000000
49643  34.058  -29.874  61.973 0.0000000000
49683  31.210  -29.028  59.844 0.0000000000
50625  40.403  -27.918  68.473 0.0000000000
50649  38.264  -28.898  64.575 0.0000000000
51572  40.002  -27.896  67.513 0.0000000000
51636  39.075  -27.667  63.382 0.0000000000
52527  42.099  -27.359  69.229 0.0000000000
52536  42.306  -26.671  69.134 0.0000000000
52537  41.336  -27.370  68.647 0.0000000000
52554  40.251  -27.538  67.883 0.0000000000
52605  40.895  -27.245  64.981 0.0000000000
52674  39.240  -26.498  60.789 0.0000000000
52690  37.581  -26.475  59.213 0.0000000000
53615  40.009  -26.130  61.124 0.0000000000
55636  40.267  -22.796  58.972 0.0000000000
56559  46.385  -22.261  64.919 0.0000000000
56560  45.720  -22.616  64.550 0.0000000000
56578  45.118  -22.135  62.995 0.0000000000
56589  44.033  -22.088  62.007 0.0000000000
56590  43.353  -22.388  61.705 0.0000000000
56602  41.695  -22.955  60.189 0.0000000000
56617  42.100  -22.102  58.838 0.0000000000
56633  41.025  -21.940  57.871 0.0000000000
56634  40.277  -22.124  57.677 0.0000000000
58635  47.404  -20.211  62.882 0.0000000000
59627  48.202  -18.878  64.611 0.0000000000
59665  45.961  -19.792  60.055 0.0000000000
59682  45.052  -19.939  59.012 0.0000000000
60683  48.157  -18.007  61.652 0.0000000000
60696  47.477  -18.414  60.523 0.0000000000
60722  46.286  -17.853  58.623 0.0000000000
60735  45.075  -18.232  57.669 0.0000000000
61670  45.293  -17.596  57.823 0.0000000000
62543  46.795  -15.632  60.821 0.0000000000
62570  45.391  -16.224  58.164 0.0000000000
62586  44.771  -16.600  56.514 0.0000000000
62594  43.468  -17.348  54.746 0.0000000000
62624  42.178  -16.353  52.408 0.0000000000
63545  44.764  -16.499  55.954 0.0000000000
63584  42.466  -16.859  53.245 0.0000000000
64503  46.223  -14.558  61.051 0.0000000000
64514  46.038  -14.768  60.489 0.0000000000
64561  46.519  -14.885  56.598 0.0000000000
64562  45.467  -15.108  56.425 0.0000000000
64610  46.961  -15.151  53.918 0.0000000000
66480  48.893  -13.136  58.967 0.0000000000
66588  48.068  -13.108  50.382 0.0000000000
67576  48.947  -12.287  51.348 0.0000000000
72385  53.269  -6.706  49.180 0.0000000000
74332  61.118  -5.004  41.023 0.0000000000
77105  64.986  -1.364  36.372 0.0000000000
120291  40.764  -29.149  65.831 0.0000000000
120625  28.630  -31.236  76.825 0.0000000000
120691  33.306  -32.615  72.316 0.0000000000
123632  45.777  -14.944  59.443 0.0000000000
124410  57.008  -5.533  38.264 0.0000000000
126040  37.222  -26.914  59.901 0.0000000000
126130  39.976  -30.893  64.418 0.0000000000
128812  42.665  -18.434  55.167 0.0000000000
129477  29.599  -32.210  76.212 0.0000000000
135170  33.774  -32.001  70.492 0.0000000000
135322  48.473  -17.658  62.915 0.0000000000
136916  38.507  -26.165  59.733 0.0000000000
137563  41.148  -31.191  65.046 0.0000000000
138006  50.894  -9.063  50.944 0.0000000000
138067  34.893  -32.148  71.071 0.0000000000
138775  45.273  -15.899  57.034 0.0000000000
139108  61.477  -2.742  32.502 0.0000000000
140332  48.934  -13.687  56.982 0.0000000000
142726  12.701  -34.429  75.848 0.0000000000
142824  46.533  -19.393  60.294 0.0000000000
142989  43.233  -17.205  53.913 0.0000000000
144768  40.484  -26.999  67.267 0.0000000000
144840  19.486  -30.581  75.569 0.0000000000
145043  42.208  -26.378  64.694 0.0000000000
145331  28.510  -33.035  72.039 0.0000000000
