#!ascii label  , from subject sub-v2s18x29511_ses-1 vox2ras=TkReg
728
43268  30.597  -35.427  74.013 0.0000000000
65527  47.124  -13.790  59.870 0.0000000000
71338  53.631  -6.961  60.139 0.0000000000
56519  49.153  -22.568  68.496 0.0000000000
45438  37.500  -33.495  68.526 0.0000000000
133078  36.115  -37.824  71.745 0.0000000000
68457  51.148  -10.559  60.740 0.0000000000
67399  50.458  -11.759  65.897 0.0000000000
53491  44.418  -25.790  70.533 0.0000000000
45466  41.893  -33.744  66.533 0.0000000000
72360  60.930  -6.007  52.377 0.0000000000
72314  54.075  -5.981  55.573 0.0000000000
57610  47.101  -21.019  65.111 0.0000000000
62461  48.500  -16.207  67.083 0.0000000000
44341  35.125  -33.439  72.598 0.0000000000
42169  32.634  -36.296  71.847 0.0000000000
67471  50.132  -12.172  60.584 0.0000000000
68427  50.276  -10.141  64.360 0.0000000000
67437  48.324  -11.921  64.124 0.0000000000
49591  46.805  -29.451  67.024 0.0000000000
43308  39.262  -35.715  69.328 0.0000000000
45451  39.396  -33.878  67.602 0.0000000000
42192  40.628  -36.507  67.830 0.0000000000
74198  58.610  -4.640  52.392 0.0000000000
71430  59.103  -7.126  53.219 0.0000000000
74166  57.097  -4.798  53.629 0.0000000000
71365  52.241  -7.823  57.853 0.0000000000
70428  52.450  -8.529  54.601 0.0000000000
72290  53.605  -6.766  57.400 0.0000000000
71374  55.084  -6.815  57.172 0.0000000000
69438  53.681  -9.188  58.872 0.0000000000
55500  47.350  -23.197  69.459 0.0000000000
56536  45.877  -22.657  68.181 0.0000000000
58581  47.274  -20.877  68.798 0.0000000000
60653  47.807  -18.860  66.224 0.0000000000
125873  48.491  -18.792  68.469 0.0000000000
123766  50.445  -16.969  67.027 0.0000000000
57597  51.076  -20.961  66.207 0.0000000000
43284  37.472  -35.245  71.155 0.0000000000
69453  51.045  -9.994  57.439 0.0000000000
70358  51.977  -7.673  60.191 0.0000000000
70304  52.745  -8.076  63.097 0.0000000000
67426  52.405  -11.333  64.742 0.0000000000
48528  44.229  -30.225  68.665 0.0000000000
50615  45.560  -29.086  69.839 0.0000000000
52523  47.050  -26.726  69.168 0.0000000000
53534  48.141  -25.175  67.446 0.0000000000
55557  49.616  -23.346  65.867 0.0000000000
48540  43.008  -30.601  65.989 0.0000000000
128636  44.616  -33.441  67.150 0.0000000000
71474  60.875  -7.459  50.081 0.0000000000
73220  54.763  -5.436  52.669 0.0000000000
72300  55.781  -6.188  56.188 0.0000000000
70427  54.284  -8.663  54.938 0.0000000000
64488  47.380  -13.931  63.258 0.0000000000
65414  49.021  -13.997  66.853 0.0000000000
63452  52.096  -15.472  65.348 0.0000000000
42147  31.041  -36.509  73.627 0.0000000000
42156  31.461  -36.066  72.745 0.0000000000
41096  32.709  -37.790  72.983 0.0000000000
66449  48.477  -12.943  60.586 0.0000000000
67459  48.915  -12.428  62.101 0.0000000000
66413  47.933  -12.735  62.462 0.0000000000
42185  40.020  -36.619  68.375 0.0000000000
73242  57.081  -5.048  51.218 0.0000000000
74181  57.893  -4.703  53.075 0.0000000000
74182  56.860  -4.643  52.673 0.0000000000
143123  52.800  -6.842  58.892 0.0000000000
71364  52.869  -7.244  57.555 0.0000000000
72259  53.549  -6.862  59.036 0.0000000000
71363  54.043  -7.007  58.309 0.0000000000
130554  48.478  -22.991  68.959 0.0000000000
56500  47.164  -22.350  69.406 0.0000000000
57573  48.041  -21.422  69.213 0.0000000000
59591  48.065  -19.511  68.778 0.0000000000
58578  49.515  -20.862  68.369 0.0000000000
128142  49.700  -19.944  68.016 0.0000000000
57587  50.176  -21.557  67.528 0.0000000000
44355  36.411  -34.164  71.923 0.0000000000
42165  36.547  -36.469  71.496 0.0000000000
135205  37.851  -36.354  70.877 0.0000000000
67497  50.511  -11.653  58.877 0.0000000000
67528  50.694  -11.391  57.141 0.0000000000
69427  51.088  -10.302  59.116 0.0000000000
69426  51.477  -9.328  58.885 0.0000000000
140248  51.744  -8.689  60.614 0.0000000000
129042  52.449  -7.302  62.125 0.0000000000
120740  51.930  -8.377  62.261 0.0000000000
68386  50.501  -10.533  65.295 0.0000000000
68405  51.738  -10.064  64.906 0.0000000000
67413  51.902  -11.500  65.252 0.0000000000
66395  52.406  -12.201  64.735 0.0000000000
142708  51.955  -13.089  65.305 0.0000000000
47430  45.354  -31.391  68.166 0.0000000000
49566  44.206  -29.080  69.944 0.0000000000
48519  46.132  -30.981  68.495 0.0000000000
50621  46.907  -28.530  68.118 0.0000000000
53520  47.653  -25.948  68.596 0.0000000000
44420  41.133  -34.242  67.020 0.0000000000
144477  41.602  -33.144  66.050 0.0000000000
46461  42.781  -32.168  65.878 0.0000000000
46460  43.613  -32.443  66.669 0.0000000000
45449  43.900  -33.888  66.859 0.0000000000
73265  61.204  -5.356  51.461 0.0000000000
71464  60.947  -7.052  51.476 0.0000000000
121885  57.321  -7.364  53.985 0.0000000000
71399  53.456  -6.927  55.154 0.0000000000
133731  52.712  -7.615  53.334 0.0000000000
72327  53.698  -6.484  53.749 0.0000000000
72344  53.568  -6.393  52.709 0.0000000000
73202  54.367  -5.802  53.479 0.0000000000
127018  55.761  -5.184  54.574 0.0000000000
72313  54.768  -5.613  55.746 0.0000000000
70403  53.961  -8.598  57.447 0.0000000000
70402  54.758  -7.928  56.825 0.0000000000
53508  43.487  -25.955  69.877 0.0000000000
129183  43.967  -24.647  68.689 0.0000000000
56542  46.400  -22.244  66.732 0.0000000000
140434  45.503  -23.116  65.688 0.0000000000
61586  48.145  -17.252  66.089 0.0000000000
132921  48.522  -17.633  63.807 0.0000000000
62501  48.399  -16.605  65.348 0.0000000000
63479  48.107  -15.306  63.205 0.0000000000
63453  48.320  -14.695  65.569 0.0000000000
65441  48.118  -13.443  65.738 0.0000000000
63434  48.643  -15.346  66.851 0.0000000000
144144  51.403  -18.139  65.875 0.0000000000
62460  51.143  -16.403  66.393 0.0000000000
61584  52.147  -17.204  65.036 0.0000000000
138669  52.466  -16.327  64.571 0.0000000000
43288  34.066  -35.556  71.562 0.0000000000
41108  34.236  -37.571  72.069 0.0000000000
40072  34.822  -39.510  72.399 0.0000000000
130213  33.445  -38.739  73.017 0.0000000000
67470  50.511  -11.655  61.296 0.0000000000
68449  51.004  -10.372  62.454 0.0000000000
67457  50.389  -11.347  62.350 0.0000000000
68428  49.616  -10.764  64.154 0.0000000000
67415  49.314  -11.522  65.408 0.0000000000
44382  38.449  -34.187  69.317 0.0000000000
133766  38.910  -33.913  68.194 0.0000000000
44392  39.559  -34.810  68.512 0.0000000000
44391  40.331  -35.437  68.169 0.0000000000
44405  41.624  -35.162  67.313 0.0000000000
44404  42.584  -35.114  66.972 0.0000000000
42204  42.103  -36.014  66.957 0.0000000000
74178  60.493  -5.009  52.693 0.0000000000
72342  60.332  -5.988  53.013 0.0000000000
74163  59.629  -5.426  53.393 0.0000000000
72310  58.381  -6.162  54.186 0.0000000000
72311  57.604  -6.210  54.638 0.0000000000
134369  51.844  -9.176  55.833 0.0000000000
70404  52.469  -8.408  56.070 0.0000000000
71388  53.074  -7.471  55.829 0.0000000000
71387  53.814  -6.454  56.177 0.0000000000
72289  54.796  -6.172  56.927 0.0000000000
124985  54.462  -6.576  57.380 0.0000000000
70391  53.992  -8.075  58.370 0.0000000000
55485  46.103  -24.224  69.797 0.0000000000
55503  45.078  -23.936  69.796 0.0000000000
56502  46.306  -22.938  69.356 0.0000000000
56521  46.479  -22.141  68.805 0.0000000000
58603  46.980  -20.908  67.019 0.0000000000
58609  47.329  -20.360  65.825 0.0000000000
59604  47.393  -19.288  68.027 0.0000000000
142876  47.788  -18.129  68.169 0.0000000000
61555  48.205  -17.425  68.054 0.0000000000
132094  48.624  -16.962  67.770 0.0000000000
127666  49.372  -17.741  67.924 0.0000000000
59614  50.988  -19.321  66.505 0.0000000000
59621  51.693  -19.429  65.202 0.0000000000
46407  35.695  -32.239  71.464 0.0000000000
45410  37.146  -32.924  70.855 0.0000000000
126018  37.476  -33.409  70.113 0.0000000000
43299  38.104  -35.391  70.524 0.0000000000
41116  38.711  -37.706  70.010 0.0000000000
69452  51.481  -9.460  57.101 0.0000000000
70370  51.836  -8.118  59.181 0.0000000000
71325  53.347  -6.569  60.653 0.0000000000
72223  53.532  -6.381  62.220 0.0000000000
70324  53.973  -7.152  62.710 0.0000000000
69357  53.514  -9.109  63.364 0.0000000000
69359  51.490  -9.278  63.911 0.0000000000
69337  52.249  -9.568  64.335 0.0000000000
49584  42.800  -28.706  68.415 0.0000000000
49576  42.987  -28.424  69.644 0.0000000000
50603  43.669  -28.007  70.548 0.0000000000
52513  44.578  -26.668  70.648 0.0000000000
49574  46.584  -30.023  68.301 0.0000000000
51531  46.492  -27.626  69.387 0.0000000000
52512  45.754  -26.387  70.212 0.0000000000
123816  47.266  -24.988  69.355 0.0000000000
54524  48.319  -24.505  68.551 0.0000000000
54523  48.992  -24.041  68.160 0.0000000000
55526  49.991  -22.941  67.220 0.0000000000
54539  49.192  -23.919  66.468 0.0000000000
49593  43.299  -29.970  66.744 0.0000000000
47451  44.543  -31.745  67.638 0.0000000000
46448  45.079  -32.896  67.480 0.0000000000
44402  43.819  -34.266  66.703 0.0000000000
143924  44.766  -33.766  66.832 0.0000000000
122996  61.853  -7.186  49.899 0.0000000000
73243  55.341  -5.329  51.389 0.0000000000
74167  56.238  -4.799  53.219 0.0000000000
73184  56.915  -5.801  54.861 0.0000000000
71397  56.618  -6.937  55.448 0.0000000000
71373  55.468  -6.389  56.780 0.0000000000
71398  56.107  -7.297  55.796 0.0000000000
70441  55.725  -7.816  54.709 0.0000000000
55529  44.769  -23.690  67.771 0.0000000000
64502  46.578  -14.222  61.626 0.0000000000
66415  46.882  -13.479  61.905 0.0000000000
65474  47.511  -13.083  63.264 0.0000000000
66389  48.215  -12.619  65.398 0.0000000000
66378  50.000  -12.511  66.340 0.0000000000
63413  49.674  -15.483  67.171 0.0000000000
64428  50.204  -14.784  66.797 0.0000000000
65425  51.409  -13.784  65.807 0.0000000000
64453  52.286  -14.663  65.154 0.0000000000
56550  50.468  -22.298  65.488 0.0000000000
135014  50.992  -21.686  65.072 0.0000000000
42139  30.338  -36.521  74.566 0.0000000000
43267  31.225  -35.317  73.239 0.0000000000
65508  47.818  -13.346  60.199 0.0000000000
66431  48.175  -12.844  61.491 0.0000000000
66450  47.494  -13.158  60.999 0.0000000000
140341  56.684  -4.860  51.853 0.0000000000
120585  56.196  -5.212  51.232 0.0000000000
71339  53.165  -6.715  59.539 0.0000000000
72271  53.330  -6.697  58.693 0.0000000000
71351  53.726  -6.973  59.047 0.0000000000
70369  53.851  -7.250  59.996 0.0000000000
56520  48.291  -22.149  69.181 0.0000000000
57572  48.836  -21.602  68.829 0.0000000000
58579  48.298  -20.610  68.970 0.0000000000
57588  49.597  -21.892  68.230 0.0000000000
56534  49.828  -22.463  67.736 0.0000000000
42166  35.724  -36.777  71.626 0.0000000000
137920  35.892  -35.986  71.457 0.0000000000
68474  50.798  -11.117  59.446 0.0000000000
68488  50.828  -10.916  58.580 0.0000000000
68473  51.135  -10.514  59.964 0.0000000000
137836  51.440  -9.819  59.652 0.0000000000
69411  51.486  -9.710  60.495 0.0000000000
69398  51.587  -9.010  61.394 0.0000000000
68448  51.282  -10.026  61.461 0.0000000000
126666  50.754  -11.090  65.630 0.0000000000
68385  51.339  -10.702  65.352 0.0000000000
67398  51.250  -11.622  65.628 0.0000000000
66388  51.788  -12.431  65.400 0.0000000000
47429  45.898  -31.510  68.083 0.0000000000
47414  45.543  -30.787  68.671 0.0000000000
47428  46.317  -31.360  67.864 0.0000000000
131782  41.000  -33.464  66.424 0.0000000000
46472  41.846  -32.437  65.639 0.0000000000
46462  42.446  -33.068  66.146 0.0000000000
45464  43.304  -33.133  66.574 0.0000000000
45465  42.924  -33.881  66.643 0.0000000000
73238  61.052  -5.494  52.154 0.0000000000
73237  61.533  -5.806  51.644 0.0000000000
71463  61.608  -6.545  51.390 0.0000000000
71447  61.139  -6.462  51.977 0.0000000000
145070  53.736  -6.485  54.634 0.0000000000
71415  53.099  -7.165  54.079 0.0000000000
72326  54.321  -5.871  54.724 0.0000000000
73201  55.015  -5.418  54.747 0.0000000000
69464  53.485  -9.765  56.849 0.0000000000
123150  53.770  -9.059  56.340 0.0000000000
54516  44.121  -25.467  70.201 0.0000000000
54526  43.701  -25.352  69.417 0.0000000000
54515  44.369  -24.586  69.640 0.0000000000
57611  46.793  -21.693  65.418 0.0000000000
57621  46.743  -21.626  64.542 0.0000000000
61571  48.146  -17.046  67.310 0.0000000000
62482  48.316  -16.284  66.471 0.0000000000
124088  48.399  -15.640  65.654 0.0000000000
126718  48.536  -15.196  66.447 0.0000000000
60651  51.660  -18.593  65.422 0.0000000000
61585  51.735  -17.716  65.460 0.0000000000
60650  52.057  -17.962  64.902 0.0000000000
61596  52.301  -17.442  64.504 0.0000000000
43276  32.237  -35.422  71.910 0.0000000000
43289  33.046  -35.535  71.676 0.0000000000
42168  33.549  -36.514  71.668 0.0000000000
41095  34.217  -38.632  72.678 0.0000000000
41109  33.240  -37.436  72.209 0.0000000000
66466  49.463  -12.690  59.396 0.0000000000
66479  49.612  -12.704  58.640 0.0000000000
67483  49.931  -12.328  59.786 0.0000000000
67482  50.413  -11.837  59.707 0.0000000000
67458  49.902  -12.114  61.663 0.0000000000
67447  48.666  -12.039  63.174 0.0000000000
139769  48.972  -11.432  63.917 0.0000000000
67427  49.102  -11.261  64.939 0.0000000000
67428  48.539  -11.792  64.732 0.0000000000
140845  38.735  -34.872  69.528 0.0000000000
44381  39.132  -34.869  69.051 0.0000000000
43318  40.530  -36.347  68.089 0.0000000000
43332  41.122  -35.843  67.779 0.0000000000
43317  41.040  -36.278  67.690 0.0000000000
43331  41.786  -35.835  67.278 0.0000000000
73241  58.134  -4.794  51.441 0.0000000000
73240  59.388  -4.646  51.850 0.0000000000
74197  59.818  -4.706  52.771 0.0000000000
73218  60.174  -5.021  53.148 0.0000000000
74165  57.956  -5.074  53.838 0.0000000000
74164  58.818  -5.294  53.570 0.0000000000
73198  58.101  -5.648  54.203 0.0000000000
145639  57.442  -5.742  54.552 0.0000000000
70405  51.845  -8.906  56.620 0.0000000000
70392  52.311  -8.102  57.020 0.0000000000
72280  53.509  -6.704  58.093 0.0000000000
71376  52.955  -7.496  56.726 0.0000000000
140952  53.557  -6.925  56.652 0.0000000000
71375  54.232  -6.323  57.085 0.0000000000
72279  54.083  -6.612  57.772 0.0000000000
70379  53.850  -7.666  59.148 0.0000000000
69451  53.620  -9.483  57.886 0.0000000000
55501  46.663  -23.742  69.558 0.0000000000
55502  46.049  -23.603  69.620 0.0000000000
128058  46.742  -22.943  69.455 0.0000000000
139850  47.072  -21.397  69.048 0.0000000000
124581  46.867  -21.762  69.098 0.0000000000
57574  46.819  -21.473  68.609 0.0000000000
57589  46.713  -21.553  67.432 0.0000000000
58592  47.015  -20.762  68.103 0.0000000000
58602  47.139  -20.090  67.620 0.0000000000
58591  47.371  -20.059  68.482 0.0000000000
59592  47.735  -19.365  68.574 0.0000000000
60615  47.993  -18.603  68.567 0.0000000000
60630  47.997  -17.927  68.415 0.0000000000
60614  48.268  -18.021  68.412 0.0000000000
61554  48.606  -17.541  68.165 0.0000000000
60629  48.973  -18.185  68.291 0.0000000000
58601  51.018  -20.163  66.582 0.0000000000
59602  50.325  -19.450  67.341 0.0000000000
59613  51.453  -19.430  65.935 0.0000000000
58608  51.498  -20.223  65.735 0.0000000000
46379  34.977  -32.751  72.329 0.0000000000
46392  35.617  -32.477  72.116 0.0000000000
45384  35.413  -32.863  72.430 0.0000000000
44354  37.069  -34.146  71.500 0.0000000000
45398  36.622  -33.181  71.935 0.0000000000
45397  37.136  -33.256  71.243 0.0000000000
44370  37.592  -34.273  70.821 0.0000000000
44369  38.161  -34.420  70.036 0.0000000000
68499  50.847  -10.739  57.728 0.0000000000
69466  51.114  -9.972  56.787 0.0000000000
71340  52.429  -7.179  59.399 0.0000000000
71326  52.607  -6.861  61.193 0.0000000000
72246  53.464  -6.341  61.607 0.0000000000
70326  52.494  -7.898  62.793 0.0000000000
71284  53.341  -7.086  62.825 0.0000000000
70303  53.403  -8.011  63.053 0.0000000000
69358  52.805  -8.918  63.619 0.0000000000
69360  50.895  -9.562  63.934 0.0000000000
69383  51.107  -9.662  63.242 0.0000000000
68384  52.411  -10.354  64.596 0.0000000000
69336  52.983  -9.803  64.053 0.0000000000
67425  52.988  -10.723  64.206 0.0000000000
50623  41.823  -28.122  68.919 0.0000000000
49575  43.649  -29.239  69.086 0.0000000000
49565  44.535  -29.192  69.939 0.0000000000
49555  44.052  -28.610  70.311 0.0000000000
50602  44.089  -28.079  70.622 0.0000000000
51514  43.856  -27.416  70.761 0.0000000000
50601  44.830  -28.124  70.363 0.0000000000
48517  46.685  -30.195  67.687 0.0000000000
51530  47.027  -27.614  68.655 0.0000000000
50613  46.692  -28.358  68.809 0.0000000000
138127  45.909  -27.186  69.934 0.0000000000
52524  46.650  -26.258  69.611 0.0000000000
53507  46.537  -25.598  69.736 0.0000000000
53506  47.285  -25.865  69.178 0.0000000000
53519  48.074  -25.216  68.242 0.0000000000
54532  48.605  -24.580  67.834 0.0000000000
54531  49.198  -24.046  67.404 0.0000000000
54540  48.701  -24.557  66.973 0.0000000000
45452  38.711  -33.626  67.665 0.0000000000
45469  39.092  -33.347  66.948 0.0000000000
48552  42.237  -30.513  65.550 0.0000000000
49606  41.638  -29.629  65.634 0.0000000000
49594  42.472  -29.678  66.181 0.0000000000
49585  42.635  -29.125  67.216 0.0000000000
133494  44.066  -33.238  67.024 0.0000000000
47468  43.931  -31.719  66.997 0.0000000000
46449  44.497  -32.675  67.388 0.0000000000
47450  45.050  -32.068  67.789 0.0000000000
44403  43.303  -34.679  66.713 0.0000000000
45463  45.199  -33.515  66.785 0.0000000000
71473  61.839  -6.866  50.725 0.0000000000
71475  59.908  -7.741  49.158 0.0000000000
72343  59.766  -6.468  53.183 0.0000000000
70445  51.976  -8.811  53.793 0.0000000000
70444  52.579  -8.038  53.942 0.0000000000
73221  54.025  -5.842  52.235 0.0000000000
73244  54.588  -5.510  51.719 0.0000000000
121269  55.194  -5.253  52.148 0.0000000000
73219  55.478  -5.074  52.912 0.0000000000
73174  55.547  -5.559  55.568 0.0000000000
73185  56.349  -5.436  54.898 0.0000000000
73173  56.281  -5.884  55.505 0.0000000000
72312  56.821  -6.417  55.162 0.0000000000
72299  56.274  -6.516  55.713 0.0000000000
139360  54.196  -8.610  55.869 0.0000000000
70415  54.855  -8.138  55.941 0.0000000000
70426  55.289  -8.007  55.394 0.0000000000
55528  45.364  -23.226  68.478 0.0000000000
55516  44.640  -23.786  68.978 0.0000000000
55543  45.385  -23.235  67.417 0.0000000000
59623  47.668  -19.663  65.550 0.0000000000
61607  48.549  -16.942  63.293 0.0000000000
63480  47.866  -14.467  63.706 0.0000000000
63492  47.434  -14.501  62.802 0.0000000000
64489  46.954  -13.928  62.423 0.0000000000
129416  46.753  -13.764  61.931 0.0000000000
65475  47.122  -13.477  62.448 0.0000000000
65459  47.685  -13.086  64.066 0.0000000000
64443  48.349  -13.677  66.224 0.0000000000
140662  48.009  -12.999  65.433 0.0000000000
65428  48.473  -13.326  66.233 0.0000000000
66379  49.032  -12.763  66.292 0.0000000000
145735  48.786  -13.463  66.526 0.0000000000
61553  49.440  -17.042  67.679 0.0000000000
62439  49.164  -16.269  67.453 0.0000000000
62438  50.100  -16.266  67.243 0.0000000000
132845  51.792  -16.149  65.614 0.0000000000
63412  50.619  -15.550  66.695 0.0000000000
63433  51.038  -14.927  66.344 0.0000000000
64441  50.834  -14.214  66.315 0.0000000000
64440  51.664  -14.609  65.696 0.0000000000
65439  52.014  -13.729  65.329 0.0000000000
142399  52.537  -16.487  64.083 0.0000000000
55556  50.070  -22.898  66.262 0.0000000000
55571  50.039  -22.884  65.368 0.0000000000
42155  31.920  -36.136  72.179 0.0000000000
128368  32.416  -36.905  72.352 0.0000000000
41097  31.794  -36.986  72.936 0.0000000000
130243  31.496  -37.491  73.896 0.0000000000
66467  48.694  -13.031  59.755 0.0000000000
66448  49.377  -12.659  60.177 0.0000000000
66430  49.217  -12.586  61.081 0.0000000000
67438  47.873  -12.633  63.340 0.0000000000
42186  39.596  -36.676  68.917 0.0000000000
42194  39.754  -36.820  68.389 0.0000000000
74199  57.505  -4.675  52.098 0.0000000000
132044  52.798  -6.967  58.298 0.0000000000
71350  53.844  -6.716  58.332 0.0000000000
140131  48.023  -23.282  69.286 0.0000000000
55499  47.766  -22.587  69.405 0.0000000000
56499  47.524  -21.765  69.297 0.0000000000
57556  47.624  -21.073  69.081 0.0000000000
58580  47.576  -20.340  68.892 0.0000000000
59590  48.889  -19.769  68.587 0.0000000000
59603  49.351  -19.066  68.130 0.0000000000
58590  50.305  -20.524  67.472 0.0000000000
125952  50.610  -20.979  66.848 0.0000000000
44340  35.924  -33.311  72.381 0.0000000000
43286  36.072  -35.302  71.566 0.0000000000
43285  36.855  -35.225  71.516 0.0000000000
135042  37.215  -36.239  71.321 0.0000000000
66489  50.333  -12.142  57.484 0.0000000000
67512  50.597  -11.522  58.033 0.0000000000
69440  51.059  -10.081  58.260 0.0000000000
127875  51.688  -8.943  59.822 0.0000000000
70347  51.973  -7.942  61.285 0.0000000000
68406  50.297  -10.179  64.832 0.0000000000
69339  50.844  -9.732  64.476 0.0000000000
69325  50.993  -9.957  65.010 0.0000000000
140314  52.002  -10.760  65.044 0.0000000000
141777  52.196  -12.135  65.067 0.0000000000
123999  52.165  -12.962  65.088 0.0000000000
65438  52.340  -13.869  65.004 0.0000000000
48520  44.916  -30.513  68.809 0.0000000000
48510  44.340  -29.651  69.444 0.0000000000
48509  44.899  -29.873  69.418 0.0000000000
141328  45.780  -29.884  69.336 0.0000000000
49582  46.784  -29.470  67.320 0.0000000000
52535  47.355  -26.742  68.475 0.0000000000
143671  47.423  -26.292  68.890 0.0000000000
141256  47.556  -26.373  68.236 0.0000000000
53535  47.703  -25.978  67.890 0.0000000000
44421  40.172  -34.137  67.311 0.0000000000
45468  39.791  -33.551  66.898 0.0000000000
45467  40.433  -33.709  66.806 0.0000000000
45484  40.890  -32.741  65.800 0.0000000000
47485  41.918  -31.453  65.412 0.0000000000
47484  42.671  -31.281  65.700 0.0000000000
47469  43.279  -31.513  66.139 0.0000000000
72376  61.975  -6.261  50.967 0.0000000000
126950  61.287  -7.135  50.969 0.0000000000
71411  58.309  -7.192  53.576 0.0000000000
71400  52.845  -7.723  54.802 0.0000000000
72328  53.029  -6.984  53.078 0.0000000000
123631  55.181  -5.274  53.683 0.0000000000
53509  43.028  -26.525  69.785 0.0000000000
56543  45.907  -22.726  67.096 0.0000000000
55559  45.460  -23.246  66.418 0.0000000000
56552  45.975  -22.782  66.142 0.0000000000
131653  45.913  -22.746  65.324 0.0000000000
60645  47.874  -17.917  66.791 0.0000000000
60652  48.162  -18.284  65.420 0.0000000000
61597  48.425  -17.515  64.850 0.0000000000
131765  48.561  -16.832  64.263 0.0000000000
62516  48.522  -16.110  63.700 0.0000000000
62530  48.381  -16.199  62.773 0.0000000000
63466  48.343  -15.241  64.135 0.0000000000
63467  48.088  -14.524  64.635 0.0000000000
64475  47.677  -13.755  64.175 0.0000000000
64463  47.997  -13.907  65.241 0.0000000000
64454  48.339  -14.092  66.073 0.0000000000
64430  48.724  -14.584  66.766 0.0000000000
61569  51.167  -17.449  66.246 0.0000000000
62481  51.766  -16.899  65.593 0.0000000000
122968  52.266  -16.359  65.096 0.0000000000
142796  52.353  -16.845  64.695 0.0000000000
45385  34.648  -33.086  72.526 0.0000000000
44358  33.737  -34.429  72.308 0.0000000000
44357  34.722  -34.331  72.280 0.0000000000
42167  34.634  -36.616  71.618 0.0000000000
41107  35.367  -37.894  72.139 0.0000000000
41094  34.949  -38.621  72.389 0.0000000000
68458  50.777  -11.322  60.447 0.0000000000
131392  50.989  -11.025  61.476 0.0000000000
68440  50.392  -10.356  63.506 0.0000000000
131906  49.518  -11.871  62.537 0.0000000000
67446  49.603  -11.299  63.313 0.0000000000
68407  49.679  -10.659  64.711 0.0000000000
68387  49.743  -10.740  65.095 0.0000000000
67414  50.053  -11.193  65.595 0.0000000000
47448  46.371  -31.556  67.377 0.0000000000
45422  38.258  -33.807  69.153 0.0000000000
45437  38.339  -33.721  68.536 0.0000000000
44393  38.807  -34.124  68.703 0.0000000000
45436  39.253  -34.199  68.197 0.0000000000
44407  39.884  -34.531  67.928 0.0000000000
43307  39.929  -35.922  68.732 0.0000000000
44406  40.700  -34.899  67.628 0.0000000000
44419  42.262  -34.557  66.868 0.0000000000
43330  42.686  -35.324  66.782 0.0000000000
73239  60.487  -4.875  52.166 0.0000000000
73217  60.530  -5.494  52.765 0.0000000000
72323  60.151  -5.557  53.229 0.0000000000
72324  59.747  -5.962  53.486 0.0000000000
74180  58.879  -4.894  53.133 0.0000000000
73197  58.977  -5.811  53.782 0.0000000000
72325  58.942  -6.448  53.691 0.0000000000
71412  58.052  -6.689  54.258 0.0000000000
71396  57.254  -6.786  54.765 0.0000000000
69478  51.816  -9.501  55.088 0.0000000000
70417  52.200  -8.858  55.244 0.0000000000
70416  52.621  -8.254  55.302 0.0000000000
72302  54.509  -5.898  56.457 0.0000000000
70390  54.489  -7.176  57.690 0.0000000000
71362  54.202  -6.708  57.866 0.0000000000
54498  45.627  -24.853  70.142 0.0000000000
54499  44.845  -24.840  70.262 0.0000000000
55486  45.544  -24.271  69.964 0.0000000000
55515  45.575  -23.347  69.293 0.0000000000
56522  46.035  -22.695  69.037 0.0000000000
56501  46.710  -22.290  69.245 0.0000000000
56535  46.374  -22.151  67.817 0.0000000000
57600  46.762  -21.660  66.363 0.0000000000
57599  47.041  -21.020  66.036 0.0000000000
136220  47.148  -20.377  66.668 0.0000000000
59615  47.384  -19.587  66.835 0.0000000000
60646  47.621  -18.529  67.571 0.0000000000
61572  47.878  -17.762  67.889 0.0000000000
139286  48.422  -16.880  67.579 0.0000000000
61570  50.317  -17.757  67.204 0.0000000000
60628  49.833  -18.446  67.685 0.0000000000
60643  51.248  -18.731  66.119 0.0000000000
128103  37.030  -33.279  69.374 0.0000000000
125994  36.125  -32.636  72.196 0.0000000000
46418  36.630  -32.808  70.308 0.0000000000
45424  37.333  -33.203  70.141 0.0000000000
45423  37.785  -33.562  69.448 0.0000000000
45408  37.906  -33.753  69.711 0.0000000000
43298  38.689  -35.561  69.890 0.0000000000
42176  38.628  -36.623  70.197 0.0000000000
42187  39.154  -36.422  69.591 0.0000000000
69465  51.492  -9.626  56.361 0.0000000000
70393  51.808  -8.693  57.440 0.0000000000
69439  51.450  -9.367  57.905 0.0000000000
70380  51.788  -8.478  58.302 0.0000000000
71352  52.255  -7.523  58.637 0.0000000000
70357  54.228  -6.886  60.898 0.0000000000
71324  53.973  -6.515  61.227 0.0000000000
71314  54.021  -6.332  61.927 0.0000000000
71295  54.267  -6.734  62.186 0.0000000000
71315  52.959  -6.545  62.186 0.0000000000
71296  53.768  -6.599  62.427 0.0000000000
69399  51.410  -9.361  62.379 0.0000000000
69382  51.689  -8.980  63.222 0.0000000000
70305  52.143  -8.690  63.334 0.0000000000
69338  51.503  -9.605  64.435 0.0000000000
70292  52.126  -9.045  63.752 0.0000000000
50624  41.075  -27.839  68.748 0.0000000000
51533  42.575  -27.646  69.628 0.0000000000
128673  43.801  -28.950  69.845 0.0000000000
50616  43.148  -27.929  70.202 0.0000000000
51532  43.278  -27.377  70.353 0.0000000000
52515  43.772  -26.989  70.778 0.0000000000
144644  44.002  -26.669  70.827 0.0000000000
52514  44.311  -26.352  70.674 0.0000000000
48518  46.510  -30.752  68.109 0.0000000000
48507  46.220  -30.369  68.760 0.0000000000
49563  46.253  -29.636  69.094 0.0000000000
49573  46.768  -29.407  67.804 0.0000000000
50614  46.279  -28.713  69.342 0.0000000000
50600  45.703  -28.011  69.905 0.0000000000
138186  45.145  -27.261  70.411 0.0000000000
124964  45.007  -26.102  70.567 0.0000000000
53489  45.710  -25.515  70.231 0.0000000000
54497  46.452  -24.686  69.738 0.0000000000
54514  47.255  -24.114  69.409 0.0000000000
53505  47.811  -25.178  68.846 0.0000000000
140120  47.833  -24.476  69.063 0.0000000000
54513  47.886  -23.838  69.208 0.0000000000
55514  48.461  -23.790  68.774 0.0000000000
55513  49.080  -23.406  68.324 0.0000000000
55527  49.532  -23.059  67.866 0.0000000000
133893  49.438  -23.530  67.654 0.0000000000
55542  49.688  -23.471  66.921 0.0000000000
54549  48.548  -24.385  65.989 0.0000000000
139311  37.954  -33.497  67.674 0.0000000000
45486  39.547  -32.950  66.338 0.0000000000
50631  41.639  -28.466  68.059 0.0000000000
49583  43.503  -29.568  67.899 0.0000000000
141696  43.547  -30.866  66.558 0.0000000000
48539  44.008  -30.758  67.571 0.0000000000
48527  44.797  -31.143  68.174 0.0000000000
46434  45.486  -32.120  67.654 0.0000000000
46447  45.544  -32.639  67.278 0.0000000000
45450  43.039  -34.545  67.058 0.0000000000
135689  43.774  -34.208  66.779 0.0000000000
142330  44.328  -33.839  66.917 0.0000000000
44417  44.300  -34.069  66.590 0.0000000000
45448  45.056  -33.409  67.162 0.0000000000
44329  30.753  -34.304  74.477 0.0000000000
71483  61.761  -7.259  48.972 0.0000000000
74200  55.963  -4.980  52.177 0.0000000000
140117  55.801  -4.985  53.728 0.0000000000
73200  56.429  -5.007  54.159 0.0000000000
73199  57.203  -5.299  54.389 0.0000000000
71413  56.914  -7.183  54.794 0.0000000000
72301  55.097  -5.877  56.421 0.0000000000
71386  55.493  -7.325  56.428 0.0000000000
71384  56.187  -6.801  56.035 0.0000000000
121124  56.422  -7.367  55.045 0.0000000000
70442  54.852  -8.357  54.228 0.0000000000
134672  46.521  -13.938  60.272 0.0000000000
54525  44.273  -24.194  67.988 0.0000000000
62531  47.768  -15.482  62.197 0.0000000000
65493  46.238  -14.323  60.667 0.0000000000
65510  46.462  -13.884  60.804 0.0000000000
66451  46.810  -13.507  61.306 0.0000000000
66432  47.241  -13.115  61.823 0.0000000000
66405  47.875  -12.550  64.066 0.0000000000
65449  47.868  -13.269  64.941 0.0000000000
66397  47.964  -12.626  64.804 0.0000000000
129440  48.244  -12.188  64.954 0.0000000000
67416  48.627  -12.031  65.244 0.0000000000
67400  49.618  -11.954  65.964 0.0000000000
62440  48.658  -16.287  67.267 0.0000000000
63414  48.914  -15.437  67.116 0.0000000000
64429  49.284  -14.678  66.979 0.0000000000
65413  49.823  -14.002  66.721 0.0000000000
65426  50.572  -13.298  66.248 0.0000000000
66377  50.955  -12.435  65.864 0.0000000000
139755  51.530  -13.131  65.621 0.0000000000
63451  52.436  -15.562  64.882 0.0000000000
64462  52.457  -14.806  64.709 0.0000000000
56533  50.214  -22.246  67.147 0.0000000000
57598  50.510  -21.616  66.660 0.0000000000
57609  50.786  -21.630  65.880 0.0000000000
57608  51.367  -21.005  65.418 0.0000000000
44342  34.270  -33.513  72.661 0.0000000000
45409  37.498  -33.575  70.412 0.0000000000
48508  45.623  -30.301  69.056 0.0000000000
49554  44.619  -28.837  70.192 0.0000000000
49564  45.144  -29.603  69.691 0.0000000000
49567  43.629  -28.485  70.234 0.0000000000
50622  46.594  -29.169  68.527 0.0000000000
50630  46.983  -28.692  67.444 0.0000000000
51513  44.250  -27.335  70.728 0.0000000000
51515  43.586  -27.536  70.584 0.0000000000
52525  43.412  -26.755  70.411 0.0000000000
53490  44.970  -25.612  70.494 0.0000000000
53492  43.940  -26.334  70.686 0.0000000000
56541  50.332  -22.288  66.480 0.0000000000
57557  47.307  -21.212  69.041 0.0000000000
57558  47.101  -21.767  69.224 0.0000000000
60631  47.793  -18.569  68.332 0.0000000000
60644  50.603  -18.645  66.820 0.0000000000
63432  51.481  -15.521  65.993 0.0000000000
63493  46.881  -14.588  61.979 0.0000000000
64442  48.545  -14.371  66.532 0.0000000000
64476  47.415  -13.538  63.213 0.0000000000
65427  49.428  -13.302  66.596 0.0000000000
65440  48.159  -13.086  65.829 0.0000000000
65492  46.536  -13.934  61.383 0.0000000000
65509  46.974  -13.590  60.609 0.0000000000
66380  48.495  -12.716  65.838 0.0000000000
66396  48.136  -12.151  64.563 0.0000000000
66414  47.294  -13.110  62.550 0.0000000000
67401  48.993  -12.188  65.762 0.0000000000
67436  49.026  -11.303  64.504 0.0000000000
70325  52.932  -7.157  62.860 0.0000000000
71297  53.238  -6.692  62.586 0.0000000000
71316  52.857  -6.967  62.628 0.0000000000
71385  55.939  -6.800  56.398 0.0000000000
74179  59.577  -5.007  53.248 0.0000000000
124351  52.710  -6.905  60.169 0.0000000000
124827  48.374  -15.204  64.944 0.0000000000
130020  48.543  -13.892  66.509 0.0000000000
136204  46.409  -26.806  69.679 0.0000000000
136251  48.501  -15.951  64.680 0.0000000000
137532  61.468  -6.079  51.816 0.0000000000
137839  37.082  -36.886  71.452 0.0000000000
138334  36.212  -32.383  71.884 0.0000000000
138375  52.528  -15.749  64.354 0.0000000000
139076  44.086  -26.986  70.849 0.0000000000
140300  58.414  -4.976  53.488 0.0000000000
142532  48.202  -17.692  68.316 0.0000000000
143687  50.937  -18.158  66.360 0.0000000000
144023  61.718  -6.113  51.425 0.0000000000
145169  48.169  -24.179  68.898 0.0000000000
