#!ascii label  , from subject sub-v2s18x29511_ses-1 vox2ras=TkReg
1043
62382  19.642  -16.475  75.112 0.0000000000
56493  9.868  -22.448  70.293 0.0000000000
59470  13.401  -18.951  81.207 0.0000000000
65333  12.875  -12.575  79.508 0.0000000000
64381  11.277  -13.788  71.334 0.0000000000
61454  17.309  -17.280  79.572 0.0000000000
134886  15.585  -12.925  79.768 0.0000000000
59539  23.510  -19.443  73.658 0.0000000000
58506  21.003  -20.142  79.381 0.0000000000
55386  16.682  -22.908  81.208 0.0000000000
70228  11.077  -8.775  76.011 0.0000000000
66303  13.435  -12.418  75.677 0.0000000000
68324  9.556  -10.722  71.776 0.0000000000
57483  9.884  -21.748  80.310 0.0000000000
61470  8.949  -18.300  77.460 0.0000000000
129348  11.495  -15.031  81.213 0.0000000000
69228  13.675  -8.947  79.816 0.0000000000
61487  12.247  -18.086  75.727 0.0000000000
60587  15.439  -18.048  72.029 0.0000000000
63424  16.426  -15.717  67.906 0.0000000000
62432  8.810  -15.965  67.926 0.0000000000
62346  19.312  -16.523  77.993 0.0000000000
63328  18.100  -15.056  77.766 0.0000000000
140764  21.895  -18.339  75.470 0.0000000000
59501  22.842  -19.356  77.051 0.0000000000
60526  21.117  -17.850  77.361 0.0000000000
59492  19.012  -18.811  79.328 0.0000000000
69264  10.552  -9.781  73.970 0.0000000000
58498  10.900  -20.697  81.229 0.0000000000
60509  10.180  -18.064  80.731 0.0000000000
62325  12.141  -17.362  81.580 0.0000000000
133446  16.314  -10.088  78.206 0.0000000000
68274  15.117  -10.513  79.837 0.0000000000
123643  14.764  -20.899  81.336 0.0000000000
127612  14.428  -23.828  81.608 0.0000000000
56413  12.840  -22.336  81.329 0.0000000000
55394  11.486  -23.219  80.882 0.0000000000
63325  10.833  -16.357  78.640 0.0000000000
61478  10.258  -17.816  76.958 0.0000000000
63330  12.634  -15.811  77.787 0.0000000000
65363  12.561  -13.053  73.316 0.0000000000
64359  15.335  -14.623  74.232 0.0000000000
64377  15.210  -14.558  71.794 0.0000000000
61529  16.192  -16.977  69.916 0.0000000000
64409  13.699  -14.553  69.507 0.0000000000
60506  15.342  -18.068  80.496 0.0000000000
62334  14.396  -16.191  80.774 0.0000000000
63315  16.257  -15.698  79.836 0.0000000000
66288  16.726  -12.567  77.987 0.0000000000
57527  24.020  -21.330  73.191 0.0000000000
55448  23.736  -23.306  74.502 0.0000000000
57498  23.308  -21.242  76.638 0.0000000000
56427  22.463  -21.699  77.983 0.0000000000
134925  18.984  -22.118  80.117 0.0000000000
59474  16.813  -19.929  80.680 0.0000000000
67299  10.901  -10.112  78.607 0.0000000000
66290  13.508  -12.222  77.777 0.0000000000
68288  10.344  -10.639  76.637 0.0000000000
66307  10.432  -11.867  74.891 0.0000000000
65367  9.276  -12.905  72.862 0.0000000000
125051  20.097  -16.794  71.764 0.0000000000
55494  26.485  -23.702  70.939 0.0000000000
57581  27.536  -21.649  68.480 0.0000000000
59574  23.978  -20.084  70.356 0.0000000000
60600  22.436  -18.698  71.282 0.0000000000
56431  9.161  -22.765  78.527 0.0000000000
58513  7.743  -20.165  77.344 0.0000000000
59493  8.766  -19.221  78.768 0.0000000000
62339  10.431  -16.818  79.077 0.0000000000
65330  11.652  -14.017  80.539 0.0000000000
64325  13.705  -14.208  81.297 0.0000000000
67285  12.581  -12.134  81.240 0.0000000000
68277  12.166  -10.154  79.695 0.0000000000
70218  12.264  -8.445  77.745 0.0000000000
60543  8.116  -19.495  75.776 0.0000000000
59528  9.773  -19.571  74.779 0.0000000000
58538  10.999  -20.371  73.312 0.0000000000
63334  14.475  -15.556  76.098 0.0000000000
61504  14.265  -17.938  74.232 0.0000000000
58558  12.428  -20.673  71.402 0.0000000000
59589  14.151  -20.190  70.025 0.0000000000
59612  15.722  -19.552  67.694 0.0000000000
67358  8.371  -11.700  70.745 0.0000000000
128064  7.854  -14.051  71.261 0.0000000000
63378  5.926  -14.827  69.827 0.0000000000
63386  10.392  -14.675  69.777 0.0000000000
142761  13.192  -15.124  67.779 0.0000000000
62362  19.683  -16.403  77.027 0.0000000000
63332  19.134  -15.873  77.321 0.0000000000
63347  19.040  -15.869  75.553 0.0000000000
143178  20.854  -17.384  74.935 0.0000000000
61474  21.714  -18.036  76.405 0.0000000000
139830  20.733  -17.313  77.020 0.0000000000
61460  20.296  -17.530  77.709 0.0000000000
56515  9.259  -22.843  69.728 0.0000000000
56514  10.250  -22.828  69.560 0.0000000000
58492  12.123  -19.508  81.387 0.0000000000
125485  11.824  -18.404  81.515 0.0000000000
60502  12.687  -17.963  81.582 0.0000000000
54448  24.428  -24.286  73.289 0.0000000000
58489  14.140  -20.331  81.353 0.0000000000
129953  14.111  -21.248  81.426 0.0000000000
57473  13.256  -21.001  81.366 0.0000000000
57477  12.519  -21.323  81.297 0.0000000000
64344  12.172  -15.024  78.966 0.0000000000
63331  11.769  -16.168  78.030 0.0000000000
64343  12.843  -14.537  78.871 0.0000000000
65375  12.215  -13.372  72.581 0.0000000000
65387  13.985  -13.593  72.290 0.0000000000
64378  14.035  -13.931  71.577 0.0000000000
64393  14.294  -14.249  70.861 0.0000000000
64395  12.484  -14.213  70.337 0.0000000000
60505  16.167  -18.344  80.428 0.0000000000
62332  15.758  -16.850  80.202 0.0000000000
62336  17.078  -16.664  79.555 0.0000000000
65335  17.048  -13.814  77.911 0.0000000000
67305  17.598  -11.573  76.206 0.0000000000
59538  23.648  -19.888  73.294 0.0000000000
57513  23.730  -21.350  74.868 0.0000000000
59515  23.489  -19.828  74.809 0.0000000000
143042  22.544  -20.050  78.275 0.0000000000
57489  23.421  -21.048  78.141 0.0000000000
57491  22.151  -21.434  78.457 0.0000000000
58500  20.400  -20.862  79.569 0.0000000000
60511  18.397  -18.248  79.381 0.0000000000
59483  18.471  -19.229  79.877 0.0000000000
59485  16.965  -18.530  80.262 0.0000000000
59475  16.436  -19.206  80.551 0.0000000000
124017  10.575  -9.281  77.535 0.0000000000
67303  10.552  -10.356  77.843 0.0000000000
69240  10.510  -9.151  76.470 0.0000000000
68314  10.433  -10.223  72.721 0.0000000000
68299  9.604  -10.603  74.594 0.0000000000
68306  9.456  -10.806  73.621 0.0000000000
66325  9.613  -12.483  73.542 0.0000000000
67329  8.664  -11.767  72.836 0.0000000000
127974  24.151  -20.668  70.629 0.0000000000
57487  9.381  -21.895  79.639 0.0000000000
58510  8.517  -20.784  78.866 0.0000000000
58507  9.211  -19.968  79.470 0.0000000000
62331  10.715  -16.554  80.608 0.0000000000
61453  9.916  -17.383  79.754 0.0000000000
128186  10.449  -16.512  79.900 0.0000000000
130287  10.794  -16.134  79.195 0.0000000000
64331  11.212  -15.268  80.188 0.0000000000
124972  15.048  -14.854  80.516 0.0000000000
127366  13.926  -14.990  81.247 0.0000000000
65323  14.726  -13.314  80.598 0.0000000000
68280  14.913  -9.656  79.805 0.0000000000
67286  14.072  -11.549  80.771 0.0000000000
68272  13.162  -10.725  80.698 0.0000000000
67289  12.611  -11.595  80.617 0.0000000000
69224  12.550  -9.766  79.974 0.0000000000
69230  12.028  -9.593  79.491 0.0000000000
70206  13.194  -8.634  79.386 0.0000000000
55432  22.448  -22.525  75.270 0.0000000000
54435  21.839  -22.906  73.763 0.0000000000
55397  17.346  -23.327  80.501 0.0000000000
54415  15.710  -24.481  79.387 0.0000000000
54404  16.307  -23.935  81.259 0.0000000000
128477  13.908  -24.730  81.440 0.0000000000
53423  14.674  -25.295  81.188 0.0000000000
56419  10.340  -22.516  80.394 0.0000000000
56420  9.855  -22.584  79.894 0.0000000000
126603  8.382  -18.794  77.341 0.0000000000
59508  8.014  -19.601  76.110 0.0000000000
60533  8.475  -19.030  76.510 0.0000000000
61488  11.375  -18.252  76.072 0.0000000000
122684  10.105  -18.924  75.886 0.0000000000
60552  11.356  -19.117  74.983 0.0000000000
59542  10.313  -20.069  74.081 0.0000000000
60565  11.794  -19.343  74.218 0.0000000000
66293  13.644  -12.487  76.406 0.0000000000
64347  14.209  -13.658  76.775 0.0000000000
65346  14.515  -13.454  76.030 0.0000000000
62392  15.506  -16.151  73.292 0.0000000000
62383  15.324  -16.144  74.140 0.0000000000
60575  15.058  -17.766  72.880 0.0000000000
143701  13.270  -19.286  72.909 0.0000000000
60589  13.884  -19.215  72.214 0.0000000000
125936  13.357  -20.466  70.353 0.0000000000
60603  15.085  -19.141  70.782 0.0000000000
62430  16.522  -16.365  68.480 0.0000000000
60612  15.994  -18.275  68.909 0.0000000000
128646  16.510  -17.872  67.676 0.0000000000
67371  7.089  -12.383  69.611 0.0000000000
66338  7.460  -12.631  71.599 0.0000000000
65395  6.164  -13.336  70.428 0.0000000000
141075  6.465  -16.369  67.945 0.0000000000
63408  7.423  -15.694  68.711 0.0000000000
63388  8.271  -15.118  69.555 0.0000000000
63406  9.313  -15.529  68.589 0.0000000000
63385  11.425  -14.927  68.943 0.0000000000
63429  10.972  -15.722  67.474 0.0000000000
61458  18.656  -17.072  78.755 0.0000000000
62348  18.141  -15.824  78.605 0.0000000000
143544  18.594  -15.587  77.940 0.0000000000
60549  23.012  -18.866  74.387 0.0000000000
60548  23.207  -19.126  74.816 0.0000000000
60539  22.318  -18.617  76.198 0.0000000000
60525  22.250  -18.654  77.034 0.0000000000
59498  21.128  -18.944  78.459 0.0000000000
59481  20.256  -19.863  79.620 0.0000000000
60515  20.375  -18.523  78.542 0.0000000000
61457  19.245  -17.568  78.556 0.0000000000
123494  12.871  -8.397  74.349 0.0000000000
69254  11.088  -9.340  74.525 0.0000000000
123134  12.306  -9.461  72.883 0.0000000000
69282  11.940  -9.717  71.993 0.0000000000
68313  11.196  -10.219  71.572 0.0000000000
57480  10.326  -21.270  80.813 0.0000000000
58504  9.724  -20.278  80.275 0.0000000000
59479  10.835  -19.177  80.987 0.0000000000
61451  10.615  -17.737  81.119 0.0000000000
133488  11.202  -16.717  81.169 0.0000000000
67293  15.958  -11.499  78.830 0.0000000000
66278  15.460  -12.291  79.737 0.0000000000
68278  15.890  -10.343  78.694 0.0000000000
69232  15.929  -9.287  78.829 0.0000000000
70204  15.306  -8.552  79.177 0.0000000000
70211  14.676  -7.957  78.726 0.0000000000
57468  15.700  -21.783  80.999 0.0000000000
145748  15.592  -23.363  81.505 0.0000000000
55385  14.970  -22.592  81.353 0.0000000000
55392  14.035  -23.196  81.520 0.0000000000
128572  12.680  -24.022  81.274 0.0000000000
131866  11.942  -24.140  80.903 0.0000000000
55393  12.313  -23.161  81.168 0.0000000000
57479  11.038  -21.637  80.900 0.0000000000
62351  9.992  -17.324  77.680 0.0000000000
61469  9.353  -17.995  77.419 0.0000000000
62357  10.494  -17.126  77.746 0.0000000000
62366  11.563  -17.148  76.986 0.0000000000
62365  12.465  -16.901  76.679 0.0000000000
65354  12.908  -12.782  74.132 0.0000000000
65352  14.788  -13.444  74.346 0.0000000000
65361  14.561  -13.411  73.562 0.0000000000
64368  15.121  -14.192  72.625 0.0000000000
63366  15.518  -15.370  72.127 0.0000000000
129357  15.717  -17.675  71.277 0.0000000000
63373  15.748  -15.785  70.732 0.0000000000
139204  15.988  -15.621  69.479 0.0000000000
64407  15.335  -14.775  68.891 0.0000000000
129119  8.852  -16.561  66.730 0.0000000000
62453  10.282  -16.038  67.187 0.0000000000
62495  9.993  -16.591  65.889 0.0000000000
60500  14.014  -18.574  80.852 0.0000000000
61443  13.812  -17.714  81.013 0.0000000000
60507  14.554  -17.839  80.663 0.0000000000
63313  15.031  -15.736  80.511 0.0000000000
127845  16.188  -13.980  79.553 0.0000000000
64336  17.436  -15.117  78.714 0.0000000000
65331  16.917  -14.094  78.570 0.0000000000
142428  16.205  -12.913  78.991 0.0000000000
66289  16.665  -11.682  77.940 0.0000000000
56472  24.448  -22.193  73.091 0.0000000000
56458  25.034  -22.989  74.065 0.0000000000
56459  24.448  -22.410  74.554 0.0000000000
138824  23.480  -20.465  77.068 0.0000000000
56433  23.070  -21.430  77.268 0.0000000000
56442  22.034  -22.136  76.902 0.0000000000
55396  18.097  -22.922  80.027 0.0000000000
56409  17.392  -22.359  80.814 0.0000000000
59482  19.297  -19.605  79.693 0.0000000000
58493  17.859  -20.841  80.633 0.0000000000
129819  16.474  -21.837  80.851 0.0000000000
58487  15.860  -20.764  81.027 0.0000000000
59476  14.683  -20.204  81.095 0.0000000000
66287  12.936  -11.299  78.967 0.0000000000
66286  13.388  -12.181  78.533 0.0000000000
67297  12.943  -11.320  77.960 0.0000000000
67306  12.339  -11.484  77.133 0.0000000000
66295  11.755  -11.921  76.329 0.0000000000
145128  9.984  -10.281  75.840 0.0000000000
67313  10.350  -11.617  75.703 0.0000000000
66305  11.481  -12.219  75.469 0.0000000000
65356  10.804  -12.829  73.862 0.0000000000
65365  10.375  -13.114  73.258 0.0000000000
64371  10.749  -13.504  72.180 0.0000000000
62390  20.016  -16.686  73.576 0.0000000000
55482  25.274  -23.201  71.897 0.0000000000
56506  29.717  -22.254  69.571 0.0000000000
58572  29.907  -20.611  69.370 0.0000000000
57565  28.916  -22.161  69.108 0.0000000000
56509  27.462  -22.828  69.569 0.0000000000
56511  25.887  -22.439  69.902 0.0000000000
56478  24.848  -22.513  71.301 0.0000000000
59562  23.666  -20.303  71.861 0.0000000000
59563  23.505  -19.806  72.240 0.0000000000
60599  23.105  -19.391  71.532 0.0000000000
60585  22.759  -18.929  72.107 0.0000000000
60574  22.019  -18.272  72.711 0.0000000000
61501  20.835  -17.257  73.218 0.0000000000
58511  8.086  -20.055  78.272 0.0000000000
60524  8.332  -18.828  77.960 0.0000000000
60514  9.469  -18.304  79.370 0.0000000000
131291  9.168  -18.338  78.581 0.0000000000
62352  9.600  -17.777  78.015 0.0000000000
63326  10.516  -16.857  78.370 0.0000000000
64340  11.154  -15.605  79.503 0.0000000000
64333  12.125  -14.001  80.021 0.0000000000
62328  13.240  -16.746  81.282 0.0000000000
63309  12.941  -15.860  81.372 0.0000000000
63310  11.740  -15.007  81.414 0.0000000000
66273  14.272  -12.480  80.854 0.0000000000
65320  12.369  -13.507  81.576 0.0000000000
65321  11.782  -13.673  81.275 0.0000000000
66276  11.785  -13.403  80.777 0.0000000000
66281  12.369  -12.397  80.456 0.0000000000
66280  12.537  -11.577  80.011 0.0000000000
68281  11.761  -10.085  79.364 0.0000000000
132052  11.536  -8.946  78.412 0.0000000000
70223  11.858  -8.399  76.769 0.0000000000
71137  14.239  -7.652  77.233 0.0000000000
71143  13.920  -7.643  76.250 0.0000000000
120583  12.876  -8.125  75.107 0.0000000000
53435  15.058  -24.999  78.916 0.0000000000
53422  15.359  -24.696  81.321 0.0000000000
131047  8.713  -19.115  76.112 0.0000000000
59529  8.686  -19.633  74.819 0.0000000000
58560  10.872  -21.249  71.976 0.0000000000
64348  13.731  -14.699  77.613 0.0000000000
63335  13.953  -15.316  76.972 0.0000000000
62375  13.634  -17.107  75.687 0.0000000000
63342  15.284  -14.679  75.052 0.0000000000
62374  14.364  -16.748  75.261 0.0000000000
61495  13.421  -18.242  74.657 0.0000000000
60564  12.789  -19.115  73.715 0.0000000000
138815  12.156  -20.502  72.252 0.0000000000
57538  11.142  -21.529  71.253 0.0000000000
57550  12.229  -21.468  70.265 0.0000000000
59576  15.091  -19.335  69.875 0.0000000000
58588  14.827  -20.600  68.801 0.0000000000
68337  10.477  -10.913  70.629 0.0000000000
67369  9.578  -11.605  69.576 0.0000000000
67345  8.851  -11.208  71.385 0.0000000000
66332  7.783  -12.468  72.220 0.0000000000
65379  8.703  -13.231  72.396 0.0000000000
64383  9.200  -13.771  71.558 0.0000000000
64401  6.466  -14.466  70.368 0.0000000000
64398  9.308  -14.249  70.823 0.0000000000
140277  10.929  -14.018  70.812 0.0000000000
64411  11.775  -14.510  69.713 0.0000000000
64425  13.089  -14.804  68.899 0.0000000000
121315  15.092  -14.988  67.326 0.0000000000
122886  13.921  -15.406  66.732 0.0000000000
62373  19.615  -16.520  76.128 0.0000000000
62372  20.401  -17.112  75.702 0.0000000000
61475  21.027  -17.477  76.538 0.0000000000
62361  20.306  -16.972  76.727 0.0000000000
56494  8.833  -22.300  70.432 0.0000000000
59471  12.887  -19.372  81.369 0.0000000000
131650  12.252  -18.750  81.463 0.0000000000
120672  12.765  -18.514  81.477 0.0000000000
132255  25.234  -23.690  73.008 0.0000000000
54447  25.041  -24.079  73.285 0.0000000000
55467  25.085  -23.444  73.594 0.0000000000
127480  13.585  -19.675  81.255 0.0000000000
58490  13.460  -20.297  81.364 0.0000000000
58491  12.682  -20.293  81.352 0.0000000000
64338  12.438  -14.002  79.665 0.0000000000
65338  13.327  -13.358  78.955 0.0000000000
64370  11.768  -13.595  71.978 0.0000000000
65388  12.922  -13.725  71.905 0.0000000000
64380  12.191  -13.856  71.165 0.0000000000
64379  13.222  -14.013  70.988 0.0000000000
60512  16.740  -17.761  80.058 0.0000000000
61455  16.500  -17.098  79.930 0.0000000000
59525  23.603  -19.801  73.919 0.0000000000
59526  23.453  -19.379  74.348 0.0000000000
58505  21.699  -20.555  79.008 0.0000000000
57485  22.404  -20.993  78.787 0.0000000000
56421  21.149  -21.473  78.543 0.0000000000
57486  21.049  -20.938  79.015 0.0000000000
135127  20.410  -21.602  79.111 0.0000000000
60518  18.108  -17.453  79.206 0.0000000000
131872  17.520  -17.991  79.683 0.0000000000
70224  10.916  -8.768  76.847 0.0000000000
142860  10.524  -9.555  77.018 0.0000000000
68315  9.605  -10.619  72.704 0.0000000000
129748  9.017  -11.104  72.981 0.0000000000
67328  9.153  -11.714  73.397 0.0000000000
67336  8.795  -11.114  72.263 0.0000000000
57488  8.919  -21.330  79.313 0.0000000000
57484  9.400  -21.003  79.852 0.0000000000
63314  10.907  -15.908  80.266 0.0000000000
64328  11.245  -15.298  80.537 0.0000000000
64332  15.701  -14.175  80.050 0.0000000000
64329  15.023  -14.008  80.521 0.0000000000
65328  15.414  -13.408  80.110 0.0000000000
69222  14.099  -9.467  80.146 0.0000000000
68276  13.560  -10.086  80.417 0.0000000000
69221  12.964  -10.156  80.292 0.0000000000
69223  13.201  -9.527  80.163 0.0000000000
69229  12.750  -9.181  79.777 0.0000000000
55391  17.082  -23.203  81.070 0.0000000000
54409  16.819  -23.678  80.912 0.0000000000
54401  16.535  -23.364  81.246 0.0000000000
54407  12.945  -24.747  81.333 0.0000000000
130111  13.053  -25.267  81.317 0.0000000000
56425  9.476  -22.691  79.231 0.0000000000
61464  8.648  -18.496  77.605 0.0000000000
127680  8.387  -18.983  76.802 0.0000000000
60527  8.641  -18.587  77.125 0.0000000000
60541  10.928  -18.791  75.678 0.0000000000
60540  11.747  -18.608  75.310 0.0000000000
122235  12.165  -18.896  74.582 0.0000000000
66292  14.111  -12.984  76.413 0.0000000000
66302  14.135  -12.716  75.761 0.0000000000
61512  15.500  -17.323  72.467 0.0000000000
61502  15.418  -17.020  73.118 0.0000000000
122714  14.539  -18.492  72.552 0.0000000000
60588  14.801  -18.807  71.664 0.0000000000
59564  14.252  -19.455  71.224 0.0000000000
61552  16.560  -17.274  68.150 0.0000000000
62452  16.652  -16.465  67.555 0.0000000000
67384  7.120  -12.348  68.749 0.0000000000
124788  6.375  -12.634  69.895 0.0000000000
66347  6.592  -12.719  70.438 0.0000000000
66348  5.854  -13.001  69.911 0.0000000000
62433  7.882  -16.237  67.973 0.0000000000
62434  6.926  -16.149  68.229 0.0000000000
63407  8.353  -15.579  68.758 0.0000000000
63405  10.179  -15.467  68.454 0.0000000000
62431  9.716  -15.795  67.847 0.0000000000
61462  18.981  -16.702  78.407 0.0000000000
62347  18.747  -16.054  78.276 0.0000000000
63327  19.052  -15.966  77.815 0.0000000000
63341  18.479  -15.181  76.011 0.0000000000
60550  22.264  -18.424  74.362 0.0000000000
133347  22.634  -18.784  75.219 0.0000000000
61465  21.396  -17.719  76.976 0.0000000000
60531  22.004  -18.359  76.752 0.0000000000
134302  21.748  -18.137  77.066 0.0000000000
59497  21.613  -18.597  77.596 0.0000000000
60521  20.722  -18.200  77.914 0.0000000000
61467  19.870  -16.989  77.606 0.0000000000
61461  19.525  -17.139  78.137 0.0000000000
143806  19.098  -17.085  78.479 0.0000000000
142329  12.240  -9.275  73.524 0.0000000000
68322  11.979  -10.054  71.089 0.0000000000
133534  10.560  -19.990  81.232 0.0000000000
60499  11.910  -18.016  81.649 0.0000000000
60504  11.346  -18.089  81.455 0.0000000000
61442  11.673  -17.785  81.581 0.0000000000
61446  11.154  -17.473  81.373 0.0000000000
62330  11.871  -16.664  81.387 0.0000000000
67296  16.232  -11.115  78.348 0.0000000000
69231  16.275  -8.773  78.563 0.0000000000
70209  16.029  -8.437  78.856 0.0000000000
70215  16.220  -7.842  78.520 0.0000000000
57469  15.366  -21.790  81.136 0.0000000000
56404  15.174  -22.172  81.217 0.0000000000
57472  14.917  -21.580  81.285 0.0000000000
57476  13.440  -21.755  81.401 0.0000000000
56408  14.079  -22.040  81.398 0.0000000000
56412  13.699  -22.544  81.433 0.0000000000
127645  13.198  -23.191  81.384 0.0000000000
58497  11.852  -20.429  81.333 0.0000000000
57478  11.625  -21.261  81.171 0.0000000000
62350  10.437  -16.969  78.168 0.0000000000
62358  9.876  -17.469  77.714 0.0000000000
62349  11.187  -16.486  78.090 0.0000000000
62356  11.250  -16.805  77.579 0.0000000000
62355  12.105  -16.532  77.365 0.0000000000
63336  13.145  -16.176  77.089 0.0000000000
65362  13.567  -13.052  73.488 0.0000000000
64369  14.729  -13.989  72.070 0.0000000000
65373  14.673  -13.692  72.765 0.0000000000
128212  15.351  -14.719  72.531 0.0000000000
62403  15.664  -16.071  71.504 0.0000000000
126886  15.538  -15.118  71.139 0.0000000000
129520  14.583  -14.426  70.080 0.0000000000
133708  15.636  -15.204  70.134 0.0000000000
64392  15.302  -14.717  69.732 0.0000000000
63384  15.745  -15.160  69.202 0.0000000000
64408  14.685  -14.547  69.288 0.0000000000
62476  8.129  -16.708  66.747 0.0000000000
129924  9.701  -16.394  66.649 0.0000000000
62475  9.245  -16.644  66.223 0.0000000000
145625  14.796  -18.564  80.663 0.0000000000
62337  16.329  -16.467  79.897 0.0000000000
62338  15.681  -16.112  80.214 0.0000000000
63316  15.681  -15.218  80.184 0.0000000000
129928  16.239  -14.762  79.699 0.0000000000
63322  18.152  -15.404  78.214 0.0000000000
62342  17.565  -16.032  79.138 0.0000000000
64341  17.561  -14.662  78.105 0.0000000000
145349  16.795  -13.163  77.979 0.0000000000
65332  16.345  -13.475  79.129 0.0000000000
65336  16.542  -13.062  78.518 0.0000000000
66285  16.389  -12.078  78.475 0.0000000000
126864  24.060  -21.729  72.520 0.0000000000
56466  24.660  -22.293  73.810 0.0000000000
57497  23.359  -21.149  75.805 0.0000000000
56448  23.796  -21.984  75.427 0.0000000000
56439  23.266  -21.631  76.033 0.0000000000
59507  23.067  -19.447  76.555 0.0000000000
144655  23.216  -19.548  76.050 0.0000000000
59500  23.337  -20.034  77.099 0.0000000000
57495  23.115  -21.443  77.924 0.0000000000
56434  22.525  -21.784  77.424 0.0000000000
56435  21.923  -21.953  77.490 0.0000000000
56436  21.205  -21.765  77.596 0.0000000000
55404  20.447  -21.433  77.801 0.0000000000
56418  18.572  -22.483  80.062 0.0000000000
55390  17.682  -22.844  80.639 0.0000000000
134836  18.186  -22.244  80.506 0.0000000000
59491  19.788  -18.928  79.177 0.0000000000
58503  17.712  -19.829  80.535 0.0000000000
58494  17.090  -20.609  80.725 0.0000000000
57475  17.221  -21.239  80.737 0.0000000000
58486  16.570  -21.186  80.847 0.0000000000
138708  16.455  -20.536  80.812 0.0000000000
126707  15.524  -19.090  80.654 0.0000000000
58496  15.303  -20.060  80.870 0.0000000000
59477  14.688  -19.343  80.808 0.0000000000
137573  11.463  -10.102  79.064 0.0000000000
67298  12.110  -10.594  78.651 0.0000000000
67304  10.526  -10.671  77.145 0.0000000000
67307  10.939  -11.174  77.038 0.0000000000
67308  10.416  -11.204  76.463 0.0000000000
69255  10.087  -9.645  74.902 0.0000000000
67314  9.960  -11.304  74.960 0.0000000000
144986  9.723  -10.546  75.273 0.0000000000
66306  10.793  -12.100  75.237 0.0000000000
66315  11.237  -12.505  74.625 0.0000000000
66316  10.590  -12.404  74.428 0.0000000000
65366  9.884  -13.080  73.143 0.0000000000
140368  10.647  -13.324  72.866 0.0000000000
65378  9.514  -13.258  72.619 0.0000000000
62395  20.041  -16.758  72.601 0.0000000000
62396  19.319  -16.196  72.824 0.0000000000
62402  19.565  -16.158  72.006 0.0000000000
55481  26.336  -24.355  71.720 0.0000000000
135239  25.921  -23.696  71.658 0.0000000000
58584  27.940  -21.003  68.170 0.0000000000
58583  29.285  -20.563  68.882 0.0000000000
57579  28.714  -20.923  68.573 0.0000000000
57564  29.441  -21.402  69.093 0.0000000000
57580  28.359  -21.580  68.653 0.0000000000
56526  27.960  -22.288  69.009 0.0000000000
56527  27.053  -22.325  68.949 0.0000000000
56491  25.364  -22.476  70.490 0.0000000000
57548  24.705  -21.790  70.667 0.0000000000
136302  23.801  -20.391  71.124 0.0000000000
136143  23.606  -19.966  71.306 0.0000000000
124029  22.786  -18.884  70.395 0.0000000000
60573  22.744  -18.742  72.886 0.0000000000
60586  22.115  -18.434  72.038 0.0000000000
61517  20.679  -17.317  71.535 0.0000000000
61500  21.490  -17.813  72.940 0.0000000000
61511  20.758  -17.332  72.357 0.0000000000
55410  8.934  -22.907  77.719 0.0000000000
56432  8.423  -21.967  78.241 0.0000000000
58508  8.600  -20.040  78.886 0.0000000000
59494  8.327  -19.277  78.281 0.0000000000
60520  8.575  -18.686  78.190 0.0000000000
60513  9.899  -18.554  80.326 0.0000000000
59486  9.664  -19.309  79.885 0.0000000000
62340  9.919  -17.470  79.196 0.0000000000
61456  9.638  -17.809  79.100 0.0000000000
124424  9.462  -17.970  78.312 0.0000000000
62345  10.032  -17.436  78.418 0.0000000000
145378  10.164  -17.041  78.161 0.0000000000
62344  10.386  -16.957  78.723 0.0000000000
64335  10.937  -15.445  80.020 0.0000000000
64334  11.463  -14.794  80.110 0.0000000000
64339  11.608  -14.993  79.620 0.0000000000
125352  13.694  -17.134  81.085 0.0000000000
61444  13.195  -17.570  81.381 0.0000000000
62327  13.896  -16.584  80.995 0.0000000000
132762  13.338  -15.015  81.464 0.0000000000
131985  12.443  -15.029  81.565 0.0000000000
128166  12.836  -14.245  81.568 0.0000000000
67290  15.285  -11.441  79.770 0.0000000000
66279  14.845  -11.928  80.223 0.0000000000
67284  12.975  -11.874  81.536 0.0000000000
66274  13.542  -11.920  81.282 0.0000000000
66269  12.714  -12.691  81.587 0.0000000000
66270  12.155  -12.968  81.268 0.0000000000
66271  11.796  -13.300  81.050 0.0000000000
66275  12.226  -12.605  81.102 0.0000000000
123174  12.651  -10.720  80.021 0.0000000000
139219  12.600  -11.357  80.124 0.0000000000
66284  12.339  -12.477  80.277 0.0000000000
67292  12.452  -10.585  79.728 0.0000000000
67295  12.410  -10.632  79.386 0.0000000000
70207  12.179  -9.070  79.157 0.0000000000
69233  11.130  -9.584  78.864 0.0000000000
70219  11.078  -8.826  77.605 0.0000000000
127156  14.723  -7.738  78.022 0.0000000000
55447  24.562  -23.215  74.434 0.0000000000
54432  24.114  -23.849  73.878 0.0000000000
54433  23.280  -23.756  73.765 0.0000000000
53430  15.853  -24.609  80.295 0.0000000000
54403  15.150  -23.601  81.589 0.0000000000
54405  15.661  -24.015  81.503 0.0000000000
54406  14.934  -24.390  81.562 0.0000000000
55409  9.448  -23.782  78.071 0.0000000000
58526  7.261  -20.182  75.595 0.0000000000
59518  7.327  -19.951  75.330 0.0000000000
59531  7.145  -19.894  74.820 0.0000000000
140622  9.465  -18.138  76.954 0.0000000000
60542  9.396  -18.717  76.325 0.0000000000
60554  9.323  -19.271  75.541 0.0000000000
59544  8.069  -19.882  74.348 0.0000000000
59543  9.099  -19.972  74.332 0.0000000000
141599  10.262  -20.617  73.396 0.0000000000
58549  10.612  -20.930  72.753 0.0000000000
57528  10.035  -21.407  72.215 0.0000000000
132801  11.374  -20.699  72.503 0.0000000000
65337  13.768  -13.056  78.118 0.0000000000
64351  14.556  -14.478  76.387 0.0000000000
138604  14.105  -14.410  77.069 0.0000000000
135079  13.838  -16.088  76.535 0.0000000000
62363  14.078  -16.424  75.944 0.0000000000
64360  15.154  -13.936  74.723 0.0000000000
62384  14.747  -16.957  74.407 0.0000000000
61485  14.024  -17.583  75.022 0.0000000000
131384  12.851  -18.681  74.343 0.0000000000
129072  13.583  -18.550  73.905 0.0000000000
142581  12.880  -20.241  71.932 0.0000000000
58547  12.534  -19.985  72.721 0.0000000000
58559  11.677  -20.999  71.712 0.0000000000
58568  11.957  -21.217  70.971 0.0000000000
57551  11.422  -21.801  70.552 0.0000000000
58567  12.683  -20.835  70.660 0.0000000000
58575  14.337  -20.536  69.414 0.0000000000
61530  15.875  -17.746  70.489 0.0000000000
131831  15.559  -18.548  70.159 0.0000000000
61543  16.076  -17.876  69.544 0.0000000000
60627  15.765  -18.909  68.537 0.0000000000
59588  15.366  -19.346  69.155 0.0000000000
59600  15.347  -19.828  68.622 0.0000000000
58599  15.250  -20.521  68.011 0.0000000000
121347  9.053  -11.828  68.846 0.0000000000
67370  8.727  -11.941  69.796 0.0000000000
67357  9.246  -11.483  70.456 0.0000000000
144889  8.438  -11.393  71.866 0.0000000000
67338  7.566  -12.053  71.725 0.0000000000
65390  7.415  -13.396  71.376 0.0000000000
65380  7.862  -13.067  72.245 0.0000000000
65389  8.088  -13.503  71.896 0.0000000000
64373  9.166  -13.443  72.140 0.0000000000
64384  8.621  -13.656  71.765 0.0000000000
63391  5.367  -15.225  69.313 0.0000000000
63392  4.854  -15.072  69.169 0.0000000000
64403  5.245  -14.149  69.757 0.0000000000
64402  5.792  -14.373  70.079 0.0000000000
63377  6.695  -14.849  70.016 0.0000000000
63387  8.988  -15.157  69.413 0.0000000000
63375  8.605  -14.675  70.246 0.0000000000
63374  9.552  -14.693  70.032 0.0000000000
64397  10.203  -14.232  70.616 0.0000000000
64412  10.992  -14.341  70.165 0.0000000000
128034  11.047  -14.648  69.516 0.0000000000
131747  11.824  -15.217  68.354 0.0000000000
63403  12.245  -14.855  68.927 0.0000000000
120655  12.632  -15.149  68.143 0.0000000000
63426  14.496  -14.823  67.971 0.0000000000
137266  13.826  -15.045  67.523 0.0000000000
62473  11.247  -16.026  66.740 0.0000000000
62354  19.537  -16.452  77.530 0.0000000000
63340  19.094  -15.825  76.583 0.0000000000
63348  18.497  -15.192  74.965 0.0000000000
140588  21.450  -17.844  74.700 0.0000000000
61484  21.263  -17.684  75.658 0.0000000000
61466  20.600  -17.386  77.280 0.0000000000
62353  20.135  -16.923  77.233 0.0000000000
56513  11.168  -22.599  69.317 0.0000000000
59478  11.347  -19.629  81.311 0.0000000000
59472  11.789  -18.935  81.358 0.0000000000
60503  12.251  -18.195  81.596 0.0000000000
60498  12.241  -17.831  81.633 0.0000000000
63319  11.567  -15.512  78.988 0.0000000000
63324  11.420  -15.833  78.715 0.0000000000
63323  12.299  -15.425  78.475 0.0000000000
64349  13.135  -15.010  78.135 0.0000000000
65374  13.212  -13.267  72.703 0.0000000000
138416  14.790  -14.220  71.420 0.0000000000
64394  13.484  -14.328  70.212 0.0000000000
61448  15.949  -17.531  80.293 0.0000000000
62343  16.804  -16.098  79.569 0.0000000000
64346  17.625  -14.434  77.664 0.0000000000
121960  17.016  -13.119  77.427 0.0000000000
127223  16.998  -12.160  77.260 0.0000000000
58546  23.760  -20.431  73.002 0.0000000000
57521  24.137  -21.386  74.024 0.0000000000
58537  23.774  -20.492  73.548 0.0000000000
58532  23.651  -20.514  74.318 0.0000000000
58524  23.433  -20.501  75.340 0.0000000000
59495  23.101  -20.208  77.769 0.0000000000
58509  22.911  -20.777  78.523 0.0000000000
57490  22.902  -21.276  78.403 0.0000000000
56428  21.648  -21.723  78.012 0.0000000000
137965  19.722  -21.726  79.805 0.0000000000
59484  17.717  -18.817  80.090 0.0000000000
140811  17.136  -19.265  80.456 0.0000000000
68285  10.590  -9.824  78.324 0.0000000000
69237  10.499  -10.114  77.448 0.0000000000
69241  10.372  -9.897  76.527 0.0000000000
69271  10.910  -9.900  73.107 0.0000000000
68298  9.706  -10.175  74.370 0.0000000000
68305  10.097  -10.227  73.401 0.0000000000
67321  9.616  -11.535  74.050 0.0000000000
66317  10.099  -12.120  74.268 0.0000000000
66326  9.053  -12.418  73.081 0.0000000000
56489  26.972  -23.262  70.175 0.0000000000
57568  24.649  -21.154  70.163 0.0000000000
58574  24.480  -20.545  69.767 0.0000000000
60601  21.775  -18.187  71.185 0.0000000000
56426  8.894  -22.030  79.029 0.0000000000
57492  8.541  -21.453  78.795 0.0000000000
145424  8.916  -20.670  79.338 0.0000000000
61452  10.127  -17.455  80.523 0.0000000000
60510  9.734  -17.768  80.062 0.0000000000
62335  10.221  -16.990  80.260 0.0000000000
134789  10.201  -17.062  79.533 0.0000000000
63317  10.669  -16.065  79.928 0.0000000000
65326  11.468  -14.664  80.371 0.0000000000
63308  14.391  -15.374  80.838 0.0000000000
127137  13.752  -15.815  81.135 0.0000000000
64330  14.387  -14.562  80.866 0.0000000000
65324  14.371  -13.893  80.880 0.0000000000
67291  14.645  -11.033  80.286 0.0000000000
68271  13.817  -10.784  80.629 0.0000000000
67288  12.858  -11.239  81.086 0.0000000000
140769  12.959  -10.654  80.461 0.0000000000
142382  12.849  -10.863  80.363 0.0000000000
68273  12.625  -10.257  80.040 0.0000000000
69225  12.142  -9.950  79.746 0.0000000000
70212  12.726  -8.548  78.663 0.0000000000
55431  23.169  -22.686  75.139 0.0000000000
55449  22.866  -23.118  74.486 0.0000000000
55450  22.176  -22.745  74.504 0.0000000000
54413  17.012  -23.741  80.257 0.0000000000
54414  16.438  -24.116  79.818 0.0000000000
55395  10.841  -23.258  80.510 0.0000000000
55399  9.949  -23.499  79.444 0.0000000000
59502  8.026  -19.377  76.896 0.0000000000
58517  7.635  -20.114  76.211 0.0000000000
61477  11.017  -17.770  76.712 0.0000000000
61489  10.359  -18.350  76.406 0.0000000000
60553  10.419  -19.259  75.277 0.0000000000
59527  10.864  -19.529  74.591 0.0000000000
59541  11.361  -19.821  73.829 0.0000000000
67301  13.282  -11.973  77.083 0.0000000000
65339  13.836  -12.866  77.179 0.0000000000
63356  15.455  -15.379  73.772 0.0000000000
62393  15.243  -16.746  73.729 0.0000000000
61503  14.873  -17.449  73.631 0.0000000000
60563  14.374  -18.223  73.403 0.0000000000
60576  13.733  -18.838  73.112 0.0000000000
59565  13.485  -19.794  71.559 0.0000000000
58566  13.082  -20.282  71.042 0.0000000000
59578  13.733  -19.947  70.731 0.0000000000
59577  14.478  -19.674  70.422 0.0000000000
62417  16.296  -16.271  69.319 0.0000000000
135445  16.305  -17.736  68.814 0.0000000000
60626  16.253  -18.130  68.317 0.0000000000
60642  16.208  -18.610  67.730 0.0000000000
137581  8.054  -12.259  68.994 0.0000000000
120652  7.776  -12.113  70.158 0.0000000000
67359  7.535  -11.938  71.067 0.0000000000
66355  7.054  -12.380  70.479 0.0000000000
66339  6.902  -12.883  70.952 0.0000000000
65391  6.750  -13.520  70.873 0.0000000000
62418  6.473  -15.725  68.838 0.0000000000
63389  7.024  -15.276  69.390 0.0000000000
132286  7.763  -15.314  69.294 0.0000000000
122359  9.855  -15.185  69.248 0.0000000000
120565  10.661  -15.084  69.038 0.0000000000
63404  11.046  -15.423  68.233 0.0000000000
63428  11.830  -15.586  67.550 0.0000000000
61459  17.890  -16.830  79.136 0.0000000000
62341  18.399  -16.429  78.713 0.0000000000
64345  18.016  -14.627  77.215 0.0000000000
60560  23.405  -19.118  74.012 0.0000000000
60538  22.906  -19.108  75.875 0.0000000000
60530  22.559  -18.879  76.596 0.0000000000
59496  22.376  -19.348  77.601 0.0000000000
136947  21.879  -19.492  78.295 0.0000000000
59489  21.458  -19.783  78.981 0.0000000000
59490  20.658  -19.265  79.127 0.0000000000
139017  20.143  -18.734  78.887 0.0000000000
60516  19.743  -18.291  78.668 0.0000000000
60522  19.965  -17.845  78.227 0.0000000000
60517  19.150  -18.194  78.934 0.0000000000
139222  18.727  -17.634  78.928 0.0000000000
131947  12.288  -8.548  74.867 0.0000000000
70235  11.521  -8.851  75.107 0.0000000000
69253  12.101  -9.022  74.197 0.0000000000
69263  11.571  -9.522  73.551 0.0000000000
120956  12.717  -9.478  72.195 0.0000000000
137065  11.582  -9.715  72.748 0.0000000000
142282  11.098  -10.021  72.353 0.0000000000
68323  10.382  -10.370  72.064 0.0000000000
130267  9.837  -21.002  80.536 0.0000000000
58499  10.162  -20.518  80.985 0.0000000000
59480  10.129  -19.611  80.792 0.0000000000
140941  10.402  -18.781  80.751 0.0000000000
59473  11.369  -18.754  81.247 0.0000000000
60508  10.792  -18.412  81.085 0.0000000000
61447  10.540  -17.119  80.943 0.0000000000
63312  11.321  -16.127  80.876 0.0000000000
66277  15.901  -12.758  79.344 0.0000000000
66282  15.732  -11.910  79.309 0.0000000000
67294  15.570  -10.964  79.244 0.0000000000
133969  16.179  -9.429  78.485 0.0000000000
68279  15.468  -9.971  79.224 0.0000000000
69226  15.447  -9.094  79.240 0.0000000000
69227  14.671  -8.990  79.609 0.0000000000
70205  14.403  -8.416  79.237 0.0000000000
70210  15.506  -8.028  78.935 0.0000000000
55382  16.316  -22.619  81.124 0.0000000000
55387  16.210  -22.965  81.330 0.0000000000
55383  15.908  -22.589  81.180 0.0000000000
141272  15.297  -23.000  81.450 0.0000000000
55389  14.746  -23.105  81.509 0.0000000000
56407  14.620  -22.042  81.323 0.0000000000
56411  14.399  -22.594  81.432 0.0000000000
130374  13.538  -23.946  81.505 0.0000000000
56414  11.852  -22.155  80.998 0.0000000000
56415  10.974  -22.416  80.730 0.0000000000
57482  10.510  -21.902  80.603 0.0000000000
62359  9.428  -17.921  77.667 0.0000000000
61468  9.979  -17.618  77.348 0.0000000000
62367  10.726  -17.374  77.225 0.0000000000
61476  11.910  -17.620  76.409 0.0000000000
62376  12.772  -17.308  76.017 0.0000000000
66313  13.292  -12.430  74.938 0.0000000000
66312  14.044  -12.466  75.130 0.0000000000
65353  14.083  -12.798  74.365 0.0000000000
65351  15.137  -13.948  73.906 0.0000000000
141834  14.039  -13.339  72.925 0.0000000000
65372  15.082  -13.903  73.222 0.0000000000
64363  15.331  -14.531  73.296 0.0000000000
63361  15.497  -15.309  72.938 0.0000000000
62397  15.596  -16.428  72.434 0.0000000000
61518  15.698  -17.121  71.794 0.0000000000
62410  15.856  -16.775  70.839 0.0000000000
62409  15.965  -16.076  70.076 0.0000000000
135555  15.193  -14.567  70.740 0.0000000000
63401  16.224  -15.634  68.773 0.0000000000
63425  15.857  -15.142  68.250 0.0000000000
136460  7.856  -16.554  67.297 0.0000000000
62454  9.282  -16.243  67.290 0.0000000000
61593  9.654  -17.065  65.105 0.0000000000
57553  9.551  -21.947  70.908 0.0000000000
60501  13.273  -18.198  81.357 0.0000000000
61450  14.346  -17.029  80.736 0.0000000000
61449  15.153  -17.283  80.439 0.0000000000
62333  15.051  -16.544  80.470 0.0000000000
65327  15.868  -13.418  79.644 0.0000000000
63318  16.841  -15.367  79.342 0.0000000000
64337  16.715  -14.423  79.181 0.0000000000
133028  16.113  -12.386  78.926 0.0000000000
68284  16.563  -10.816  77.896 0.0000000000
67300  17.025  -11.125  77.268 0.0000000000
56465  25.036  -22.936  73.385 0.0000000000
55430  23.987  -22.729  75.045 0.0000000000
55420  22.151  -22.295  76.166 0.0000000000
59516  23.281  -19.430  75.279 0.0000000000
58525  23.407  -19.911  75.799 0.0000000000
58516  23.407  -20.551  76.434 0.0000000000
58512  23.487  -20.710  77.545 0.0000000000
132556  23.519  -20.946  77.235 0.0000000000
56441  22.471  -21.927  76.761 0.0000000000
55421  21.674  -22.231  76.281 0.0000000000
55401  18.215  -22.599  79.120 0.0000000000
56410  17.113  -22.792  81.035 0.0000000000
58501  19.570  -20.658  79.997 0.0000000000
57481  18.682  -21.409  80.349 0.0000000000
58502  18.615  -20.250  80.257 0.0000000000
57474  17.732  -21.700  80.712 0.0000000000
56405  17.019  -21.812  80.835 0.0000000000
56406  16.732  -22.396  80.981 0.0000000000
56402  16.098  -22.164  80.926 0.0000000000
57470  16.020  -21.498  80.953 0.0000000000
57471  15.414  -21.274  81.180 0.0000000000
58495  16.045  -19.988  80.762 0.0000000000
58488  15.200  -20.677  81.133 0.0000000000
59469  14.044  -19.524  81.057 0.0000000000
67302  11.628  -10.750  77.908 0.0000000000
66294  12.860  -12.116  76.356 0.0000000000
66304  12.520  -12.300  75.600 0.0000000000
69245  10.608  -9.177  75.478 0.0000000000
69246  10.142  -9.630  75.672 0.0000000000
69247  9.638  -10.022  75.112 0.0000000000
67309  10.088  -11.009  75.871 0.0000000000
66296  10.730  -11.810  76.114 0.0000000000
66314  12.180  -12.508  74.782 0.0000000000
65355  11.751  -12.889  73.897 0.0000000000
66324  10.207  -12.767  73.755 0.0000000000
141384  11.746  -13.188  73.134 0.0000000000
65376  11.331  -13.394  72.677 0.0000000000
62381  20.245  -16.874  74.584 0.0000000000
130128  19.661  -16.387  74.261 0.0000000000
138062  25.183  -23.281  72.645 0.0000000000
56490  26.129  -22.952  70.388 0.0000000000
55495  25.591  -23.141  71.081 0.0000000000
56471  24.610  -22.538  72.334 0.0000000000
57549  24.247  -21.164  70.861 0.0000000000
58565  23.857  -20.815  71.381 0.0000000000
58557  23.772  -20.863  72.319 0.0000000000
59553  23.680  -20.079  72.668 0.0000000000
59554  23.519  -19.610  73.045 0.0000000000
59586  24.230  -19.932  69.254 0.0000000000
59587  23.772  -19.554  69.648 0.0000000000
59575  23.428  -19.531  70.454 0.0000000000
136415  23.219  -19.319  72.626 0.0000000000
60572  23.323  -19.180  73.374 0.0000000000
60561  22.938  -18.781  73.718 0.0000000000
60562  22.217  -18.308  73.392 0.0000000000
61493  21.558  -17.793  73.761 0.0000000000
61494  20.874  -17.276  74.097 0.0000000000
57493  8.133  -20.968  78.221 0.0000000000
59499  8.068  -19.274  77.669 0.0000000000
59487  9.224  -19.013  79.208 0.0000000000
60519  8.989  -18.509  78.550 0.0000000000
60523  8.833  -18.359  78.004 0.0000000000
61463  9.069  -18.234  77.793 0.0000000000
63321  10.774  -16.271  78.896 0.0000000000
63320  11.276  -15.792  78.973 0.0000000000
65334  12.418  -13.139  80.009 0.0000000000
61445  12.638  -17.427  81.513 0.0000000000
62329  12.508  -16.683  81.413 0.0000000000
136054  12.194  -15.857  81.351 0.0000000000
63311  11.615  -15.883  81.094 0.0000000000
66272  15.118  -12.731  80.184 0.0000000000
65318  13.945  -13.317  81.175 0.0000000000
66268  13.384  -12.578  81.462 0.0000000000
65319  13.150  -13.405  81.574 0.0000000000
132695  11.990  -14.274  81.607 0.0000000000
64326  11.547  -14.351  81.205 0.0000000000
64327  11.337  -14.705  80.837 0.0000000000
65325  11.543  -14.073  80.734 0.0000000000
65329  12.022  -13.243  80.503 0.0000000000
66283  12.552  -11.894  79.872 0.0000000000
68282  10.983  -9.895  78.910 0.0000000000
121268  11.647  -9.909  79.314 0.0000000000
69236  10.726  -9.327  78.187 0.0000000000
144261  11.427  -8.591  76.376 0.0000000000
141546  13.717  -8.300  78.859 0.0000000000
70217  13.643  -8.113  78.030 0.0000000000
70222  13.131  -8.069  76.978 0.0000000000
70226  12.936  -8.095  75.998 0.0000000000
70227  12.022  -8.497  75.729 0.0000000000
63354  19.086  -15.857  74.473 0.0000000000
55446  24.816  -23.628  73.826 0.0000000000
54449  23.643  -24.360  73.158 0.0000000000
54450  22.929  -24.138  72.969 0.0000000000
54434  22.514  -23.422  73.707 0.0000000000
54402  16.029  -23.434  81.417 0.0000000000
53421  15.897  -24.493  81.070 0.0000000000
53427  15.389  -25.090  80.739 0.0000000000
53428  14.773  -25.679  80.246 0.0000000000
57500  6.863  -20.639  75.610 0.0000000000
61479  9.159  -18.262  77.033 0.0000000000
60532  8.838  -18.581  76.778 0.0000000000
60555  8.342  -19.494  75.359 0.0000000000
59530  7.829  -19.720  74.766 0.0000000000
140843  7.354  -19.923  74.481 0.0000000000
58539  9.490  -20.551  73.650 0.0000000000
57539  10.263  -21.668  71.457 0.0000000000
64342  13.634  -14.095  78.318 0.0000000000
63329  13.342  -15.417  77.539 0.0000000000
130386  13.993  -13.815  77.559 0.0000000000
62364  13.322  -16.669  76.315 0.0000000000
124378  14.617  -13.161  75.119 0.0000000000
64356  15.027  -14.040  75.550 0.0000000000
125295  14.988  -14.838  75.730 0.0000000000
63349  15.320  -15.406  74.587 0.0000000000
63343  14.996  -15.451  75.326 0.0000000000
140411  14.567  -16.062  75.497 0.0000000000
61486  13.128  -17.849  75.391 0.0000000000
60551  12.558  -18.439  74.982 0.0000000000
59540  12.187  -19.639  73.460 0.0000000000
60577  12.786  -19.528  73.063 0.0000000000
58548  11.801  -20.177  73.054 0.0000000000
57552  10.512  -22.007  70.786 0.0000000000
56492  10.830  -22.363  70.091 0.0000000000
57571  11.712  -22.069  69.808 0.0000000000
60602  15.514  -18.405  71.115 0.0000000000
144178  14.637  -19.809  69.950 0.0000000000
60613  15.632  -18.706  69.338 0.0000000000
59601  14.859  -19.978  69.438 0.0000000000
58589  14.108  -21.087  68.972 0.0000000000
68336  11.242  -10.591  70.677 0.0000000000
139223  10.428  -10.623  71.280 0.0000000000
67356  10.081  -11.325  70.188 0.0000000000
67344  9.744  -10.973  70.962 0.0000000000
67337  8.161  -11.811  72.237 0.0000000000
66331  8.436  -12.637  72.662 0.0000000000
64372  9.848  -13.496  72.026 0.0000000000
64382  10.460  -13.788  71.371 0.0000000000
64386  6.240  -14.033  70.570 0.0000000000
64385  7.003  -14.088  70.875 0.0000000000
63376  7.647  -14.872  70.008 0.0000000000
136097  7.974  -14.486  70.689 0.0000000000
64399  8.577  -14.182  71.106 0.0000000000
133358  9.790  -13.874  71.292 0.0000000000
64396  11.615  -14.100  70.580 0.0000000000
64410  12.763  -14.596  69.602 0.0000000000
64424  13.894  -14.655  68.919 0.0000000000
64423  14.598  -14.672  68.586 0.0000000000
64422  15.154  -14.805  68.202 0.0000000000
126288  16.159  -15.344  67.332 0.0000000000
63427  12.912  -15.457  67.251 0.0000000000
63444  16.543  -15.868  67.077 0.0000000000
54410  16.429  -24.151  80.668 0.0000000000
55384  15.462  -22.593  81.278 0.0000000000
55388  15.759  -22.959  81.402 0.0000000000
56403  15.617  -22.204  81.074 0.0000000000
57494  23.449  -21.143  77.726 0.0000000000
59488  22.181  -20.362  78.743 0.0000000000
59506  23.407  -19.972  76.569 0.0000000000
59517  7.714  -19.698  75.160 0.0000000000
59555  13.170  -19.695  72.414 0.0000000000
61441  11.965  -17.744  81.652 0.0000000000
61542  16.433  -17.077  69.068 0.0000000000
62326  11.680  -17.332  81.513 0.0000000000
62455  8.437  -16.444  67.320 0.0000000000
63350  14.933  -16.130  74.873 0.0000000000
63390  6.112  -15.305  69.445 0.0000000000
63402  13.631  -14.857  68.254 0.0000000000
63430  10.452  -15.679  67.807 0.0000000000
64400  7.257  -14.474  70.582 0.0000000000
64413  5.284  -14.717  69.570 0.0000000000
65322  11.499  -13.848  81.018 0.0000000000
65364  11.054  -13.148  73.267 0.0000000000
65377  10.111  -13.372  72.786 0.0000000000
66346  7.193  -12.342  71.064 0.0000000000
67287  13.270  -11.311  81.155 0.0000000000
67346  8.120  -11.639  71.526 0.0000000000
68275  14.404  -10.193  80.269 0.0000000000
137298  21.641  -18.090  71.695 0.0000000000
137415  15.552  -15.814  72.687 0.0000000000
138748  21.780  -21.125  78.808 0.0000000000
143779  28.916  -21.529  68.829 0.0000000000
144049  5.703  -13.926  70.221 0.0000000000
144109  18.951  -15.660  73.830 0.0000000000
