#!ascii label  , from subject sub-v2s18x29511_ses-1 vox2ras=TkReg
1755
34959  40.278  -44.933  -2.530 0.6000000238
34944  40.902  -44.505  -1.945 0.5000000000
36661  39.811  -43.152  -4.500 0.6999999881
135573  40.148  -43.984  -4.317 0.6000000238
36668  40.569  -43.577  -5.292 0.6000000238
37437  40.868  -42.994  -5.727 0.6000000238
36655  39.970  -43.782  -3.377 0.6999999881
143852  40.085  -44.330  -3.569 0.6000000238
35850  40.324  -44.898  -4.182 0.5000000000
34982  41.165  -45.401  -5.060 0.5000000000
136029  41.585  -44.110  -5.725 0.6000000238
36667  41.379  -43.450  -5.856 0.6000000238
36649  40.192  -43.455  -2.373 0.5000000000
34945  40.189  -45.537  -2.138 0.5000000000
34968  39.845  -45.667  -2.787 0.6000000238
36677  42.272  -43.757  -6.336 0.6000000238
145811  41.866  -45.373  -1.482 0.5000000000
34024  42.696  -45.762  -1.490 0.5000000000
39045  40.411  -40.550  -5.599 0.6000000238
38209  40.645  -41.480  -5.836 0.6999999881
38193  38.887  -41.604  -3.161 0.6000000238
121189  39.183  -41.909  -3.988 0.6999999881
38210  40.027  -41.193  -5.347 0.6000000238
124130  40.790  -42.330  -5.833 0.6000000238
37421  39.308  -42.419  -3.146 0.6000000238
36656  39.696  -43.144  -3.442 0.6999999881
37436  41.761  -42.925  -6.296 0.6000000238
37416  39.993  -42.939  -1.884 0.5000000000
37417  39.412  -42.582  -2.327 0.5000000000
37447  42.945  -42.676  -6.976 0.6000000238
35818  41.126  -43.642  -1.673 0.5000000000
128244  43.014  -43.448  -6.829 0.6000000238
35817  41.940  -43.985  -1.128 0.5000000000
36688  44.318  -43.653  -7.689 0.6000000238
37457  44.909  -43.132  -8.561 0.6999999881
36675  44.377  -44.693  -7.860 0.6000000238
123959  44.818  -43.327  -8.823 0.6999999881
122303  44.402  -44.537  -8.264 0.6000000238
35882  43.988  -44.681  -8.571 0.6000000238
35883  42.883  -44.289  -8.576 0.6000000238
35877  42.825  -45.108  -8.361 0.6000000238
37450  38.598  -42.522  -6.295 0.5000000000
38212  37.605  -41.374  -5.400 0.6999999881
37439  38.239  -43.114  -5.794 0.6000000238
38200  37.346  -41.485  -4.671 0.8000000119
123793  37.566  -42.156  -5.174 0.6999999881
39967  40.519  -39.673  -5.412 0.6000000238
39980  41.063  -40.010  -6.128 0.6999999881
39023  39.092  -40.245  -3.709 0.6999999881
39033  39.419  -40.511  -4.470 0.6999999881
39968  39.840  -40.040  -5.006 0.6000000238
38222  41.293  -40.978  -6.327 0.6999999881
39057  41.958  -40.439  -6.694 0.6999999881
38187  38.714  -41.258  -2.356 0.6000000238
39016  38.888  -39.980  -2.928 0.6000000238
38221  42.603  -41.542  -7.060 0.8000000119
39004  38.990  -40.753  -1.064 0.5000000000
145599  38.758  -40.817  -1.736 0.5000000000
123470  42.804  -40.742  -7.327 0.8000000119
135711  39.463  -42.097  -0.972 0.5000000000
37400  39.362  -42.403  -1.663 0.5000000000
38233  43.841  -41.436  -7.866 0.8000000119
37458  44.190  -42.512  -7.808 0.6000000238
35801  42.127  -44.075  -1.049 0.5000000000
38232  45.042  -42.161  -8.730 0.8000000119
37463  45.199  -42.063  -9.199 0.8000000119
37469  44.767  -42.008  -9.517 0.6999999881
37468  45.126  -42.101  -9.296 0.6999999881
38240  42.121  -41.751  -8.785 0.6999999881
125632  43.707  -42.164  -9.366 0.6999999881
37465  44.752  -42.934  -9.224 0.6999999881
37467  41.366  -42.314  -8.297 0.6000000238
36689  41.938  -43.394  -8.364 0.6000000238
36696  43.782  -43.740  -9.151 0.6000000238
38234  40.211  -41.966  -7.732 0.6999999881
37459  40.769  -42.765  -7.805 0.6999999881
38223  38.963  -41.867  -6.775 0.6999999881
37449  39.240  -42.672  -6.816 0.6000000238
38211  38.019  -42.194  -5.722 0.8000000119
38224  38.428  -41.829  -6.256 0.8000000119
36680  38.830  -43.441  -6.415 0.6000000238
39047  37.418  -40.330  -5.651 0.8999999762
38194  37.124  -41.606  -3.762 0.6999999881
39034  37.056  -40.554  -4.938 0.8000000119
37429  37.441  -42.555  -4.452 0.6999999881
39966  41.213  -39.255  -5.833 0.6000000238
39979  41.741  -39.511  -6.481 0.6999999881
40983  41.936  -38.712  -6.307 0.6999999881
39955  40.176  -39.363  -4.673 0.6000000238
39978  42.275  -39.099  -6.890 0.6000000238
40944  40.364  -38.284  -2.607 0.4000000060
39948  39.389  -39.525  -3.426 0.6000000238
40964  40.640  -38.703  -4.302 0.6000000238
40945  39.676  -38.779  -2.190 0.6000000238
39056  42.490  -39.892  -7.142 0.8000000119
40914  39.547  -38.824  -0.354 0.4000000060
123214  39.195  -39.423  -1.034 0.5000000000
39926  38.897  -39.806  -2.237 0.6000000238
39065  43.648  -40.373  -7.929 0.8000000119
38991  39.333  -40.608  -0.168 0.5000000000
39064  44.508  -41.251  -8.579 0.8000000119
37387  39.848  -42.116  -0.357 0.4000000060
39069  44.891  -41.531  -9.327 0.8000000119
37386  40.392  -42.739  -0.309 0.5000000000
135207  44.158  -41.304  -9.589 0.8000000119
125857  42.275  -40.229  -9.056 0.8000000119
39071  42.833  -41.121  -9.355 0.6999999881
38242  44.808  -41.573  -9.475 0.8000000119
39073  40.640  -40.503  -8.229 0.8000000119
126684  39.887  -40.097  -7.677 0.8999999762
39066  40.045  -41.038  -7.749 0.8999999762
38241  40.891  -41.386  -8.268 0.6999999881
39067  39.376  -40.758  -7.287 0.8999999762
126974  39.514  -42.138  -7.237 0.6000000238
38225  38.018  -41.271  -5.999 0.8999999762
141467  38.537  -41.229  -6.531 0.8999999762
39025  35.385  -40.302  -3.983 0.8000000119
136615  36.027  -41.194  -2.428 0.8000000119
38201  36.724  -40.719  -4.144 0.8000000119
37423  36.738  -41.745  -2.799 0.8000000119
39035  35.935  -39.987  -4.669 0.8000000119
40971  42.074  -38.295  -5.805 0.6999999881
42035  42.576  -37.940  -6.457 0.6000000238
40973  40.841  -38.998  -5.095 0.6000000238
40962  42.087  -38.185  -5.057 0.5000000000
40991  42.626  -38.412  -7.067 0.6999999881
40943  41.227  -37.827  -2.930 0.4000000060
40953  41.319  -38.129  -3.858 0.5000000000
39988  43.053  -39.237  -7.561 0.6999999881
41991  40.876  -37.878  -2.157 0.5000000000
39987  43.976  -39.608  -8.387 0.6999999881
41956  41.050  -36.986  0.104 0.5000000000
40931  39.577  -38.794  -1.316 0.6000000238
40885  39.963  -38.034  1.066 0.4000000060
40897  39.930  -38.054  0.132 0.4000000060
134121  44.074  -39.081  -9.731 0.8000000119
39070  44.621  -40.751  -9.173 0.8000000119
40886  39.773  -38.761  1.490 0.4000000060
39075  44.287  -40.708  -9.602 0.8000000119
39074  44.490  -40.881  -9.427 0.8000000119
38239  45.045  -41.578  -9.145 0.8000000119
37376  39.833  -42.342  0.549 0.3000000119
39995  41.720  -39.425  -8.732 0.8000000119
40998  42.168  -38.576  -8.970 0.8000000119
39076  43.450  -40.438  -9.581 0.8000000119
40999  41.110  -38.609  -8.350 0.8000000119
39989  39.992  -39.275  -7.661 0.8999999762
39996  40.652  -39.532  -8.176 0.8999999762
39991  39.015  -39.186  -6.989 0.8999999762
39068  39.169  -39.999  -7.127 0.8999999762
135450  38.451  -38.843  -6.676 0.8999999762
39058  38.776  -40.592  -6.805 0.8999999762
39981  38.419  -39.675  -6.603 0.8999999762
39017  35.022  -40.596  -3.234 0.8000000119
38172  35.736  -41.682  -1.877 0.8000000119
39982  37.559  -39.525  -6.063 0.8999999762
39969  36.656  -39.317  -5.595 0.8999999762
39048  36.544  -39.856  -5.235 0.8000000119
42024  42.532  -37.873  -5.576 0.6000000238
42034  43.229  -37.312  -6.813 0.6000000238
120464  42.760  -37.805  -4.735 0.6000000238
41988  43.102  -37.154  -2.653 0.4000000060
130900  42.725  -37.446  -3.014 0.4000000060
42001  42.088  -37.715  -3.439 0.4000000060
42012  42.106  -37.896  -4.275 0.5000000000
40990  43.661  -38.418  -8.089 0.6999999881
41990  41.687  -37.555  -2.070 0.4000000060
43042  42.562  -36.463  -0.666 0.5000000000
41974  42.178  -37.198  -1.714 0.4000000060
39993  44.468  -39.402  -9.044 0.6999999881
43029  42.340  -36.238  0.220 0.5000000000
41005  44.159  -38.163  -10.034 0.8000000119
39992  44.359  -39.533  -9.341 0.8000000119
42053  40.576  -37.728  -8.008 0.8000000119
42043  39.820  -37.746  -7.593 0.8999999762
40992  40.301  -38.598  -7.821 0.8999999762
42044  39.114  -37.664  -7.235 0.8999999762
129699  37.750  -38.790  -6.353 0.8999999762
40985  37.282  -37.958  -6.249 1.0000000000
39949  34.655  -39.954  -3.708 0.8000000119
40986  36.874  -38.601  -5.948 1.0000000000
39036  34.927  -39.970  -4.305 0.8000000119
40975  36.048  -38.562  -5.460 1.0000000000
39970  35.792  -39.300  -5.170 0.8000000119
40966  35.324  -39.235  -4.665 0.8000000119
122570  42.936  -37.443  -6.072 0.6000000238
138949  43.952  -36.691  -7.118 0.6000000238
121316  43.640  -37.654  -4.646 0.6000000238
42041  43.834  -37.243  -7.832 0.6999999881
43078  43.683  -36.788  -2.598 0.4000000060
42000  43.406  -37.272  -3.191 0.4000000060
42011  42.992  -37.656  -3.850 0.4000000060
43079  43.138  -36.864  -2.189 0.4000000060
40996  44.419  -38.186  -8.897 0.6999999881
44082  43.712  -35.664  -0.213 0.5000000000
44116  44.632  -35.915  -1.876 0.4000000060
40995  44.576  -38.079  -9.673 0.8000000119
40997  43.345  -38.439  -9.644 0.8000000119
42061  44.344  -37.573  -9.989 0.8000000119
134828  41.842  -36.826  -8.543 0.8000000119
134831  40.842  -36.800  -8.127 0.8000000119
42052  41.472  -37.725  -8.487 0.8000000119
42045  38.452  -37.521  -6.874 0.8999999762
43140  38.766  -36.862  -7.069 0.8999999762
42036  37.803  -37.382  -6.511 1.0000000000
42037  37.209  -37.324  -6.100 1.0000000000
40974  36.567  -37.923  -5.878 1.0000000000
40957  34.996  -39.364  -4.032 0.8000000119
39018  34.791  -40.399  -2.999 0.8000000119
42026  36.193  -38.065  -5.581 1.0000000000
131826  35.517  -38.800  -4.671 0.8000000119
40965  35.797  -38.555  -5.211 0.8000000119
42022  44.422  -37.621  -5.121 0.6000000238
127364  43.544  -37.460  -5.625 0.6000000238
139397  43.457  -37.183  -6.400 0.6000000238
42050  44.610  -37.376  -9.172 0.6999999881
43153  45.001  -36.418  -9.087 0.6999999881
43092  44.005  -36.997  -3.215 0.4000000060
41999  43.893  -37.402  -3.824 0.5000000000
42049  44.509  -37.393  -9.697 0.8000000119
143467  44.129  -36.394  -2.269 0.4000000060
44099  46.210  -34.944  -1.224 0.4000000060
129361  45.484  -35.465  -1.808 0.4000000060
42062  43.588  -37.612  -9.718 0.8000000119
134965  42.798  -36.824  -9.154 0.8000000119
137048  39.370  -37.006  -7.379 0.8999999762
43138  40.257  -35.823  -7.770 0.8000000119
133000  38.243  -36.925  -6.721 1.0000000000
43128  37.904  -36.793  -6.332 1.0000000000
44153  39.083  -35.769  -6.386 1.0000000000
43117  37.522  -36.841  -5.961 1.0000000000
42013  37.709  -37.236  -4.425 1.0000000000
40956  36.060  -38.623  -3.934 0.8999999762
133278  34.893  -39.663  -3.333 0.8000000119
130664  35.680  -39.025  -3.121 0.8999999762
42003  37.000  -37.793  -3.924 1.0000000000
40946  36.724  -38.336  -2.963 1.0000000000
42002  38.031  -37.296  -3.429 1.0000000000
43094  38.687  -36.734  -3.028 1.0000000000
41992  38.233  -37.175  -2.402 1.0000000000
43080  39.276  -36.261  -2.589 1.0000000000
43081  38.754  -36.642  -2.037 1.0000000000
43137  44.867  -36.279  -7.733 0.6999999881
130917  45.056  -37.558  -5.423 0.6000000238
42033  44.248  -37.161  -6.059 0.6000000238
43154  44.498  -36.636  -8.144 0.6999999881
42009  45.103  -37.527  -4.870 0.6000000238
43090  45.323  -36.618  -3.825 0.5000000000
43164  44.826  -36.263  -9.475 0.8000000119
44114  46.130  -35.398  -2.385 0.4000000060
134832  43.756  -36.840  -9.692 0.8000000119
43155  43.043  -35.960  -9.271 0.8000000119
43156  42.174  -35.930  -8.644 0.8000000119
44195  40.801  -35.231  -8.038 0.6999999881
43157  41.176  -35.876  -8.263 0.8000000119
44178  39.835  -35.460  -7.295 0.8999999762
44177  40.375  -35.119  -7.600 0.8000000119
44165  39.419  -35.553  -6.923 0.8999999762
44164  40.004  -35.108  -7.097 1.0000000000
134225  39.799  -35.393  -6.354 1.0000000000
43116  38.428  -36.342  -6.261 1.0000000000
141277  39.415  -35.699  -5.819 1.0000000000
44152  40.085  -35.590  -5.413 1.0000000000
126160  38.191  -36.553  -5.533 1.0000000000
44143  39.615  -35.984  -5.044 1.0000000000
43105  38.951  -36.414  -4.681 1.0000000000
43093  39.186  -36.334  -3.601 1.0000000000
126765  38.513  -36.842  -4.004 1.0000000000
41994  37.173  -38.076  -2.056 1.0000000000
40947  36.365  -38.542  -2.071 1.0000000000
41993  37.540  -37.696  -2.744 1.0000000000
131799  37.663  -37.452  -1.612 1.0000000000
41977  38.187  -36.898  -1.501 1.0000000000
43062  39.178  -36.117  -1.599 1.0000000000
43063  38.510  -36.354  -1.160 1.0000000000
135657  45.360  -36.270  -7.356 0.6999999881
42020  46.246  -37.710  -5.929 0.5000000000
43126  44.732  -36.558  -6.838 0.6999999881
43089  45.981  -36.298  -4.018 0.5000000000
43103  45.587  -37.033  -4.535 0.5000000000
132411  44.314  -35.771  -9.638 0.8000000119
44210  43.388  -35.067  -9.430 0.6999999881
44193  42.481  -34.971  -8.939 0.8000000119
44194  41.552  -34.962  -8.391 0.8000000119
45249  41.024  -34.812  -7.925 0.6999999881
141618  41.656  -34.434  -8.158 0.6999999881
45234  41.296  -34.640  -6.852 0.8999999762
45223  42.167  -34.654  -6.102 0.8000000119
141542  43.269  -33.936  -5.010 0.8000000119
45235  40.514  -34.969  -6.637 0.8999999762
45214  41.998  -34.493  -4.962 0.8000000119
140923  40.520  -35.312  -5.820 1.0000000000
45224  41.302  -35.032  -5.721 0.8999999762
46234  42.729  -34.138  -4.611 0.8000000119
45225  40.807  -35.390  -5.071 0.8999999762
45216  40.900  -35.141  -4.205 1.0000000000
44132  39.671  -35.893  -4.098 1.0000000000
44118  39.769  -35.823  -3.133 1.0000000000
123245  39.792  -35.792  -2.118 1.0000000000
43064  37.843  -36.585  -0.805 1.0000000000
44117  40.393  -35.433  -2.675 1.0000000000
44103  39.567  -35.546  -1.175 1.0000000000
43044  38.044  -35.939  -0.542 1.0000000000
44102  40.327  -35.306  -1.650 1.0000000000
44084  39.090  -35.113  -0.503 1.0000000000
43125  45.966  -37.112  -6.534 0.6999999881
43152  45.624  -35.878  -8.181 0.6999999881
44192  45.503  -35.725  -9.469 0.6999999881
42021  45.780  -37.495  -5.352 0.5000000000
44208  44.838  -35.270  -9.798 0.6999999881
43102  46.273  -36.862  -4.826 0.5000000000
44209  44.106  -34.816  -9.629 0.8000000119
45263  43.570  -33.976  -9.486 0.6999999881
45264  42.853  -34.084  -9.164 0.6999999881
45248  42.243  -34.304  -8.598 0.6999999881
45241  42.174  -33.974  -8.192 0.6999999881
45242  41.437  -34.464  -7.698 0.6999999881
46247  42.920  -34.291  -6.467 0.8000000119
122666  44.243  -33.660  -6.132 0.8000000119
46233  43.536  -34.017  -5.801 0.8000000119
124322  43.977  -33.713  -4.997 0.8000000119
46225  43.355  -33.875  -4.317 0.8000000119
45215  41.582  -34.662  -4.102 1.0000000000
128712  42.213  -34.344  -4.159 0.8999999762
45202  42.032  -34.474  -3.313 1.0000000000
46226  42.766  -34.130  -3.791 0.8000000119
44131  40.338  -35.448  -3.642 1.0000000000
44086  37.536  -35.485  -0.379 1.0000000000
45174  39.978  -34.884  -0.700 1.0000000000
44085  38.279  -35.246  -0.368 1.0000000000
134551  39.843  -34.172  -0.045 1.0000000000
43136  46.032  -36.041  -7.617 0.6999999881
44176  46.180  -35.565  -9.241 0.6999999881
44207  45.324  -34.815  -10.120 0.6000000238
45262  44.422  -33.961  -9.893 0.6000000238
46286  43.318  -33.536  -9.213 0.6999999881
46285  43.889  -33.239  -9.507 0.6999999881
46274  42.857  -33.751  -8.831 0.6999999881
132100  42.946  -33.633  -8.421 0.6999999881
46246  43.605  -33.795  -6.853 0.8000000119
46260  42.848  -33.872  -7.590 0.6999999881
46224  44.658  -33.537  -4.380 0.8000000119
46211  43.503  -33.880  -3.374 0.8000000119
46212  42.773  -34.188  -2.944 0.8000000119
46201  43.252  -33.890  -2.548 0.8000000119
45186  41.573  -34.693  -2.377 1.0000000000
45185  42.224  -34.374  -2.486 1.0000000000
45172  42.693  -34.029  -2.111 0.6999999881
45173  41.988  -34.357  -1.686 1.0000000000
129512  41.029  -34.679  -1.264 1.0000000000
45154  41.090  -34.271  -0.400 1.0000000000
45158  37.095  -35.113  -0.346 1.0000000000
145554  40.510  -34.432  -0.403 1.0000000000
45156  38.508  -34.552  -0.223 1.0000000000
45157  37.694  -34.656  -0.278 1.0000000000
45155  39.197  -34.443  -0.189 1.0000000000
144807  44.533  -32.976  -9.808 0.6000000238
138158  44.341  -32.839  -9.386 0.6999999881
46259  43.578  -33.497  -7.988 0.6999999881
125363  44.261  -33.099  -8.546 0.6999999881
46245  44.302  -33.448  -7.315 0.8000000119
46232  44.843  -33.523  -5.413 0.6999999881
46209  45.307  -33.388  -3.736 0.6999999881
46210  44.456  -33.602  -3.337 0.6999999881
141490  43.918  -33.733  -2.511 0.6999999881
46189  43.337  -33.663  -1.643 0.8000000119
45153  41.742  -34.169  -0.798 1.0000000000
124180  42.188  -33.587  -0.329 1.0000000000
121597  36.883  -34.465  -0.391 1.0000000000
46175  40.559  -33.811  0.103 1.0000000000
129900  38.214  -33.865  -0.192 1.0000000000
129154  39.055  -33.694  0.035 1.0000000000
140230  45.892  -34.516  -10.286 0.6000000238
45261  45.246  -33.339  -10.218 0.6000000238
46283  45.841  -32.683  -10.080 0.6000000238
46284  45.072  -32.649  -9.730 0.6000000238
46272  44.959  -32.686  -8.999 0.6000000238
46258  45.020  -33.280  -7.833 0.6999999881
46231  45.728  -33.396  -5.816 0.6999999881
46223  45.472  -33.428  -4.713 0.6999999881
46199  45.231  -33.360  -2.768 0.6999999881
46200  44.605  -33.523  -2.423 0.6999999881
52415  50.291  -27.828  -6.632 0.3000000119
46188  44.296  -33.508  -1.635 0.6999999881
46187  45.085  -33.278  -1.820 0.6999999881
52416  49.745  -27.137  -6.835 0.3000000119
46172  43.912  -33.356  -0.672 0.8000000119
134078  34.439  -35.467  -0.367 0.8999999762
45159  35.596  -34.925  -0.521 1.0000000000
124802  36.418  -35.086  -0.436 1.0000000000
46159  40.988  -33.101  0.272 1.0000000000
134770  39.339  -32.806  0.041 1.0000000000
138550  39.771  -33.481  0.178 1.0000000000
143213  38.719  -34.124  -0.087 1.0000000000
45260  46.171  -33.502  -10.387 0.6000000238
46270  46.221  -32.713  -9.802 0.6000000238
46257  46.455  -32.905  -8.860 0.6000000238
46243  46.349  -33.277  -7.571 0.6999999881
121107  45.711  -33.035  -8.334 0.6000000238
46244  45.707  -33.342  -7.092 0.6999999881
46253  50.516  -33.558  -8.038 0.3000000119
46239  50.041  -33.280  -7.392 0.3000000119
46222  46.262  -33.342  -4.913 0.6999999881
46208  46.094  -33.243  -4.029 0.6999999881
51409  50.337  -28.416  -5.853 0.3000000119
51410  49.845  -28.428  -5.275 0.4000000060
52403  49.831  -27.783  -5.891 0.4000000060
131667  49.477  -27.797  -5.148 0.4000000060
44090  33.701  -35.768  -0.341 0.6999999881
44105  33.282  -35.077  -0.932 0.6999999881
55317  48.393  -24.120  -5.823 0.3000000119
53369  49.293  -26.402  -6.624 0.3000000119
47224  44.767  -33.110  -0.862 0.6999999881
45160  34.741  -34.807  -0.618 0.8999999762
54340  48.573  -25.036  -5.928 0.3000000119
134775  49.174  -26.421  -5.542 0.3000000119
46173  42.978  -33.403  -0.551 0.8000000119
45175  35.129  -33.999  -0.902 0.8999999762
53358  48.887  -25.711  -5.233 0.3000000119
46157  42.578  -32.994  0.204 0.8000000119
46158  41.764  -33.074  0.279 1.0000000000
46177  36.631  -33.790  -0.543 1.0000000000
47193  40.642  -32.462  0.345 1.0000000000
130782  37.698  -33.106  -0.411 1.0000000000
46176  37.333  -33.848  -0.355 1.0000000000
46160  40.189  -32.943  0.273 1.0000000000
133198  38.507  -33.045  -0.178 1.0000000000
47209  39.210  -31.975  -0.269 1.0000000000
145175  38.736  -32.378  -0.313 1.0000000000
144287  39.065  -31.477  -0.496 1.0000000000
46242  46.994  -33.296  -7.781 0.6999999881
138929  49.707  -33.492  -8.443 0.3000000119
46254  49.087  -33.269  -8.349 0.4000000060
123591  46.837  -33.314  -6.910 0.6999999881
46230  46.364  -33.345  -6.481 0.6999999881
47273  49.864  -32.942  -6.372 0.4000000060
47272  50.716  -32.616  -6.570 0.3000000119
47257  46.815  -33.075  -4.240 0.6999999881
47242  46.724  -32.793  -3.341 0.6999999881
47263  50.453  -32.243  -5.772 0.5000000000
47233  46.414  -32.723  -2.646 0.6999999881
49440  50.292  -30.383  -4.737 0.4000000060
48349  49.396  -31.353  -3.880 0.6000000238
49441  49.815  -30.056  -4.204 0.5000000000
47234  45.876  -32.929  -2.151 0.6999999881
50506  50.651  -29.928  -5.211 0.3000000119
54314  48.116  -25.059  -1.927 0.4000000060
50496  49.549  -29.208  -4.174 0.4000000060
47223  45.530  -32.705  -1.185 0.6999999881
45178  32.725  -34.834  -1.553 0.6999999881
55283  48.289  -24.333  -2.985 0.4000000060
51401  49.505  -28.422  -4.611 0.4000000060
52396  49.215  -27.744  -4.324 0.4000000060
44091  32.682  -35.637  -0.896 0.6000000238
55305  48.445  -24.218  -4.705 0.3000000119
130040  48.584  -24.891  -4.076 0.3000000119
144388  48.466  -24.816  -3.364 0.4000000060
53357  49.218  -27.107  -4.913 0.4000000060
52392  48.878  -27.695  -3.385 0.4000000060
47207  44.338  -32.781  -0.071 0.6999999881
47206  45.187  -32.394  -0.272 0.6999999881
45161  33.961  -34.906  -0.721 0.6999999881
127983  48.497  -25.989  -2.854 0.4000000060
52397  48.977  -26.993  -4.006 0.4000000060
47208  43.462  -32.944  0.076 0.8000000119
54335  48.646  -24.957  -4.977 0.3000000119
53351  49.007  -26.354  -4.603 0.3000000119
53340  48.670  -26.813  -3.116 0.4000000060
47190  42.974  -32.268  0.477 0.8000000119
46178  36.030  -34.173  -0.628 1.0000000000
47191  42.100  -32.338  0.545 0.8999999762
47192  41.313  -32.412  0.445 1.0000000000
47210  38.059  -32.351  -0.552 1.0000000000
48315  39.544  -31.360  -0.251 1.0000000000
47194  40.000  -32.081  0.124 1.0000000000
48316  38.559  -31.673  -0.665 1.0000000000
48331  37.711  -31.590  -1.150 1.0000000000
48330  38.322  -31.111  -1.176 1.0000000000
46256  47.311  -33.123  -8.708 0.6000000238
145663  47.648  -33.308  -7.734 0.6000000238
136406  47.463  -33.351  -6.872 0.6999999881
46255  48.233  -33.235  -8.315 0.5000000000
46241  48.265  -33.395  -7.004 0.6000000238
46229  47.125  -33.323  -5.980 0.6999999881
46240  49.128  -33.370  -7.223 0.5000000000
140150  46.482  -33.342  -5.635 0.6999999881
46221  47.006  -33.211  -5.032 0.6999999881
47274  48.969  -33.213  -6.163 0.6000000238
47264  49.643  -32.529  -5.386 0.6000000238
47256  47.591  -32.856  -4.333 0.6999999881
48374  50.249  -31.847  -5.163 0.6000000238
48361  49.780  -31.799  -4.578 0.6000000238
47241  47.529  -32.356  -3.088 0.6999999881
47232  47.056  -32.245  -2.443 0.6999999881
134178  49.881  -30.872  -4.304 0.5000000000
49431  49.464  -30.514  -3.723 0.6000000238
125194  49.002  -30.911  -3.303 0.6000000238
134524  46.494  -32.415  -2.057 0.6000000238
127962  47.607  -25.740  -0.567 0.4000000060
50486  49.453  -29.830  -3.646 0.4000000060
144520  48.777  -30.628  -2.888 0.5000000000
48341  48.455  -31.230  -2.795 0.6000000238
47222  46.221  -32.319  -1.445 0.6999999881
54306  47.912  -25.392  -1.300 0.4000000060
50487  49.122  -29.201  -3.232 0.5000000000
54313  48.371  -25.116  -2.661 0.4000000060
53304  47.571  -26.570  -0.338 0.5000000000
51395  48.909  -28.428  -3.115 0.4000000060
47205  45.943  -32.099  -0.707 0.6999999881
45176  34.204  -34.089  -1.230 0.8999999762
45177  33.439  -34.469  -1.388 0.6999999881
128448  48.752  -26.208  -3.709 0.4000000060
52378  48.551  -27.409  -2.526 0.4000000060
47189  43.864  -32.249  0.450 0.6999999881
47188  44.689  -32.090  0.333 0.6999999881
46192  35.280  -33.261  -1.310 0.8999999762
46191  36.028  -33.269  -0.947 0.8999999762
47211  37.236  -32.375  -0.846 1.0000000000
47225  36.430  -32.518  -1.239 1.0000000000
48301  40.817  -31.815  0.409 1.0000000000
47212  36.875  -33.138  -0.651 1.0000000000
48314  40.316  -31.217  0.135 1.0000000000
48332  36.840  -31.766  -1.465 1.0000000000
49397  39.843  -30.518  -0.455 1.0000000000
50479  39.466  -29.204  -2.411 0.8999999762
50464  39.690  -29.505  -1.630 1.0000000000
49409  39.274  -30.157  -1.199 1.0000000000
49411  37.829  -30.818  -1.668 1.0000000000
50465  38.915  -29.789  -1.944 1.0000000000
50480  38.642  -29.459  -2.704 1.0000000000
49424  38.063  -30.123  -2.316 0.8999999762
46228  48.069  -33.314  -6.021 0.6999999881
47266  47.840  -33.063  -5.119 0.6999999881
47265  48.723  -32.868  -5.256 0.6999999881
47254  49.225  -32.413  -4.690 0.6000000238
47255  48.530  -32.549  -4.327 0.6000000238
47240  48.009  -32.428  -3.634 0.6999999881
48351  48.140  -31.959  -3.061 0.6000000238
48342  47.778  -31.756  -2.553 0.6000000238
54296  47.058  -25.036  0.072 0.3000000119
48362  49.223  -32.057  -4.116 0.6000000238
48350  48.728  -31.844  -3.529 0.6000000238
127699  47.432  -31.599  -2.040 0.6000000238
54283  47.210  -25.905  0.191 0.4000000060
54284  46.548  -25.433  0.634 0.4000000060
49422  48.542  -30.373  -2.361 0.6000000238
49423  47.978  -31.090  -2.116 0.6000000238
49408  47.998  -30.455  -1.572 0.5000000000
48311  46.965  -31.326  -0.962 0.6000000238
124724  48.402  -29.561  -1.732 0.4000000060
48312  46.375  -31.478  -0.455 0.6000000238
51366  48.344  -28.709  -1.654 0.4000000060
123991  48.412  -28.050  -2.033 0.4000000060
48313  45.691  -31.727  -0.037 0.6000000238
135511  47.523  -27.296  -0.145 0.5000000000
53315  48.227  -27.275  -1.684 0.4000000060
48296  45.186  -31.384  0.567 0.6000000238
125504  47.802  -27.229  -0.873 0.4000000060
51367  47.986  -28.083  -1.186 0.4000000060
139075  34.667  -33.458  -1.456 0.8999999762
48299  42.477  -31.522  0.729 0.8999999762
48298  43.371  -31.532  0.755 0.8000000119
47226  35.643  -32.637  -1.592 0.8999999762
48333  36.093  -32.001  -1.888 0.8999999762
50450  39.871  -29.813  -0.951 1.0000000000
48343  37.218  -31.173  -1.731 1.0000000000
49425  37.251  -30.630  -2.252 0.8999999762
50488  39.154  -28.871  -3.155 1.0000000000
50489  38.344  -29.108  -3.420 1.0000000000
50481  37.957  -29.586  -2.980 0.8999999762
51398  38.753  -28.442  -3.912 1.0000000000
51404  38.432  -28.363  -4.878 0.8999999762
138923  47.051  -23.430  -0.753 0.3000000119
55255  46.446  -24.552  0.461 0.3000000119
54285  45.910  -24.987  1.056 0.3000000119
48328  47.479  -31.161  -1.525 0.6000000238
53294  46.592  -26.307  0.815 0.5000000000
53282  45.858  -26.713  1.311 0.4000000060
121995  47.852  -29.889  -0.939 0.5000000000
49394  46.881  -30.854  -0.347 0.5000000000
53293  47.160  -26.950  0.443 0.5000000000
50461  48.031  -29.039  -1.000 0.5000000000
49393  47.319  -30.173  -0.302 0.5000000000
52351  46.699  -27.661  0.852 0.5000000000
51344  47.636  -28.535  -0.389 0.5000000000
142397  45.194  -31.928  0.195 0.6000000238
52350  47.299  -27.958  0.274 0.5000000000
52361  47.646  -27.816  -0.482 0.5000000000
48297  44.249  -31.506  0.755 0.6999999881
50421  46.016  -28.998  1.285 0.5000000000
128144  46.720  -28.509  0.852 0.5000000000
48288  43.789  -30.982  1.110 0.6000000238
49383  41.132  -31.074  0.457 0.8999999762
48300  41.616  -31.655  0.617 0.8999999762
49396  40.714  -30.470  0.032 0.8999999762
50478  40.408  -28.869  -2.087 0.8999999762
50463  40.420  -29.367  -1.259 0.8999999762
50449  40.483  -29.865  -0.561 0.8999999762
48344  36.532  -31.229  -2.211 0.8999999762
49433  37.228  -29.994  -3.000 0.8999999762
51385  40.064  -28.653  -2.924 0.8000000119
51397  39.730  -28.287  -3.668 0.6999999881
49426  36.672  -30.574  -2.725 0.8999999762
50497  37.936  -28.790  -4.225 0.8999999762
50490  37.560  -29.359  -3.638 0.8999999762
56301  46.582  -23.157  -0.286 0.3000000119
55256  45.779  -24.148  0.865 0.3000000119
56255  45.092  -23.811  1.242 0.3000000119
54273  45.251  -25.425  1.421 0.3000000119
54274  44.405  -25.068  1.580 0.4000000060
121453  45.321  -26.129  1.451 0.4000000060
126631  47.444  -30.652  -0.926 0.6000000238
52338  45.309  -27.583  1.474 0.5000000000
53283  44.900  -26.706  1.551 0.4000000060
50432  47.063  -29.752  0.284 0.5000000000
48295  46.176  -30.973  0.267 0.5000000000
51334  45.292  -28.583  1.483 0.5000000000
124725  47.255  -28.935  0.342 0.5000000000
49379  45.576  -30.534  0.920 0.5000000000
50434  45.856  -29.784  1.176 0.5000000000
50422  45.260  -29.445  1.459 0.5000000000
49368  44.609  -30.701  1.186 0.5000000000
51335  44.495  -29.081  1.537 0.5000000000
49370  43.224  -29.974  1.205 0.6000000238
49380  43.011  -30.708  0.996 0.6000000238
50435  42.511  -29.479  0.693 0.6999999881
49381  42.652  -30.036  0.869 0.6999999881
49382  42.001  -30.768  0.735 0.6999999881
50436  41.983  -29.864  0.447 0.6999999881
50448  41.275  -29.745  -0.133 0.8000000119
49395  41.409  -30.406  0.379 0.8000000119
50462  41.025  -29.373  -0.844 0.8999999762
125984  40.897  -28.452  -2.793 0.6999999881
50491  36.744  -29.658  -3.930 0.8999999762
50498  37.181  -29.219  -4.569 0.8999999762
51403  39.290  -27.904  -4.513 1.0000000000
56256  44.297  -23.660  1.457 0.3000000119
55237  43.841  -24.376  1.562 0.4000000060
56257  43.369  -23.700  1.443 0.3000000119
127256  44.617  -25.936  1.578 0.4000000060
55238  42.945  -24.458  1.346 0.3000000119
128576  44.314  -27.333  1.525 0.4000000060
140333  43.882  -25.742  1.574 0.4000000060
54275  43.088  -26.040  1.336 0.4000000060
52339  44.448  -28.187  1.534 0.4000000060
53285  43.263  -26.770  1.287 0.4000000060
53286  42.764  -26.731  0.991 0.4000000060
52340  43.643  -27.845  1.402 0.4000000060
50425  43.026  -29.288  1.145 0.5000000000
51336  43.670  -28.710  1.414 0.5000000000
50447  42.220  -29.083  -0.011 0.6000000238
51356  41.728  -29.043  -0.766 0.8000000119
51369  41.176  -28.896  -1.496 0.6999999881
51396  40.784  -28.207  -3.475 0.6999999881
51405  37.642  -28.867  -5.300 0.8999999762
121225  38.930  -27.927  -5.437 0.8999999762
51411  39.152  -27.956  -6.581 0.8000000119
51412  38.192  -28.608  -6.226 0.8000000119
52418  39.727  -27.740  -7.253 0.6999999881
52430  39.699  -27.578  -7.870 0.8000000119
141481  42.912  -23.043  1.353 0.3000000119
56258  42.458  -23.731  1.155 0.3000000119
54276  42.580  -25.261  1.142 0.3000000119
55258  41.719  -24.528  0.353 0.4000000060
129648  42.354  -26.036  0.809 0.4000000060
54286  41.966  -25.290  0.538 0.4000000060
53295  42.422  -26.764  0.379 0.5000000000
52341  43.085  -27.396  1.169 0.5000000000
52362  42.445  -27.468  -0.041 0.5000000000
53305  42.322  -26.915  -0.516 0.5000000000
122513  42.485  -28.265  0.069 0.5000000000
52371  42.450  -27.778  -1.027 0.5000000000
51355  42.212  -28.483  -0.929 0.6000000238
51368  41.931  -28.508  -1.655 0.6999999881
51383  42.097  -28.159  -2.371 0.6999999881
51384  41.702  -28.096  -3.144 0.6999999881
52394  41.475  -27.757  -4.007 0.6999999881
51402  40.419  -27.780  -4.269 0.6999999881
52398  41.713  -27.278  -4.444 0.6999999881
52406  39.911  -27.520  -5.337 0.8000000119
126632  40.792  -27.257  -5.721 0.6999999881
57333  43.317  -22.331  1.346 0.3000000119
126597  42.353  -22.436  1.131 0.3000000119
57347  41.511  -23.040  0.187 0.4000000060
57346  41.904  -23.243  0.809 0.3000000119
56280  41.588  -23.801  0.282 0.4000000060
54287  41.665  -25.177  -0.373 0.4000000060
54297  41.995  -26.071  0.033 0.4000000060
127275  41.697  -25.382  -1.456 0.3000000119
53306  41.957  -26.147  -0.943 0.5000000000
53317  42.389  -26.998  -1.534 0.6000000238
53318  42.143  -26.227  -1.965 0.5000000000
53328  42.195  -26.355  -2.902 0.4000000060
140322  42.275  -28.179  -1.702 0.6999999881
52379  42.400  -27.713  -2.065 0.6999999881
53327  42.370  -27.031  -2.467 0.6000000238
52380  42.219  -27.737  -2.910 0.6999999881
128347  41.436  -28.459  -2.280 0.6999999881
52393  42.006  -27.558  -3.661 0.6999999881
139409  42.061  -26.726  -3.873 0.6000000238
56302  41.391  -23.646  -0.449 0.3000000119
55278  41.436  -24.404  -1.122 0.3000000119
56313  41.293  -23.451  -1.333 0.3000000119
55285  41.330  -23.988  -2.150 0.3000000119
142435  41.160  -23.494  -2.584 0.3000000119
138833  41.529  -24.805  -1.980 0.3000000119
130649  41.505  -24.753  -2.755 0.4000000060
54315  41.834  -25.613  -3.306 0.5000000000
55291  41.388  -24.788  -3.618 0.5000000000
54323  41.688  -25.731  -4.205 0.6000000238
53352  41.768  -26.681  -4.848 0.6000000238
59327  41.806  -20.223  0.471 0.4000000060
58380  41.251  -21.400  -0.289 0.3000000119
134253  41.444  -22.141  0.127 0.3000000119
134799  41.141  -22.102  -0.786 0.3000000119
130951  40.887  -22.043  -1.490 0.3000000119
57395  41.114  -23.167  -2.115 0.3000000119
57396  40.812  -22.344  -2.264 0.3000000119
57400  40.700  -22.215  -3.238 0.3000000119
56326  41.183  -23.881  -3.084 0.4000000060
56327  40.901  -23.114  -3.611 0.4000000060
55306  41.239  -24.839  -4.445 0.6000000238
55292  41.057  -23.985  -3.981 0.4000000060
56336  40.776  -23.231  -4.436 0.4000000060
55318  41.110  -24.854  -5.142 0.5000000000
54336  41.493  -25.709  -5.062 0.6000000238
53383  41.126  -26.795  -7.963 0.6999999881
52431  38.765  -27.599  -7.903 0.8000000119
60379  41.907  -19.339  0.406 0.4000000060
60387  41.402  -19.805  -0.181 0.3000000119
134503  40.736  -20.874  -1.396 0.3000000119
58410  40.698  -21.548  -1.903 0.3000000119
58417  40.640  -21.649  -2.639 0.3000000119
136434  40.680  -22.422  -4.092 0.4000000060
57407  40.522  -22.523  -4.923 0.4000000060
56353  40.642  -23.382  -5.425 0.4000000060
55319  40.876  -24.356  -5.619 0.4000000060
54341  41.154  -25.398  -5.900 0.5000000000
56365  40.583  -23.137  -6.331 0.4000000060
53359  41.442  -26.454  -5.703 0.6000000238
55331  41.030  -24.687  -6.460 0.4000000060
53382  41.397  -26.292  -7.503 0.6999999881
55330  41.465  -24.898  -7.495 0.4000000060
55352  41.872  -24.771  -8.539 0.4000000060
53396  41.500  -26.090  -8.390 0.6000000238
55368  42.028  -24.470  -9.288 0.5000000000
138200  41.443  -25.795  -8.974 0.6000000238
53384  39.556  -27.067  -8.359 0.6999999881
53399  39.348  -26.305  -8.567 0.6999999881
133796  41.924  -18.616  0.340 0.3000000119
60411  40.948  -19.542  -1.016 0.3000000119
59367  40.684  -20.157  -1.685 0.3000000119
133235  40.590  -20.026  -2.462 0.3000000119
126975  40.556  -21.251  -3.228 0.3000000119
138917  40.485  -21.878  -4.549 0.4000000060
127806  40.356  -21.763  -5.363 0.3000000119
131984  40.360  -20.964  -5.849 0.3000000119
57423  40.392  -22.506  -5.947 0.3000000119
58446  40.415  -21.700  -6.565 0.3000000119
55353  41.100  -24.211  -7.022 0.4000000060
57431  40.702  -22.635  -7.162 0.3000000119
58453  41.237  -21.848  -7.813 0.3000000119
122617  41.419  -23.289  -7.963 0.3000000119
57443  41.820  -22.689  -8.528 0.3000000119
137276  42.233  -24.122  -9.070 0.3000000119
140538  42.624  -23.201  -9.765 0.4000000060
55379  42.072  -24.196  -9.666 0.5000000000
55369  40.836  -25.116  -9.426 0.5000000000
135741  40.012  -24.990  -9.131 0.5000000000
61346  41.278  -18.088  -0.814 0.3000000119
61347  40.963  -18.773  -1.358 0.3000000119
60412  40.681  -19.429  -1.967 0.3000000119
60426  40.627  -19.435  -2.882 0.3000000119
59395  40.476  -20.263  -4.206 0.3000000119
59424  40.628  -20.320  -6.100 0.3000000119
132431  40.749  -20.859  -7.110 0.3000000119
128506  42.025  -21.245  -8.500 0.3000000119
58464  42.424  -22.051  -9.245 0.3000000119
56401  41.307  -23.593  -9.808 0.4000000060
55370  40.541  -24.341  -9.454 0.5000000000
56391  40.023  -23.584  -9.368 0.5000000000
55371  39.456  -24.294  -8.844 0.5000000000
62234  41.243  -17.390  -1.259 0.3000000119
61363  41.035  -18.059  -1.768 0.3000000119
61375  40.761  -18.696  -3.344 0.3000000119
60433  40.610  -19.478  -3.788 0.3000000119
60442  40.716  -19.562  -4.681 0.3000000119
59413  40.551  -20.307  -5.128 0.3000000119
60463  41.139  -19.878  -6.879 0.3000000119
59440  41.676  -20.498  -7.875 0.3000000119
58484  42.405  -22.192  -10.292 0.4000000060
128105  40.773  -23.031  -9.763 0.4000000060
57458  39.496  -22.739  -8.983 0.4000000060
58477  39.423  -21.839  -8.919 0.4000000060
56392  38.915  -23.496  -8.573 0.5000000000
57459  38.640  -22.174  -8.456 0.4000000060
63195  41.982  -16.757  -0.020 0.3000000119
62217  41.555  -17.392  -0.418 0.3000000119
62265  40.945  -17.974  -3.778 0.3000000119
61384  40.886  -18.661  -4.394 0.3000000119
61392  41.040  -18.978  -5.249 0.3000000119
60452  40.853  -19.618  -5.645 0.3000000119
60462  41.848  -19.241  -7.334 0.3000000119
59439  42.791  -20.488  -8.954 0.3000000119
59438  43.284  -19.861  -9.286 0.3000000119
126289  42.499  -21.526  -9.875 0.3000000119
59467  42.128  -21.466  -10.133 0.4000000060
59468  40.692  -21.373  -9.465 0.3000000119
63212  41.438  -16.562  -0.865 0.3000000119
63222  41.233  -16.789  -1.842 0.3000000119
63234  41.202  -16.217  -2.604 0.3000000119
62251  41.118  -17.109  -2.727 0.3000000119
62273  41.137  -17.283  -4.129 0.3000000119
138546  41.117  -17.836  -4.568 0.3000000119
130146  41.556  -17.162  -5.161 0.3000000119
61391  41.310  -18.091  -5.503 0.3000000119
60451  41.410  -18.856  -6.372 0.3000000119
62280  42.003  -17.441  -6.111 0.3000000119
61420  42.794  -19.181  -8.304 0.3000000119
133884  41.342  -15.993  -1.624 0.3000000119
63249  41.156  -16.763  -3.489 0.3000000119
64256  41.258  -15.440  -2.913 0.3000000119
134219  41.253  -15.986  -3.606 0.3000000119
130442  41.384  -16.525  -4.359 0.3000000119
62289  42.763  -17.334  -6.983 0.3000000119
62288  43.543  -17.816  -7.938 0.3000000119
123799  43.870  -19.180  -9.022 0.3000000119
64244  41.364  -14.876  -2.356 0.3000000119
65238  41.418  -14.140  -2.625 0.3000000119
64269  41.570  -15.629  -4.482 0.3000000119
65250  41.479  -14.777  -4.067 0.4000000060
128175  41.913  -16.279  -5.304 0.3000000119
63268  42.485  -15.989  -6.183 0.3000000119
63269  42.474  -16.745  -6.352 0.3000000119
65263  41.792  -14.871  -4.967 0.4000000060
138358  41.626  -14.192  -4.475 0.4000000060
64282  42.415  -14.898  -5.994 0.4000000060
122656  41.508  -12.955  -3.432 0.3000000119
67205  42.125  -12.656  -4.980 0.4000000060
42014  36.778  -37.521  -5.028 1.0000000000
42004  36.143  -38.154  -4.825 0.8999999762
130806  40.166  -27.443  -6.451 0.8000000119
52417  40.514  -27.315  -7.406 0.8000000119
53372  41.111  -26.858  -7.052 0.6999999881
37428  39.610  -42.295  -4.696 0.6000000238
37427  40.163  -42.730  -5.303 0.6000000238
36630  41.014  -43.192  -1.370 0.5000000000
36619  41.234  -43.066  -0.944 0.5000000000
39956  39.567  -39.751  -4.244 0.6000000238
142906  39.021  -41.207  -6.948 0.8999999762
40954  40.497  -38.427  -3.470 0.5000000000
131207  39.490  -39.305  0.285 0.4000000060
40913  40.102  -38.228  -0.814 0.5000000000
126088  39.490  -40.811  0.829 0.4000000060
125515  44.534  -40.553  -8.858 0.6999999881
135104  41.283  -40.108  -8.577 0.8999999762
41976  40.906  -37.697  -1.335 0.5000000000
43030  41.648  -36.558  0.579 0.5000000000
139659  44.404  -38.465  -9.752 0.8000000119
38978  39.526  -40.112  1.374 0.4000000060
39994  43.028  -39.454  -9.542 0.8000000119
43041  43.320  -36.133  -0.873 0.4000000060
134940  40.010  -36.851  -7.684 0.8000000119
43077  44.481  -36.475  -2.785 0.4000000060
44101  44.250  -35.676  -0.828 0.4000000060
43165  44.417  -36.796  -9.721 0.8000000119
43107  37.424  -37.010  -5.343 1.0000000000
44130  45.677  -36.001  -3.243 0.5000000000
43104  45.033  -37.137  -4.263 0.5000000000
42032  45.410  -37.499  -5.920 0.6999999881
43115  38.890  -36.053  -5.693 1.0000000000
43106  38.177  -36.801  -4.798 1.0000000000
44104  38.805  -35.751  -0.793 1.0000000000
45233  42.131  -34.326  -7.184 0.8000000119
45187  40.938  -35.095  -2.242 1.0000000000
126894  43.974  -33.692  -4.086 0.8000000119
45203  41.124  -35.004  -3.229 1.0000000000
121348  44.987  -33.453  -6.583 0.6999999881
46190  42.503  -33.831  -1.219 0.8000000119
46174  41.434  -33.767  -0.090 1.0000000000
46271  45.685  -32.659  -9.430 0.6000000238
49456  50.762  -30.658  -5.285 0.4000000060
44089  35.160  -35.633  -0.281 1.0000000000
142827  35.591  -33.639  -0.931 1.0000000000
50495  50.089  -29.624  -4.743 0.4000000060
49398  38.979  -30.933  -0.762 1.0000000000
48373  50.745  -31.440  -5.457 0.4000000060
48360  50.337  -31.167  -4.873 0.5000000000
53316  47.997  -26.357  -1.279 0.4000000060
53326  48.396  -26.591  -2.233 0.4000000060
49410  38.548  -30.491  -1.517 1.0000000000
50477  48.785  -29.608  -2.542 0.5000000000
52337  46.144  -27.421  1.229 0.5000000000
50433  46.595  -29.363  0.812 0.5000000000
49369  43.803  -30.319  1.319 0.5000000000
51345  42.921  -28.293  1.089 0.5000000000
52352  42.691  -27.490  0.666 0.5000000000
52399  41.161  -27.443  -4.892 0.6999999881
52404  41.400  -27.057  -5.479 0.6999999881
53371  41.326  -26.282  -6.539 0.6000000238
131476  40.409  -21.079  -4.667 0.3000000119
130135  41.738  -44.331  -8.076 0.5000000000
35878  40.883  -44.470  -7.605 0.5000000000
37460  39.928  -42.738  -7.378 0.5000000000
34083  41.493  -47.294  -7.713 0.5000000000
35868  40.658  -45.173  -7.437 0.5000000000
34082  42.888  -47.647  -8.148 0.5000000000
132301  41.739  -45.272  -7.975 0.5000000000
34081  43.432  -47.310  -8.045 0.5000000000
34989  43.724  -46.044  -7.158 0.4000000060
35875  44.183  -45.238  -7.972 0.5000000000
35856  42.967  -45.475  -6.321 0.4000000060
35865  43.967  -45.382  -7.684 0.5000000000
35857  41.925  -44.974  -5.646 0.5000000000
35866  43.656  -44.965  -6.963 0.5000000000
39899  33.662  -39.532  0.231 0.6999999881
38979  33.174  -40.280  0.254 0.6999999881
39911  34.890  -39.339  -0.679 0.8000000119
39927  35.032  -39.770  -1.501 0.8000000119
39928  34.564  -40.043  -0.847 0.8000000119
40948  35.526  -39.351  -2.120 0.8999999762
143167  33.409  -38.968  0.401 0.6999999881
40933  35.404  -38.983  -0.919 0.8999999762
40916  34.939  -38.656  -0.260 0.8999999762
40932  36.064  -38.466  -1.074 0.8999999762
41978  36.895  -37.941  -1.175 0.8999999762
41945  33.549  -38.203  0.386 0.6000000238
40899  33.993  -38.758  0.298 0.8000000119
40915  35.562  -38.138  -0.303 0.8999999762
41959  36.304  -37.582  -0.438 0.8999999762
41958  37.235  -37.116  -0.657 0.8999999762
141251  37.775  -37.026  -1.093 0.8999999762
44205  47.330  -34.947  -9.970 0.5000000000
44191  46.943  -35.448  -9.135 0.5000000000
44206  46.582  -34.773  -10.169 0.5000000000
44175  46.827  -35.981  -7.937 0.6000000238
43135  46.843  -37.250  -6.966 0.6000000238
41961  33.311  -37.350  0.214 0.6000000238
125798  34.714  -37.226  0.187 0.8999999762
135163  35.587  -37.352  -0.022 0.8999999762
130780  34.961  -37.969  0.120 0.8999999762
142142  36.407  -36.651  -0.240 0.8999999762
43045  37.303  -36.249  -0.445 0.8999999762
46281  47.386  -33.498  -10.371 0.5000000000
46282  46.548  -32.971  -10.226 0.5000000000
133832  47.696  -33.957  -10.763 0.5000000000
45259  46.908  -33.800  -10.415 0.5000000000
133212  34.588  -36.236  -0.037 0.8999999762
43046  33.919  -36.765  0.161 0.6999999881
132963  35.438  -36.518  -0.063 0.8999999762
44087  36.815  -35.765  -0.331 0.8999999762
46269  46.869  -32.961  -9.723 0.5000000000
45258  48.054  -33.823  -10.953 0.5000000000
44088  36.005  -35.798  -0.303 0.8999999762
46268  47.710  -33.224  -9.561 0.5000000000
46280  48.256  -33.539  -10.418 0.5000000000
130646  48.443  -33.286  -9.244 0.4000000060
45188  32.906  -34.146  -2.080 0.6000000238
46203  33.282  -33.398  -2.486 0.6000000238
46194  33.553  -33.857  -1.787 0.8000000119
47236  33.475  -32.702  -3.040 0.6999999881
47245  33.051  -32.359  -3.774 0.6999999881
47258  33.068  -31.858  -4.326 0.6999999881
46202  33.937  -32.896  -2.440 0.8000000119
46193  34.042  -33.366  -1.872 0.8000000119
48354  33.608  -31.791  -3.986 0.6999999881
48364  33.434  -31.417  -4.592 0.6999999881
48363  34.062  -31.281  -4.364 0.6999999881
128408  33.857  -30.981  -4.991 0.6999999881
141498  34.962  -32.011  -2.730 0.8000000119
48352  35.245  -31.320  -3.249 0.8000000119
130182  35.442  -32.219  -2.180 0.8000000119
49444  34.483  -30.751  -4.932 0.6999999881
49436  34.775  -30.960  -4.037 0.6999999881
49435  35.573  -30.613  -3.732 0.8000000119
48345  35.710  -31.610  -2.531 0.8000000119
49443  35.214  -30.488  -4.757 0.6999999881
50500  35.746  -30.133  -5.503 0.8000000119
50523  35.701  -29.552  -6.582 0.6000000238
49427  36.012  -30.902  -2.945 0.8000000119
49442  35.977  -30.095  -4.353 0.8000000119
50521  36.789  -29.523  -6.558 0.6000000238
51427  36.263  -29.221  -7.048 0.6000000238
52420  36.565  -27.853  -7.206 0.6000000238
50508  36.940  -29.379  -5.673 0.8000000119
51426  36.983  -29.311  -7.169 0.6000000238
52433  37.206  -28.223  -7.575 0.6000000238
50499  36.412  -29.595  -4.972 0.8000000119
128374  37.224  -27.168  -7.399 0.6000000238
51413  37.373  -29.223  -6.498 0.6999999881
138715  38.257  -28.229  -7.627 0.6000000238
126307  38.833  -26.897  -8.237 0.6999999881
137107  37.576  -26.317  -7.540 0.6000000238
52432  37.859  -27.970  -7.762 0.6000000238
54372  38.335  -26.019  -7.962 0.6000000238
51425  38.291  -28.504  -7.173 0.6999999881
52419  38.976  -27.990  -7.473 0.6999999881
34058  41.461  -46.353  -5.245 0.4000000060
35867  42.663  -44.575  -6.321 0.5000000000
35000  43.761  -45.899  -8.031 0.5000000000
132663  42.975  -46.366  -8.299 0.5000000000
46267  49.080  -33.447  -9.395 0.3000000119
47227  34.744  -32.739  -2.020 0.8000000119
34074  43.674  -46.850  -7.715 0.5000000000
39912  34.353  -39.277  -0.120 0.8000000119
44190  47.422  -36.102  -8.375 0.5000000000
47235  34.199  -32.366  -2.850 0.8000000119
48353  34.361  -31.695  -3.498 0.6999999881
49457  35.057  -30.305  -5.688 0.6999999881
50509  36.327  -29.824  -6.092 0.6999999881
44129  46.437  -35.639  -3.356 0.4000000060
44128  47.338  -35.256  -3.446 0.4000000060
44141  46.709  -35.955  -4.239 0.4000000060
43113  47.243  -37.304  -5.853 0.5000000000
44127  48.003  -35.057  -3.879 0.4000000060
45200  48.710  -34.707  -3.713 0.4000000060
122906  46.890  -37.796  -6.275 0.5000000000
43112  47.869  -36.833  -6.039 0.5000000000
44150  48.278  -35.861  -5.519 0.4000000060
43101  46.987  -36.583  -5.069 0.4000000060
44138  49.310  -34.669  -4.326 0.4000000060
44139  48.359  -35.259  -4.646 0.4000000060
44140  47.489  -35.651  -4.448 0.4000000060
45213  50.156  -34.492  -4.048 0.4000000060
44174  47.497  -37.386  -7.310 0.5000000000
44149  49.065  -35.228  -5.364 0.4000000060
44148  49.892  -34.986  -5.773 0.4000000060
44147  52.298  -34.622  -5.630 0.4000000060
45220  51.495  -34.569  -5.437 0.4000000060
141920  50.649  -34.510  -4.485 0.4000000060
44136  52.700  -35.045  -5.108 0.4000000060
45211  51.993  -34.696  -4.827 0.4000000060
144330  47.391  -37.743  -6.788 0.5000000000
139950  47.493  -37.645  -6.569 0.5000000000
44201  55.114  -35.733  -9.083 0.3000000119
44163  48.498  -36.243  -6.151 0.4000000060
127036  55.461  -35.358  -8.356 0.3000000119
44168  55.741  -35.425  -7.758 0.3000000119
44157  55.233  -35.414  -7.131 0.3000000119
44170  53.859  -34.966  -7.395 0.3000000119
45239  53.215  -34.753  -6.884 0.3000000119
45240  52.358  -34.851  -7.066 0.4000000060
45231  51.677  -34.744  -6.436 0.4000000060
45232  50.703  -34.821  -6.113 0.4000000060
44158  54.436  -35.198  -6.653 0.3000000119
44159  53.865  -35.060  -6.303 0.3000000119
45229  53.344  -34.777  -6.329 0.4000000060
43134  48.031  -37.500  -7.604 0.4000000060
43124  47.829  -37.869  -7.022 0.4000000060
44162  48.723  -36.793  -6.844 0.4000000060
43123  48.038  -37.542  -6.725 0.4000000060
140200  55.026  -36.843  -10.004 0.3000000119
42056  53.334  -38.114  -10.185 0.3000000119
43145  54.110  -35.718  -8.813 0.3000000119
43146  53.369  -36.212  -9.041 0.3000000119
43147  52.550  -36.381  -8.887 0.3000000119
44187  51.598  -35.876  -8.095 0.4000000060
44172  51.343  -35.445  -7.445 0.4000000060
44160  50.723  -35.281  -6.884 0.4000000060
44184  54.640  -35.165  -8.106 0.3000000119
44185  53.419  -35.520  -8.269 0.3000000119
44171  52.920  -35.142  -7.554 0.3000000119
41002  50.297  -39.213  -10.671 0.3000000119
42060  49.928  -38.699  -9.778 0.3000000119
42048  49.298  -38.226  -8.776 0.4000000060
43163  49.377  -38.300  -9.164 0.4000000060
43150  48.918  -38.318  -8.059 0.4000000060
43133  48.378  -37.627  -7.524 0.4000000060
41000  51.739  -39.616  -10.633 0.3000000119
42058  51.208  -38.837  -9.823 0.3000000119
42047  49.892  -38.463  -8.956 0.3000000119
130076  50.403  -37.683  -8.593 0.4000000060
43149  49.466  -37.996  -8.211 0.4000000060
43132  49.010  -37.596  -7.558 0.4000000060
43162  51.864  -37.446  -9.349 0.3000000119
42046  50.813  -38.028  -9.179 0.3000000119
44188  50.709  -36.580  -8.162 0.4000000060
44173  50.108  -36.298  -7.583 0.4000000060
43161  52.881  -37.119  -9.525 0.3000000119
43148  51.473  -36.714  -8.685 0.3000000119
44161  49.714  -35.717  -6.775 0.4000000060
143972  48.308  -34.045  -11.131 0.4000000060
44204  48.888  -34.886  -11.116 0.4000000060
131350  48.246  -34.975  -10.294 0.4000000060
44189  48.142  -36.252  -8.812 0.4000000060
126705  49.502  -36.625  -10.504 0.3000000119
138037  48.839  -36.650  -9.279 0.4000000060
42068  49.876  -38.260  -10.498 0.4000000060
43151  48.517  -37.852  -7.978 0.4000000060
49458  34.229  -30.484  -5.401 0.6000000238
49459  33.605  -30.589  -5.232 0.6000000238
51428  35.470  -28.979  -6.729 0.5000000000
131963  35.254  -29.943  -6.249 0.5000000000
52421  35.363  -28.029  -6.375 0.5000000000
53373  36.282  -26.671  -6.799 0.5000000000
53386  36.824  -25.986  -7.128 0.5000000000
54373  37.386  -25.443  -7.523 0.5000000000
124342  37.981  -24.940  -7.956 0.4000000060
129652  43.508  -17.049  -8.407 0.3000000119
139453  43.550  -16.170  -8.228 0.3000000119
63301  42.469  -16.509  -8.596 0.3000000119
142644  42.469  -15.505  -6.112 0.3000000119
64290  43.163  -15.511  -6.811 0.3000000119
63288  43.698  -15.972  -7.715 0.3000000119
142323  43.695  -16.001  -8.194 0.3000000119
64313  42.668  -15.583  -8.456 0.3000000119
63302  40.919  -16.348  -8.574 0.3000000119
64314  40.763  -14.803  -8.613 0.3000000119
122654  42.644  -13.967  -6.374 0.3000000119
65284  43.205  -14.734  -6.863 0.3000000119
64299  43.680  -15.128  -7.719 0.3000000119
64298  43.691  -15.172  -8.055 0.3000000119
64312  43.589  -15.498  -8.195 0.3000000119
143711  42.822  -14.977  -8.418 0.3000000119
138823  41.863  -14.918  -8.577 0.3000000119
65315  38.993  -13.760  -9.198 0.3000000119
66215  42.272  -13.300  -5.544 0.3000000119
142990  43.128  -13.595  -6.917 0.3000000119
65283  43.387  -14.085  -7.406 0.3000000119
142477  43.565  -13.046  -7.830 0.3000000119
66245  43.451  -13.664  -8.081 0.3000000119
129034  43.298  -12.995  -8.256 0.3000000119
66246  42.734  -13.587  -8.358 0.3000000119
131411  41.655  -13.736  -8.489 0.3000000119
66247  40.693  -13.455  -8.702 0.3000000119
67224  42.495  -12.553  -5.848 0.3000000119
68223  42.930  -11.583  -6.726 0.3000000119
67242  43.098  -12.404  -6.887 0.3000000119
67256  43.650  -12.100  -8.098 0.3000000119
67262  43.371  -12.222  -8.373 0.3000000119
67263  42.528  -12.679  -8.496 0.3000000119
67264  41.346  -12.246  -8.703 0.3000000119
68207  42.628  -11.925  -6.039 0.3000000119
69171  43.320  -11.211  -7.482 0.3000000119
68222  43.564  -11.922  -7.626 0.3000000119
69187  43.517  -10.929  -8.068 0.3000000119
140109  43.002  -11.496  -8.650 0.3000000119
69172  42.774  -10.804  -6.545 0.3000000119
69188  43.127  -10.323  -7.418 0.3000000119
70165  43.327  -9.601  -7.922 0.3000000119
69199  43.284  -10.533  -8.562 0.3000000119
70166  42.913  -9.540  -7.102 0.3000000119
71091  43.032  -8.779  -7.430 0.3000000119
45212  51.302  -34.568  -4.583 0.4000000060
44113  46.909  -35.157  -2.687 0.4000000060
122019  48.850  -34.616  -2.928 0.4000000060
45198  50.351  -34.718  -3.454 0.4000000060
45199  49.555  -34.617  -3.425 0.4000000060
43098  53.228  -35.913  -4.918 0.4000000060
43099  52.563  -35.785  -4.488 0.4000000060
44125  51.585  -34.893  -4.069 0.4000000060
44167  56.375  -35.841  -8.137 0.3000000119
43120  56.199  -36.849  -7.231 0.3000000119
43121  55.477  -36.247  -6.762 0.3000000119
42031  54.928  -36.868  -6.136 0.3000000119
43110  54.461  -36.242  -5.793 0.3000000119
44146  53.478  -35.208  -5.670 0.3000000119
44183  55.904  -35.428  -8.279 0.3000000119
42055  54.457  -37.975  -10.452 0.3000000119
135820  51.279  -39.773  -11.033 0.3000000119
42066  53.788  -39.421  -10.994 0.3000000119
45257  48.602  -33.995  -11.207 0.4000000060
43174  49.985  -36.898  -11.488 0.3000000119
42075  50.206  -38.346  -11.119 0.3000000119
49445  33.209  -31.028  -5.005 0.6000000238
136573  42.309  -11.887  -5.102 0.3000000119
143165  42.286  -11.259  -4.979 0.3000000119
69160  42.544  -10.534  -5.705 0.3000000119
124873  42.672  -9.039  -6.377 0.3000000119
43159  56.009  -36.479  -10.081 0.3000000119
43114  46.577  -37.467  -5.680 0.5000000000
121732  49.182  -35.688  -6.195 0.4000000060
43160  54.012  -36.713  -9.607 0.3000000119
131876  41.504  -13.049  -8.575 0.3000000119
68249  43.432  -11.433  -8.342 0.3000000119
69200  42.918  -10.735  -8.946 0.3000000119
121675  42.596  -8.223  -6.500 0.3000000119
45171  46.965  -34.829  -1.866 0.3000000119
45184  47.659  -34.702  -2.421 0.3000000119
36651  37.177  -43.250  -2.702 0.6000000238
37418  36.785  -42.503  -2.289 0.6999999881
36631  36.458  -43.644  -1.245 0.6999999881
45168  48.869  -34.696  -2.188 0.3000000119
39871  39.841  -39.049  2.463 0.3000000119
40867  40.107  -38.176  2.037 0.3000000119
120473  34.178  -43.106  -1.208 0.6999999881
44080  45.851  -35.091  -0.254 0.3000000119
37402  35.023  -42.765  -1.152 0.6999999881
36632  35.860  -43.357  -0.865 0.6999999881
44078  47.637  -34.912  -0.486 0.3000000119
45169  48.222  -34.529  -1.831 0.3000000119
37401  36.126  -42.528  -1.422 0.6999999881
43057  49.415  -35.853  -1.281 0.3000000119
43088  51.030  -36.622  -3.044 0.3000000119
43075  50.008  -36.088  -1.872 0.3000000119
44097  49.484  -35.245  -1.919 0.3000000119
41998  51.279  -37.597  -3.571 0.3000000119
43074  50.569  -36.021  -2.509 0.3000000119
43019  41.702  -36.567  1.482 0.3000000119
44067  43.742  -35.563  0.632 0.4000000060
38174  34.162  -41.658  -1.263 0.6999999881
44063  47.342  -35.423  0.104 0.3000000119
44081  44.940  -35.241  -0.137 0.3000000119
38173  34.792  -41.940  -1.585 0.6999999881
142041  47.943  -35.463  -0.204 0.3000000119
41953  49.141  -36.351  -0.849 0.3000000119
41987  50.380  -37.007  -2.157 0.3000000119
44111  50.494  -35.229  -2.936 0.3000000119
40952  50.909  -38.466  -3.473 0.3000000119
44050  42.837  -35.816  0.905 0.4000000060
38175  33.598  -41.919  -0.871 0.6999999881
43028  46.501  -36.281  1.070 0.3000000119
44065  45.534  -35.393  0.516 0.3000000119
41955  48.272  -37.011  -0.140 0.3000000119
43027  47.200  -36.169  0.624 0.3000000119
38190  34.738  -41.187  -1.889 0.6999999881
41973  49.232  -37.793  -1.095 0.3000000119
38189  34.917  -41.125  -2.353 0.6999999881
43100  52.000  -35.710  -4.024 0.3000000119
43087  51.436  -35.697  -3.488 0.3000000119
41997  51.999  -37.670  -4.205 0.3000000119
135186  51.690  -36.647  -3.728 0.3000000119
39006  34.333  -40.922  -1.065 0.6999999881
41941  47.608  -37.001  0.368 0.3000000119
39941  34.774  -40.478  -1.862 0.6999999881
40911  48.036  -38.705  -0.525 0.3000000119
131330  48.527  -37.876  -0.584 0.3000000119
39940  34.743  -40.000  -2.806 0.6999999881
40960  52.839  -37.879  -4.768 0.3000000119
135176  47.244  -37.901  0.425 0.3000000119
131952  52.760  -36.829  -4.496 0.3000000119
45270  49.158  -34.582  -11.305 0.3000000119
36657  37.383  -43.377  -3.761 0.5000000000
35803  36.173  -44.480  -0.923 0.6999999881
36652  37.011  -43.903  -2.133 0.6000000238
35819  36.723  -44.596  -1.648 0.6000000238
37422  37.225  -42.497  -3.292 0.6000000238
126296  34.140  -42.402  -1.309 0.6999999881
42999  42.586  -36.716  2.621 0.3000000119
43016  44.117  -36.296  2.017 0.4000000060
39007  33.746  -41.178  -0.584 0.6999999881
43015  44.953  -36.345  1.702 0.4000000060
44048  44.357  -35.739  1.329 0.4000000060
38992  33.870  -40.292  -0.222 0.6999999881
41942  46.973  -37.051  0.910 0.3000000119
135177  46.634  -37.995  0.928 0.3000000119
40896  46.335  -38.842  0.989 0.3000000119
45152  47.244  -34.685  -1.034 0.3000000119
125255  36.821  -43.139  -1.845 0.6000000238
40912  47.447  -38.698  -0.056 0.3000000119
134653  45.467  -37.114  1.901 0.3000000119
34991  39.536  -45.851  -6.479 0.5000000000
35859  38.266  -43.974  -5.868 0.5000000000
34983  38.333  -44.804  -5.812 0.5000000000
36678  40.101  -44.235  -7.113 0.4000000060
29095  32.968  -52.175  -1.127 0.4000000060
133438  31.200  -53.233  -0.885 0.5000000000
35870  38.822  -44.367  -6.298 0.4000000060
36679  39.371  -44.054  -6.678 0.5000000000
137764  37.803  -44.488  -5.272 0.5000000000
26204  28.596  -54.590  -2.307 0.4000000060
25213  27.313  -55.298  -2.569 0.4000000060
28112  32.233  -52.180  -0.749 0.5000000000
36662  37.590  -43.677  -4.726 0.4000000060
26206  26.761  -54.396  -2.865 0.4000000060
25214  26.478  -55.355  -2.714 0.4000000060
128026  29.496  -53.071  -1.948 0.4000000060
28113  31.485  -52.088  -0.708 0.5000000000
28128  30.762  -52.420  -0.953 0.4000000060
31088  33.835  -49.698  -0.365 0.5000000000
32038  35.060  -47.765  -0.401 0.4000000060
35838  37.260  -44.141  -3.255 0.5000000000
34026  36.522  -46.168  -1.635 0.4000000060
139459  35.746  -47.620  -1.419 0.4000000060
35839  36.991  -44.780  -2.627 0.4000000060
26207  26.005  -54.782  -2.899 0.4000000060
28155  23.967  -52.346  -2.946 0.4000000060
28139  29.068  -52.192  -2.357 0.4000000060
136650  26.132  -50.603  -2.920 0.4000000060
29097  30.853  -51.512  -0.836 0.5000000000
129062  30.051  -51.622  -1.447 0.4000000060
30152  26.932  -50.592  -2.905 0.4000000060
30113  32.141  -50.735  -0.375 0.5000000000
32069  27.942  -48.640  -2.672 0.4000000060
32082  27.256  -49.025  -2.656 0.4000000060
141339  33.381  -50.025  -0.315 0.5000000000
32040  33.243  -49.159  0.013 0.5000000000
33071  28.623  -47.533  -2.736 0.4000000060
133703  27.979  -47.166  -2.637 0.4000000060
122142  34.132  -49.085  -0.245 0.5000000000
121705  34.369  -47.821  0.072 0.6000000238
33044  35.404  -46.962  -0.468 0.6000000238
34009  36.295  -45.993  -0.985 0.5000000000
27171  24.242  -53.121  -3.214 0.4000000060
121871  24.872  -51.795  -3.181 0.4000000060
27157  27.447  -53.619  -2.922 0.4000000060
29142  26.534  -51.145  -3.085 0.4000000060
137464  30.171  -50.683  -1.429 0.5000000000
122350  29.471  -51.048  -1.984 0.4000000060
29141  27.287  -51.315  -3.093 0.4000000060
31090  31.565  -49.821  -0.427 0.5000000000
32068  28.351  -49.067  -2.675 0.4000000060
31131  28.011  -49.784  -2.728 0.4000000060
128773  32.306  -49.303  -0.138 0.5000000000
33046  33.762  -47.370  0.270 0.5000000000
34045  28.625  -46.721  -2.671 0.4000000060
34011  34.747  -46.243  -0.119 0.6000000238
34929  35.973  -45.386  -0.792 0.6000000238
142274  25.837  -52.650  -3.458 0.4000000060
144344  28.658  -51.773  -2.619 0.4000000060
121530  26.516  -52.601  -3.443 0.4000000060
28154  27.288  -52.113  -3.326 0.4000000060
31119  28.571  -49.705  -2.602 0.4000000060
32042  31.549  -48.845  -0.438 0.5000000000
130984  28.896  -48.943  -2.621 0.4000000060
144527  28.968  -47.768  -2.770 0.4000000060
33047  33.090  -48.057  0.209 0.5000000000
133972  29.162  -47.153  -2.763 0.4000000060
36620  36.108  -43.844  -0.806 0.6000000238
34930  35.232  -45.406  -0.381 0.6000000238
142089  34.017  -46.059  0.103 0.6000000238
26221  25.824  -54.027  -3.151 0.4000000060
27158  26.651  -53.430  -3.271 0.4000000060
29127  28.336  -51.314  -2.752 0.4000000060
30140  28.199  -50.481  -2.734 0.4000000060
31091  30.576  -49.874  -1.175 0.5000000000
31108  29.816  -49.750  -1.864 0.5000000000
31118  29.166  -49.658  -2.365 0.5000000000
136425  30.182  -49.198  -1.636 0.5000000000
32057  30.221  -48.409  -1.661 0.5000000000
141195  32.326  -47.739  -0.061 0.5000000000
33048  31.523  -47.889  -0.529 0.5000000000
33059  30.725  -47.671  -1.351 0.5000000000
33070  29.389  -47.589  -2.582 0.4000000060
34012  33.482  -46.459  0.131 0.6000000238
34043  29.895  -46.792  -2.571 0.5000000000
128392  29.985  -46.077  -2.638 0.4000000060
36621  35.695  -44.035  -0.637 0.6000000238
135726  34.858  -44.488  -0.471 0.6000000238
135938  32.837  -46.157  -0.220 0.6000000238
123462  31.330  -46.991  -1.136 0.5000000000
34029  30.642  -46.857  -1.969 0.5000000000
34932  33.437  -45.572  -0.269 0.6000000238
34027  32.054  -46.331  -0.744 0.6000000238
34028  31.283  -46.168  -1.736 0.5000000000
35805  33.835  -44.687  -0.585 0.6000000238
36633  35.067  -43.565  -0.766 0.6000000238
38159  31.697  -41.637  -0.115 0.5000000000
37389  32.081  -42.140  -0.308 0.6000000238
37405  31.583  -42.881  -0.676 0.5000000000
37404  32.513  -42.869  -0.891 0.6000000238
130469  31.983  -43.419  -1.114 0.6000000238
36636  31.206  -43.553  -1.230 0.5000000000
35823  31.011  -44.368  -1.814 0.5000000000
35806  33.012  -44.878  -0.952 0.6000000238
34947  31.914  -45.524  -1.486 0.5000000000
34042  30.527  -46.095  -2.338 0.5000000000
34961  30.261  -45.489  -2.412 0.5000000000
35841  29.794  -44.944  -2.256 0.5000000000
38158  32.502  -41.139  0.126 0.5000000000
38980  32.577  -40.183  0.358 0.5000000000
126919  33.319  -40.869  -0.044 0.6000000238
37388  32.873  -42.038  -0.456 0.6000000238
124263  31.839  -44.783  -1.692 0.6000000238
34948  31.079  -45.319  -2.075 0.5000000000
37403  33.386  -42.698  -1.160 0.6000000238
36635  32.676  -43.648  -1.291 0.6000000238
34975  37.385  -45.310  -4.839 0.4000000060
35846  37.246  -44.621  -3.956 0.4000000060
37440  37.710  -42.911  -5.262 0.5000000000
36669  37.889  -43.636  -5.413 0.4000000060
35821  33.270  -44.136  -1.173 0.6000000238
35869  39.673  -44.939  -6.712 0.5000000000
34061  37.187  -46.169  -4.983 0.5000000000
123218  38.957  -45.097  -6.193 0.5000000000
34984  37.827  -45.407  -5.359 0.5000000000
136926  32.694  -51.502  -0.655 0.5000000000
27156  28.215  -53.770  -2.543 0.4000000060
28141  28.063  -52.945  -2.933 0.4000000060
31133  26.515  -49.420  -2.699 0.4000000060
136620  27.948  -47.913  -2.664 0.4000000060
141009  27.785  -52.353  -3.167 0.4000000060
30139  28.861  -50.539  -2.470 0.4000000060
137507  25.863  -53.155  -3.426 0.4000000060
136014  32.420  -45.035  -1.386 0.6000000238
132562  24.820  -51.005  -3.067 0.3000000119
125168  27.217  -48.309  -2.611 0.3000000119
31134  25.618  -49.854  -2.818 0.3000000119
133445  27.013  -47.472  -2.492 0.3000000119
31120  25.832  -49.054  -2.705 0.3000000119
138578  26.421  -48.048  -2.570 0.3000000119
32071  25.505  -48.305  -2.547 0.3000000119
26205  27.731  -54.487  -2.558 0.4000000060
27155  29.010  -53.775  -2.199 0.4000000060
27169  27.340  -52.838  -3.308 0.4000000060
28127  31.726  -52.773  -0.770 0.5000000000
28129  29.822  -52.368  -1.630 0.4000000060
28140  28.327  -52.164  -2.836 0.4000000060
28153  27.833  -51.740  -3.100 0.4000000060
29094  33.115  -50.737  -0.485 0.5000000000
29096  31.759  -51.481  -0.552 0.5000000000
29111  29.448  -51.727  -1.990 0.4000000060
29126  28.975  -51.433  -2.428 0.4000000060
29140  27.864  -51.098  -2.928 0.4000000060
29143  25.730  -51.307  -3.157 0.4000000060
30112  33.957  -50.457  -0.791 0.5000000000
30114  31.131  -50.705  -0.656 0.5000000000
30129  29.473  -50.308  -2.074 0.4000000060
30151  27.630  -50.528  -2.840 0.4000000060
30153  26.511  -50.061  -2.784 0.4000000060
30154  25.422  -50.614  -2.986 0.3000000119
31089  32.648  -49.994  -0.206 0.5000000000
31107  30.762  -49.085  -0.994 0.5000000000
31132  27.283  -49.814  -2.735 0.4000000060
32039  34.593  -48.434  -0.301 0.4000000060
32041  32.341  -48.531  -0.023 0.5000000000
32056  30.879  -48.368  -0.928 0.5000000000
32058  29.526  -48.890  -2.194 0.5000000000
32067  29.603  -48.132  -2.272 0.5000000000
32070  26.481  -48.693  -2.643 0.3000000119
33032  34.098  -46.641  0.192 0.5000000000
33045  34.567  -47.139  0.032 0.6000000238
33060  30.073  -47.559  -2.157 0.5000000000
34010  35.720  -46.141  -0.579 0.6000000238
34013  32.737  -47.016  0.074 0.6000000238
34014  31.957  -47.175  -0.402 0.5000000000
34025  41.357  -46.057  -1.380 0.5000000000
34044  29.379  -46.374  -2.671 0.4000000060
34066  43.496  -47.043  -7.130 0.4000000060
34080  43.672  -46.532  -7.939 0.5000000000
34931  34.334  -45.383  -0.208 0.6000000238
34933  32.596  -45.555  -0.808 0.6000000238
34943  41.870  -44.708  -1.458 0.5000000000
34946  36.424  -45.353  -1.311 0.5000000000
34960  36.782  -45.484  -2.136 0.4000000060
34962  29.586  -45.632  -2.516 0.4000000060
34967  40.100  -44.888  -3.227 0.6000000238
34980  43.140  -46.302  -6.423 0.4000000060
34988  43.816  -45.961  -7.759 0.5000000000
34990  40.447  -46.036  -7.260 0.5000000000
34996  43.581  -46.408  -8.104 0.5000000000
34997  41.677  -46.304  -7.887 0.5000000000
35800  42.523  -44.640  -1.021 0.5000000000
35804  35.594  -44.762  -0.611 0.6000000238
35820  34.100  -43.850  -0.937 0.6000000238
35822  32.524  -44.417  -1.393 0.6000000238
35837  40.294  -44.146  -2.639 0.6999999881
35840  30.463  -44.886  -2.169 0.5000000000
35847  37.033  -45.000  -3.566 0.4000000060
35858  40.857  -44.503  -5.083 0.6000000238
35876  43.602  -45.600  -8.237 0.5000000000
35881  44.167  -45.168  -8.116 0.5000000000
36618  41.695  -43.533  -1.085 0.5000000000
36634  33.439  -43.416  -1.238 0.6000000238
36650  39.725  -42.943  -2.631 0.6000000238
36676  43.535  -44.252  -7.042 0.5000000000
36687  44.682  -43.943  -8.459 0.6000000238
36690  40.651  -43.584  -7.571 0.6999999881
36691  39.633  -43.431  -6.990 0.5000000000
36695  44.627  -43.925  -8.830 0.6999999881
37399  40.318  -42.683  -1.049 0.5000000000
37438  40.027  -41.913  -5.346 0.6000000238
37448  41.596  -41.978  -6.406 0.6000000238
37464  45.098  -42.559  -9.051 0.8000000119
37466  42.796  -42.759  -8.931 0.6999999881
38149  39.600  -41.470  0.250 0.4000000060
38156  39.352  -41.431  -0.624 0.5000000000
38157  33.229  -41.441  -0.283 0.6000000238
38171  38.934  -41.602  -1.524 0.5000000000
38186  38.902  -42.068  -2.340 0.5000000000
38188  36.407  -40.882  -3.244 0.8000000119
38199  39.504  -41.372  -4.726 0.6999999881
38235  39.479  -41.503  -7.318 0.6000000238
38238  45.108  -41.895  -9.285 0.8000000119
39005  38.745  -40.421  -2.304 0.6000000238
39024  38.779  -40.750  -3.091 0.6000000238
39026  34.697  -40.103  -3.851 0.8000000119
39046  39.782  -40.692  -5.069 0.6000000238
39059  38.117  -40.476  -6.306 0.8999999762
39072  41.600  -40.837  -8.669 0.6999999881
39887  39.639  -39.458  1.753 0.3000000119
39898  39.597  -39.388  0.987 0.4000000060
39910  39.312  -39.699  -0.259 0.4000000060
39925  39.181  -39.339  -1.817 0.6000000238
39939  39.282  -39.367  -2.612 0.6000000238
39947  39.951  -39.063  -3.891 0.6000000238
39957  35.290  -39.484  -4.598 0.8000000119
39958  34.857  -39.794  -4.189 0.8000000119
39990  39.521  -39.461  -7.373 0.8999999762
39997  44.177  -40.070  -9.568 0.8000000119
39998  43.894  -39.944  -9.687 0.8000000119
40002  51.240  -39.662  -11.326 0.3000000119
40003  50.556  -39.557  -11.029 0.3000000119
40895  46.882  -38.764  0.457 0.3000000119
40898  39.697  -38.676  0.587 0.4000000060
40917  34.503  -38.495  0.120 0.8000000119
40929  48.667  -38.769  -1.135 0.3000000119
40930  40.260  -38.291  -1.720 0.6000000238
40951  51.397  -38.315  -3.918 0.3000000119
40955  39.807  -38.857  -3.054 0.6000000238
40963  41.422  -38.439  -4.679 0.6000000238
40972  41.529  -38.667  -5.502 0.5000000000
40976  35.465  -38.999  -5.108 0.8000000119
40984  38.080  -38.134  -6.625 0.8999999762
40993  39.521  -38.618  -7.384 0.8999999762
40994  38.796  -38.335  -6.962 0.8999999762
41001  50.705  -39.477  -10.638 0.3000000119
41003  50.170  -38.874  -10.705 0.3000000119
41004  44.446  -37.987  -9.937 0.8000000119
41917  40.715  -37.652  2.444 0.3000000119
41930  46.248  -37.233  1.459 0.3000000119
41932  41.154  -37.061  1.956 0.3000000119
41933  40.496  -37.519  1.541 0.4000000060
41943  41.004  -36.949  1.044 0.5000000000
41944  40.422  -37.473  0.582 0.4000000060
41954  49.003  -37.025  -0.622 0.3000000119
41957  40.554  -37.566  -0.346 0.5000000000
41960  34.317  -38.038  0.312 0.8000000119
41972  49.671  -36.865  -1.281 0.3000000119
41975  41.683  -37.344  -1.426 0.4000000060
41989  42.541  -37.242  -2.283 0.4000000060
42010  44.476  -37.431  -4.418 0.5000000000
42015  36.238  -37.936  -5.405 1.0000000000
42023  43.045  -37.635  -5.316 0.6000000238
42025  36.803  -37.578  -5.683 1.0000000000
42042  43.060  -37.761  -7.214 0.6999999881
42051  42.501  -37.681  -9.135 0.8000000119
42057  52.307  -38.495  -9.873 0.3000000119
42059  50.283  -38.838  -9.906 0.3000000119
42067  52.783  -39.247  -10.490 0.3000000119
43000  41.883  -36.731  2.334 0.3000000119
43014  45.768  -36.373  1.431 0.4000000060
43017  43.302  -36.400  2.327 0.4000000060
43018  42.547  -36.240  1.796 0.4000000060
43039  48.515  -36.113  -0.405 0.3000000119
43040  47.846  -36.163  0.121 0.3000000119
43043  41.841  -36.724  -0.329 0.5000000000
43048  32.320  -36.396  -0.646 0.6000000238
43058  48.856  -35.674  -0.882 0.3000000119
43059  43.688  -36.376  -1.756 0.4000000060
43060  42.773  -36.744  -1.554 0.4000000060
43061  42.082  -36.958  -1.126 0.5000000000
43076  45.073  -36.397  -3.212 0.5000000000
43091  44.618  -36.937  -3.656 0.5000000000
43122  54.811  -35.815  -6.367 0.3000000119
43127  38.570  -36.462  -6.722 1.0000000000
43131  55.958  -35.993  -7.493 0.3000000119
43139  39.290  -36.110  -7.231 0.8999999762
43166  43.811  -36.115  -9.603 0.8000000119
44046  45.953  -35.773  1.013 0.3000000119
44047  45.228  -35.737  1.161 0.4000000060
44049  43.452  -35.862  1.542 0.4000000060
44064  46.497  -35.497  0.477 0.3000000119
44066  44.672  -35.438  0.609 0.4000000060
44077  48.298  -35.089  -0.669 0.3000000119
44079  46.799  -34.972  -0.356 0.3000000119
44083  43.042  -35.889  -0.023 0.5000000000
44098  48.765  -35.001  -1.371 0.3000000119
44100  45.216  -35.309  -1.008 0.4000000060
44112  50.029  -35.358  -2.437 0.3000000119
44115  45.240  -35.922  -2.564 0.4000000060
44126  50.982  -34.990  -3.448 0.4000000060
44137  52.171  -35.091  -4.501 0.4000000060
44142  40.247  -35.591  -4.562 1.0000000000
44145  54.209  -35.522  -5.966 0.3000000119
44151  47.669  -36.187  -5.292 0.4000000060
44154  38.945  -35.977  -6.738 0.8999999762
44169  54.617  -35.038  -7.293 0.3000000119
44186  52.334  -35.752  -8.244 0.3000000119
45151  48.019  -34.578  -1.061 0.3000000119
45170  47.664  -34.578  -1.582 0.3000000119
45182  50.002  -34.856  -2.939 0.3000000119
45183  49.484  -34.816  -2.619 0.3000000119
45197  50.891  -34.580  -3.960 0.4000000060
45201  48.164  -34.751  -3.132 0.4000000060
45219  52.933  -34.726  -5.810 0.4000000060
45221  50.691  -34.568  -5.206 0.4000000060
45222  49.970  -34.627  -4.860 0.4000000060
45230  52.668  -34.668  -6.366 0.4000000060
45238  53.902  -34.861  -6.813 0.3000000119
45243  40.695  -34.797  -7.367 0.8000000119
46273  43.510  -33.232  -9.016 0.6999999881
47243  45.960  -33.152  -3.121 0.6999999881
47244  33.741  -32.188  -3.428 0.6999999881
47259  32.487  -32.072  -4.318 0.6999999881
48329  46.874  -31.829  -1.645 0.6000000238
48365  32.786  -31.497  -4.664 0.6999999881
49367  45.185  -30.104  1.373 0.5000000000
49378  46.801  -30.389  0.141 0.5000000000
49432  49.107  -30.142  -3.046 0.5000000000
49434  36.378  -30.292  -3.411 0.8000000119
50423  44.528  -29.905  1.492 0.5000000000
50424  43.757  -29.559  1.420 0.6000000238
50446  47.554  -29.400  -0.308 0.5000000000
50507  50.389  -29.135  -5.325 0.3000000119
50510  35.771  -29.966  -6.228 0.6999999881
50511  34.599  -29.965  -5.911 0.6000000238
50522  36.342  -29.578  -6.683 0.6000000238
50524  34.967  -29.418  -6.349 0.5000000000
51333  46.067  -28.132  1.252 0.5000000000
51346  42.612  -28.934  0.653 0.5000000000
51382  48.671  -28.800  -2.422 0.4000000060
51394  49.192  -28.440  -3.818 0.4000000060
51436  37.565  -28.669  -7.462 0.6000000238
51437  36.804  -28.783  -7.396 0.6000000238
52405  40.916  -27.089  -6.433 0.8000000119
52429  40.435  -27.028  -8.232 0.6999999881
53284  43.942  -26.528  1.528 0.4000000060
53341  42.264  -27.123  -3.215 0.6999999881
53360  41.200  -26.809  -6.255 0.6000000238
53385  38.131  -27.045  -7.802 0.6000000238
53397  41.065  -26.406  -8.668 0.6000000238
53398  40.267  -26.485  -8.772 0.6000000238
54272  45.934  -25.833  1.168 0.3000000119
54305  48.254  -25.746  -2.026 0.4000000060
54307  41.805  -25.507  -2.397 0.3000000119
54322  48.576  -25.448  -3.468 0.4000000060
54351  41.290  -25.562  -6.932 0.6000000238
54371  41.685  -25.577  -8.003 0.6000000238
54383  41.697  -25.296  -8.813 0.5000000000
54384  40.975  -25.873  -9.204 0.6000000238
54385  40.118  -25.729  -9.032 0.6999999881
54386  39.067  -25.222  -8.529 0.5000000000
54396  41.601  -25.036  -9.348 0.5000000000
55236  45.199  -24.610  1.345 0.4000000060
55257  42.203  -24.546  0.914 0.4000000060
55268  46.910  -24.099  -0.260 0.3000000119
55269  41.491  -24.320  -0.221 0.4000000060
55307  40.895  -24.101  -4.806 0.5000000000
55380  41.554  -24.314  -9.634 0.5000000000
56279  41.914  -23.975  0.721 0.4000000060
56320  40.975  -23.030  -2.844 0.3000000119
56379  41.671  -24.091  -8.061 0.4000000060
56390  42.373  -23.481  -9.161 0.3000000119
56393  38.389  -22.759  -8.245 0.4000000060
56399  42.358  -23.663  -9.712 0.5000000000
56400  42.226  -23.602  -10.014 0.4000000060
57390  41.116  -22.668  -1.452 0.3000000119
57456  42.566  -22.885  -10.070 0.4000000060
57457  42.647  -22.813  -9.760 0.4000000060
57466  41.989  -22.797  -10.337 0.4000000060
57467  40.693  -22.299  -9.633 0.4000000060
58409  40.893  -21.487  -1.069 0.3000000119
58463  42.597  -21.372  -9.602 0.3000000119
58476  42.703  -22.172  -10.068 0.3000000119
58485  41.872  -22.078  -10.322 0.4000000060
59340  41.346  -20.628  -0.105 0.3000000119
59366  40.989  -20.310  -0.812 0.3000000119
59382  40.597  -20.830  -2.394 0.3000000119
59386  40.533  -20.303  -3.266 0.3000000119
59449  42.692  -20.335  -9.450 0.3000000119
60474  43.365  -19.787  -8.982 0.3000000119
60475  42.158  -19.863  -8.049 0.3000000119
60483  43.603  -19.489  -9.235 0.3000000119
61317  42.235  -18.025  0.480 0.3000000119
61364  40.767  -18.714  -2.370 0.3000000119
61404  42.561  -18.530  -7.570 0.3000000119
61419  43.731  -18.662  -8.703 0.3000000119
62252  40.947  -17.926  -2.803 0.3000000119
62264  41.040  -17.421  -3.406 0.3000000119
63287  43.658  -15.786  -8.187 0.3000000119
64236  41.503  -15.158  -1.535 0.3000000119
64283  42.106  -15.558  -5.466 0.3000000119
65291  43.589  -14.395  -7.975 0.3000000119
65303  43.370  -14.546  -8.194 0.3000000119
65304  42.284  -14.355  -8.421 0.3000000119
65305  41.204  -14.234  -8.580 0.3000000119
65306  40.149  -14.025  -8.775 0.3000000119
66198  41.708  -13.323  -4.484 0.4000000060
66216  42.024  -14.099  -5.294 0.4000000060
66229  43.362  -13.199  -7.384 0.3000000119
66235  43.542  -13.539  -7.881 0.3000000119
68239  43.654  -11.562  -7.980 0.3000000119
68250  42.357  -11.900  -8.671 0.3000000119
70153  42.664  -9.936  -6.273 0.3000000119
70179  43.372  -9.761  -8.618 0.3000000119
120497  42.092  -37.573  -2.731 0.4000000060
120717  31.897  -44.046  -1.491 0.6000000238
121402  52.130  -35.390  -7.674 0.3000000119
121866  25.098  -52.675  -3.384 0.4000000060
121872  25.779  -52.142  -3.383 0.4000000060
121905  55.329  -35.184  -7.782 0.3000000119
122243  30.400  -53.212  -1.272 0.4000000060
122399  43.530  -12.862  -8.086 0.3000000119
122772  26.556  -51.788  -3.320 0.4000000060
122991  42.185  -17.971  -6.729 0.3000000119
123875  41.470  -15.577  -8.556 0.3000000119
124325  49.472  -27.126  -5.815 0.3000000119
124644  41.741  -22.561  0.655 0.4000000060
125538  42.522  -11.235  -5.677 0.3000000119
125826  42.750  -13.154  -6.507 0.3000000119
126210  28.738  -52.867  -2.520 0.4000000060
126360  41.388  -37.240  -0.769 0.5000000000
126486  44.254  -35.432  0.027 0.5000000000
126769  46.376  -30.145  0.639 0.5000000000
127682  43.851  -22.966  1.399 0.3000000119
127970  41.744  -17.193  -8.798 0.3000000119
127986  37.432  -44.085  -4.059 0.4000000060
128524  40.532  -21.621  -3.922 0.4000000060
128676  33.880  -48.335  0.137 0.5000000000
129095  40.899  -23.498  -7.071 0.4000000060
129172  48.769  -25.606  -4.319 0.3000000119
129476  39.454  -40.002  0.500 0.4000000060
130015  41.328  -22.833  -0.626 0.3000000119
130018  34.003  -37.537  0.330 0.6000000238
131361  38.995  -41.062  -3.915 0.6999999881
131561  46.552  -27.009  0.981 0.5000000000
131830  29.117  -48.253  -2.632 0.4000000060
131864  43.635  -27.170  1.394 0.4000000060
132075  37.660  -28.993  -7.036 0.6999999881
132265  43.437  -25.149  1.483 0.4000000060
132904  48.680  -28.069  -2.702 0.4000000060
133132  39.450  -42.597  -4.000 0.6999999881
133228  41.350  -14.745  -3.194 0.3000000119
133333  28.603  -48.294  -2.706 0.4000000060
134005  36.050  -28.448  -6.933 0.6000000238
134326  44.478  -38.660  -9.468 0.8000000119
134489  41.019  -20.934  -0.701 0.3000000119
134497  47.820  -37.875  -0.128 0.3000000119
135150  48.454  -24.440  -6.606 0.3000000119
135247  38.851  -40.046  -1.559 0.5000000000
135248  35.754  -27.386  -6.541 0.5000000000
135840  42.184  -36.194  1.022 0.4000000060
136009  42.806  -34.286  -5.473 0.8000000119
136287  42.046  -37.032  2.940 0.3000000119
137438  36.174  -46.686  -1.113 0.4000000060
138895  40.788  -23.854  -6.257 0.4000000060
139161  41.108  -17.461  -2.072 0.3000000119
139239  41.452  -13.932  -3.585 0.3000000119
139309  40.448  -20.884  -3.852 0.4000000060
139571  41.358  -34.980  -4.782 0.8999999762
139806  46.483  -31.808  -1.038 0.6000000238
140093  52.214  -36.551  -4.158 0.3000000119
140122  41.357  -15.331  -3.666 0.3000000119
140246  43.713  -16.371  -8.138 0.3000000119
140584  43.583  -12.591  -7.765 0.3000000119
140594  27.841  -49.253  -2.687 0.4000000060
140755  47.324  -32.717  -3.722 0.6999999881
140778  41.306  -15.526  -2.173 0.3000000119
140865  39.054  -40.071  -0.819 0.5000000000
141147  44.583  -24.295  1.487 0.3000000119
142522  49.831  -28.967  -4.841 0.4000000060
142553  50.938  -35.681  -3.039 0.3000000119
143022  28.025  -46.658  -2.516 0.4000000060
143057  39.833  -43.541  -3.927 0.6000000238
143101  42.362  -23.114  1.150 0.3000000119
143200  43.937  -43.034  -9.285 0.6000000238
143688  33.011  -43.143  -1.239 0.6000000238
144225  36.332  -41.893  -2.058 0.6999999881
144445  41.810  -29.386  -0.083 0.8000000119
144499  23.620  -52.900  -3.031 0.4000000060
144782  43.238  -16.234  -6.953 0.3000000119
145071  48.348  -34.606  -2.492 0.4000000060
145414  43.404  -10.233  -8.180 0.3000000119
145836  28.500  -53.279  -2.559 0.4000000060
