#!ascii label  , from subject sub-v2s18x29511_ses-1 vox2ras=TkReg
994
19494  18.457  -61.703  -5.056 0.6000000238
16670  23.829  -64.165  2.907 0.6999999881
18457  24.645  -62.807  1.299 0.6999999881
17599  23.290  -63.418  -3.112 0.8999999762
18538  20.611  -62.806  -3.900 0.8000000119
18539  19.290  -62.758  -4.058 0.8000000119
19478  18.617  -61.241  -4.463 0.6000000238
19493  19.632  -61.236  -4.886 0.6999999881
20395  20.884  -60.598  -4.574 0.6999999881
16657  23.297  -64.001  3.513 0.6999999881
15735  22.322  -65.239  3.515 0.6999999881
18440  24.192  -62.746  2.044 0.6999999881
122633  23.392  -62.335  0.790 0.6000000238
18482  23.362  -62.425  -0.054 0.6999999881
18493  23.851  -62.869  -1.096 0.6999999881
18495  22.215  -62.657  -1.769 0.8000000119
18507  21.242  -62.632  -2.183 0.8000000119
18524  21.197  -62.685  -3.115 0.8000000119
18526  18.749  -62.330  -3.604 0.8000000119
19479  18.285  -61.691  -4.302 0.6000000238
20396  19.254  -60.473  -4.279 0.6000000238
21299  21.352  -59.538  -3.822 0.6999999881
21312  22.618  -59.962  -4.399 0.6999999881
16658  22.640  -64.267  3.913 0.5000000000
15737  20.865  -65.961  4.162 0.6000000238
18424  23.150  -62.849  3.328 0.4000000060
18441  23.646  -62.872  2.735 0.6000000238
18459  22.896  -62.353  1.407 0.5000000000
18483  22.340  -62.483  -0.282 0.6000000238
121404  21.713  -62.555  -0.836 0.8000000119
144888  20.416  -62.533  -1.741 0.6999999881
19446  19.267  -61.865  -2.421 0.6999999881
20369  18.487  -60.689  -3.096 0.6999999881
22301  19.315  -58.901  -3.956 0.5000000000
22286  20.536  -58.855  -3.850 0.6000000238
22285  21.610  -58.722  -3.655 0.6000000238
21298  22.188  -59.465  -3.826 0.6000000238
21297  24.058  -59.273  -3.776 0.5000000000
17496  20.906  -63.883  5.051 0.5000000000
15719  20.507  -65.686  4.666 0.6000000238
15720  19.781  -66.096  4.863 0.6000000238
16642  22.061  -64.128  4.383 0.5000000000
121661  19.965  -62.301  0.232 0.5000000000
18485  19.655  -62.232  -0.413 0.6000000238
122475  19.435  -61.348  -1.430 0.6000000238
135060  18.598  -60.031  -2.904 0.6000000238
21300  18.605  -59.786  -3.290 0.5000000000
145715  18.857  -58.099  -3.935 0.5000000000
23296  20.871  -57.823  -3.807 0.6000000238
23295  21.966  -57.813  -3.563 0.6000000238
23294  23.804  -57.800  -3.258 0.5000000000
23293  24.555  -57.575  -3.058 0.5000000000
23278  26.790  -57.870  -2.623 0.5000000000
136193  25.332  -58.131  -2.861 0.5000000000
15708  20.058  -65.255  5.257 0.5000000000
15709  19.376  -65.664  5.509 0.5000000000
18425  22.447  -62.837  3.676 0.5000000000
18443  20.895  -62.147  2.652 0.4000000060
132008  19.443  -60.989  1.819 0.3000000119
19403  19.302  -61.132  1.248 0.4000000060
20333  19.341  -61.019  0.635 0.3000000119
20332  20.232  -60.700  0.380 0.3000000119
19411  19.354  -61.191  -0.069 0.5000000000
20347  19.572  -60.950  -1.025 0.5000000000
131126  19.484  -59.133  -2.331 0.5000000000
22271  18.373  -58.165  -2.929 0.5000000000
23298  18.544  -57.458  -3.504 0.5000000000
23309  20.158  -56.927  -3.873 0.6000000238
23308  21.260  -56.796  -3.760 0.6000000238
131495  23.270  -56.960  -3.476 0.5000000000
139726  23.959  -56.979  -3.273 0.5000000000
23279  26.000  -57.366  -2.703 0.5000000000
16635  19.578  -64.745  5.773 0.5000000000
17485  20.233  -63.118  5.486 0.5000000000
18410  20.829  -62.246  4.509 0.5000000000
19384  20.255  -61.150  3.398 0.4000000060
18427  20.527  -61.775  3.286 0.5000000000
20307  19.739  -60.842  2.120 0.4000000060
20331  21.530  -60.355  0.379 0.3000000119
21263  21.059  -59.751  -1.366 0.3000000119
21275  20.355  -59.451  -1.859 0.4000000060
22259  18.627  -57.983  -2.536 0.5000000000
23280  18.171  -57.075  -3.079 0.4000000060
131720  22.367  -56.936  -3.609 0.5000000000
25229  24.010  -55.557  -3.298 0.5000000000
24276  23.623  -56.252  -3.417 0.5000000000
142451  27.459  -56.816  -2.389 0.5000000000
135199  27.007  -56.142  -2.544 0.4000000060
24274  25.387  -56.342  -2.839 0.5000000000
16625  19.196  -64.353  6.371 0.5000000000
120529  20.557  -62.226  5.082 0.5000000000
20299  20.455  -60.748  3.623 0.4000000060
121934  20.383  -60.416  2.272 0.4000000060
20318  21.777  -60.253  1.144 0.3000000119
20345  21.494  -60.089  -0.692 0.3000000119
22249  21.065  -58.815  -1.753 0.4000000060
23258  20.602  -57.752  -1.862 0.4000000060
24251  19.274  -56.563  -2.678 0.4000000060
23266  19.393  -57.425  -2.273 0.4000000060
23267  18.413  -57.148  -2.833 0.4000000060
25233  19.608  -55.459  -3.371 0.5000000000
25247  20.439  -55.502  -3.760 0.5000000000
24290  21.004  -55.874  -3.858 0.6000000238
26222  25.292  -54.778  -2.972 0.4000000060
25215  25.698  -55.482  -2.829 0.5000000000
130118  20.065  -62.466  6.203 0.4000000060
20298  20.869  -60.316  3.995 0.4000000060
19360  20.655  -61.613  5.269 0.4000000060
21229  21.269  -59.838  2.792 0.4000000060
21251  23.483  -59.858  0.459 0.4000000060
21262  22.238  -59.942  -0.273 0.4000000060
129257  22.654  -58.781  -1.304 0.4000000060
23257  21.846  -58.066  -1.654 0.4000000060
24239  21.080  -56.947  -1.758 0.4000000060
24250  20.303  -55.995  -2.341 0.4000000060
24265  19.465  -55.780  -2.961 0.5000000000
26225  20.749  -54.331  -3.268 0.5000000000
133666  21.624  -54.438  -3.516 0.6000000238
131492  23.406  -54.825  -3.406 0.5000000000
125237  24.287  -53.870  -3.296 0.4000000060
143146  24.989  -54.187  -3.165 0.4000000060
18382  20.336  -62.236  6.729 0.4000000060
21218  21.367  -59.806  3.605 0.4000000060
20278  20.898  -60.965  5.251 0.4000000060
21228  22.303  -59.674  2.495 0.4000000060
22236  23.022  -59.513  -0.489 0.4000000060
132386  22.160  -56.947  -1.562 0.4000000060
24249  21.410  -56.005  -1.778 0.4000000060
25205  20.161  -55.060  -2.858 0.4000000060
26209  20.375  -54.624  -3.039 0.5000000000
120727  21.473  -53.778  -3.199 0.4000000060
26224  23.613  -54.190  -3.364 0.6000000238
20277  21.450  -60.616  5.843 0.4000000060
21207  22.160  -59.476  4.070 0.4000000060
21216  23.169  -59.391  3.126 0.4000000060
21239  22.778  -60.045  1.409 0.4000000060
22235  24.030  -59.321  -0.302 0.4000000060
23255  23.794  -57.669  -1.258 0.4000000060
132004  23.173  -56.705  -1.403 0.5000000000
23256  22.922  -57.818  -1.512 0.4000000060
24238  22.364  -55.956  -1.522 0.3000000119
26195  21.381  -54.349  -2.042 0.3000000119
25204  20.886  -55.073  -2.268 0.4000000060
27174  21.710  -53.401  -2.797 0.4000000060
122275  23.014  -52.743  -2.876 0.4000000060
27172  23.337  -53.429  -3.209 0.5000000000
19321  20.861  -62.028  7.575 0.4000000060
21227  23.563  -59.611  2.168 0.4000000060
126740  24.748  -58.948  0.214 0.4000000060
23254  24.468  -57.507  -0.772 0.3000000119
130513  23.832  -55.903  -1.090 0.3000000119
24237  23.061  -55.735  -1.371 0.3000000119
26186  22.091  -54.544  -1.619 0.3000000119
131641  21.386  -53.804  -2.334 0.3000000119
28156  23.072  -51.872  -2.594 0.4000000060
29144  23.852  -51.302  -2.839 0.4000000060
21195  22.291  -59.373  4.861 0.3000000119
22208  24.418  -59.078  2.879 0.3000000119
121288  25.186  -59.114  1.532 0.3000000119
23242  25.408  -58.182  0.380 0.3000000119
24235  25.338  -56.664  -0.282 0.3000000119
135034  24.461  -55.686  -0.688 0.3000000119
25192  23.336  -55.055  -1.235 0.4000000060
144637  23.568  -53.120  -1.075 0.4000000060
27136  22.967  -53.554  -1.198 0.3000000119
28119  22.375  -53.074  -1.653 0.3000000119
28142  22.380  -52.259  -2.027 0.3000000119
29129  22.641  -51.600  -2.171 0.4000000060
30156  23.446  -50.479  -2.584 0.4000000060
30155  24.255  -50.693  -2.840 0.4000000060
125854  24.108  -55.048  -0.898 0.4000000060
28117  23.810  -52.520  -1.077 0.4000000060
28118  22.983  -52.733  -1.296 0.4000000060
29103  22.763  -51.209  -1.730 0.3000000119
122378  22.619  -50.781  -2.083 0.4000000060
31123  22.686  -49.767  -2.036 0.4000000060
31122  23.991  -49.162  -2.276 0.4000000060
31137  23.002  -49.952  -2.303 0.4000000060
141950  24.217  -50.238  -2.703 0.4000000060
124843  23.379  -50.998  -1.431 0.4000000060
30119  22.885  -50.299  -1.655 0.5000000000
32060  22.861  -49.133  -1.819 0.4000000060
32073  23.095  -48.526  -1.809 0.4000000060
31121  24.988  -49.045  -2.686 0.3000000119
32072  24.279  -48.382  -2.214 0.3000000119
18541  18.187  -62.435  -4.972 0.6999999881
18505  22.926  -62.918  -2.452 0.8000000119
20397  18.544  -60.715  -4.035 0.6000000238
18509  19.392  -62.223  -2.764 0.6999999881
19464  18.431  -61.419  -3.526 0.6999999881
132900  23.535  -58.668  -3.479 0.6000000238
139200  22.102  -62.414  2.087 0.4000000060
18473  19.722  -61.831  1.022 0.4000000060
18497  20.028  -62.504  -1.095 0.6999999881
19435  19.264  -61.317  -2.161 0.6999999881
21316  18.759  -60.039  -3.738 0.6999999881
18409  21.540  -62.760  4.211 0.5000000000
21277  18.964  -59.818  -2.520 0.5000000000
21264  20.252  -60.360  -1.289 0.4000000060
24292  19.562  -56.198  -3.694 0.6000000238
24278  21.806  -56.022  -3.772 0.5000000000
25231  22.171  -55.329  -3.647 0.6000000238
26196  20.784  -54.359  -2.672 0.4000000060
21184  22.174  -59.992  6.206 0.4000000060
138769  22.057  -53.810  -1.698 0.3000000119
28130  22.577  -52.217  -1.775 0.3000000119
30130  22.641  -50.570  -1.918 0.3000000119
14034  24.186  -67.755  -4.296 0.6000000238
13102  24.101  -68.689  -4.114 0.6000000238
137040  24.223  -69.295  -6.336 0.6000000238
14076  24.133  -67.847  -6.695 0.6000000238
10430  23.270  -71.452  -2.488 0.5000000000
12180  24.322  -69.724  -3.019 0.6000000238
14938  24.801  -66.256  -3.616 0.6999999881
124288  24.457  -68.187  -3.556 0.6999999881
136548  23.830  -70.389  -3.494 0.6000000238
14051  23.989  -67.241  -5.083 0.6000000238
13115  23.804  -68.304  -4.865 0.6000000238
14966  22.704  -66.804  -6.490 0.6000000238
136552  22.690  -67.128  -6.956 0.6000000238
128782  23.463  -67.416  -6.717 0.6000000238
14093  23.322  -66.854  -7.727 0.6000000238
15889  23.806  -65.962  -8.421 0.6999999881
11259  24.142  -70.300  -1.639 0.6000000238
13071  25.284  -68.146  -1.328 0.6999999881
11281  23.644  -70.876  -2.052 0.5000000000
13072  24.951  -69.003  -1.720 0.6999999881
127374  24.664  -69.074  -2.572 0.6999999881
14953  24.354  -65.830  -4.425 0.6999999881
14954  23.942  -66.269  -5.086 0.6999999881
14967  22.079  -66.271  -6.575 0.5000000000
14995  22.103  -66.590  -8.160 0.6000000238
132306  21.476  -66.203  -8.571 0.6000000238
127325  22.628  -66.118  -8.478 0.6999999881
16819  21.865  -64.693  -8.247 0.6999999881
16817  23.864  -64.692  -7.442 0.6999999881
16805  23.674  -63.993  -6.880 0.6999999881
18504  32.014  -61.947  -2.720 0.4000000060
19474  28.924  -61.105  -4.101 0.5000000000
19476  27.555  -61.407  -4.531 0.6000000238
18551  26.183  -62.454  -4.964 0.6000000238
17641  24.863  -62.870  -5.753 0.6999999881
12118  21.771  -69.379  0.153 0.5000000000
11224  22.976  -70.032  0.139 0.5000000000
13044  24.991  -67.919  -0.027 0.6000000238
11240  22.544  -70.729  -0.174 0.5000000000
129697  25.714  -66.374  -1.394 0.6999999881
13058  24.676  -68.632  -0.232 0.5000000000
11238  24.035  -70.137  -0.756 0.6000000238
15804  25.476  -65.404  -2.398 0.6999999881
14937  25.376  -66.133  -2.748 0.6999999881
15822  24.183  -65.125  -4.349 0.6999999881
15836  22.568  -65.475  -5.932 0.6999999881
14985  20.956  -66.580  -8.186 0.6000000238
15890  20.429  -65.911  -9.067 0.6000000238
16834  20.734  -64.873  -8.846 0.6999999881
17657  22.993  -63.559  -7.214 0.6999999881
18562  24.243  -62.496  -6.423 0.6999999881
18552  25.481  -62.179  -5.438 0.6000000238
19492  24.844  -61.902  -5.985 0.6000000238
13967  21.120  -67.033  0.090 0.5000000000
144670  20.519  -68.512  -0.476 0.4000000060
13966  22.879  -67.550  0.367 0.5000000000
13984  21.326  -67.575  -0.096 0.5000000000
13047  22.784  -68.561  0.284 0.5000000000
14883  24.411  -66.838  0.740 0.6000000238
13964  24.729  -67.451  0.357 0.6000000238
16722  25.716  -64.509  -0.997 0.6999999881
122417  25.801  -66.052  -0.662 0.6000000238
16735  25.451  -64.576  -2.017 0.6999999881
16751  24.603  -64.639  -3.297 0.6999999881
16789  22.242  -64.705  -5.728 0.6999999881
15850  21.274  -65.893  -6.823 0.6999999881
14978  21.310  -66.532  -7.426 0.6999999881
14997  19.258  -66.080  -9.325 0.6999999881
16842  19.616  -65.139  -9.549 0.6999999881
120526  21.781  -62.999  -7.852 0.8000000119
138320  23.075  -62.686  -7.183 0.6999999881
20393  27.712  -60.500  -5.031 0.5000000000
127150  26.134  -61.340  -5.345 0.6000000238
19504  24.339  -61.441  -6.826 0.6000000238
13969  19.462  -67.221  -0.131 0.4000000060
14885  21.763  -66.774  0.576 0.6000000238
129150  21.887  -67.185  0.228 0.6000000238
14867  24.134  -66.135  1.210 0.6000000238
15753  25.398  -65.445  1.037 0.6000000238
17568  25.490  -63.795  -0.592 0.6000000238
17597  24.634  -63.698  -2.068 0.6999999881
17611  24.151  -63.920  -2.862 0.6999999881
127635  22.896  -64.012  -4.743 0.6999999881
16770  22.240  -64.014  -5.244 0.6999999881
16771  21.332  -63.545  -5.032 0.8000000119
122927  21.300  -64.248  -5.799 0.8000000119
16807  18.676  -64.799  -7.656 0.6000000238
16835  19.235  -64.821  -9.475 0.6000000238
18573  22.021  -62.216  -7.608 0.8000000119
133260  22.483  -62.835  -7.496 0.6999999881
126043  28.541  -60.261  -5.052 0.5000000000
20405  27.286  -60.178  -5.909 0.6000000238
20415  25.502  -59.975  -7.180 0.6999999881
20404  28.012  -59.959  -5.963 0.6000000238
14887  19.940  -66.974  0.666 0.5000000000
14888  19.084  -67.132  0.747 0.4000000060
13972  17.067  -67.937  0.611 0.4000000060
14869  21.664  -66.473  1.319 0.5000000000
13968  20.373  -67.088  0.032 0.5000000000
15755  23.827  -65.560  1.804 0.6000000238
122855  25.306  -64.831  1.461 0.6000000238
17556  25.536  -63.751  0.340 0.6000000238
17585  24.024  -63.261  -1.683 0.6999999881
17626  23.128  -63.629  -4.053 0.8000000119
137952  21.272  -63.145  -4.409 0.8000000119
17643  18.581  -63.560  -5.995 0.6000000238
17662  18.130  -63.604  -7.512 0.6000000238
18575  19.771  -62.603  -7.760 0.6999999881
133141  21.394  -61.641  -7.445 0.6999999881
21349  24.128  -59.287  -7.311 0.6999999881
140880  26.936  -59.781  -6.612 0.6000000238
21335  26.177  -59.293  -7.223 0.6000000238
22326  26.835  -58.523  -6.661 0.6000000238
20413  27.525  -59.530  -6.597 0.6000000238
21334  26.642  -58.900  -7.071 0.6000000238
14838  21.208  -66.342  2.974 0.5000000000
14871  19.415  -67.019  1.569 0.5000000000
14872  18.744  -67.230  1.554 0.5000000000
13953  16.783  -68.197  1.487 0.5000000000
15746  22.684  -65.502  2.704 0.5000000000
128348  20.961  -66.552  1.801 0.5000000000
15744  24.327  -64.763  2.255 0.6000000238
17629  18.860  -63.114  -4.903 0.6999999881
18553  17.867  -62.798  -5.957 0.6000000238
19507  18.537  -61.954  -6.764 0.6000000238
20418  21.174  -60.824  -6.668 0.6000000238
20427  21.706  -60.948  -7.096 0.6999999881
139212  22.049  -60.638  -6.725 0.6000000238
21350  23.518  -59.676  -7.177 0.6000000238
22341  25.162  -58.691  -7.185 0.6999999881
20412  28.374  -59.434  -6.593 0.5000000000
120532  27.756  -58.455  -6.399 0.4000000060
14839  20.699  -66.347  3.539 0.5000000000
14841  18.950  -66.934  3.269 0.5000000000
13924  17.469  -67.390  3.612 0.5000000000
13005  16.122  -68.350  3.281 0.5000000000
13006  15.303  -68.599  3.492 0.5000000000
13021  14.052  -68.853  2.778 0.5000000000
122667  19.383  -61.449  -5.857 0.6000000238
20417  21.783  -60.529  -6.131 0.6000000238
124365  23.989  -59.773  -5.213 0.4000000060
21323  24.106  -58.994  -6.657 0.5000000000
22314  25.536  -58.540  -6.328 0.4000000060
22313  27.330  -58.275  -6.094 0.4000000060
22327  26.041  -58.481  -6.769 0.5000000000
14821  20.183  -66.303  4.157 0.6000000238
14842  18.332  -67.006  3.837 0.5000000000
14824  17.730  -67.006  4.292 0.5000000000
12984  15.799  -68.316  4.127 0.5000000000
137679  14.974  -68.573  4.201 0.5000000000
13008  13.642  -68.793  3.642 0.5000000000
12081  11.988  -69.179  3.859 0.4000000060
12082  11.182  -69.447  3.820 0.5000000000
142238  10.397  -69.476  3.634 0.4000000060
145347  9.236  -69.008  2.710 0.4000000060
12098  8.987  -69.151  2.068 0.4000000060
136624  23.264  -60.057  -5.006 0.6000000238
21310  24.434  -59.539  -4.363 0.4000000060
22300  25.687  -59.101  -5.004 0.4000000060
144252  27.776  -58.381  -5.315 0.4000000060
14823  18.345  -66.707  4.624 0.5000000000
13890  17.011  -67.162  4.472 0.4000000060
13907  16.199  -67.744  4.865 0.4000000060
139471  14.628  -68.469  4.780 0.5000000000
13894  13.376  -67.914  5.745 0.4000000060
128516  12.302  -68.608  4.542 0.5000000000
12988  11.587  -68.164  4.853 0.4000000060
13908  11.180  -67.372  4.941 0.5000000000
145100  10.681  -68.962  4.107 0.5000000000
13926  10.083  -67.412  3.889 0.3000000119
13937  9.204  -67.673  2.501 0.3000000119
126545  9.196  -67.178  1.995 0.3000000119
22282  25.499  -58.841  -3.317 0.4000000060
122560  17.519  -66.567  5.588 0.5000000000
13891  16.811  -66.950  5.392 0.5000000000
13892  15.477  -67.942  5.547 0.4000000060
15698  18.981  -65.206  6.129 0.4000000060
14794  17.172  -66.598  6.255 0.4000000060
14769  16.701  -66.651  7.116 0.4000000060
14771  15.248  -66.915  7.972 0.4000000060
16626  18.685  -64.874  6.879 0.4000000060
15685  18.073  -65.332  7.390 0.4000000060
14770  16.169  -66.569  7.999 0.4000000060
16614  18.501  -64.645  7.732 0.4000000060
14748  16.087  -66.252  8.837 0.4000000060
128806  14.826  -66.503  8.466 0.4000000060
14751  13.334  -65.870  7.970 0.4000000060
16615  17.912  -65.110  8.277 0.4000000060
16613  18.970  -64.083  7.137 0.3000000119
16586  16.401  -65.016  9.916 0.4000000060
15653  15.005  -65.281  9.213 0.4000000060
16616  13.843  -64.350  8.146 0.4000000060
18371  19.945  -63.016  7.736 0.4000000060
17466  13.605  -63.975  7.379 0.4000000060
17475  14.226  -63.307  6.879 0.4000000060
18356  20.093  -63.134  8.630 0.3000000119
16561  18.883  -63.844  9.961 0.4000000060
16562  17.987  -64.206  10.294 0.4000000060
16563  16.250  -64.174  10.199 0.4000000060
17448  15.033  -63.891  9.285 0.4000000060
17457  14.867  -63.326  8.686 0.4000000060
18342  15.794  -62.832  9.746 0.3000000119
15756  22.992  -65.748  1.826 0.5000000000
20408  21.609  -60.674  -5.101 0.6000000238
21295  25.654  -59.291  -3.936 0.4000000060
13150  23.938  -68.812  -5.816 0.6000000238
16818  22.964  -64.607  -7.670 0.6999999881
17658  22.186  -63.753  -7.718 0.6999999881
19463  29.644  -61.732  -3.610 0.5000000000
20392  29.277  -60.330  -4.652 0.5000000000
18536  27.540  -62.553  -4.372 0.5000000000
140451  28.171  -60.944  -4.451 0.4000000060
19490  26.961  -60.847  -5.124 0.6000000238
13059  21.518  -68.444  -0.038 0.5000000000
15838  20.789  -65.006  -6.572 0.6999999881
20406  25.820  -60.638  -6.263 0.6000000238
14865  25.422  -66.202  0.438 0.6000000238
15872  18.902  -65.682  -8.419 0.6999999881
18574  21.004  -62.626  -7.906 0.8000000119
19515  23.947  -60.992  -7.281 0.6999999881
13970  18.592  -67.234  0.054 0.4000000060
140476  18.860  -64.270  -6.786 0.6000000238
16837  18.630  -64.340  -8.503 0.6000000238
142605  23.377  -60.306  -7.245 0.6999999881
19516  23.307  -61.043  -7.287 0.6999999881
21332  29.383  -59.566  -6.596 0.5000000000
21321  29.946  -59.862  -6.175 0.5000000000
20424  24.716  -59.584  -7.315 0.6999999881
20414  26.357  -59.842  -6.935 0.6000000238
18564  17.661  -62.936  -6.708 0.6999999881
19518  19.520  -61.791  -7.209 0.6999999881
142479  20.500  -61.895  -7.500 0.6999999881
22329  24.644  -58.663  -7.096 0.6000000238
21333  27.639  -58.967  -6.896 0.6000000238
138499  19.312  -66.909  2.855 0.5000000000
13923  18.223  -67.290  3.005 0.5000000000
13018  16.336  -68.349  2.315 0.4000000060
20409  20.748  -60.928  -5.657 0.6000000238
21338  22.853  -60.128  -6.585 0.6000000238
12097  9.469  -69.783  2.681 0.3000000119
21322  24.823  -59.168  -5.480 0.5000000000
126964  27.753  -58.752  -4.139 0.4000000060
12987  13.275  -68.577  4.433 0.5000000000
145390  9.983  -68.487  3.739 0.4000000060
13955  8.986  -67.789  1.763 0.4000000060
16602  18.455  -64.608  8.677 0.4000000060
16603  17.853  -64.998  9.218 0.4000000060
12255  38.501  -69.868  -9.032 0.3000000119
13166  38.361  -68.628  -8.533 0.3000000119
15882  30.464  -65.400  -8.935 0.4000000060
15859  32.976  -65.183  -8.129 0.4000000060
15880  32.399  -65.429  -9.554 0.4000000060
15897  32.926  -65.480  -10.455 0.4000000060
15846  29.860  -65.433  -6.755 0.4000000060
15863  29.268  -65.459  -7.658 0.4000000060
15864  28.425  -65.356  -7.564 0.4000000060
138433  27.684  -65.259  -7.552 0.5000000000
15903  26.615  -65.494  -9.506 0.5000000000
15886  26.370  -65.110  -8.818 0.5000000000
16799  32.753  -64.715  -6.448 0.4000000060
15844  31.269  -65.357  -7.199 0.5000000000
15883  29.553  -65.360  -8.678 0.5000000000
135763  25.733  -66.635  -9.532 0.5000000000
16798  33.482  -64.551  -6.666 0.5000000000
15860  32.207  -65.143  -7.266 0.5000000000
16797  34.152  -64.418  -6.895 0.5000000000
139673  33.608  -65.148  -8.624 0.4000000060
16832  34.256  -64.910  -8.596 0.4000000060
15878  34.084  -65.281  -9.550 0.4000000060
15895  34.809  -65.452  -10.588 0.4000000060
15894  35.542  -65.768  -11.022 0.3000000119
15000  35.229  -66.925  -10.711 0.4000000060
17620  31.457  -63.874  -3.896 0.4000000060
16784  29.632  -64.978  -5.074 0.4000000060
129126  28.824  -64.908  -5.208 0.4000000060
16763  31.975  -64.297  -4.727 0.4000000060
16801  30.890  -65.038  -5.563 0.4000000060
16783  30.326  -64.939  -5.020 0.4000000060
15847  28.881  -65.397  -6.714 0.4000000060
15848  27.997  -65.313  -6.742 0.5000000000
15849  27.017  -65.184  -6.935 0.5000000000
17637  32.863  -64.124  -4.908 0.4000000060
16781  32.443  -64.542  -5.575 0.4000000060
130012  30.587  -65.445  -7.241 0.4000000060
16802  27.542  -65.187  -5.989 0.5000000000
15866  26.226  -64.995  -7.825 0.5000000000
15867  25.610  -65.186  -8.362 0.5000000000
15887  25.511  -65.520  -8.751 0.6000000238
15888  24.841  -65.625  -8.364 0.6000000238
14993  25.169  -66.244  -8.661 0.6000000238
16804  24.477  -64.307  -6.735 0.6000000238
16816  24.764  -65.010  -7.594 0.6000000238
14091  25.023  -67.167  -8.143 0.5000000000
16811  35.081  -64.576  -8.832 0.4000000060
125103  23.465  -66.458  -8.132 0.5000000000
16831  35.329  -65.088  -10.160 0.4000000060
16841  35.955  -65.335  -10.733 0.4000000060
15907  36.137  -65.924  -11.016 0.4000000060
17623  28.786  -63.681  -4.201 0.4000000060
16786  27.266  -64.631  -5.425 0.5000000000
130784  26.548  -64.301  -5.480 0.5000000000
16803  26.070  -64.933  -6.757 0.5000000000
136721  25.942  -63.905  -5.572 0.5000000000
127032  25.294  -64.613  -6.691 0.6000000238
17640  25.645  -63.159  -5.364 0.6000000238
16788  25.169  -63.908  -5.980 0.6000000238
141501  37.826  -71.010  -8.829 0.3000000119
14983  39.009  -67.438  -7.984 0.3000000119
16839  38.368  -64.530  -10.426 0.3000000119
17607  32.871  -63.107  -3.408 0.4000000060
18520  31.518  -62.630  -2.933 0.4000000060
17609  31.017  -63.325  -3.305 0.4000000060
17622  29.638  -63.859  -3.950 0.4000000060
18534  29.255  -63.119  -3.688 0.4000000060
17624  27.859  -63.592  -4.480 0.5000000000
18535  28.407  -62.886  -3.953 0.4000000060
18537  26.815  -62.726  -4.667 0.5000000000
15868  24.010  -65.393  -8.102 0.6000000238
14092  24.320  -66.990  -7.750 0.5000000000
17610  30.116  -63.274  -3.496 0.4000000060
15833  30.116  -65.251  -5.723 0.4000000060
123044  25.440  -67.072  -8.810 0.5000000000
16840  37.812  -64.776  -10.557 0.3000000119
17621  30.515  -63.953  -3.838 0.4000000060
126683  28.024  -64.809  -5.349 0.5000000000
120515  26.689  -64.940  -6.043 0.5000000000
16787  25.902  -64.548  -5.993 0.6000000238
28143  22.102  -52.931  -2.385 0.3000000119
10503  37.428  -71.284  -8.785 0.3000000119
11225  22.167  -70.149  0.169 0.5000000000
11239  23.310  -70.480  -0.404 0.5000000000
11260  23.576  -70.796  -1.162 0.6000000238
11280  24.084  -70.351  -2.550 0.6000000238
11366  38.170  -70.615  -8.906 0.3000000119
12080  12.800  -68.955  3.828 0.4000000060
12083  9.663  -69.292  3.281 0.4000000060
12108  8.703  -69.256  1.415 0.4000000060
12115  24.081  -69.019  0.112 0.6000000238
12116  23.339  -69.263  0.217 0.5000000000
12117  22.565  -69.420  0.245 0.5000000000
12132  24.375  -69.390  -0.440 0.5000000000
12133  23.697  -69.747  -0.107 0.5000000000
12134  20.920  -69.107  -0.167 0.5000000000
12148  24.568  -69.626  -1.241 0.6000000238
12164  24.521  -69.725  -2.131 0.6999999881
12181  24.065  -69.549  -3.858 0.6000000238
12966  14.759  -68.263  5.384 0.5000000000
12967  13.903  -68.364  5.118 0.5000000000
12968  12.958  -68.226  5.103 0.4000000060
12969  12.250  -68.097  5.136 0.4000000060
12985  15.346  -68.297  4.843 0.4000000060
12986  14.137  -68.597  4.283 0.5000000000
12989  10.730  -68.093  4.417 0.5000000000
13007  14.478  -68.695  3.552 0.5000000000
13009  11.377  -68.824  4.342 0.5000000000
13010  9.356  -68.409  3.015 0.4000000060
13022  9.047  -68.406  2.260 0.4000000060
13035  8.817  -68.549  1.515 0.4000000060
13045  24.392  -68.221  0.203 0.6000000238
13046  23.618  -68.408  0.323 0.5000000000
13048  22.084  -67.932  0.111 0.5000000000
13057  25.096  -68.239  -0.569 0.5000000000
13060  20.857  -68.104  -0.350 0.5000000000
13073  19.644  -68.021  -1.278 0.4000000060
13085  25.034  -68.376  -2.248 0.6999999881
13101  24.398  -68.980  -3.368 0.6000000238
13867  16.351  -67.100  6.366 0.4000000060
13868  15.437  -67.582  6.419 0.4000000060
13895  12.586  -67.693  5.628 0.4000000060
13896  11.841  -67.513  5.374 0.4000000060
13909  10.584  -67.028  4.447 0.5000000000
13925  16.606  -67.823  3.895 0.5000000000
13927  9.550  -67.582  3.241 0.3000000119
13934  18.074  -67.481  2.030 0.5000000000
13935  17.227  -67.915  2.157 0.4000000060
13936  16.909  -67.922  3.016 0.5000000000
13951  18.301  -67.393  1.001 0.4000000060
13952  17.540  -67.725  1.271 0.4000000060
13954  9.241  -67.145  1.178 0.3000000119
13963  25.238  -67.121  0.153 0.6000000238
13965  23.935  -67.575  0.514 0.6000000238
13983  25.357  -67.465  -0.518 0.6999999881
13985  20.638  -67.461  -0.287 0.5000000000
14002  25.537  -67.200  -1.371 0.6999999881
14018  25.315  -67.571  -2.139 0.6999999881
14019  24.868  -67.834  -2.912 0.6999999881
14032  25.110  -66.983  -2.889 0.6999999881
14033  24.588  -67.294  -3.620 0.6999999881
14050  24.364  -66.745  -4.417 0.6999999881
14069  23.311  -67.214  -6.279 0.6000000238
14077  23.751  -67.978  -6.051 0.6000000238
14081  38.718  -68.010  -8.211 0.3000000119
14083  23.917  -67.335  -7.218 0.6000000238
14084  22.900  -67.010  -7.427 0.6000000238
14734  15.981  -65.980  9.213 0.4000000060
14749  15.417  -66.053  8.967 0.4000000060
14750  13.998  -66.358  8.332 0.4000000060
14772  14.332  -66.986  7.970 0.4000000060
14793  17.944  -66.218  6.096 0.5000000000
14811  19.000  -66.358  5.110 0.6000000238
14812  18.204  -66.440  5.365 0.5000000000
14822  19.221  -66.625  4.190 0.5000000000
14840  19.794  -66.691  3.310 0.5000000000
14843  10.264  -66.454  3.789 0.3000000119
14844  9.787  -66.860  3.353 0.3000000119
14849  22.204  -66.080  2.020 0.5000000000
14850  21.500  -66.324  2.254 0.5000000000
14851  20.515  -66.635  2.628 0.5000000000
14852  19.679  -66.886  2.417 0.5000000000
14853  18.897  -67.107  2.393 0.5000000000
14866  24.947  -66.192  0.998 0.6000000238
14868  22.516  -66.322  1.092 0.6000000238
14870  20.219  -66.799  1.639 0.5000000000
14874  9.573  -66.606  1.727 0.3000000119
14882  25.050  -66.793  0.546 0.6000000238
14884  23.367  -66.702  0.770 0.6000000238
14886  20.882  -66.768  0.728 0.5000000000
14894  25.573  -66.604  -0.176 0.6000000238
14908  25.630  -66.759  -0.796 0.6999999881
14921  25.537  -66.726  -2.107 0.6999999881
14965  23.368  -66.745  -5.771 0.5000000000
14977  22.113  -66.878  -7.003 0.6000000238
14979  20.348  -66.550  -8.104 0.6999999881
14984  22.004  -66.809  -7.585 0.6000000238
14986  19.838  -66.385  -8.766 0.6999999881
14992  25.615  -66.009  -9.175 0.5000000000
14994  24.544  -66.406  -8.321 0.5000000000
14996  20.671  -66.340  -8.620 0.6000000238
15004  19.807  -66.223  -9.142 0.6999999881
15006  35.564  -66.313  -11.077 0.4000000060
15650  17.192  -65.171  9.705 0.4000000060
15651  16.517  -65.708  9.271 0.4000000060
15652  15.802  -65.513  9.473 0.4000000060
15669  17.296  -65.519  8.875 0.4000000060
15670  16.751  -66.041  8.461 0.4000000060
15671  14.539  -65.815  8.737 0.4000000060
15672  13.914  -65.641  8.444 0.4000000060
15686  17.409  -65.702  7.944 0.4000000060
15699  18.340  -65.619  6.543 0.4000000060
15700  17.561  -66.092  7.022 0.4000000060
15710  18.682  -65.964  5.807 0.5000000000
15718  21.219  -65.325  4.453 0.6000000238
15736  21.472  -65.776  3.721 0.6999999881
15745  23.513  -65.108  2.532 0.5000000000
15747  21.911  -65.951  2.911 0.5000000000
15754  24.737  -65.390  1.573 0.6000000238
15766  25.823  -64.811  0.093 0.6000000238
15767  25.726  -65.240  0.401 0.6000000238
15779  25.855  -65.184  -0.360 0.6000000238
15811  25.107  -65.430  -3.179 0.6999999881
15812  24.586  -65.341  -3.833 0.6999999881
15823  23.766  -65.363  -4.878 0.6999999881
15824  22.996  -64.765  -5.269 0.6999999881
15834  29.280  -65.311  -5.838 0.4000000060
15835  23.257  -65.784  -5.531 0.6999999881
15837  21.795  -65.210  -6.279 0.6999999881
15845  30.717  -65.311  -6.427 0.4000000060
15851  20.307  -65.913  -7.410 0.6999999881
15852  19.307  -65.601  -7.777 0.6999999881
15861  30.935  -65.520  -8.055 0.4000000060
15862  30.128  -65.549  -7.881 0.5000000000
15865  27.043  -65.111  -8.181 0.5000000000
15869  23.259  -65.567  -8.270 0.6999999881
15870  22.513  -65.449  -8.348 0.6999999881
15871  19.500  -66.217  -8.328 0.6999999881
15876  37.244  -65.393  -10.392 0.3000000119
15879  33.196  -65.348  -9.343 0.4000000060
15891  18.953  -66.036  -9.086 0.6999999881
15896  34.020  -65.612  -10.753 0.4000000060
15904  25.939  -65.286  -9.183 0.5000000000
15905  19.338  -65.883  -9.517 0.6999999881
15906  18.994  -65.892  -9.543 0.6999999881
16584  18.345  -64.475  9.558 0.4000000060
16585  17.725  -64.719  9.900 0.4000000060
16587  15.527  -64.607  9.657 0.4000000060
16588  14.794  -64.547  9.172 0.4000000060
16604  14.259  -64.949  8.704 0.4000000060
16605  13.673  -65.123  8.231 0.4000000060
16634  20.170  -64.249  5.453 0.5000000000
16643  21.456  -64.466  4.642 0.5000000000
16644  20.767  -64.834  4.983 0.6000000238
16659  21.918  -64.899  4.188 0.6000000238
16669  24.609  -63.907  2.329 0.6000000238
16671  23.095  -64.715  3.275 0.6999999881
16682  25.622  -64.672  1.026 0.6000000238
16683  25.296  -64.110  1.590 0.6000000238
16695  25.721  -64.477  0.458 0.6000000238
16707  25.755  -64.405  -0.155 0.6000000238
16736  24.909  -64.252  -2.578 0.6999999881
16750  25.183  -64.841  -2.752 0.6999999881
16752  23.850  -64.128  -3.621 0.6999999881
16764  30.034  -64.510  -4.426 0.4000000060
16765  29.210  -64.396  -4.559 0.4000000060
16766  28.385  -64.323  -4.715 0.5000000000
16767  27.709  -64.310  -4.904 0.5000000000
16768  24.227  -64.714  -3.954 0.6999999881
16769  23.616  -64.495  -4.442 0.6999999881
16780  33.233  -64.385  -5.786 0.4000000060
16782  31.656  -64.747  -5.486 0.4000000060
16785  28.409  -65.288  -5.904 0.5000000000
16790  19.956  -64.195  -6.261 0.6000000238
16791  18.044  -63.872  -6.911 0.6000000238
16800  31.488  -65.102  -6.331 0.4000000060
16806  19.661  -64.929  -7.061 0.6000000238
16813  33.716  -64.799  -7.666 0.4000000060
16814  33.019  -64.858  -7.231 0.5000000000
16815  25.542  -64.968  -7.458 0.5000000000
16820  18.681  -65.189  -8.537 0.6000000238
16821  18.334  -64.052  -7.634 0.6000000238
16828  37.911  -65.053  -9.815 0.3000000119
16829  36.443  -64.844  -10.412 0.4000000060
16830  35.825  -64.658  -9.746 0.4000000060
16833  21.640  -65.693  -8.606 0.6000000238
16836  18.882  -65.490  -9.374 0.6000000238
16843  19.079  -65.548  -9.653 0.6999999881
17435  16.799  -63.628  10.420 0.4000000060
17445  20.050  -63.084  9.371 0.4000000060
17447  15.645  -63.701  9.810 0.4000000060
17454  19.559  -63.637  9.130 0.4000000060
17455  18.929  -64.192  9.131 0.4000000060
17456  15.306  -63.261  9.311 0.3000000119
17463  19.420  -63.477  7.364 0.4000000060
17464  19.048  -64.023  8.161 0.4000000060
17465  14.328  -63.493  7.913 0.4000000060
17474  19.433  -63.552  6.556 0.3000000119
17486  19.670  -63.790  5.912 0.5000000000
17494  22.299  -63.466  4.142 0.5000000000
17495  21.581  -63.614  4.565 0.5000000000
17506  23.544  -63.403  3.227 0.6999999881
17507  23.012  -63.408  3.724 0.5000000000
17520  24.284  -63.202  2.377 0.6999999881
17521  24.020  -63.472  2.758 0.6999999881
17538  25.281  -63.481  1.143 0.6999999881
17539  24.801  -63.348  1.861 0.6999999881
17569  25.128  -63.254  -0.213 0.6000000238
17583  25.318  -63.901  -1.499 0.6999999881
17584  24.785  -63.282  -1.081 0.6999999881
17598  23.702  -63.377  -2.339 0.6999999881
17608  31.947  -63.266  -3.262 0.4000000060
17612  22.394  -62.991  -3.508 0.8999999762
17613  21.597  -62.898  -3.917 0.8000000119
17619  32.395  -63.698  -4.057 0.4000000060
17625  27.150  -63.283  -4.640 0.5000000000
17627  22.194  -63.405  -4.465 0.8000000119
17628  20.267  -63.152  -4.622 0.8000000119
17630  18.053  -62.956  -5.399 0.6000000238
17638  27.145  -63.972  -4.932 0.5000000000
17639  26.472  -63.443  -5.047 0.5000000000
17642  20.111  -63.583  -5.455 0.8000000119
17644  17.776  -63.178  -6.374 0.6999999881
17649  24.322  -63.511  -6.326 0.6999999881
17650  23.600  -63.129  -6.707 0.6999999881
17651  17.764  -63.336  -7.020 0.6000000238
17659  21.042  -63.703  -8.423 0.8000000119
17660  19.073  -63.445  -8.194 0.6000000238
17661  18.344  -63.464  -7.688 0.6000000238
17672  19.905  -64.159  -9.386 0.6999999881
18370  20.471  -62.601  8.173 0.3000000119
18383  19.776  -62.845  6.773 0.4000000060
18396  20.270  -62.376  5.695 0.5000000000
18397  19.770  -62.961  6.030 0.4000000060
18426  21.457  -62.381  3.515 0.5000000000
18442  22.602  -62.560  2.990 0.4000000060
18456  24.987  -62.990  0.501 0.6000000238
18458  23.877  -62.439  1.428 0.6999999881
18460  20.697  -62.184  1.648 0.4000000060
18461  19.743  -61.489  1.852 0.4000000060
18470  24.197  -62.485  0.618 0.6999999881
18471  22.298  -62.393  0.551 0.6000000238
18472  20.858  -62.373  0.811 0.4000000060
18481  24.373  -62.731  -0.297 0.6999999881
18484  20.494  -62.520  -0.563 0.6999999881
18494  23.284  -62.903  -1.744 0.6999999881
18496  20.973  -62.592  -1.361 0.6999999881
18498  19.462  -61.893  -1.534 0.6999999881
18506  22.176  -62.731  -2.684 0.8000000119
18508  20.255  -62.531  -2.411 0.8000000119
18510  18.674  -61.889  -3.229 0.6999999881
18519  32.414  -62.546  -2.870 0.4000000060
18521  30.569  -62.543  -3.209 0.4000000060
18522  29.767  -62.546  -3.477 0.4000000060
18523  29.007  -62.257  -3.723 0.4000000060
18525  19.797  -62.562  -3.220 0.8000000119
18527  18.216  -62.078  -4.005 0.6000000238
18540  18.411  -62.535  -4.501 0.8000000119
18563  23.615  -61.956  -7.129 0.6999999881
18572  22.842  -61.984  -7.420 0.6999999881
18576  18.485  -62.660  -7.362 0.6999999881
18577  17.750  -63.096  -7.137 0.6000000238
19343  20.860  -61.664  6.645 0.4000000060
19359  20.899  -61.321  5.901 0.4000000060
19374  20.623  -61.387  4.355 0.5000000000
19395  19.897  -61.161  2.595 0.5000000000
19410  19.382  -61.537  0.316 0.5000000000
19423  19.384  -61.696  -0.642 0.6000000238
19447  18.686  -61.320  -2.853 0.6999999881
19475  28.253  -61.889  -4.121 0.5000000000
19477  26.822  -61.863  -4.701 0.6000000238
19491  25.443  -61.389  -5.829 0.6000000238
19495  18.145  -62.324  -5.461 0.6000000238
19503  25.082  -60.977  -6.573 0.6000000238
19505  20.578  -61.196  -7.093 0.6999999881
19506  20.337  -61.102  -6.620 0.6000000238
19508  17.930  -62.535  -6.367 0.6000000238
19517  22.372  -61.367  -7.352 0.6999999881
20261  22.017  -60.667  6.906 0.4000000060
20289  21.169  -60.421  4.874 0.4000000060
20290  20.668  -60.882  4.514 0.4000000060
20319  20.690  -60.459  1.374 0.4000000060
20320  19.558  -60.907  1.542 0.3000000119
20346  19.705  -60.868  -0.289 0.3000000119
20359  19.413  -60.709  -1.976 0.6000000238
20360  18.795  -60.649  -2.613 0.6000000238
20383  29.874  -60.710  -3.903 0.5000000000
20384  18.494  -60.742  -3.630 0.6999999881
20394  21.851  -60.365  -4.634 0.6000000238
20403  29.298  -60.017  -5.661 0.5000000000
20407  22.457  -60.305  -5.395 0.6000000238
20416  24.571  -60.464  -7.155 0.6999999881
20425  23.941  -60.144  -7.329 0.6999999881
20426  22.750  -60.533  -7.128 0.6999999881
21196  21.829  -59.899  5.316 0.4000000060
21208  21.556  -59.843  4.439 0.4000000060
21217  22.134  -59.522  3.307 0.4000000060
21238  24.013  -59.805  1.209 0.4000000060
21240  21.428  -60.070  1.975 0.4000000060
21252  22.512  -60.105  0.452 0.3000000119
21276  19.721  -60.126  -1.919 0.5000000000
21284  18.642  -59.143  -2.951 0.5000000000
21296  24.897  -59.244  -3.729 0.4000000060
21309  25.121  -59.372  -4.405 0.4000000060
21311  23.616  -59.706  -4.378 0.6000000238
21313  21.625  -60.085  -4.126 0.6999999881
21314  20.460  -60.041  -3.910 0.6000000238
21315  18.942  -59.570  -3.958 0.5000000000
21324  23.293  -59.716  -6.080 0.4000000060
21336  24.054  -58.944  -7.180 0.6000000238
21337  23.641  -59.337  -6.908 0.6000000238
21347  26.354  -58.632  -6.982 0.6000000238
21348  25.895  -58.738  -7.156 0.6999999881
22177  22.896  -59.070  4.462 0.3000000119
22193  22.830  -59.323  3.799 0.3000000119
22207  24.618  -59.391  1.828 0.3000000119
22220  25.325  -58.878  0.969 0.3000000119
22221  24.754  -59.418  1.038 0.4000000060
22222  24.270  -59.572  0.492 0.4000000060
22247  24.304  -58.464  -0.654 0.4000000060
22248  21.853  -59.193  -1.386 0.3000000119
22258  19.973  -58.449  -2.107 0.4000000060
22260  18.749  -58.797  -2.746 0.5000000000
22270  18.207  -57.489  -2.940 0.4000000060
22281  26.172  -59.029  -3.511 0.4000000060
22283  24.548  -58.610  -3.293 0.5000000000
22284  22.583  -58.681  -3.565 0.5000000000
22287  18.272  -57.713  -3.131 0.5000000000
22288  18.553  -58.675  -3.263 0.5000000000
22297  28.442  -58.434  -4.692 0.4000000060
22298  27.130  -58.632  -5.016 0.4000000060
22299  26.365  -59.051  -4.440 0.4000000060
22302  18.713  -58.419  -3.675 0.5000000000
22303  18.747  -59.224  -3.602 0.6999999881
22312  28.272  -58.067  -5.972 0.4000000060
22315  24.873  -58.621  -6.698 0.6000000238
22328  25.339  -58.494  -6.971 0.6000000238
22342  24.642  -58.899  -7.309 0.6999999881
23243  24.825  -58.154  -0.233 0.4000000060
23253  25.082  -57.418  -0.300 0.3000000119
23297  19.559  -57.817  -3.985 0.6000000238
23310  19.285  -56.940  -3.691 0.6000000238
24236  24.600  -56.541  -0.686 0.3000000119
24263  26.831  -57.046  -2.500 0.5000000000
24264  26.230  -56.272  -2.681 0.4000000060
24266  18.810  -56.538  -3.100 0.4000000060
24275  24.504  -56.460  -3.109 0.5000000000
24277  22.758  -56.161  -3.615 0.5000000000
24279  19.351  -55.869  -3.219 0.5000000000
24280  18.834  -56.476  -3.263 0.4000000060
24291  20.359  -56.107  -3.908 0.6000000238
25193  22.569  -55.126  -1.457 0.3000000119
25194  21.757  -55.163  -1.731 0.3000000119
25216  19.792  -55.317  -3.182 0.5000000000
25228  24.873  -55.543  -2.994 0.4000000060
25230  23.121  -55.502  -3.510 0.5000000000
25232  21.043  -55.113  -3.698 0.5000000000
25234  19.387  -55.801  -3.417 0.5000000000
25248  19.832  -55.602  -3.635 0.5000000000
26184  23.613  -54.323  -1.109 0.4000000060
26185  22.752  -54.376  -1.321 0.3000000119
26208  21.040  -53.909  -2.866 0.4000000060
26223  24.377  -54.728  -3.220 0.4000000060
26226  20.117  -55.050  -3.376 0.5000000000
27159  21.683  -53.422  -2.432 0.3000000119
27170  25.071  -53.515  -3.323 0.4000000060
27173  22.273  -53.336  -3.067 0.4000000060
28131  22.081  -52.901  -1.991 0.3000000119
28157  22.564  -52.437  -2.394 0.3000000119
29112  22.594  -51.408  -1.940 0.3000000119
29128  22.891  -51.011  -2.475 0.4000000060
30141  22.583  -50.138  -1.989 0.3000000119
30157  22.755  -50.332  -2.220 0.4000000060
31096  22.856  -49.608  -1.658 0.5000000000
31109  22.687  -49.633  -1.895 0.4000000060
31135  24.602  -49.740  -2.702 0.3000000119
31136  23.723  -49.821  -2.455 0.4000000060
32074  23.045  -49.395  -2.130 0.4000000060
120402  17.532  -66.749  4.929 0.5000000000
120623  32.299  -65.374  -8.570 0.4000000060
121069  21.273  -62.482  -0.014 0.6000000238
121887  22.926  -62.640  -0.940 0.8000000119
121963  37.878  -69.329  -9.007 0.3000000119
122057  23.375  -62.548  2.165 0.6000000238
122371  20.032  -63.418  -8.693 0.6000000238
123210  20.430  -61.928  6.044 0.4000000060
123338  25.628  -64.068  0.967 0.6000000238
123745  20.792  -61.857  3.958 0.4000000060
123827  16.070  -67.489  5.730 0.5000000000
123997  31.638  -65.428  -8.026 0.5000000000
124533  22.566  -54.044  -3.403 0.6000000238
124696  23.530  -58.628  -1.078 0.4000000060
125057  23.176  -51.905  -1.410 0.4000000060
125424  26.570  -60.386  -6.016 0.6000000238
125465  20.940  -62.961  4.834 0.5000000000
125551  25.671  -66.026  -2.025 0.6999999881
125620  25.770  -65.439  -1.408 0.6999999881
125821  19.793  -62.269  -1.804 0.6999999881
126090  12.967  -64.469  6.923 0.4000000060
127011  28.743  -65.376  -8.424 0.4000000060
127135  19.640  -63.492  8.180 0.4000000060
127864  19.653  -61.403  -6.842 0.6000000238
128554  20.200  -60.738  2.767 0.4000000060
130409  20.155  -56.929  -2.148 0.4000000060
130417  20.259  -62.529  7.382 0.4000000060
130983  24.939  -68.883  -0.888 0.6000000238
131024  21.032  -66.479  2.446 0.5000000000
131034  25.768  -65.876  -0.031 0.6000000238
131170  33.302  -63.535  -4.272 0.4000000060
131523  14.439  -64.047  8.698 0.4000000060
131606  32.394  -61.414  -2.791 0.4000000060
131630  23.296  -66.051  1.274 0.6000000238
132194  22.936  -57.826  -3.428 0.5000000000
132454  24.940  -64.573  1.899 0.6000000238
133507  15.564  -66.506  8.475 0.4000000060
133769  18.322  -61.975  -5.935 0.6000000238
133817  22.270  -52.999  -2.704 0.4000000060
133840  21.312  -70.146  0.071 0.5000000000
134366  22.806  -66.229  -6.093 0.5000000000
134453  22.582  -54.819  -3.514 0.6000000238
134730  17.117  -64.443  10.298 0.4000000060
134788  26.890  -59.293  -6.943 0.6000000238
135031  28.573  -58.776  -6.742 0.6000000238
135443  25.385  -59.139  -7.364 0.6999999881
135565  22.447  -66.836  0.557 0.6000000238
135702  23.635  -70.870  -2.834 0.5000000000
135785  20.009  -67.372  -0.395 0.4000000060
135875  17.819  -62.656  -6.892 0.6999999881
136496  24.854  -50.357  -2.930 0.4000000060
136654  23.134  -59.380  -3.835 0.6000000238
136797  30.977  -64.540  -4.637 0.4000000060
137005  23.517  -65.103  -7.882 0.6999999881
138399  21.837  -53.355  -2.008 0.3000000119
138693  21.356  -61.141  6.501 0.4000000060
138719  20.649  -60.224  3.146 0.4000000060
139735  22.147  -68.765  0.201 0.5000000000
139794  31.734  -61.263  -3.037 0.4000000060
140575  26.416  -58.407  -5.952 0.4000000060
140689  16.947  -66.244  7.722 0.4000000060
141029  24.019  -56.836  -1.167 0.3000000119
141041  22.663  -50.020  -1.878 0.5000000000
141385  17.577  -67.592  2.772 0.5000000000
141458  24.962  -55.982  -0.445 0.3000000119
141613  25.141  -57.161  -2.870 0.5000000000
141705  28.743  -59.856  -6.123 0.6000000238
142049  24.666  -68.497  -2.938 0.6999999881
142087  14.830  -68.734  2.969 0.5000000000
142135  22.323  -59.502  -0.874 0.4000000060
142427  23.647  -62.629  -0.622 0.6999999881
142457  22.721  -62.967  -2.944 0.8999999762
142542  19.432  -64.077  -9.085 0.6000000238
142555  25.158  -64.039  -2.103 0.6999999881
144539  32.115  -64.847  -6.213 0.4000000060
144690  37.717  -70.148  -9.457 0.3000000119
144702  18.874  -60.143  -4.013 0.6000000238
144814  19.456  -59.865  -3.947 0.5000000000
145075  20.617  -60.429  -0.752 0.3000000119
145308  34.684  -65.059  -9.524 0.4000000060
145519  19.628  -62.220  -0.996 0.6999999881
145551  21.770  -62.383  1.307 0.5000000000
