#Insight Transform File V1.0
#Transform 0
Transform: AffineTransform_float_3_3
Parameters: 0.999997 0.000498803 -0.00236738 -0.000528017 0.999925 -0.0122462 0.00236129 0.0122474 0.999922 -0.0624008 -0.090256 0.505755
FixedParameters: 0 0 0

#Transform 1
Transform: AffineTransform_float_3_3
Parameters: 0.999997 0.000313189 -0.00270867 -0.000347085 0.99992 -0.0126359 0.00270454 0.0126365 0.999917 -0.0425615 -0.0698912 0.456035
FixedParameters: 0 0 0

#Transform 2
Transform: AffineTransform_float_3_3
Parameters: 0.999997 0.000310147 -0.00270794 -0.000339692 0.999939 -0.0110805 0.00270428 0.011081 0.999935 -0.0463745 -0.0593984 0.431851
FixedParameters: 0 0 0

#Transform 3
Transform: AffineTransform_float_3_3
Parameters: 0.999997 0.000166664 -0.00239506 -0.000191841 0.999942 -0.0107446 0.00239297 0.0107453 0.99994 -0.0382716 -0.0616669 0.365471
FixedParameters: 0 0 0

#Transform 4
Transform: AffineTransform_float_3_3
Parameters: 0.999997 2.95656e-05 -0.00271548 -6.00413e-05 0.999936 -0.0113541 0.00271508 0.011354 0.999932 -0.0269453 -0.0603607 0.428069
FixedParameters: 0 0 0

#Transform 5
Transform: AffineTransform_float_3_3
Parameters: 0.999997 0.00030567 -0.00255137 -0.000331956 0.999947 -0.0103328 0.00254831 0.0103332 0.999944 -0.0380515 -0.0637643 0.388752
FixedParameters: 0 0 0

#Transform 6
Transform: AffineTransform_float_3_3
Parameters: 0.999997 0.000347475 -0.00245422 -0.000373628 0.999946 -0.0103097 0.00245044 0.0103104 0.999944 -0.0286883 -0.0709654 0.366552
FixedParameters: 0 0 0

#Transform 7
Transform: AffineTransform_float_3_3
Parameters: 0.999997 3.7208e-05 -0.00247493 -6.3765e-05 0.999943 -0.0106532 0.00247456 0.0106533 0.99994 -0.025928 -0.0584925 0.367943
FixedParameters: 0 0 0

#Transform 8
Transform: AffineTransform_float_3_3
Parameters: 0.999996 0.000178159 -0.00257824 -0.000205132 0.999945 -0.0105326 0.00257675 0.0105324 0.999941 -0.0255822 -0.0826196 0.378203
FixedParameters: 0 0 0

#Transform 9
Transform: AffineTransform_float_3_3
Parameters: 0.999996 4.8282e-05 -0.00256459 -7.78581e-05 0.999935 -0.0114609 0.00256406 0.011461 0.999931 -0.0349515 -0.0541763 0.408694
FixedParameters: 0 0 0

#Transform 10
Transform: AffineTransform_float_3_3
Parameters: 0.999996 4.35111e-05 -0.00256408 -7.21123e-05 0.999937 -0.011271 0.00256359 0.0112711 0.999933 -0.0307995 -0.0714815 0.396037
FixedParameters: 0 0 0

#Transform 11
Transform: AffineTransform_float_3_3
Parameters: 0.999997 2.26667e-05 -0.00236886 -4.52477e-05 0.999954 -0.00964864 0.00236858 0.00964854 0.99995 -0.0161361 -0.0461657 0.0933693
FixedParameters: 0 0 0

#Transform 12
Transform: AffineTransform_float_3_3
Parameters: 1 -0.000805333 -0.000624453 0.000804344 1 -0.000713508 0.000624551 0.000712321 0.999999 -0.0124144 0.0317324 -0.0436403
FixedParameters: 0 0 0

#Transform 13
Transform: AffineTransform_float_3_3
Parameters: 1 3.46364e-05 7.00301e-05 -3.43905e-05 0.999998 -0.00171789 -7.00934e-05 0.00171789 0.999998 -0.0367776 -0.0069621 0.231406
FixedParameters: 0 0 0

#Transform 14
Transform: AffineTransform_float_3_3
Parameters: 1 -7.57031e-05 -0.000277956 7.56207e-05 0.999998 -0.00195616 0.000278269 0.00195609 0.999998 -0.00550104 0.0228231 0.135766
FixedParameters: 0 0 0

#Transform 15
Transform: AffineTransform_float_3_3
Parameters: 1 -4.15438e-05 -0.000461111 4.12014e-05 0.999999 -0.00135549 0.000460191 0.00135543 0.999999 -0.00419579 -0.00429356 0.101436
FixedParameters: 0 0 0

#Transform 16
Transform: AffineTransform_float_3_3
Parameters: 1 -8.23833e-05 -0.000376881 8.27878e-05 0.999999 -0.000783646 0.000376917 0.000783557 0.999999 -0.00603486 0.0654857 0.0729159
FixedParameters: 0 0 0

#Transform 17
Transform: AffineTransform_float_3_3
Parameters: 1 -0.000255939 -0.000575457 0.00025592 1 -1.67304e-05 0.000575465 1.64358e-05 1 -0.00537784 0.00912149 0.064649
FixedParameters: 0 0 0

#Transform 18
Transform: AffineTransform_float_3_3
Parameters: 1 -0.000189538 -0.000315545 0.00018949 1 -7.55078e-05 0.000315574 7.53882e-05 1 -0.00916962 0.0414917 0.00878959
FixedParameters: 0 0 0

#Transform 19
Transform: AffineTransform_float_3_3
Parameters: 1 -8.0312e-05 9.70236e-05 8.03812e-05 1 -0.000356607 -9.69663e-05 0.000356623 1 -0.0131918 0.0071507 -0.00832205
FixedParameters: 0 0 0

#Transform 20
Transform: AffineTransform_float_3_3
Parameters: 1 -0.00017347 -9.10133e-05 0.000173311 1 -0.000358713 9.01437e-05 0.000358687 1 0.000459172 0.0078325 -0.00204689
FixedParameters: 0 0 0

#Transform 21
Transform: AffineTransform_float_3_3
Parameters: 1 8.12717e-05 -0.000341255 -8.1962e-05 1 -0.00101922 0.000341144 0.00101927 1 -0.00791241 -0.0152772 -0.0307486
FixedParameters: 0 0 0

#Transform 22
Transform: AffineTransform_float_3_3
Parameters: 1 1.29526e-05 -0.000334746 -1.25519e-05 0.999999 -0.000888123 0.000334629 0.000888104 0.999999 -0.00917058 -0.00224784 -0.0528433
FixedParameters: 0 0 0

#Transform 23
Transform: AffineTransform_float_3_3
Parameters: 1 0.000208999 5.94093e-05 -0.000208873 1 -0.00101878 -5.97796e-05 0.00101876 1 -0.0162 0.0378331 -0.0914343
FixedParameters: 0 0 0

#Transform 24
Transform: AffineTransform_float_3_3
Parameters: 1 5.33474e-05 6.32414e-05 -5.33014e-05 1 -0.000363834 -6.32802e-05 0.000363827 1 -0.012998 0.00664782 -0.055656
FixedParameters: 0 0 0

#Transform 25
Transform: AffineTransform_float_3_3
Parameters: 1 -0.000151693 -0.000319163 0.000151831 1 0.00021567 0.000319097 -0.000215767 1 -0.0108309 0.00480335 -0.0685507
FixedParameters: 0 0 0

#Transform 26
Transform: AffineTransform_float_3_3
Parameters: 1 -0.0001346 -0.000180124 0.000134586 1 -3.62916e-05 0.000180134 3.62431e-05 1 7.42719e-06 0.0453929 -0.0418646
FixedParameters: 0 0 0

#Transform 27
Transform: AffineTransform_float_3_3
Parameters: 1 -0.000313708 -0.000252943 0.000313387 0.999999 0.00132243 0.000252264 -0.00132256 0.999999 0.0031206 0.0452644 -0.0330015
FixedParameters: 0 0 0

#Transform 28
Transform: AffineTransform_float_3_3
Parameters: 1 -0.000226833 -0.000312091 0.000227023 1 0.000304583 0.000311953 -0.000304725 1 0.0071755 0.0472108 -0.0289077
FixedParameters: 0 0 0

#Transform 29
Transform: AffineTransform_float_3_3
Parameters: 1 8.47126e-05 -0.000201843 -8.55951e-05 1 0.000279024 0.000201984 -0.000278962 1 0.0145595 0.074908 -0.0368317
FixedParameters: 0 0 0

#Transform 30
Transform: AffineTransform_float_3_3
Parameters: 1 -7.51883e-05 -0.000326382 7.53572e-05 1 0.000258846 0.000326343 -0.000258896 1 0.00911753 0.0386036 -0.0629751
FixedParameters: 0 0 0

#Transform 31
Transform: AffineTransform_float_3_3
Parameters: 1 0.000183209 -0.000350691 -0.00018383 1 0.000534281 0.000350981 -0.000534125 1 0.0111393 0.0275699 -0.0781522
FixedParameters: 0 0 0

#Transform 32
Transform: AffineTransform_float_3_3
Parameters: 1 -2.03159e-05 -8.04541e-05 2.04357e-05 0.999999 0.000744932 8.04238e-05 -0.000744936 0.999999 0.00591562 0.0497667 -0.105352
FixedParameters: 0 0 0

#Transform 33
Transform: AffineTransform_float_3_3
Parameters: 1 0.000102116 -0.000342972 -0.000101408 1 0.00102315 0.000343236 -0.00102308 1 0.00969046 0.0662036 -0.109163
FixedParameters: 0 0 0

#Transform 34
Transform: AffineTransform_float_3_3
Parameters: 1 0.000292537 -0.000462702 -0.00029283 1 -0.000316676 0.000462516 0.000316947 1 0.0135281 0.0837791 -0.0633993
FixedParameters: 0 0 0

#Transform 35
Transform: AffineTransform_float_3_3
Parameters: 1 0.000304545 -0.000614171 -0.000304862 1 0.000629486 0.000613654 -0.000629079 0.999999 0.0153244 0.0145317 -0.0647767
FixedParameters: 0 0 0

#Transform 36
Transform: AffineTransform_float_3_3
Parameters: 1 0.000428171 -0.000373688 -0.00042781 0.999999 0.000609219 0.000373215 -0.000608894 1 0.0130254 0.0527209 -0.0940358
FixedParameters: 0 0 0

#Transform 37
Transform: AffineTransform_float_3_3
Parameters: 0.999999 0.000342295 -0.000643896 -0.00034169 1 0.000469551 0.000644217 -0.000469111 0.999999 0.014543 0.0612847 -0.116679
FixedParameters: 0 0 0

#Transform 38
Transform: AffineTransform_float_3_3
Parameters: 0.999999 -0.00100661 -0.000306123 0.00100994 0.999911 0.0133168 0.000293702 -0.0133173 0.999911 -0.00121016 0.201247 -0.553064
FixedParameters: 0 0 0

#Transform 39
Transform: AffineTransform_float_3_3
Parameters: 0.999982 -0.00397087 0.00447613 0.0036741 0.997917 0.064398 -0.00472244 -0.0643801 0.997914 -0.0454813 0.280298 -1.77886
FixedParameters: 0 0 0

#Transform 40
Transform: AffineTransform_float_3_3
Parameters: 0.999998 0.00181838 0.00146139 -0.00181694 0.999998 -0.00112461 -0.00146435 0.00112131 0.999998 -0.00919337 -0.0624297 -0.265291
FixedParameters: 0 0 0

#Transform 41
Transform: AffineTransform_float_3_3
Parameters: 0.999995 0.00289897 0.00126113 -0.00290226 0.999993 0.00268501 -0.00125289 -0.00268803 0.999996 -0.00777357 0.147672 -0.293977
FixedParameters: 0 0 0

#Transform 42
Transform: AffineTransform_float_3_3
Parameters: 0.999996 0.0023624 0.000986288 -0.00236452 0.999996 0.00147686 -0.000982441 -0.00147895 0.999999 -0.000162384 0.0457169 -0.227368
FixedParameters: 0 0 0

#Transform 43
Transform: AffineTransform_float_3_3
Parameters: 0.999999 0.00168191 0.000744315 -0.00168224 0.999998 0.000253338 -0.000743577 -0.000254064 0.999999 0.00483476 0.0692639 -0.0507388
FixedParameters: 0 0 0

#Transform 44
Transform: AffineTransform_float_3_3
Parameters: 0.999998 0.00162196 0.00108834 -0.00162327 0.999997 0.00145682 -0.00108579 -0.00145843 0.999999 0.00135772 0.079172 -0.0371398
FixedParameters: 0 0 0

#Transform 45
Transform: AffineTransform_float_3_3
Parameters: 0.999998 0.00161174 0.00113325 -0.00161339 0.999997 0.00194954 -0.00113017 -0.0019513 0.999998 -0.00114472 0.0675824 -0.106586
FixedParameters: 0 0 0

#Transform 46
Transform: AffineTransform_float_3_3
Parameters: 0.999998 0.00149766 0.00110126 -0.00150016 0.999996 0.00238284 -0.00109727 -0.00238522 0.999997 0.00619495 0.072895 -0.169469
FixedParameters: 0 0 0

#Transform 47
Transform: AffineTransform_float_3_3
Parameters: 0.999999 0.00159228 0.000756666 -0.00159377 0.999995 0.00273884 -0.000752087 -0.00274051 0.999996 0.00706216 0.0496337 -0.210189
FixedParameters: 0 0 0

#Transform 48
Transform: AffineTransform_float_3_3
Parameters: 0.999999 0.00154078 0.000761819 -0.00154369 0.999995 0.00300857 -0.000756537 -0.00301015 0.999995 0.00493071 0.0462508 -0.21633
FixedParameters: 0 0 0

#Transform 49
Transform: AffineTransform_float_3_3
Parameters: 0.999998 0.00134349 0.0010101 -0.0013456 0.999997 0.0024221 -0.00100669 -0.00242292 0.999997 0.016135 0.0565748 -0.197736
FixedParameters: 0 0 0

#Transform 50
Transform: AffineTransform_float_3_3
Parameters: 0.999998 0.00138918 0.000773754 -0.00139078 0.999998 0.00157996 -0.00077139 -0.00158115 0.999999 0.0187002 0.0268315 -0.201643
FixedParameters: 0 0 0

#Transform 51
Transform: AffineTransform_float_3_3
Parameters: 0.999999 0.000976406 0.000908833 -0.00097803 0.999998 0.00190448 -0.000907233 -0.00190532 0.999998 0.0129938 0.025381 -0.230658
FixedParameters: 0 0 0

#Transform 52
Transform: AffineTransform_float_3_3
Parameters: 0.999999 0.000965584 0.000813486 -0.000966957 0.999997 0.00197356 -0.000811795 -0.00197419 0.999997 0.0133796 0.037466 -0.253652
FixedParameters: 0 0 0

#Transform 53
Transform: AffineTransform_float_3_3
Parameters: 0.999999 0.000994926 0.000809795 -0.000995526 0.999999 0.000943964 -0.000809006 -0.000944615 0.999999 0.0121779 0.0642715 -0.299254
FixedParameters: 0 0 0

#Transform 54
Transform: AffineTransform_float_3_3
Parameters: 0.999999 0.00131527 0.00128515 -0.00131704 0.999998 0.00106285 -0.00128344 -0.0010641 0.999999 -0.0109683 0.0681988 -0.12355
FixedParameters: 0 0 0

#Transform 55
Transform: AffineTransform_float_3_3
Parameters: 0.999998 0.00105515 0.00170078 -0.00105806 0.999998 0.0017237 -0.00169837 -0.00172522 0.999997 -0.00791217 0.0597976 -0.177168
FixedParameters: 0 0 0

#Transform 56
Transform: AffineTransform_float_3_3
Parameters: 0.999999 0.000719498 0.00132165 -0.000720866 1 0.000868836 -0.00132149 -0.00086978 0.999998 0.00802145 0.0617849 -0.169544
FixedParameters: 0 0 0

#Transform 57
Transform: AffineTransform_float_3_3
Parameters: 0.999999 0.000724946 0.00112818 -0.000726548 0.999999 0.000680663 -0.00112819 -0.000681126 0.999999 0.00582932 0.0665039 -0.197623
FixedParameters: 0 0 0

#Transform 58
Transform: AffineTransform_float_3_3
Parameters: 0.999999 0.00059364 0.0012776 -0.000595962 0.999999 0.00166397 -0.00127675 -0.00166456 0.999998 0.0155337 0.0803863 -0.244575
FixedParameters: 0 0 0

#Transform 59
Transform: AffineTransform_float_3_3
Parameters: 1 0.000502495 0.000951483 -0.000503112 0.999999 0.00137045 -0.000950292 -0.00137146 0.999998 0.0243969 0.0712021 -0.250483
FixedParameters: 0 0 0

#Transform 60
Transform: AffineTransform_float_3_3
Parameters: 0.999999 0.000707849 0.00120578 -0.00071018 0.999998 0.00175527 -0.00120442 -0.00175703 0.999997 0.0157778 0.0744806 -0.295166
FixedParameters: 0 0 0

#Transform 61
Transform: AffineTransform_float_3_3
Parameters: 0.999999 0.000613048 0.000776862 -0.000614233 0.999998 0.00199122 -0.00077549 -0.00199222 0.999997 0.0245769 0.0658167 -0.263439
FixedParameters: 0 0 0

#Transform 62
Transform: AffineTransform_float_3_3
Parameters: 0.999999 0.000642938 0.000533304 -0.000643611 0.999997 0.00233695 -0.000532308 -0.00233768 0.999997 0.0299139 0.0852643 -0.260946
FixedParameters: 0 0 0

#Transform 63
Transform: AffineTransform_float_3_3
Parameters: 1 0.000545 0.000418068 -0.000545413 0.999996 0.00279382 -0.000415982 -0.00279433 0.999996 0.0304196 0.0746345 -0.263923
FixedParameters: 0 0 0

#Transform 64
Transform: AffineTransform_float_3_3
Parameters: 1 8.34658e-05 0.000173158 -8.42933e-05 0.999997 0.0024388 -0.000172583 -0.00243883 0.999997 0.030011 0.0777489 -0.237302
FixedParameters: 0 0 0

#Transform 65
Transform: AffineTransform_float_3_3
Parameters: 0.999999 0.000347916 0.000603763 -0.0003491 0.999996 0.00258882 -0.000602977 -0.00258831 0.999996 0.0279324 0.0649613 -0.218801
FixedParameters: 0 0 0

#Transform 66
Transform: AffineTransform_float_3_3
Parameters: 1 7.94827e-05 0.000173534 -8.0334e-05 0.999996 0.00258273 -0.000172958 -0.00258178 0.999996 0.0301054 0.0912548 -0.235364
FixedParameters: 0 0 0

#Transform 67
Transform: AffineTransform_float_3_3
Parameters: 1 0.000258883 0.000516831 -0.0002606 0.999993 0.00352904 -0.000515848 -0.00352936 0.999993 0.0357017 0.0329579 -0.247234
FixedParameters: 0 0 0

#Transform 68
Transform: AffineTransform_float_3_3
Parameters: 1 7.33483e-05 0.000313771 -7.4465e-05 0.999994 0.00325545 -0.000314101 -0.00325551 0.999994 0.0285709 0.0784653 -0.237787
FixedParameters: 0 0 0

#Transform 69
Transform: AffineTransform_float_3_3
Parameters: 1 0.000365726 0.00049418 -0.000367671 0.999992 0.00383213 -0.000493159 -0.00383254 0.999992 0.02913 0.0924584 -0.239333
FixedParameters: 0 0 0

#Transform 70
Transform: AffineTransform_float_3_3
Parameters: 1 8.60467e-05 0.000567736 -8.81309e-05 0.999994 0.00362325 -0.000566906 -0.00362341 0.999994 0.0257095 0.0903116 -0.251251
FixedParameters: 0 0 0

#Transform 71
Transform: AffineTransform_float_3_3
Parameters: 1 0.000210151 0.000504192 -0.000211757 0.999994 0.00350674 -0.000503563 -0.003507 0.999993 0.0317893 0.0829667 -0.287832
FixedParameters: 0 0 0

#Transform 72
Transform: AffineTransform_float_3_3
Parameters: 1 0.000253293 0.000157618 -0.000254229 0.999996 0.00274363 -0.000156998 -0.00274371 0.999996 0.0302795 0.120036 -0.291097
FixedParameters: 0 0 0

#Transform 73
Transform: AffineTransform_float_3_3
Parameters: 0.999999 0.000102038 0.000743008 -0.000105362 0.999994 0.00362221 -0.00074206 -0.00362144 0.999993 0.0273369 0.0698023 -0.275236
FixedParameters: 0 0 0

#Transform 74
Transform: AffineTransform_float_3_3
Parameters: 1 0.000248177 0.000480513 -0.000250109 0.999995 0.00297675 -0.000479841 -0.00297683 0.999996 0.0264365 0.0998819 -0.298823
FixedParameters: 0 0 0

#Transform 75
Transform: AffineTransform_float_3_3
Parameters: 1 0.000209678 0.000559349 -0.000211065 0.999995 0.00295945 -0.000559009 -0.00295955 0.999996 0.0259473 0.0797552 -0.273356
FixedParameters: 0 0 0

#Transform 76
Transform: AffineTransform_float_3_3
Parameters: 1 9.75033e-05 0.00047821 -9.92909e-05 0.999995 0.00293354 -0.000477506 -0.00293366 0.999995 0.0253192 0.0986622 -0.298439
FixedParameters: 0 0 0

#Transform 77
Transform: AffineTransform_float_3_3
Parameters: 1 7.20201e-05 0.000174263 -7.29905e-05 0.999996 0.00284964 -0.000173629 -0.00284966 0.999996 0.0375572 0.100629 -0.287088
FixedParameters: 0 0 0

#Transform 78
Transform: AffineTransform_float_3_3
Parameters: 1 0.00011838 0.000524431 -0.000119928 0.999997 0.00234876 -0.000524793 -0.00234891 0.999997 0.036399 0.0527873 -0.307838
FixedParameters: 0 0 0

#Transform 79
Transform: AffineTransform_float_3_3
Parameters: 1 0.000107757 0.000439052 -0.000108989 0.999997 0.00244574 -0.000439444 -0.00244585 0.999997 0.0255234 0.0617737 -0.300231
FixedParameters: 0 0 0

#Transform 80
Transform: AffineTransform_float_3_3
Parameters: 1 0.00044819 0.000280691 -0.000449284 0.999994 0.00349989 -0.000279303 -0.00349918 0.999994 0.0338083 0.0656113 -0.282503
FixedParameters: 0 0 0

#Transform 81
Transform: AffineTransform_float_3_3
Parameters: 1 8.71484e-05 0.000275291 -8.85802e-05 0.999996 0.0026418 -0.000274606 -0.00264166 0.999997 0.0277782 0.0899879 -0.282034
FixedParameters: 0 0 0

#Transform 82
Transform: AffineTransform_float_3_3
Parameters: 1 0.000109279 0.000170638 -0.000109789 0.999999 0.00151215 -0.000170251 -0.00151219 0.999999 0.0386345 0.0930452 -0.281922
FixedParameters: 0 0 0

#Transform 83
Transform: AffineTransform_float_3_3
Parameters: 1 9.53943e-05 2.19392e-06 -9.53949e-05 0.999999 0.00144819 -1.8623e-06 -0.00144819 0.999999 0.0307829 0.0571793 -0.267724
FixedParameters: 0 0 0

#Transform 84
Transform: AffineTransform_float_3_3
Parameters: 1 7.65327e-05 0.00017384 -7.7417e-05 0.999997 0.00268869 -0.000173207 -0.00268774 0.999997 0.045799 0.0865015 -0.275643
FixedParameters: 0 0 0

#Transform 85
Transform: AffineTransform_float_3_3
Parameters: 1 0.000399202 -0.000218483 -0.000398247 0.999997 0.00235961 0.000219537 -0.00235943 0.999997 0.0550114 0.100936 -0.280696
FixedParameters: 0 0 0

#Transform 86
Transform: AffineTransform_float_3_3
Parameters: 1 0.000163187 0.000120525 -0.000162654 0.999998 0.00196692 -0.000119868 -0.00196699 0.999998 0.048922 0.10819 -0.29951
FixedParameters: 0 0 0

#Transform 87
Transform: AffineTransform_float_3_3
Parameters: 1 0.000104398 0.000247483 -0.000105346 0.999998 0.00193898 -0.000246966 -0.00193903 0.999998 0.0469971 0.0972721 -0.302646
FixedParameters: 0 0 0

#Transform 88
Transform: AffineTransform_float_3_3
Parameters: 1 0.000563957 0.00020484 -0.000563774 0.999998 0.00178363 -0.000203806 -0.00178389 0.999999 0.025336 0.0845093 -0.334687
FixedParameters: 0 0 0

#Transform 89
Transform: AffineTransform_float_3_3
Parameters: 1 0.000534316 0.000126686 -0.000534048 0.999996 0.00258037 -0.000124851 -0.00258053 0.999996 0.0350758 0.0903678 -0.333151
FixedParameters: 0 0 0

#Transform 90
Transform: AffineTransform_float_3_3
Parameters: 0.999999 0.00054037 0.000551594 -0.000541749 0.999993 0.00373764 -0.000550427 -0.00373831 0.999993 0.0362946 0.11219 -0.319997
FixedParameters: 0 0 0

#Transform 91
Transform: AffineTransform_float_3_3
Parameters: 1 0.00015478 6.89136e-05 -0.00015501 1 0.00102049 -6.95362e-05 -0.00102051 1 0.0479207 0.106561 -0.346147
FixedParameters: 0 0 0

#Transform 92
Transform: AffineTransform_float_3_3
Parameters: 1 -0.00112537 0.000363817 0.00112554 1 -0.000242876 -0.000363324 0.000243507 1 0.0819806 0.114354 -0.292464
FixedParameters: 0 0 0

#Transform 93
Transform: AffineTransform_float_3_3
Parameters: 0.999999 -0.000876922 0.000279896 0.000876982 0.999999 -0.000105797 -0.00027971 0.000106288 1 0.0839346 0.0937436 -0.326103
FixedParameters: 0 0 0

#Transform 94
Transform: AffineTransform_float_3_3
Parameters: 1 -0.000230114 0.000279083 0.000230507 0.999999 -0.000703311 -0.000278759 0.000703439 0.999999 0.0501421 0.0833926 -0.193482
FixedParameters: 0 0 0

#Transform 95
Transform: AffineTransform_float_3_3
Parameters: 1 0.0004913 0.000210967 -0.000491554 0.999999 0.000603178 -0.000210374 -0.000603385 1 0.0223055 0.101152 -0.184144
FixedParameters: 0 0 0

#Transform 96
Transform: AffineTransform_float_3_3
Parameters: 1 8.38315e-05 0.000150804 -8.39476e-05 1 0.000385063 -0.00015074 -0.000385088 1 0.0307005 0.10283 -0.192797
FixedParameters: 0 0 0

#Transform 97
Transform: AffineTransform_float_3_3
Parameters: 1 9.99449e-05 0.000247701 -0.000100013 1 0.000137147 -0.000247674 -0.000137196 1 0.0459247 0.0856239 -0.191795
FixedParameters: 0 0 0

#Transform 98
Transform: AffineTransform_float_3_3
Parameters: 1 -0.000132126 -0.000159338 0.000132316 1 0.000596967 0.00015918 -0.000597009 1 0.044531 0.102548 -0.176791
FixedParameters: 0 0 0

#Transform 99
Transform: AffineTransform_float_3_3
Parameters: 0.999999 0.000646064 -0.000485827 -0.000646199 0.999999 -0.00126604 0.000485146 0.00126664 0.999999 0.00819701 0.0523857 0.103834
FixedParameters: 0 0 0

#Transform 100
Transform: AffineTransform_float_3_3
Parameters: 0.999999 0.000634372 0.000372633 -0.000635271 0.999999 0.00112579 -0.000372145 -0.00112527 1 0.00331224 0.0311043 0.227768
FixedParameters: 0 0 0

#Transform 101
Transform: AffineTransform_float_3_3
Parameters: 0.999999 0.000817529 0.000438987 -0.000818725 0.999999 0.00126163 -0.000437861 -0.00126234 0.999999 -0.00438503 0.0739233 0.166619
FixedParameters: 0 0 0

#Transform 102
Transform: AffineTransform_float_3_3
Parameters: 0.999999 0.000656256 0.000769522 -0.000656629 0.999998 0.00147819 -0.000768708 -0.00147925 0.999998 -0.00238672 0.0700292 0.161973
FixedParameters: 0 0 0

#Transform 103
Transform: AffineTransform_float_3_3
Parameters: 0.999999 0.000473369 0.000805744 -0.000475198 0.999999 0.00170128 -0.000805107 -0.00170207 0.999998 -0.00426388 0.0863506 0.158425
FixedParameters: 0 0 0

#Transform 104
Transform: AffineTransform_float_3_3
Parameters: 0.999999 0.000450741 0.000625143 -0.000452184 0.999998 0.00190729 -0.000624401 -0.0019069 0.999998 -0.0033714 0.0741037 0.126959
FixedParameters: 0 0 0

#Transform 105
Transform: AffineTransform_float_3_3
Parameters: 0.999999 0.000448661 0.000712872 -0.000449946 0.999998 0.00226309 -0.000711857 -0.0022628 0.999997 -0.00428432 0.0818755 0.124483
FixedParameters: 0 0 0

#Transform 106
Transform: AffineTransform_float_3_3
Parameters: 0.999999 0.00014128 0.00082559 -0.000142912 0.999997 0.00220357 -0.000824986 -0.00220367 0.999997 0.0111303 0.104977 0.0652068
FixedParameters: 0 0 0

#Transform 107
Transform: AffineTransform_float_3_3
Parameters: 1 0.000353276 -2.20678e-05 -0.000353195 0.999994 0.0032491 2.36458e-05 -0.00324908 0.999994 0.0213514 0.227186 -0.131311
FixedParameters: 0 0 0

#Transform 108
Transform: AffineTransform_float_3_3
Parameters: 0.999997 7.53173e-05 0.00254075 -8.99735e-05 0.999983 0.00583976 -0.00254026 -0.00584003 0.999979 0.0152229 0.05864 0.0995007
FixedParameters: 0 0 0

#Transform 109
Transform: AffineTransform_float_3_3
Parameters: 0.999996 0.000427513 0.00280703 -0.000453518 0.999958 0.0092302 -0.00280295 -0.00923065 0.999954 0.0264141 0.0887189 0.0666072
FixedParameters: 0 0 0

#Transform 110
Transform: AffineTransform_float_3_3
Parameters: 0.999996 0.000316522 0.00286108 -0.000354018 0.999915 0.0129837 -0.00285718 -0.0129839 0.999911 0.0184168 0.0972896 0.0890449
FixedParameters: 0 0 0

#Transform 111
Transform: AffineTransform_float_3_3
Parameters: 0.999981 0.000787528 0.00614099 -0.000967639 0.999564 0.0294906 -0.00611524 -0.0294968 0.999547 -0.00824008 0.147887 -0.0481625
FixedParameters: 0 0 0

#Transform 112
Transform: AffineTransform_float_3_3
Parameters: 0.999991 0.00209127 0.00370811 -0.00213519 0.999929 0.0117684 -0.00368281 -0.0117763 0.999924 -0.0556036 0.0460738 0.15375
FixedParameters: 0 0 0

#Transform 113
Transform: AffineTransform_float_3_3
Parameters: 0.99999 0.00194944 0.00406653 -0.0020107 0.999884 0.0150428 -0.00403662 -0.0150512 0.999878 -0.0405296 0.0476938 0.253269
FixedParameters: 0 0 0

#Transform 114
Transform: AffineTransform_float_3_3
Parameters: 0.999993 0.0015382 0.00345237 -0.0015903 0.999885 0.0151455 -0.00342867 -0.0151508 0.99988 -0.0239282 0.0617119 0.252913
FixedParameters: 0 0 0

#Transform 115
Transform: AffineTransform_float_3_3
Parameters: 0.999993 0.00154371 0.00345162 -0.00159448 0.999887 0.0149685 -0.0034275 -0.0149739 0.999882 -0.0254572 0.0730995 0.248664
FixedParameters: 0 0 0

#Transform 116
Transform: AffineTransform_float_3_3
Parameters: 0.999993 0.00153565 0.0034527 -0.00158731 0.999883 0.0152274 -0.00342887 -0.0152328 0.999878 -0.0302076 0.0994363 0.277839
FixedParameters: 0 0 0

#Transform 117
Transform: AffineTransform_float_3_3
Parameters: 0.999992 0.00180961 0.00343207 -0.00186375 0.999874 0.0157813 -0.00340245 -0.0157876 0.999869 -0.0235845 0.108536 0.267362
FixedParameters: 0 0 0

#Transform 118
Transform: AffineTransform_float_3_3
Parameters: 0.999994 0.00196184 0.00289675 -0.0020056 0.999886 0.014981 -0.00286633 -0.0149873 0.999883 -0.0280481 0.0962773 0.240619
FixedParameters: 0 0 0

#Transform 119
Transform: AffineTransform_float_3_3
Parameters: 0.999995 0.00182611 0.00265084 -0.00186799 0.99987 0.016021 -0.00262079 -0.0160258 0.999868 -0.0137222 0.0992848 0.227292
FixedParameters: 0 0 0

#Transform 120
Transform: AffineTransform_float_3_3
Parameters: 0.999995 0.00150098 0.00267351 -0.00153907 0.999896 0.0143462 -0.00265094 -0.01435 0.999893 -0.0103859 0.0963359 0.228307
FixedParameters: 0 0 0

#Transform 121
Transform: AffineTransform_float_3_3
Parameters: 0.999997 0.00133682 0.00198637 -0.00136441 0.999906 0.0136675 -0.00196787 -0.0136704 0.999905 -0.00766879 0.0989725 0.219273
FixedParameters: 0 0 0

#Transform 122
Transform: AffineTransform_float_3_3
Parameters: 0.999996 0.00134754 0.00246588 -0.00137922 0.999917 0.0128747 -0.00244823 -0.0128779 0.999914 -0.0281011 0.0794531 0.281278
FixedParameters: 0 0 0

#Transform 123
Transform: AffineTransform_float_3_3
Parameters: 0.999996 0.00143009 0.00234872 -0.00145972 0.999916 0.0128492 -0.00233 -0.0128524 0.999915 -0.0264664 0.112412 0.268331
FixedParameters: 0 0 0

#Transform 124
Transform: AffineTransform_float_3_3
Parameters: 0.999997 0.0014464 0.00217317 -0.00147209 0.999929 0.0118349 -0.0021563 -0.0118377 0.999927 -0.0252459 0.0575649 0.257617
FixedParameters: 0 0 0

#Transform 125
Transform: AffineTransform_float_3_3
Parameters: 0.999997 0.00142502 0.00197656 -0.00144873 0.999927 0.0120052 -0.00195937 -0.0120083 0.999926 -0.0226246 0.0661232 0.280459
FixedParameters: 0 0 0

#Transform 126
Transform: AffineTransform_float_3_3
Parameters: 0.999995 0.00147342 0.00271774 -0.00150725 0.999922 0.0124187 -0.0026997 -0.0124232 0.99992 -0.0244165 0.0724371 0.298423
FixedParameters: 0 0 0

#Transform 127
Transform: AffineTransform_float_3_3
Parameters: 0.999995 0.00180542 0.00246132 -0.00183453 0.99993 0.0117047 -0.00243976 -0.0117092 0.999928 -0.0239696 0.0651197 0.304515
FixedParameters: 0 0 0

#Transform 128
Transform: AffineTransform_float_3_3
Parameters: 0.999996 0.00147303 0.00257771 -0.00150345 0.999926 0.0120561 -0.00255989 -0.0120601 0.999924 -0.0284808 0.0582453 0.284006
FixedParameters: 0 0 0

#Transform 129
Transform: AffineTransform_float_3_3
Parameters: 0.999995 0.00164482 0.00252465 -0.0016709 0.999944 0.010464 -0.00250755 -0.0104677 0.999942 -0.0264341 0.0411451 0.303266
FixedParameters: 0 0 0

#Transform 130
Transform: AffineTransform_float_3_3
Parameters: 0.999994 0.00194143 0.00267693 -0.0019713 0.999935 0.0112571 -0.00265539 -0.011262 0.999933 -0.0269888 0.0658662 0.322479
FixedParameters: 0 0 0

#Transform 131
Transform: AffineTransform_float_3_3
Parameters: 0.999994 0.00202335 0.00267248 -0.00205622 0.999921 0.0123676 -0.00264707 -0.012373 0.99992 -0.0237451 0.054691 0.321643
FixedParameters: 0 0 0

#Transform 132
Transform: AffineTransform_float_3_3
Parameters: 0.999995 0.00174343 0.00269545 -0.00177659 0.999923 0.0123605 -0.00267401 -0.0123645 0.99992 -0.029243 0.0479472 0.307833
FixedParameters: 0 0 0

#Transform 133
Transform: AffineTransform_float_3_3
Parameters: 0.999996 0.0016018 0.0022897 -0.00162984 0.999922 0.0123576 -0.00227031 -0.0123604 0.999921 -0.0233402 0.058109 0.315048
FixedParameters: 0 0 0

#Transform 134
Transform: AffineTransform_float_3_3
Parameters: 0.999995 0.00171237 0.00259428 -0.0017439 0.999925 0.012152 -0.00257328 -0.0121565 0.999923 -0.0252619 0.0580627 0.330544
FixedParameters: 0 0 0

#Transform 135
Transform: AffineTransform_float_3_3
Parameters: 0.999996 0.00153835 0.00224605 -0.00156535 0.999927 0.0119471 -0.00222762 -0.0119504 0.999926 -0.0228364 0.0609392 0.337034
FixedParameters: 0 0 0

#Transform 136
Transform: AffineTransform_float_3_3
Parameters: 0.999996 0.00155307 0.00242442 -0.00158234 0.999927 0.0119467 -0.00240585 -0.0119507 0.999926 -0.0160924 0.051539 0.339106
FixedParameters: 0 0 0

#Transform 137
Transform: AffineTransform_float_3_3
Parameters: 0.999996 0.00155792 0.00242374 -0.0015863 0.999929 0.0117857 -0.00240469 -0.0117897 0.999927 -0.0112054 0.0412138 0.316555
FixedParameters: 0 0 0

#Transform 138
Transform: AffineTransform_float_3_3
Parameters: 0.999996 0.00165812 0.00231413 -0.00168337 0.999935 0.0112285 -0.00229476 -0.0112326 0.999935 -0.0158174 0.0334175 0.308904
FixedParameters: 0 0 0

#Transform 139
Transform: AffineTransform_float_3_3
Parameters: 0.999996 0.00163892 0.00241615 -0.00166672 0.999935 0.0112805 -0.00239701 -0.0112851 0.999933 -0.00971906 0.0409354 0.337421
FixedParameters: 0 0 0

#Transform 140
Transform: AffineTransform_float_3_3
Parameters: 0.999996 0.00157814 0.00242095 -0.00160517 0.999937 0.011114 -0.00240278 -0.0111181 0.999936 -0.0162392 0.0679984 0.326714
FixedParameters: 0 0 0

#Transform 141
Transform: AffineTransform_float_3_3
Parameters: 0.999996 0.00157682 0.00242112 -0.00160403 0.999936 0.011159 -0.00240284 -0.011162 0.999935 -0.0238276 0.036769 0.364441
FixedParameters: 0 0 0

#Transform 142
Transform: AffineTransform_float_3_3
Parameters: 0.999996 0.00155777 0.00216166 -0.00158184 0.999937 0.0110735 -0.00214388 -0.0110767 0.999936 -0.0134389 0.0721105 0.321771
FixedParameters: 0 0 0

#Transform 143
Transform: AffineTransform_float_3_3
Parameters: 0.999996 0.00156887 0.00231336 -0.00159465 0.999937 0.0111241 -0.00229628 -0.011128 0.999935 -0.0122948 0.0611092 0.302234
FixedParameters: 0 0 0

#Transform 144
Transform: AffineTransform_float_3_3
Parameters: 0.999995 0.00165788 0.00264159 -0.0016875 0.999933 0.0114052 -0.00262284 -0.0114095 0.999931 -0.0271003 0.0632214 0.308818
FixedParameters: 0 0 0

#Transform 145
Transform: AffineTransform_float_3_3
Parameters: 0.999996 0.00158132 0.00231164 -0.00160607 0.999941 0.0107094 -0.00229475 -0.010713 0.99994 -0.0113111 0.0689587 0.297152
FixedParameters: 0 0 0

#Transform 146
Transform: AffineTransform_float_3_3
Parameters: 0.999996 0.00151482 0.00231747 -0.00154042 0.99994 0.0108657 -0.00230141 -0.0108691 0.999939 -0.00880057 0.046132 0.300949
FixedParameters: 0 0 0

#Transform 147
Transform: AffineTransform_float_3_3
Parameters: 0.999995 0.00165954 0.00263038 -0.00169077 0.999927 0.0119426 -0.00261048 -0.0119467 0.999926 -0.00711227 0.0739383 0.290219
FixedParameters: 0 0 0

#Transform 148
Transform: AffineTransform_float_3_3
Parameters: 0.999995 0.0014128 0.0027719 -0.0014487 0.999913 0.0130972 -0.00275324 -0.0131016 0.99991 -0.0124488 0.0472624 0.315202
FixedParameters: 0 0 0

#Transform 149
Transform: AffineTransform_float_3_3
Parameters: 0.999996 0.00148152 0.00255912 -0.00151318 0.999918 0.0127796 -0.0025396 -0.0127828 0.999915 -0.0197582 0.0645887 0.311532
FixedParameters: 0 0 0

#Transform 150
Transform: AffineTransform_float_3_3
Parameters: 0.999995 0.00147079 0.00264422 -0.00150582 0.99991 0.0133563 -0.00262495 -0.0133596 0.999908 -0.0153924 0.0725506 0.301562
FixedParameters: 0 0 0

#Transform 151
Transform: AffineTransform_float_3_3
Parameters: 0.999995 0.00146942 0.00292449 -0.00151054 0.999899 0.0141344 -0.00290386 -0.0141387 0.999896 -0.0313833 0.0664331 0.29148
FixedParameters: 0 0 0

#Transform 152
Transform: AffineTransform_float_3_3
Parameters: 0.999995 0.00130868 0.00293543 -0.00134681 0.999917 0.012773 -0.00291856 -0.012777 0.999914 -0.0205835 0.0540533 0.140823
FixedParameters: 0 0 0

#Transform 153
Transform: AffineTransform_float_3_3
Parameters: 0.999997 0.00212647 0.00115415 -0.00213685 0.999958 0.00900571 -0.00113565 -0.00900825 0.999959 -0.0262345 0.158142 -0.720403
FixedParameters: 0 0 0

#Transform 154
Transform: AffineTransform_float_3_3
Parameters: 0.999998 0.00210162 0.000670347 -0.00210401 0.999986 0.0049067 -0.000659627 -0.004908 0.999988 -0.0387046 0.0299587 0.278399
FixedParameters: 0 0 0

#Transform 155
Transform: AffineTransform_float_3_3
Parameters: 0.999996 0.00207931 0.00178217 -0.00209465 0.999962 0.00841545 -0.00176462 -0.00841928 0.999963 -0.0323417 0.0662778 0.288868
FixedParameters: 0 0 0

#Transform 156
Transform: AffineTransform_float_3_3
Parameters: 0.999997 0.00168618 0.00182067 -0.00170563 0.999938 0.0109971 -0.00180211 -0.0110008 0.999938 -0.0324985 0.107626 0.257942
FixedParameters: 0 0 0

#Transform 157
Transform: AffineTransform_float_3_3
Parameters: 0.999996 0.0015641 0.00226626 -0.00158882 0.99994 0.0109201 -0.00224896 -0.0109238 0.999938 -0.0315966 0.101584 0.244479
FixedParameters: 0 0 0

#Transform 158
Transform: AffineTransform_float_3_3
Parameters: 0.999995 0.00195168 0.00231196 -0.00197737 0.999939 0.0108448 -0.00229057 -0.0108493 0.999938 -0.0214697 0.120772 0.202251
FixedParameters: 0 0 0

#Transform 159
Transform: AffineTransform_float_3_3
Parameters: 0.999996 0.00134355 0.00245056 -0.0013687 0.999945 0.0104267 -0.0024368 -0.0104306 0.999942 -0.0148717 0.0909576 0.24148
FixedParameters: 0 0 0

#Transform 160
Transform: AffineTransform_float_3_3
Parameters: 0.999996 0.00158065 0.00241113 -0.00160685 0.999941 0.010774 -0.00239413 -0.010778 0.999939 -0.0115018 0.099382 0.269904
FixedParameters: 0 0 0

#Transform 161
Transform: AffineTransform_float_3_3
Parameters: 0.999996 0.00157804 0.00231071 -0.0016022 0.999943 0.0105833 -0.00229435 -0.0105869 0.999942 -0.0103924 0.0970884 0.276019
FixedParameters: 0 0 0

#Transform 162
Transform: AffineTransform_float_3_3
Parameters: 0.999995 0.00157617 0.00236238 -0.00160138 0.99994 0.0107871 -0.00234538 -0.0107909 0.999939 -0.0047092 0.0864554 0.276088
FixedParameters: 0 0 0

#Transform 163
Transform: AffineTransform_float_3_3
Parameters: 0.999996 0.00151287 0.00231974 -0.0015424 0.999917 0.0127554 -0.00230014 -0.0127589 0.999916 -0.00624689 0.0671999 0.418697
FixedParameters: 0 0 0

#Transform 164
Transform: AffineTransform_float_3_3
Parameters: 0.999995 0.00147721 0.00281633 -0.00152048 0.999883 0.0152275 -0.00279337 -0.0152315 0.99988 -0.014934 0.0869662 0.43052
FixedParameters: 0 0 0

#Transform 165
Transform: AffineTransform_float_3_3
Parameters: 0.999994 0.00150334 0.00296595 -0.00154739 0.99989 0.0147664 -0.00294308 -0.014771 0.999886 -0.0130943 0.113719 0.395351
FixedParameters: 0 0 0

#Transform 166
Transform: AffineTransform_float_3_3
Parameters: 0.999994 0.00150439 0.00325798 -0.0015547 0.999879 0.0154775 -0.00323385 -0.0154821 0.999875 -0.0160377 0.0919286 0.395584
FixedParameters: 0 0 0

#Transform 167
Transform: AffineTransform_float_3_3
Parameters: 0.999994 0.00155789 0.00323568 -0.00160199 0.999905 0.0137082 -0.00321347 -0.0137139 0.999901 -0.0160672 0.116747 0.384818
FixedParameters: 0 0 0

#Transform 168
Transform: AffineTransform_float_3_3
Parameters: 0.999993 0.0014669 0.00335947 -0.00151479 0.999896 0.0143679 -0.00333756 -0.0143733 0.999891 -0.0184974 0.0961551 0.372129
FixedParameters: 0 0 0

#Transform 169
Transform: AffineTransform_float_3_3
Parameters: 0.999994 0.00111917 0.00332244 -0.00116517 0.999903 0.0138403 -0.00330695 -0.0138442 0.999898 -0.0231188 0.100523 0.305165
FixedParameters: 0 0 0

#Transform 170
Transform: AffineTransform_float_3_3
Parameters: 0.999992 0.00165122 0.00361465 -0.00170089 0.999903 0.013852 -0.00359177 -0.0138576 0.999897 -0.0138834 0.122559 0.301637
FixedParameters: 0 0 0

#Transform 171
Transform: AffineTransform_float_3_3
Parameters: 0.999984 0.00375867 0.00436198 -0.00385017 0.999769 0.0211337 -0.00428208 -0.0211496 0.999767 0.036599 1.22839 -0.267286
FixedParameters: 0 0 0

#Transform 172
Transform: AffineTransform_float_3_3
Parameters: 0.999992 0.00306599 0.00270338 -0.0031174 0.999812 0.0191289 -0.00264424 -0.019137 0.999814 0.0117788 0.529731 0.374745
FixedParameters: 0 0 0

#Transform 173
Transform: AffineTransform_float_3_3
Parameters: 0.999993 0.00285032 0.00264407 -0.00288975 0.999886 0.0148391 -0.00260082 -0.0148475 0.999886 -0.0115582 0.291232 0.549001
FixedParameters: 0 0 0

#Transform 174
Transform: AffineTransform_float_3_3
Parameters: 0.999995 0.00223396 0.00215777 -0.00226353 0.999903 0.0137317 -0.00212785 -0.0137362 0.999903 -0.0032696 0.286557 0.500007
FixedParameters: 0 0 0

#Transform 175
Transform: AffineTransform_float_3_3
Parameters: 0.999996 0.00185095 0.00196002 -0.00187858 0.999897 0.014223 -0.00193315 -0.014227 0.999897 0.000636091 0.289544 0.520704
FixedParameters: 0 0 0

#Transform 176
Transform: AffineTransform_float_3_3
Parameters: 0.999996 0.00206435 0.00194178 -0.00209081 0.999903 0.0137524 -0.00191315 -0.0137561 0.999903 -0.00240893 0.270486 0.482716
FixedParameters: 0 0 0

#Transform 177
Transform: AffineTransform_float_3_3
Parameters: 0.999996 0.00185738 0.00249591 -0.00189633 0.99987 0.0160125 -0.00246575 -0.0160168 0.999869 -0.00285389 0.260499 0.577187
FixedParameters: 0 0 0

#Transform 178
Transform: AffineTransform_float_3_3
Parameters: 0.999996 0.00158927 0.00223074 -0.00162366 0.999873 0.0158278 -0.00220549 -0.0158317 0.999872 -0.00341337 0.27128 0.542181
FixedParameters: 0 0 0

#Transform 179
Transform: AffineTransform_float_3_3
Parameters: 0.999996 0.00181423 0.0021369 -0.00184468 0.999894 0.0144144 -0.00211051 -0.0144179 0.999894 -0.00256707 0.278585 0.483798
FixedParameters: 0 0 0

#Transform 180
Transform: AffineTransform_float_3_3
Parameters: 0.999996 0.00210615 0.00156914 -0.00212697 0.999909 0.013291 -0.00154115 -0.0132943 0.99991 0.0075869 0.296585 0.549906
FixedParameters: 0 0 0

#Transform 181
Transform: AffineTransform_float_3_3
Parameters: 0.999996 0.00188333 0.00188729 -0.00190579 0.999928 0.0118742 -0.00186465 -0.011878 0.999928 -7.02465e-05 0.268502 0.48442
FixedParameters: 0 0 0

#Transform 182
Transform: AffineTransform_float_3_3
Parameters: 0.999996 0.00217249 0.00189206 -0.00219735 0.999908 0.0133922 -0.00186323 -0.0133963 0.999908 -0.00524617 0.243152 0.546688
FixedParameters: 0 0 0

#Transform 183
Transform: AffineTransform_float_3_3
Parameters: 0.999997 0.00160202 0.00171784 -0.0016258 0.9999 0.0140445 -0.00169444 -0.0140467 0.9999 0.00201406 0.253225 0.556439
FixedParameters: 0 0 0

#Transform 184
Transform: AffineTransform_float_3_3
Parameters: 0.999997 0.00159969 0.00200852 -0.0016292 0.999888 0.0148997 -0.00198423 -0.0149028 0.999887 -0.00113436 0.223769 0.547578
FixedParameters: 0 0 0

#Transform 185
Transform: AffineTransform_float_3_3
Parameters: 0.999997 0.0015911 0.00192201 -0.00161927 0.999887 0.0149557 -0.00189772 -0.0149597 0.999886 -0.0080591 0.236066 0.557034
FixedParameters: 0 0 0

#Transform 186
Transform: AffineTransform_float_3_3
Parameters: 0.999998 0.00150247 0.00188697 -0.00153176 0.999878 0.0155449 -0.00186303 -0.0155483 0.999877 0.000133133 0.258182 0.488529
FixedParameters: 0 0 0

#Transform 187
Transform: AffineTransform_float_3_3
Parameters: 0.999998 0.00114356 0.00177995 -0.00116974 0.999888 0.0148798 -0.00176301 -0.0148814 0.999888 -0.00379894 0.267699 0.497185
FixedParameters: 0 0 0

#Transform 188
Transform: AffineTransform_float_3_3
Parameters: 0.999999 0.00107272 0.00134997 -0.00109443 0.99987 0.016128 -0.00133191 -0.0161295 0.999869 0.00442028 0.210887 0.538274
FixedParameters: 0 0 0

#Transform 189
Transform: AffineTransform_float_3_3
Parameters: 0.999999 0.000892066 0.00095987 -0.000907026 0.99987 0.0161136 -0.000945222 -0.0161147 0.99987 0.0191951 0.255238 0.552342
FixedParameters: 0 0 0

#Transform 190
Transform: AffineTransform_float_3_3
Parameters: 0.999999 0.000776328 0.00104907 -0.000791829 0.999886 0.0151208 -0.00103656 -0.0151219 0.999886 0.0223455 0.26167 0.521926
FixedParameters: 0 0 0

#Transform 191
Transform: AffineTransform_float_3_3
Parameters: 0.999997 0.00164043 0.00201519 -0.00167115 0.99988 0.0153649 -0.00198983 -0.0153682 0.99988 -0.0019031 0.271895 0.508705
FixedParameters: 0 0 0

#Transform 192
Transform: AffineTransform_float_3_3
Parameters: 0.999997 0.00163402 0.00183561 -0.00166119 0.999884 0.0151043 -0.00181036 -0.015107 0.999884 0.00887495 0.264967 0.503364
FixedParameters: 0 0 0

#Transform 193
Transform: AffineTransform_float_3_3
Parameters: 0.999998 0.00113462 0.00187704 -0.00116522 0.999866 0.0163448 -0.00185803 -0.0163467 0.999865 0.006742 0.270502 0.519324
FixedParameters: 0 0 0

#Transform 194
Transform: AffineTransform_float_3_3
Parameters: 0.999997 0.00169708 0.00194474 -0.00172828 0.999862 0.016503 -0.00191695 -0.0165065 0.999861 0.000482492 0.270679 0.539589
FixedParameters: 0 0 0

#Transform 195
Transform: AffineTransform_float_3_3
Parameters: 0.999996 0.00191497 0.00169609 -0.00192322 0.999986 0.00488518 -0.00168659 -0.00488795 0.999986 -0.010105 0.117371 0.627576
FixedParameters: 0 0 0

#Transform 196
Transform: AffineTransform_float_3_3
Parameters: 0.999994 0.00342643 0.000351497 -0.00342282 0.999944 -0.00999779 -0.000385958 0.00999632 0.99995 -0.0471711 0.111992 0.882141
FixedParameters: 0 0 0

#Transform 197
Transform: AffineTransform_float_3_3
Parameters: 0.999995 0.00320782 0.000904179 -0.00320958 0.999994 0.00137166 -0.00089967 -0.00137428 0.999999 -0.0385528 0.211436 0.657737
FixedParameters: 0 0 0

#Transform 198
Transform: AffineTransform_float_3_3
Parameters: 0.999991 0.00419515 -0.000779475 -0.00419354 0.99999 0.00145016 0.000785226 -0.00144721 0.999999 0.0141723 0.38475 0.819085
FixedParameters: 0 0 0

#Transform 199
Transform: AffineTransform_float_3_3
Parameters: 0.999993 0.00368206 -0.000182728 -0.00368085 0.999977 0.00556363 0.000203166 -0.00556344 0.999985 -0.00862822 0.359629 0.397613
FixedParameters: 0 0 0

#Transform 200
Transform: AffineTransform_float_3_3
Parameters: 0.999994 0.00337012 0.000235372 -0.00337081 0.999991 0.0023043 -0.00022706 -0.00230482 0.999998 -0.0298702 0.126844 1.02519
FixedParameters: 0 0 0

#Transform 201
Transform: AffineTransform_float_3_3
Parameters: 0.999996 0.00281847 0.000653265 -0.00282473 0.999952 0.00932377 -0.000626135 -0.00932625 0.999956 -0.0352601 0.209006 0.764199
FixedParameters: 0 0 0

#Transform 202
Transform: AffineTransform_float_3_3
Parameters: 0.999995 0.00270303 0.00128295 -0.00271549 0.999947 0.00988358 -0.0012562 -0.00988736 0.99995 -0.0355709 0.205216 0.778183
FixedParameters: 0 0 0

#Transform 203
Transform: AffineTransform_float_3_3
Parameters: 0.999995 0.00292351 0.00116192 -0.00293487 0.999947 0.00989 -0.00113374 -0.00989377 0.99995 -0.0246628 0.252334 0.754922
FixedParameters: 0 0 0

#Transform 204
Transform: AffineTransform_float_3_3
Parameters: 0.999995 0.00284925 0.00139954 -0.00286458 0.999935 0.0110453 -0.00136783 -0.0110492 0.999939 -0.0216523 0.232197 0.703397
FixedParameters: 0 0 0

#Transform 205
Transform: AffineTransform_float_3_3
Parameters: 0.999996 0.00263971 0.00123883 -0.0026527 0.999934 0.0111946 -0.00120879 -0.0111981 0.999937 -0.0215989 0.191124 0.678427
FixedParameters: 0 0 0

#Transform 206
Transform: AffineTransform_float_3_3
Parameters: 0.999996 0.00262785 0.00160098 -0.00264607 0.999931 0.0115276 -0.00157059 -0.011532 0.999932 -0.0176468 0.188181 0.68914
FixedParameters: 0 0 0

#Transform 207
Transform: AffineTransform_float_3_3
Parameters: 0.999995 0.00263083 0.00135297 -0.00264737 0.999918 0.0126024 -0.00131898 -0.0126055 0.99992 -0.0104408 0.200833 0.664046
FixedParameters: 0 0 0

#Transform 208
Transform: AffineTransform_float_3_3
Parameters: 0.999995 0.00254337 0.00161126 -0.00256369 0.999916 0.0127098 -0.0015781 -0.012714 0.999917 -0.0149352 0.175646 0.703257
FixedParameters: 0 0 0

#Transform 209
Transform: AffineTransform_float_3_3
Parameters: 0.999995 0.00248729 0.00161624 -0.0025072 0.999914 0.0128544 -0.00158378 -0.0128584 0.999916 -0.0116719 0.196403 0.726257
FixedParameters: 0 0 0

#Transform 210
Transform: AffineTransform_float_3_3
Parameters: 0.999995 0.00255715 0.00161131 -0.00257794 0.99991 0.0131244 -0.00157742 -0.0131285 0.999913 -0.0230902 0.199163 0.725539
FixedParameters: 0 0 0

#Transform 211
Transform: AffineTransform_float_3_3
Parameters: 0.999995 0.00259158 0.00173634 -0.00261297 0.999913 0.0129166 -0.00170297 -0.0129214 0.999916 -0.0250202 0.195259 0.697862
FixedParameters: 0 0 0

#Transform 212
Transform: AffineTransform_float_3_3
Parameters: 0.999995 0.00270111 0.00159367 -0.00271875 0.999935 0.0111024 -0.0015631 -0.011107 0.999937 -0.0121784 0.193716 0.63577
FixedParameters: 0 0 0

#Transform 213
Transform: AffineTransform_float_3_3
Parameters: 0.999997 0.00246622 0.00125211 -0.00248026 0.999926 0.0118763 -0.00122321 -0.0118792 0.999929 -0.0205901 0.155511 0.725829
FixedParameters: 0 0 0

#Transform 214
Transform: AffineTransform_float_3_3
Parameters: 0.999996 0.00231425 0.00129609 -0.00233065 0.99991 0.0131746 -0.00126499 -0.0131774 0.999912 -0.0091981 0.216881 0.71087
FixedParameters: 0 0 0

#Transform 215
Transform: AffineTransform_float_3_3
Parameters: 0.999996 0.00240225 0.00103722 -0.00241542 0.999919 0.012464 -0.0010073 -0.0124656 0.999922 -0.000495314 0.255086 0.676838
FixedParameters: 0 0 0

#Transform 216
Transform: AffineTransform_float_3_3
Parameters: 0.999995 0.00273911 0.00110628 -0.00275407 0.999904 0.0135979 -0.00106922 -0.013601 0.999907 -0.00595117 0.233273 0.700172
FixedParameters: 0 0 0

#Transform 217
Transform: AffineTransform_float_3_3
Parameters: 0.999995 0.00270877 0.00158486 -0.00273045 0.999896 0.0141318 -0.00154699 -0.0141355 0.999898 -0.00857954 0.217953 0.697533
FixedParameters: 0 0 0

#Transform 218
Transform: AffineTransform_float_3_3
Parameters: 0.999996 0.00259228 0.00126661 -0.00260837 0.999909 0.0132291 -0.00123188 -0.0132326 0.999912 -0.012247 0.204063 0.696029
FixedParameters: 0 0 0

#Transform 219
Transform: AffineTransform_float_3_3
Parameters: 0.999996 0.00289144 0.00109072 -0.00290356 0.999932 0.0112961 -0.00105725 -0.0112994 0.999936 -0.0210648 0.216113 0.51916
FixedParameters: 0 0 0

#Transform 220
Transform: AffineTransform_float_3_3
Parameters: 0.999995 0.00292853 0.0015626 -0.00294903 0.999915 0.0126871 -0.00152577 -0.0126913 0.999918 -0.0325726 0.187738 0.697988
FixedParameters: 0 0 0

#Transform 221
Transform: AffineTransform_float_3_3
Parameters: 0.999994 0.00277121 0.00215035 -0.00279723 0.999924 0.0119777 -0.00211737 -0.0119835 0.999926 -0.0319369 0.265114 0.560377
FixedParameters: 0 0 0

#Transform 222
Transform: AffineTransform_float_3_3
Parameters: 0.999996 0.00255344 0.00168439 -0.00257606 0.999903 0.0136841 -0.0016485 -0.0136887 0.999905 -0.0227756 0.222032 0.749988
FixedParameters: 0 0 0

#Transform 223
Transform: AffineTransform_float_3_3
Parameters: 0.999996 0.00259146 0.00127401 -0.00260805 0.999903 0.0136872 -0.00123866 -0.0136907 0.999906 -0.0197128 0.199306 0.702649
FixedParameters: 0 0 0

#Transform 224
Transform: AffineTransform_float_3_3
Parameters: 0.999996 0.00257886 0.00162417 -0.00259976 0.999908 0.013341 -0.00158957 -0.0133453 0.99991 -0.0119924 0.195178 0.644277
FixedParameters: 0 0 0

#Transform 225
Transform: AffineTransform_float_3_3
Parameters: 0.999995 0.00250091 0.00163232 -0.00252317 0.999899 0.0139932 -0.00159704 -0.0139973 0.999901 -0.0107075 0.195504 0.598769
FixedParameters: 0 0 0

#Transform 226
Transform: AffineTransform_float_3_3
Parameters: 0.999995 0.00251681 0.00184039 -0.00254061 0.99991 0.0131502 -0.00180668 -0.0131543 0.999912 -0.0208757 0.237206 0.539119
FixedParameters: 0 0 0

#Transform 227
Transform: AffineTransform_float_3_3
Parameters: 0.999996 0.00274404 0.00123201 -0.00275952 0.999918 0.0125109 -0.00119764 -0.0125147 0.999921 -0.00442649 0.219417 0.480338
FixedParameters: 0 0 0

#Transform 228
Transform: AffineTransform_float_3_3
Parameters: 0.999994 0.00288781 0.00166302 -0.0029041 0.999949 0.00964638 -0.00163534 -0.00965174 0.999953 -0.0289015 0.265873 -0.125957
FixedParameters: 0 0 0

#Transform 229
Transform: AffineTransform_float_3_3
Parameters: 0.999995 0.00294211 0.00134846 -0.00295181 0.999968 0.00741354 -0.00132654 -0.00741729 0.999971 -0.00971696 0.148722 0.346982
FixedParameters: 0 0 0

#Transform 230
Transform: AffineTransform_float_3_3
Parameters: 0.999995 0.00248238 0.00169022 -0.00249637 0.999962 0.00840526 -0.00166898 -0.00840923 0.999964 0.014948 0.189976 0.315072
FixedParameters: 0 0 0

#Transform 231
Transform: AffineTransform_float_3_3
Parameters: 0.999997 0.00227832 0.00128111 -0.00228788 0.99997 0.00752253 -0.00126331 -0.007525 0.999971 0.0100478 0.176587 0.281576
FixedParameters: 0 0 0

#Transform 232
Transform: AffineTransform_float_3_3
Parameters: 0.999996 0.00266583 0.00135264 -0.00267461 0.999974 0.00674898 -0.00133552 -0.00675299 0.999976 0.00795279 0.221497 0.208124
FixedParameters: 0 0 0

#Transform 233
Transform: AffineTransform_float_3_3
Parameters: 0.999995 0.00245575 0.0018834 -0.00247232 0.999961 0.00847572 -0.00186328 -0.00847941 0.999963 0.00268936 0.199594 0.251599
FixedParameters: 0 0 0

#Transform 234
Transform: AffineTransform_float_3_3
Parameters: 0.999994 0.00287614 0.00195144 -0.00289106 0.999966 0.00774571 -0.00192885 -0.00775174 0.999968 0.000116531 0.194382 0.231435
FixedParameters: 0 0 0

#Transform 235
Transform: AffineTransform_float_3_3
Parameters: 0.999995 0.00256984 0.00202815 -0.00258852 0.999957 0.00886697 -0.00200513 -0.00887207 0.999958 -0.0031541 0.210526 0.207004
FixedParameters: 0 0 0

#Transform 236
Transform: AffineTransform_float_3_3
Parameters: 0.999995 0.00248875 0.00216092 -0.00250834 0.999956 0.00900334 -0.00213873 -0.00900766 0.999957 0.00458464 0.207239 0.222393
FixedParameters: 0 0 0

#Transform 237
Transform: AffineTransform_float_3_3
Parameters: 0.999995 0.00267054 0.00166204 -0.00268117 0.999972 0.00696271 -0.00164382 -0.00696713 0.999975 0.0240959 0.263358 -0.158006
FixedParameters: 0 0 0

#Transform 238
Transform: AffineTransform_float_3_3
Parameters: 0.999997 0.00206007 0.00066573 -0.00206081 0.999996 0.00186742 -0.000661203 -0.00186959 0.999998 0.087521 0.26137 -0.131793
FixedParameters: 0 0 0

#Transform 239
Transform: AffineTransform_float_3_3
Parameters: 0.999998 0.00198808 0.00112243 -0.00199222 0.999993 0.00295992 -0.00111679 -0.00296265 0.999995 0.0729531 0.249247 -0.0888903
FixedParameters: 0 0 0
