#!ascii label  , from subject sub-v2s18x29512_ses-1 vox2ras=TkReg
2100
7284  -39.665  -86.596  7.673 0.1000000015
131910  -39.927  -86.588  6.816 0.1000000015
6492  -38.672  -87.812  6.587 0.1000000015
7301  -39.641  -86.834  5.733 0.1000000015
6510  -39.044  -87.453  4.841 0.1000000015
7342  -39.745  -86.302  4.000 0.1000000015
6529  -38.725  -87.098  3.811 0.1000000015
8174  -39.497  -85.916  3.215 0.1000000015
9066  -39.557  -85.309  2.956 0.1000000015
8163  -38.512  -86.035  3.302 0.1000000015
9047  -38.843  -85.274  3.229 0.1000000015
9048  -39.515  -84.647  3.046 0.1000000015
136506  -38.899  -84.399  3.729 0.1000000015
9031  -37.532  -85.084  4.487 0.1000000015
9980  -38.632  -83.671  4.539 0.1000000015
10976  -38.821  -82.045  5.477 0.1000000015
9032  -38.193  -84.559  4.280 0.1000000015
129363  -38.371  -82.858  5.394 0.1000000015
9970  -37.875  -83.666  5.172 0.1000000015
8996  -41.106  -84.880  7.791 0.1000000015
7285  -40.569  -86.145  7.399 0.1000000015
142366  -41.081  -85.574  7.436 0.1000000015
7302  -40.412  -86.240  6.302 0.1000000015
8132  -41.448  -85.207  6.214 0.1000000015
8131  -40.771  -85.698  5.645 0.1000000015
7324  -40.133  -86.307  5.048 0.1000000015
8151  -41.126  -85.118  4.966 0.1000000015
8150  -40.377  -85.682  4.114 0.1000000015
9049  -40.879  -84.877  3.553 0.1000000015
9067  -40.161  -84.653  2.783 0.1000000015
9981  -39.400  -83.789  3.724 0.1000000015
16705  -40.864  -76.641  2.282 0.1000000015
14781  -39.728  -77.926  3.733 0.1000000015
14782  -40.697  -78.214  3.811 0.1000000015
142019  -40.862  -78.957  4.172 0.1000000015
12885  -39.782  -79.986  4.917 0.1000000015
136927  -40.095  -81.145  4.648 0.1000000015
10977  -39.650  -82.043  4.731 0.1000000015
129188  -40.445  -82.138  3.964 0.1000000015
10991  -39.173  -82.890  4.669 0.1000000015
9922  -39.780  -83.903  9.122 0.1000000015
10946  -41.602  -82.754  7.559 0.2000000030
9938  -41.278  -83.827  7.705 0.2000000030
10947  -42.599  -83.074  7.138 0.1000000015
9939  -42.170  -83.767  7.241 0.1000000015
9940  -42.682  -83.631  6.682 0.1000000015
9018  -41.958  -84.656  6.579 0.1000000015
19825  -41.556  -73.702  -0.367 0.1000000015
19826  -42.509  -73.491  -0.776 0.1000000015
9958  -42.993  -83.331  6.001 0.1000000015
9051  -41.961  -84.046  4.579 0.1000000015
129758  -41.439  -84.564  4.342 0.1000000015
19836  -42.407  -73.857  -1.661 0.1000000015
19838  -43.610  -73.876  -0.892 0.1000000015
18843  -44.306  -74.241  -0.140 0.1000000015
17791  -44.893  -75.255  0.766 0.1000000015
16720  -44.443  -75.968  1.248 0.1000000015
9971  -42.554  -83.424  4.916 0.1000000015
9982  -42.126  -83.473  3.475 0.1000000015
140870  -40.632  -84.127  2.619 0.1000000015
17811  -44.235  -75.054  -0.068 0.1000000015
17790  -43.844  -75.684  0.626 0.1000000015
16706  -42.463  -76.564  2.165 0.1000000015
136769  -43.241  -77.191  2.390 0.1000000015
14784  -43.332  -78.861  2.750 0.1000000015
14783  -42.595  -78.984  3.029 0.1000000015
139103  -41.091  -83.818  2.524 0.1000000015
10001  -40.807  -83.620  2.593 0.1000000015
17789  -42.645  -75.984  0.967 0.1000000015
146453  -41.565  -76.667  2.400 0.1000000015
130957  -42.053  -77.050  2.738 0.1000000015
12887  -41.815  -80.882  3.340 0.1000000015
11960  -41.188  -81.706  3.489 0.1000000015
15736  -40.426  -77.476  3.313 0.1000000015
14770  -41.695  -78.970  3.651 0.1000000015
12886  -40.826  -80.519  4.251 0.1000000015
10992  -40.103  -83.056  3.598 0.1000000015
10945  -40.645  -82.943  8.159 0.2000000030
132697  -40.086  -83.171  8.731 0.1000000015
10921  -39.977  -82.822  9.441 0.2000000030
9902  -39.936  -83.568  10.107 0.2000000030
143452  -42.519  -82.305  7.333 0.1000000015
149363  -42.974  -82.653  7.078 0.1000000015
18826  -40.589  -74.057  0.174 0.1000000015
10965  -43.140  -82.853  6.680 0.1000000015
10978  -43.045  -82.864  5.207 0.1000000015
10995  -43.508  -82.207  4.833 0.1000000015
19827  -43.397  -73.561  -0.563 0.1000000015
17830  -44.689  -74.680  0.435 0.1000000015
17792  -45.275  -75.039  1.133 0.1000000015
10994  -42.723  -82.755  3.930 0.1000000015
16722  -45.325  -75.359  1.736 0.1000000015
16708  -44.999  -76.451  1.845 0.1000000015
15753  -44.544  -77.338  2.289 0.1000000015
144222  -43.942  -78.994  2.795 0.1000000015
128874  -43.504  -80.424  3.075 0.1000000015
11982  -42.485  -81.860  2.819 0.1000000015
10003  -42.262  -82.968  2.777 0.1000000015
11981  -41.998  -81.883  2.674 0.1000000015
10993  -40.975  -82.777  2.885 0.1000000015
12808  -41.538  -79.592  9.441 0.1000000015
12822  -41.041  -80.542  9.019 0.1000000015
12823  -41.908  -80.054  8.679 0.1000000015
11902  -41.456  -80.933  8.185 0.1000000015
11885  -40.463  -81.374  8.949 0.2000000030
10922  -40.404  -81.806  9.715 0.2000000030
11901  -40.852  -81.742  8.156 0.2000000030
10913  -40.541  -82.317  10.395 0.2000000030
140403  -42.790  -81.428  7.470 0.1000000015
12838  -43.217  -80.579  7.666 0.1000000015
11903  -43.733  -81.174  7.277 0.1000000015
11925  -44.034  -81.453  6.796 0.1000000015
19815  -41.252  -73.412  0.613 0.1000000015
19802  -41.956  -72.996  0.999 0.1000000015
19803  -42.560  -73.024  1.363 0.1000000015
19784  -43.093  -73.306  1.865 0.1000000015
10966  -43.598  -82.141  6.516 0.1000000015
11943  -44.056  -81.712  5.961 0.1000000015
18825  -39.407  -74.300  0.664 0.1000000015
18813  -38.600  -74.201  1.297 0.1000000015
19817  -42.877  -73.180  0.265 0.1000000015
128730  -43.460  -73.364  0.905 0.1000000015
18799  -45.160  -74.819  1.454 0.1000000015
17773  -45.328  -75.283  1.900 0.1000000015
15755  -45.377  -76.614  2.920 0.1000000015
14787  -45.475  -77.999  4.005 0.1000000015
13870  -44.812  -79.469  3.806 0.1000000015
13850  -44.919  -79.969  4.598 0.1000000015
11961  -43.667  -81.573  4.013 0.1000000015
18838  -38.950  -75.044  0.073 0.1000000015
137848  -45.205  -76.792  2.406 0.1000000015
14786  -45.175  -78.105  3.359 0.1000000015
13869  -44.052  -79.679  3.142 0.1000000015
12905  -44.261  -80.273  3.645 0.1000000015
11983  -43.086  -81.661  3.125 0.1000000015
17809  -37.922  -75.186  0.118 0.1000000015
136770  -36.127  -74.863  -0.056 0.1000000015
17824  -36.611  -75.263  -0.888 0.1000000015
18836  -35.570  -74.273  -0.180 0.1000000015
14730  -41.862  -78.689  9.028 0.1000000015
13788  -42.287  -79.244  8.926 0.1000000015
14739  -42.234  -78.477  8.402 0.1000000015
129782  -43.119  -78.801  8.221 0.1000000015
12807  -41.032  -80.113  10.047 0.1000000015
11873  -40.784  -80.915  10.083 0.1000000015
15676  -42.830  -78.426  7.728 0.1000000015
13800  -43.260  -79.224  8.236 0.1000000015
12824  -42.821  -79.846  8.237 0.1000000015
11859  -40.651  -81.471  10.439 0.2000000030
15690  -42.868  -78.048  6.815 0.1000000015
139235  -43.860  -79.074  7.766 0.1000000015
19779  -36.835  -73.233  2.587 0.1000000015
19798  -37.247  -73.839  2.052 0.1000000015
19799  -38.378  -73.706  2.008 0.1000000015
19781  -39.406  -73.130  2.250 0.1000000015
142883  -40.043  -73.203  1.768 0.1000000015
19801  -40.964  -72.882  1.629 0.1000000015
20814  -41.756  -72.674  1.965 0.1000000015
15707  -42.952  -77.500  5.926 0.1000000015
15691  -43.834  -78.004  6.366 0.1000000015
13807  -44.241  -79.499  7.598 0.1000000015
11904  -44.455  -80.715  7.132 0.1000000015
19800  -39.325  -73.709  1.491 0.1000000015
19768  -43.124  -73.844  2.600 0.1000000015
126849  -43.343  -74.567  3.178 0.1000000015
17756  -44.371  -75.204  3.061 0.1000000015
13831  -45.441  -78.778  5.637 0.1000000015
13818  -45.254  -79.500  6.620 0.1000000015
11926  -44.632  -80.843  6.569 0.1000000015
19797  -36.372  -73.664  1.879 0.1000000015
19786  -44.520  -74.352  1.715 0.1000000015
18792  -44.979  -74.939  2.198 0.1000000015
17741  -44.871  -75.943  3.512 0.1000000015
15720  -45.244  -77.196  4.304 0.1000000015
14754  -45.474  -78.103  5.086 0.1000000015
13830  -45.345  -79.643  5.646 0.1000000015
12856  -45.131  -80.235  6.297 0.1000000015
18823  -37.291  -74.778  0.772 0.1000000015
18810  -35.963  -74.042  1.132 0.1000000015
18822  -36.426  -74.613  0.644 0.1000000015
148418  -35.601  -74.003  0.553 0.1000000015
145314  -35.454  -74.269  -0.995 0.1000000015
18850  -35.559  -74.668  -1.567 0.1000000015
13787  -41.212  -79.489  9.662 0.1000000015
15689  -42.058  -78.057  7.340 0.1000000015
15675  -41.434  -78.096  7.800 0.1000000015
133279  -41.102  -78.632  9.205 0.1000000015
15688  -41.014  -77.682  6.853 0.1000000015
13775  -40.722  -79.627  9.958 0.1000000015
124690  -40.657  -80.839  10.271 0.1000000015
16659  -41.622  -76.790  5.483 0.1000000015
15706  -41.934  -77.511  6.226 0.1000000015
138596  -40.578  -81.490  10.555 0.2000000030
19780  -37.815  -73.196  2.666 0.1000000015
19782  -40.317  -72.569  2.431 0.1000000015
20805  -41.054  -72.366  2.632 0.1000000015
16674  -42.242  -76.428  5.018 0.1000000015
15708  -43.832  -77.438  5.634 0.1000000015
11858  -40.013  -81.121  10.728 0.1000000015
11850  -40.348  -81.774  11.246 0.2000000030
140375  -38.753  -72.962  2.636 0.1000000015
19767  -42.327  -73.174  2.688 0.1000000015
18790  -42.380  -73.916  3.350 0.1000000015
147225  -44.074  -75.629  3.762 0.1000000015
16676  -44.113  -76.308  4.397 0.1000000015
129826  -44.697  -77.603  5.413 0.1000000015
124534  -35.508  -72.719  1.347 0.1000000015
20820  -35.543  -73.445  0.936 0.1000000015
130831  -35.444  -72.744  0.510 0.1000000015
20826  -35.498  -72.693  -0.405 0.1000000015
136634  -35.617  -72.619  -1.269 0.1000000015
132350  -40.351  -77.198  6.327 0.1000000015
15687  -40.025  -77.517  6.939 0.1000000015
15673  -39.664  -77.699  7.729 0.1000000015
16658  -40.237  -76.608  5.787 0.1000000015
15662  -40.200  -78.166  8.567 0.1000000015
14719  -40.933  -79.053  9.653 0.1000000015
16647  -40.965  -77.121  5.920 0.1000000015
138429  -40.175  -78.583  9.304 0.1000000015
12789  -40.434  -80.291  10.263 0.1000000015
17739  -42.077  -75.515  4.514 0.1000000015
128413  -40.912  -76.345  5.374 0.1000000015
13774  -39.723  -79.704  10.132 0.1000000015
20801  -36.501  -72.501  2.963 0.1000000015
20802  -37.464  -72.513  3.212 0.1000000015
20803  -38.602  -72.313  3.233 0.1000000015
20804  -39.659  -72.170  3.044 0.1000000015
125555  -40.951  -72.105  3.375 0.1000000015
19766  -41.647  -73.009  3.365 0.1000000015
145469  -41.619  -73.639  3.744 0.1000000015
18781  -41.843  -74.473  4.037 0.1000000015
147840  -41.546  -76.151  5.024 0.1000000015
20787  -35.858  -72.225  2.653 0.1000000015
19783  -41.566  -72.565  2.882 0.1000000015
16675  -42.952  -76.098  4.680 0.1000000015
131343  -39.356  -81.675  11.464 0.1000000015
124324  -35.439  -71.419  2.017 0.1000000015
22920  -35.569  -71.256  1.238 0.1000000015
21857  -35.518  -72.045  0.903 0.1000000015
146844  -35.838  -71.442  0.393 0.1000000015
22957  -37.161  -70.878  -1.413 0.1000000015
21865  -35.953  -72.003  -0.973 0.1000000015
21872  -37.331  -71.030  -2.565 0.1000000015
132874  -38.733  -76.463  6.294 0.1000000015
16635  -39.158  -77.241  6.984 0.1000000015
16634  -38.840  -77.444  7.799 0.1000000015
16657  -39.489  -76.198  5.719 0.1000000015
148446  -39.315  -77.832  8.352 0.1000000015
17721  -40.170  -75.748  5.254 0.1000000015
148700  -39.493  -75.639  5.373 0.1000000015
15648  -39.326  -78.133  8.934 0.1000000015
13786  -40.045  -79.073  9.738 0.1000000015
125872  -41.275  -74.905  4.445 0.1000000015
17738  -40.494  -74.854  4.663 0.1000000015
14718  -39.267  -78.529  9.396 0.1000000015
21837  -35.729  -71.507  3.030 0.1000000015
124853  -40.513  -71.971  3.280 0.1000000015
19753  -41.127  -72.923  3.874 0.1000000015
18780  -41.018  -73.960  4.188 0.1000000015
14701  -39.020  -79.106  9.788 0.1000000015
12788  -39.115  -80.515  10.526 0.1000000015
22910  -35.516  -71.000  2.583 0.1000000015
20788  -37.083  -71.715  3.611 0.1000000015
20790  -39.443  -71.430  3.796 0.1000000015
20791  -40.128  -71.519  3.826 0.1000000015
20793  -41.016  -72.314  3.644 0.1000000015
12787  -38.161  -80.823  10.858 0.1000000015
136731  -35.508  -70.866  1.911 0.1000000015
24032  -37.367  -69.386  0.122 0.1000000015
22921  -35.811  -70.373  1.317 0.1000000015
148130  -38.082  -69.091  -0.318 0.1000000015
24042  -37.085  -70.023  -0.259 0.1000000015
24043  -37.902  -69.659  -0.723 0.1000000015
22958  -37.931  -70.530  -2.152 0.1000000015
24052  -38.460  -69.990  -1.682 0.1000000015
18770  -38.672  -74.611  5.204 0.1000000015
17702  -38.116  -75.808  6.051 0.1000000015
16623  -38.068  -77.178  8.001 0.1000000015
19741  -38.676  -73.451  5.032 0.1000000015
15661  -38.630  -77.655  8.550 0.1000000015
21831  -40.062  -71.506  4.312 0.1000000015
20777  -39.866  -71.711  4.655 0.1000000015
19750  -39.612  -72.899  4.721 0.1000000015
143532  -39.527  -74.930  4.973 0.1000000015
15647  -38.392  -77.975  9.165 0.1000000015
22903  -35.634  -70.202  3.042 0.1000000015
140811  -35.726  -70.802  3.276 0.1000000015
20789  -38.378  -71.442  3.825 0.1000000015
20792  -40.511  -71.706  3.976 0.1000000015
19751  -40.303  -72.381  4.443 0.1000000015
14700  -37.988  -79.129  9.876 0.1000000015
24015  -35.597  -70.236  2.216 0.1000000015
128107  -38.580  -79.770  10.192 0.1000000015
11848  -37.886  -81.102  11.417 0.1000000015
24016  -36.069  -69.589  1.614 0.1000000015
24017  -36.864  -69.089  0.979 0.1000000015
25137  -37.704  -68.743  0.422 0.1000000015
25145  -38.534  -68.553  -0.247 0.1000000015
24044  -38.834  -69.234  -1.149 0.1000000015
25146  -39.396  -68.497  -1.045 0.1000000015
25147  -40.035  -68.215  -1.757 0.1000000015
24053  -39.206  -69.597  -2.269 0.1000000015
126977  -38.328  -76.909  7.161 0.1000000015
16633  -37.525  -76.622  7.433 0.1000000015
16622  -37.287  -76.905  8.264 0.1000000015
22904  -36.046  -70.147  3.802 0.1000000015
21828  -38.591  -70.575  4.879 0.1000000015
21829  -38.972  -70.886  4.873 0.1000000015
20776  -39.314  -72.194  5.047 0.1000000015
25118  -36.429  -68.835  1.922 0.1000000015
24002  -35.849  -69.412  2.663 0.1000000015
23988  -35.911  -69.513  3.539 0.1000000015
21838  -36.466  -70.999  3.742 0.1000000015
21827  -37.953  -70.707  4.432 0.1000000015
21839  -39.107  -71.040  4.526 0.1000000015
25119  -37.292  -68.420  1.311 0.1000000015
26249  -38.114  -68.083  0.693 0.1000000015
26233  -38.399  -67.332  1.048 0.1000000015
26250  -38.961  -67.762  -0.081 0.1000000015
26251  -39.664  -67.203  -0.432 0.1000000015
27311  -40.203  -66.764  -0.802 0.1000000015
26260  -40.403  -67.434  -1.567 0.1000000015
26261  -40.997  -67.011  -2.416 0.1000000015
19740  -37.748  -73.549  5.504 0.1000000015
18769  -37.209  -74.587  5.937 0.1000000015
17701  -37.406  -75.516  6.268 0.1000000015
17684  -36.976  -76.026  6.892 0.1000000015
17683  -36.314  -75.597  7.325 0.1000000015
145352  -38.539  -72.271  5.306 0.1000000015
20767  -39.273  -71.280  5.049 0.1000000015
25105  -36.870  -68.132  2.192 0.1000000015
25104  -36.206  -68.608  2.828 0.1000000015
26232  -37.645  -67.716  1.602 0.1000000015
27300  -39.049  -66.880  0.580 0.1000000015
27312  -40.911  -66.662  -1.685 0.1000000015
27322  -41.220  -66.234  -2.408 0.1000000015
130275  -38.009  -74.321  5.435 0.1000000015
17700  -36.618  -75.207  6.586 0.1000000015
146587  -38.777  -71.371  5.287 0.1000000015
25103  -35.986  -68.993  3.374 0.1000000015
23973  -36.089  -68.838  4.012 0.1000000015
22894  -37.225  -69.973  4.598 0.1000000015
22895  -38.128  -70.246  4.918 0.1000000015
21820  -38.656  -70.832  5.215 0.1000000015
26214  -37.941  -67.012  1.933 0.1000000015
27290  -38.606  -66.591  1.527 0.1000000015
27301  -39.734  -66.354  0.232 0.1000000015
27302  -40.469  -66.064  -0.584 0.1000000015
28314  -41.134  -65.761  -1.531 0.1000000015
28326  -41.394  -65.363  -2.259 0.1000000015
19739  -37.484  -72.697  5.643 0.1000000015
124288  -38.096  -70.445  5.282 0.1000000015
21819  -37.867  -71.042  5.619 0.1000000015
20765  -37.210  -71.937  5.782 0.1000000015
26199  -36.868  -67.260  3.305 0.1000000015
26198  -36.361  -67.755  3.759 0.1000000015
131413  -36.339  -69.373  4.326 0.1000000015
124707  -37.152  -69.418  5.086 0.1000000015
23975  -37.797  -69.965  5.039 0.1000000015
26213  -37.250  -67.463  2.473 0.1000000015
28300  -40.926  -65.219  -0.149 0.1000000015
28315  -41.546  -64.885  -1.417 0.1000000015
29372  -42.223  -64.284  -1.386 0.1000000015
29379  -41.711  -64.525  -2.082 0.1000000015
23965  -37.538  -69.924  5.352 0.1000000015
25074  -36.289  -68.018  4.413 0.1000000015
23974  -36.530  -68.714  4.840 0.1000000015
23964  -36.899  -69.054  5.680 0.1000000015
27272  -38.225  -66.393  2.349 0.1000000015
27291  -39.219  -66.167  1.245 0.1000000015
28287  -39.756  -65.677  1.087 0.1000000015
29358  -41.707  -64.587  -0.185 0.1000000015
125647  -42.404  -64.274  -0.222 0.1000000015
132566  -37.818  -66.278  3.043 0.1000000015
27273  -38.823  -65.930  2.059 0.1000000015
28273  -39.469  -65.582  1.860 0.1000000015
28274  -39.993  -65.258  1.666 0.1000000015
28288  -40.409  -65.212  1.031 0.1000000015
29348  -41.129  -64.734  0.934 0.1000000015
131566  -43.097  -64.079  -0.164 0.1000000015
29349  -41.825  -64.444  0.824 0.1000000015
28272  -38.431  -65.833  2.886 0.1000000015
29336  -39.891  -65.059  2.299 0.1000000015
29338  -41.409  -64.565  1.711 0.1000000015
6481  -39.297  -87.073  6.729 0.1000000015
6493  -39.108  -87.494  5.822 0.1000000015
7323  -39.459  -86.807  4.431 0.1000000015
7341  -39.209  -86.546  3.580 0.1000000015
7340  -38.217  -86.720  3.560 0.1000000015
8175  -40.197  -85.200  2.986 0.1000000015
8110  -41.077  -85.722  6.769 0.1000000015
8111  -41.589  -85.211  7.083 0.1000000015
9033  -41.741  -84.608  5.550 0.1000000015
9050  -41.435  -84.133  3.126 0.1000000015
15752  -41.077  -76.995  2.860 0.1000000015
13847  -39.314  -78.965  4.691 0.1000000015
13848  -40.366  -79.436  4.484 0.1000000015
147683  -39.121  -79.478  5.033 0.1000000015
9923  -40.417  -83.914  8.331 0.1000000015
8997  -41.843  -84.509  7.245 0.1000000015
9019  -42.423  -84.048  5.978 0.1000000015
19818  -43.834  -73.590  0.133 0.1000000015
16707  -43.880  -76.676  1.744 0.1000000015
16719  -43.034  -76.148  1.452 0.1000000015
14796  -42.810  -77.956  2.848 0.1000000015
15737  -41.609  -77.813  3.318 0.1000000015
14798  -44.575  -78.202  2.754 0.1000000015
13868  -43.265  -79.737  2.858 0.1000000015
13849  -41.371  -79.797  3.954 0.1000000015
13867  -42.417  -80.087  3.157 0.1000000015
11013  -41.392  -83.213  2.544 0.1000000015
12902  -42.529  -81.141  2.916 0.1000000015
11980  -41.618  -82.576  2.653 0.1000000015
137478  -41.774  -81.610  7.680 0.1000000015
10931  -40.256  -82.290  8.721 0.2000000030
12837  -42.246  -80.711  7.905 0.1000000015
10979  -43.483  -82.594  5.955 0.1000000015
11016  -43.113  -82.094  3.671 0.1000000015
19805  -44.717  -74.311  0.982 0.1000000015
16709  -45.357  -76.066  2.140 0.1000000015
15754  -45.179  -77.436  2.834 0.1000000015
13871  -45.267  -78.641  3.958 0.1000000015
12903  -43.060  -81.147  2.936 0.1000000015
11014  -41.976  -82.665  2.537 0.1000000015
12825  -43.793  -79.900  7.815 0.1000000015
19804  -43.983  -73.818  1.313 0.1000000015
11944  -44.612  -80.951  5.644 0.1000000015
18812  -37.714  -74.332  1.431 0.1000000015
16691  -45.325  -76.259  3.186 0.1000000015
16678  -45.325  -76.924  3.726 0.1000000015
15738  -45.356  -77.407  3.572 0.1000000015
13851  -45.356  -79.124  4.754 0.1000000015
11962  -44.373  -80.853  4.466 0.1000000015
17825  -37.617  -75.405  -0.712 0.1000000015
15663  -41.266  -78.316  8.528 0.1000000015
14720  -41.727  -79.039  9.395 0.1000000015
13789  -42.465  -78.884  8.862 0.1000000015
14740  -43.714  -78.599  7.327 0.1000000015
11851  -40.916  -81.922  11.058 0.2000000030
123593  -44.690  -79.121  7.201 0.1000000015
126896  -42.342  -77.037  5.531 0.1000000015
15692  -44.688  -78.163  6.089 0.1000000015
14747  -45.129  -78.783  6.375 0.1000000015
12840  -45.000  -80.181  7.003 0.1000000015
18782  -42.703  -74.881  3.810 0.1000000015
16662  -44.857  -77.082  4.644 0.1000000015
16661  -44.169  -77.016  5.060 0.1000000015
11857  -38.743  -81.238  11.112 0.1000000015
22945  -36.924  -70.605  -0.601 0.1000000015
20837  -36.069  -72.118  -2.014 0.1000000015
17722  -41.056  -75.602  4.869 0.1000000015
22930  -36.301  -70.659  0.296 0.1000000015
21871  -36.644  -71.511  -1.692 0.1000000015
18779  -40.121  -73.752  4.526 0.1000000015
18778  -39.255  -73.991  4.789 0.1000000015
25154  -39.774  -69.001  -1.913 0.1000000015
25156  -40.495  -67.700  -2.357 0.1000000015
22884  -38.350  -70.374  5.007 0.1000000015
138175  -43.683  -72.220  24.656 0.5000000000
14568  -46.379  -78.408  21.057 0.5000000000
15506  -46.341  -77.865  22.198 0.5000000000
139325  -43.287  -72.672  23.971 0.5000000000
19531  -43.887  -72.868  24.335 0.5000000000
18534  -44.304  -73.770  23.827 0.5000000000
15507  -46.768  -77.840  21.807 0.5000000000
21594  -42.474  -71.214  23.438 0.5000000000
20543  -42.882  -72.012  23.888 0.5000000000
16478  -46.749  -77.233  21.882 0.5000000000
20542  -41.803  -72.056  23.411 0.5000000000
144050  -42.058  -72.991  23.529 0.5000000000
18532  -41.896  -73.760  23.158 0.4000000060
134382  -47.596  -78.066  18.371 0.5000000000
14606  -47.585  -78.468  17.511 0.5000000000
15550  -47.305  -77.497  17.504 0.5000000000
15568  -47.076  -77.501  16.547 0.5000000000
15582  -45.720  -77.244  15.408 0.5000000000
127425  -45.973  -76.698  15.878 0.5000000000
16569  -44.448  -76.200  15.128 0.4000000060
136002  -43.170  -75.755  14.725 0.4000000060
16465  -41.467  -76.780  22.711 0.1000000015
148252  -44.810  -77.849  21.694 0.5000000000
21595  -43.072  -71.497  24.342 0.5000000000
133648  -44.870  -74.104  23.878 0.4000000060
15495  -46.395  -77.638  22.264 0.5000000000
22640  -42.680  -70.687  23.745 0.5000000000
22655  -42.481  -70.502  22.928 0.5000000000
24811  -42.845  -69.728  22.499 0.5000000000
123970  -42.634  -70.107  22.750 0.5000000000
19541  -41.185  -73.495  22.898 0.4000000060
21604  -41.470  -71.453  22.944 0.3000000119
17459  -42.629  -75.033  22.212 0.6999999881
125012  -43.349  -75.383  21.682 0.5000000000
130174  -42.235  -70.264  22.298 0.3000000119
22654  -41.984  -70.774  22.641 0.3000000119
19530  -41.014  -72.731  23.096 0.4000000060
133846  -41.775  -74.631  22.198 0.5000000000
17472  -42.623  -75.305  21.012 0.6000000238
135862  -44.666  -75.604  20.910 0.6000000238
17475  -46.007  -75.788  21.479 0.6000000238
15517  -47.125  -77.670  21.289 0.5000000000
15528  -47.554  -78.170  19.347 0.3000000119
22653  -40.957  -70.877  22.537 0.3000000119
20552  -40.911  -72.006  23.091 0.3000000119
18542  -40.678  -73.877  22.234 0.4000000060
127917  -44.175  -75.708  20.091 0.6000000238
17539  -45.521  -76.153  18.869 0.6000000238
16505  -47.106  -76.956  19.395 0.5000000000
16522  -47.217  -77.292  18.486 0.5000000000
20551  -40.094  -72.416  22.664 0.4000000060
148031  -40.076  -73.560  21.925 0.4000000060
18575  -41.326  -74.742  20.953 0.5000000000
17491  -42.198  -75.175  20.051 0.5000000000
127422  -44.618  -75.875  18.460 0.5000000000
16520  -46.033  -76.291  18.273 0.5000000000
16538  -46.840  -76.878  17.035 0.5000000000
20550  -39.165  -72.422  22.032 0.4000000060
19552  -39.547  -73.440  21.174 0.4000000060
19566  -40.042  -73.921  20.461 0.5000000000
18596  -41.801  -74.827  19.240 0.5000000000
17538  -43.788  -75.551  17.980 0.4000000060
17555  -45.636  -76.052  17.455 0.5000000000
16549  -46.023  -76.386  16.677 0.5000000000
18594  -40.626  -74.266  19.806 0.5000000000
18614  -42.294  -74.749  18.244 0.5000000000
18628  -43.109  -74.998  17.570 0.4000000060
17566  -44.598  -75.427  16.053 0.4000000060
17567  -45.319  -75.988  15.990 0.5000000000
19595  -41.142  -73.642  18.010 0.5000000000
18627  -42.524  -74.290  17.194 0.4000000060
18639  -43.912  -74.849  16.146 0.4000000060
17594  -43.858  -75.475  15.160 0.4000000060
144001  -42.147  -73.628  16.839 0.3000000119
18638  -42.621  -73.850  16.355 0.4000000060
18651  -42.624  -74.188  15.364 0.3000000119
18667  -42.182  -74.799  14.697 0.3000000119
17451  -40.293  -76.011  23.756 0.1000000015
16454  -40.852  -76.451  23.255 0.1000000015
17441  -40.493  -75.716  24.555 0.1000000015
16448  -41.985  -76.233  24.409 0.4000000060
16456  -42.635  -76.649  23.956 0.4000000060
15492  -43.778  -77.358  22.823 0.4000000060
15493  -44.917  -77.427  23.063 0.5000000000
15485  -44.235  -77.164  23.703 0.4000000060
15486  -45.014  -77.136  23.500 0.5000000000
136154  -45.524  -77.746  22.410 0.5000000000
21583  -43.470  -71.750  24.907 0.5000000000
21558  -43.544  -71.829  25.054 0.5000000000
20532  -43.878  -72.308  25.000 0.5000000000
19532  -44.650  -73.655  24.438 0.4000000060
16459  -45.170  -76.334  23.828 0.5000000000
15494  -45.772  -77.464  22.754 0.5000000000
23701  -42.688  -69.878  23.432 0.5000000000
22615  -42.658  -70.672  24.296 0.5000000000
22616  -43.002  -71.356  24.560 0.5000000000
24785  -42.802  -68.900  23.294 0.5000000000
17462  -45.575  -75.320  23.013 0.6000000238
23723  -42.570  -69.872  21.799 0.2000000030
24812  -43.046  -69.751  21.640 0.2000000030
22652  -39.839  -70.867  22.496 0.4000000060
23722  -40.865  -69.674  22.236 0.3000000119
139711  -41.903  -69.955  21.789 0.3000000119
137825  -39.843  -69.448  22.616 0.3000000119
141909  -38.983  -71.218  22.373 0.4000000060
20563  -38.813  -72.909  20.666 0.4000000060
19565  -39.329  -73.382  20.143 0.4000000060
134772  -38.421  -70.206  22.498 0.3000000119
21614  -37.900  -71.514  21.460 0.3000000119
19564  -38.773  -72.806  19.800 0.3000000119
19581  -39.984  -73.633  19.356 0.4000000060
20584  -38.447  -72.107  19.378 0.3000000119
20597  -40.371  -72.439  17.796 0.3000000119
19618  -42.051  -73.068  16.154 0.4000000060
19619  -42.545  -73.633  15.871 0.3000000119
21654  -38.499  -71.218  18.820 0.2000000030
21655  -39.300  -71.001  18.049 0.2000000030
20624  -41.007  -71.819  16.139 0.3000000119
19633  -42.022  -73.340  15.527 0.3000000119
22709  -39.345  -70.476  17.495 0.1000000015
20633  -40.400  -71.547  16.025 0.2000000030
20635  -41.411  -72.528  15.766 0.4000000060
24901  -36.541  -68.164  17.727 0.1000000015
16447  -41.050  -76.223  24.128 0.1000000015
130655  -41.350  -75.830  24.826 0.2000000030
17442  -42.269  -75.886  25.043 0.5000000000
16457  -43.592  -76.800  24.246 0.4000000060
16458  -44.390  -76.779  24.172 0.4000000060
21582  -43.044  -71.312  24.912 0.5000000000
20513  -43.697  -72.340  25.201 0.4000000060
18513  -44.758  -73.960  24.887 0.4000000060
17445  -44.734  -74.773  24.552 0.5000000000
16451  -44.569  -75.959  24.465 0.5000000000
23680  -42.477  -69.540  23.948 0.5000000000
22614  -42.367  -70.365  24.508 0.4000000060
17446  -45.115  -75.415  24.148 0.4000000060
25868  -43.175  -67.196  23.963 0.4000000060
25888  -42.945  -67.923  23.613 0.4000000060
25889  -43.523  -67.792  23.077 0.4000000060
24786  -43.239  -68.823  22.597 0.4000000060
142487  -43.972  -67.603  22.712 0.3000000119
24813  -43.674  -68.619  21.992 0.3000000119
24837  -43.575  -69.636  21.070 0.2000000030
23739  -42.565  -69.766  21.373 0.2000000030
24838  -44.266  -68.959  21.265 0.1000000015
142627  -43.216  -69.741  20.949 0.3000000119
23752  -43.699  -69.839  20.378 0.1000000015
24835  -41.862  -69.117  21.434 0.3000000119
24809  -40.301  -68.650  22.512 0.3000000119
24836  -42.611  -69.478  20.919 0.2000000030
124649  -40.185  -67.764  22.577 0.2000000030
23719  -37.772  -69.690  22.527 0.2000000030
143359  -37.117  -70.368  20.976 0.2000000030
25909  -38.468  -67.461  22.860 0.2000000030
144690  -37.109  -69.729  21.734 0.2000000030
24806  -37.540  -68.311  22.737 0.2000000030
23738  -36.706  -68.887  21.271 0.1000000015
22695  -38.030  -70.470  19.001 0.2000000030
27011  -36.412  -66.604  21.390 0.1000000015
24854  -36.729  -68.706  20.362 0.1000000015
146667  -37.967  -69.452  18.381 0.1000000015
22724  -38.950  -70.096  17.419 0.1000000015
25974  -35.825  -67.046  19.938 0.1000000015
127482  -36.352  -67.633  19.333 0.1000000015
142491  -37.769  -69.138  18.123 0.1000000015
24880  -36.552  -67.845  18.553 0.1000000015
24900  -35.941  -67.538  17.186 0.1000000015
144814  -35.456  -65.645  16.423 0.1000000015
17428  -40.782  -75.261  25.281 0.3000000119
142521  -41.666  -75.464  25.277 0.3000000119
20510  -40.099  -72.750  25.475 0.3000000119
130682  -40.873  -73.262  25.510 0.3000000119
17429  -42.516  -75.189  25.424 0.3000000119
17443  -43.159  -75.889  25.151 0.3000000119
16450  -43.759  -76.343  24.695 0.4000000060
21555  -40.626  -71.835  25.227 0.3000000119
149522  -41.479  -73.586  25.565 0.3000000119
17430  -43.539  -74.967  25.261 0.5000000000
17444  -44.005  -75.512  24.926 0.5000000000
142205  -41.731  -70.527  24.791 0.4000000060
21557  -42.944  -71.802  25.319 0.5000000000
20512  -42.949  -72.629  25.492 0.4000000060
19505  -43.391  -73.349  25.434 0.4000000060
17431  -44.276  -74.553  24.990 0.5000000000
26951  -42.812  -66.860  24.722 0.4000000060
24772  -42.271  -68.173  24.094 0.4000000060
23679  -41.976  -69.116  24.284 0.5000000000
25847  -44.487  -67.230  25.758 0.4000000060
141712  -43.529  -66.870  24.368 0.4000000060
25867  -42.460  -67.335  24.424 0.5000000000
26952  -44.338  -66.842  24.274 0.4000000060
26971  -43.943  -67.078  23.538 0.4000000060
26937  -44.813  -67.072  25.044 0.4000000060
25848  -45.669  -67.330  25.012 0.3000000119
26972  -44.810  -66.939  23.698 0.3000000119
25891  -45.467  -67.221  23.203 0.3000000119
25890  -44.587  -67.279  22.921 0.3000000119
25913  -45.253  -67.613  22.307 0.2000000030
24839  -45.570  -68.814  20.809 0.1000000015
23742  -44.793  -69.154  20.753 0.1000000015
24856  -43.703  -69.444  20.055 0.1000000015
24855  -43.258  -69.458  20.554 0.1000000015
25932  -41.641  -67.753  21.472 0.2000000030
25957  -43.377  -68.494  20.137 0.1000000015
25956  -42.692  -68.535  20.588 0.1000000015
27015  -42.215  -67.398  20.800 0.2000000030
133337  -40.480  -67.106  22.384 0.2000000030
26994  -38.030  -66.555  22.592 0.1000000015
27991  -38.527  -65.838  22.335 0.1000000015
27012  -36.827  -65.929  21.818 0.1000000015
28012  -37.364  -65.160  21.757 0.1000000015
27027  -36.029  -66.588  20.695 0.1000000015
25990  -35.877  -67.049  18.816 0.1000000015
28026  -35.997  -65.324  20.236 0.1000000015
28058  -35.622  -65.471  18.921 0.1000000015
130575  -35.680  -64.788  17.749 0.1000000015
29112  -35.842  -64.541  17.089 0.1000000015
28084  -35.599  -64.995  16.372 0.1000000015
29135  -36.365  -64.493  15.480 0.1000000015
29153  -36.644  -64.734  14.658 0.1000000015
28103  -37.062  -65.031  13.865 0.1000000015
28121  -38.756  -65.188  13.288 0.1000000015
21553  -38.677  -71.879  25.372 0.3000000119
20509  -39.123  -72.694  25.508 0.2000000030
22589  -39.130  -70.933  24.935 0.3000000119
22612  -39.747  -70.210  24.687 0.4000000060
23662  -39.352  -69.477  24.810 0.3000000119
25845  -42.050  -67.026  25.072 0.3000000119
25866  -41.653  -67.599  24.764 0.4000000060
24770  -40.476  -68.527  24.838 0.4000000060
142878  -39.562  -68.746  25.062 0.3000000119
25832  -44.106  -67.399  26.552 0.3000000119
26926  -42.742  -66.800  25.685 0.3000000119
25843  -40.554  -67.654  25.843 0.4000000060
24754  -40.088  -68.105  25.416 0.4000000060
24753  -39.375  -68.219  25.819 0.3000000119
24740  -46.337  -68.428  26.424 0.3000000119
25833  -45.057  -67.630  26.292 0.3000000119
25834  -45.897  -67.761  25.923 0.3000000119
24741  -47.034  -68.755  26.203 0.3000000119
25849  -46.343  -67.714  25.280 0.3000000119
24773  -46.963  -67.948  25.013 0.3000000119
25869  -45.648  -67.143  24.081 0.3000000119
25892  -46.338  -67.485  23.610 0.3000000119
25914  -46.158  -67.612  22.635 0.2000000030
25935  -45.914  -68.059  21.701 0.1000000015
24840  -46.617  -68.593  21.011 0.1000000015
24841  -47.591  -68.916  20.918 0.1000000015
23755  -44.953  -69.672  20.089 0.1000000015
23756  -46.261  -69.616  19.320 0.1000000015
124472  -44.947  -69.634  19.675 0.1000000015
24868  -44.492  -68.803  19.316 0.1000000015
132615  -42.860  -67.655  20.368 0.1000000015
27014  -41.537  -66.556  21.396 0.2000000030
28016  -42.129  -66.197  20.832 0.2000000030
141598  -41.572  -65.718  21.111 0.2000000030
28014  -39.080  -65.269  21.907 0.1000000015
147100  -41.249  -65.126  21.107 0.1000000015
29039  -38.737  -64.580  21.440 0.1000000015
141743  -37.175  -64.646  21.327 0.1000000015
29056  -39.288  -64.051  20.889 0.1000000015
29054  -37.493  -64.167  20.905 0.1000000015
29078  -36.486  -64.360  19.524 0.1000000015
30132  -37.997  -63.747  20.286 0.1000000015
149354  -36.766  -63.891  18.631 0.1000000015
30171  -36.630  -63.823  18.078 0.1000000015
29122  -36.117  -64.416  16.299 0.1000000015
128717  -37.082  -64.149  15.197 0.1000000015
30231  -37.607  -63.844  15.851 0.1000000015
29154  -37.460  -64.495  14.398 0.1000000015
30232  -38.482  -64.015  15.771 0.1000000015
28104  -37.948  -64.815  13.596 0.1000000015
29137  -38.881  -64.401  14.979 0.1000000015
28105  -39.455  -65.122  13.707 0.1000000015
29155  -38.807  -64.718  14.008 0.1000000015
27120  -39.939  -65.825  12.596 0.1000000015
21552  -37.725  -71.889  25.541 0.2000000030
20508  -38.277  -72.710  25.544 0.2000000030
23659  -36.818  -69.681  26.286 0.2000000030
22588  -38.556  -70.324  24.971 0.3000000119
143245  -37.363  -68.835  27.416 0.2000000030
133447  -38.083  -69.295  25.535 0.3000000119
23661  -38.639  -69.559  25.074 0.3000000119
25844  -41.319  -67.409  25.543 0.3000000119
25865  -40.838  -67.886  25.076 0.3000000119
146409  -39.038  -69.095  25.069 0.3000000119
25819  -44.123  -67.840  27.172 0.3000000119
25831  -43.258  -67.031  26.457 0.3000000119
25830  -42.588  -67.195  26.676 0.3000000119
25829  -41.144  -67.506  26.451 0.3000000119
25842  -39.932  -67.843  26.049 0.3000000119
24723  -46.061  -68.718  26.987 0.3000000119
24722  -45.362  -68.720  27.319 0.3000000119
25815  -40.928  -67.846  27.179 0.3000000119
25828  -40.329  -67.766  26.606 0.3000000119
24738  -39.578  -68.071  26.592 0.2000000030
24737  -38.731  -68.403  26.504 0.2000000030
23638  -47.056  -69.804  27.391 0.2000000030
23649  -46.677  -69.069  26.875 0.2000000030
23650  -47.399  -69.462  26.617 0.3000000119
23663  -47.686  -69.177  25.795 0.3000000119
140431  -47.490  -68.403  24.705 0.3000000119
25871  -47.196  -67.983  24.061 0.3000000119
24788  -47.747  -68.489  23.346 0.2000000030
24814  -46.815  -68.016  22.051 0.1000000015
24789  -48.254  -69.065  23.555 0.2000000030
24842  -48.058  -68.825  21.779 0.1000000015
23774  -48.323  -70.142  19.045 0.1000000015
22678  -49.420  -70.412  19.632 0.1000000015
23776  -51.674  -70.036  19.709 0.1000000015
23757  -47.228  -69.737  19.199 0.1000000015
23792  -48.609  -70.046  18.365 0.1000000015
23793  -49.549  -70.149  18.047 0.1000000015
23795  -51.109  -69.272  18.386 0.1000000015
24859  -52.064  -68.576  20.309 0.1000000015
25916  -51.102  -68.063  22.021 0.1000000015
23790  -45.803  -69.418  18.867 0.1000000015
24882  -46.379  -69.316  18.657 0.1000000015
128618  -49.210  -68.778  18.111 0.1000000015
24885  -50.643  -69.054  18.013 0.1000000015
25958  -52.249  -67.586  19.745 0.1000000015
27018  -51.863  -67.128  20.472 0.1000000015
25977  -45.169  -68.422  18.926 0.1000000015
25975  -43.893  -68.058  19.566 0.1000000015
133135  -43.433  -66.304  20.240 0.2000000030
28028  -42.766  -65.706  20.593 0.1000000015
28015  -41.949  -65.113  20.808 0.1000000015
29057  -40.217  -64.154  20.847 0.1000000015
30134  -39.872  -63.585  20.359 0.1000000015
30133  -38.942  -63.657  20.331 0.1000000015
30147  -38.583  -63.499  19.559 0.1000000015
30172  -37.334  -63.718  18.534 0.1000000015
30199  -37.274  -63.641  17.632 0.1000000015
30200  -38.116  -63.678  17.316 0.1000000015
30214  -37.380  -63.688  16.723 0.1000000015
30233  -39.296  -64.205  15.886 0.1000000015
29138  -39.838  -64.537  15.352 0.1000000015
29156  -39.602  -64.806  14.495 0.1000000015
21492  -39.700  -71.039  29.832 0.2000000030
24701  -38.013  -68.783  27.770 0.2000000030
134897  -40.534  -71.147  29.674 0.2000000030
22533  -39.201  -70.343  29.431 0.2000000030
23620  -38.517  -69.067  28.295 0.2000000030
24736  -37.903  -68.599  26.968 0.3000000119
24752  -38.716  -68.789  25.533 0.3000000119
126462  -43.779  -68.197  27.515 0.3000000119
24720  -43.062  -68.336  27.779 0.3000000119
149384  -42.413  -68.295  27.735 0.3000000119
137182  -41.708  -68.204  27.622 0.3000000119
23635  -44.765  -69.144  27.826 0.3000000119
144249  -44.299  -69.557  28.253 0.3000000119
24706  -43.131  -69.052  28.207 0.3000000119
24705  -42.350  -68.860  28.141 0.3000000119
125445  -40.732  -68.509  27.794 0.3000000119
21513  -47.381  -71.256  28.304 0.2000000030
22567  -46.449  -70.096  27.946 0.3000000119
24719  -40.018  -68.210  27.314 0.2000000030
24718  -39.232  -68.358  27.233 0.2000000030
21527  -47.841  -70.844  27.665 0.2000000030
22579  -47.834  -70.209  27.044 0.2000000030
144473  -48.374  -70.847  27.158 0.2000000030
23651  -48.125  -69.848  26.200 0.3000000119
22580  -48.539  -70.580  26.507 0.3000000119
23681  -47.921  -68.952  24.916 0.3000000119
24774  -47.899  -68.701  24.130 0.2000000030
22590  -48.774  -70.373  25.634 0.3000000119
22617  -48.951  -70.271  24.653 0.2000000030
23702  -48.684  -69.699  23.289 0.2000000030
23725  -49.430  -70.273  21.975 0.1000000015
25979  -47.003  -67.459  18.851 0.1000000015
25994  -48.775  -67.998  18.441 0.1000000015
25995  -50.026  -67.902  18.111 0.1000000015
27063  -51.741  -66.604  18.062 0.1000000015
136355  -45.349  -67.230  19.234 0.1000000015
27049  -46.356  -66.594  19.326 0.1000000015
27050  -47.484  -66.372  19.159 0.1000000015
135917  -50.760  -65.897  17.954 0.1000000015
27047  -44.683  -66.632  19.614 0.1000000015
27048  -45.488  -66.151  19.641 0.1000000015
28050  -46.130  -65.512  19.662 0.1000000015
28051  -46.981  -65.561  19.425 0.1000000015
28059  -48.952  -65.240  18.735 0.1000000015
27029  -44.165  -65.986  20.110 0.1000000015
28030  -44.411  -65.173  20.320 0.1000000015
135206  -45.438  -63.915  19.894 0.1000000015
30139  -44.685  -63.789  20.047 0.1000000015
130555  -42.752  -64.677  20.584 0.1000000015
29059  -42.051  -64.146  20.549 0.1000000015
140080  -42.215  -63.436  20.100 0.1000000015
144425  -42.071  -62.995  19.622 0.1000000015
30150  -41.366  -63.182  19.846 0.1000000015
30148  -39.514  -63.310  19.652 0.1000000015
130822  -38.711  -63.529  17.956 0.1000000015
30201  -39.041  -63.707  17.089 0.1000000015
142063  -41.437  -73.276  30.635 0.3000000119
20454  -41.841  -72.202  29.899 0.3000000119
143332  -41.219  -71.183  29.526 0.3000000119
130551  -40.073  -70.414  29.344 0.2000000030
143146  -39.942  -69.380  28.506 0.2000000030
24702  -38.995  -68.737  27.826 0.2000000030
130294  -41.789  -71.501  29.567 0.3000000119
22548  -40.970  -70.493  29.188 0.3000000119
23612  -40.394  -69.833  28.843 0.3000000119
24717  -38.564  -68.531  27.282 0.2000000030
23626  -45.047  -69.852  28.284 0.3000000119
22537  -44.433  -71.077  29.068 0.3000000119
22550  -42.301  -70.291  28.853 0.3000000119
23622  -41.151  -69.743  28.667 0.3000000119
24703  -39.864  -68.815  27.989 0.2000000030
20472  -47.194  -71.928  28.862 0.2000000030
22538  -45.266  -71.161  28.934 0.3000000119
21496  -45.630  -71.820  29.250 0.3000000119
21514  -47.957  -72.085  28.477 0.2000000030
20473  -48.677  -72.749  28.203 0.2000000030
21528  -48.606  -71.570  27.507 0.2000000030
21538  -48.953  -71.356  26.749 0.2000000030
21539  -49.526  -72.067  26.125 0.3000000119
22591  -49.450  -71.020  25.069 0.2000000030
30153  -44.379  -62.937  19.665 0.1000000015
31159  -41.688  -62.785  19.247 0.1000000015
30149  -40.947  -62.860  19.172 0.1000000015
30174  -39.128  -63.294  18.775 0.1000000015
17365  -42.634  -75.188  31.746 0.1000000015
17366  -43.334  -75.557  31.776 0.2000000030
18446  -42.524  -74.562  31.329 0.3000000119
19443  -42.591  -73.579  30.588 0.3000000119
20440  -42.908  -72.986  30.183 0.3000000119
21494  -43.895  -71.747  29.404 0.3000000119
20456  -43.373  -72.404  29.748 0.3000000119
20459  -46.873  -72.580  29.315 0.3000000119
20458  -46.029  -72.528  29.516 0.3000000119
134452  -45.130  -72.481  29.608 0.3000000119
20457  -44.237  -72.434  29.662 0.3000000119
136913  -47.924  -74.502  29.224 0.2000000030
19466  -48.648  -73.856  28.273 0.2000000030
19467  -49.049  -74.914  27.300 0.1000000015
21529  -49.276  -72.277  26.899 0.2000000030
18479  -49.519  -75.570  26.934 0.1000000015
20484  -49.422  -73.456  26.797 0.2000000030
128402  -49.643  -73.263  26.023 0.2000000030
19487  -49.820  -74.503  25.914 0.2000000030
20490  -50.171  -74.178  25.276 0.3000000119
18462  -43.852  -74.722  30.828 0.3000000119
139389  -43.266  -73.537  30.410 0.3000000119
19444  -43.989  -73.880  30.414 0.3000000119
19455  -44.591  -73.154  30.028 0.3000000119
18473  -47.109  -74.429  29.722 0.3000000119
19456  -45.548  -73.262  29.931 0.3000000119
18474  -47.671  -75.621  29.349 0.2000000030
18475  -48.338  -75.783  28.526 0.2000000030
16406  -49.037  -77.092  28.320 0.1000000015
17396  -49.558  -76.324  27.552 0.1000000015
17397  -50.252  -75.991  27.829 0.1000000015
146912  -50.550  -75.583  27.403 0.1000000015
18499  -50.594  -75.079  26.170 0.1000000015
17368  -45.444  -76.267  30.996 0.3000000119
16392  -46.072  -76.788  31.186 0.2000000030
136380  -45.197  -74.920  30.455 0.3000000119
19445  -44.992  -73.964  30.305 0.3000000119
18463  -46.065  -75.535  30.443 0.3000000119
17380  -47.521  -76.643  29.545 0.2000000030
18464  -46.944  -75.482  30.054 0.3000000119
19446  -46.050  -74.372  30.184 0.3000000119
16405  -48.499  -77.289  28.750 0.2000000030
16404  -47.991  -77.257  29.164 0.2000000030
17370  -49.347  -76.218  31.160 0.1000000015
17381  -49.452  -76.685  29.936 0.1000000015
18427  -50.172  -74.711  32.998 0.1000000015
18465  -49.734  -75.730  30.656 0.1000000015
17382  -49.957  -75.905  29.755 0.1000000015
17390  -50.169  -76.062  28.792 0.1000000015
18466  -50.233  -74.777  30.784 0.1000000015
18476  -50.522  -75.101  29.597 0.1000000015
19460  -50.996  -74.371  29.166 0.1000000015
17378  -46.090  -76.321  30.716 0.2000000030
16393  -46.797  -77.173  30.653 0.2000000030
16394  -47.633  -77.406  30.037 0.2000000030
17379  -46.855  -76.451  30.261 0.2000000030
17369  -48.858  -76.792  31.734 0.1000000015
16395  -48.365  -77.510  29.790 0.2000000030
17349  -49.352  -75.550  32.697 0.1000000015
18449  -49.767  -75.108  31.703 0.1000000015
18450  -50.537  -74.368  32.122 0.1000000015
19429  -51.022  -73.935  31.436 0.1000000015
129670  -51.484  -73.444  30.846 0.1000000015
19383  -50.543  -73.457  34.533 0.1000000015
19398  -51.119  -73.657  34.116 0.1000000015
19384  -51.283  -73.132  34.144 0.1000000015
19399  -51.891  -73.176  33.849 0.1000000015
20384  -49.765  -72.503  34.380 0.1000000015
21441  -49.719  -71.896  33.730 0.1000000015
20399  -50.382  -72.388  34.060 0.1000000015
17460  -43.820  -75.085  22.448 0.4000000060
130119  -43.350  -74.488  23.139 0.5000000000
18533  -42.968  -73.601  23.596 0.5000000000
18544  -44.543  -74.520  23.245 0.4000000060
129281  -42.247  -74.344  22.897 0.5000000000
18545  -45.121  -74.675  23.458 0.5000000000
19522  -44.585  -73.469  24.736 0.4000000060
14570  -47.258  -78.210  20.553 0.5000000000
18535  -45.014  -74.210  24.038 0.4000000060
17473  -44.265  -75.444  21.696 0.5000000000
16468  -46.175  -76.948  22.685 0.5000000000
17461  -45.021  -75.165  22.546 0.6000000238
16489  -47.084  -77.059  21.114 0.5000000000
15518  -47.484  -77.951  20.106 0.3000000119
132032  -47.626  -78.823  18.216 0.5000000000
142540  -46.020  -76.027  22.658 0.5000000000
132620  -45.524  -78.467  20.574 0.5000000000
17463  -46.339  -76.296  22.086 0.5000000000
18543  -41.411  -74.148  22.556 0.4000000060
16506  -47.457  -77.611  19.384 0.4000000060
16550  -46.582  -76.965  16.334 0.5000000000
16555  -45.191  -76.416  15.467 0.4000000060
16570  -44.941  -76.918  15.103 0.4000000060
17576  -44.611  -75.716  15.575 0.4000000060
18668  -43.025  -74.994  14.939 0.3000000119
18652  -43.506  -74.727  15.567 0.4000000060
16455  -41.682  -76.535  23.575 0.2000000030
19521  -44.296  -72.986  24.840 0.5000000000
18558  -41.839  -74.926  21.477 0.4000000060
17493  -43.679  -75.516  20.885 0.6000000238
136440  -41.445  -70.354  22.298 0.3000000119
21603  -40.479  -71.523  22.700 0.4000000060
19540  -40.382  -73.260  22.534 0.4000000060
18557  -41.095  -74.447  21.685 0.5000000000
17492  -43.134  -75.512  20.037 0.6000000238
17494  -45.201  -75.837  20.303 0.6000000238
140571  -45.481  -75.689  20.984 0.6000000238
17474  -45.222  -75.546  21.631 0.6000000238
137581  -45.776  -75.621  22.224 0.6000000238
17495  -46.070  -75.958  20.697 0.5000000000
16490  -47.340  -77.374  20.404 0.5000000000
19553  -40.324  -73.982  21.422 0.4000000060
18574  -40.741  -74.416  20.758 0.4000000060
17518  -44.839  -75.964  19.424 0.6000000238
17517  -43.690  -75.722  19.065 0.5000000000
16504  -46.367  -76.483  19.191 0.5000000000
17519  -45.832  -76.150  19.803 0.5000000000
16521  -46.699  -76.737  18.459 0.5000000000
16488  -46.775  -76.559  20.303 0.5000000000
19539  -39.639  -73.080  22.030 0.4000000060
21602  -39.521  -71.706  22.450 0.4000000060
18595  -41.351  -74.728  20.119 0.5000000000
17516  -42.650  -75.306  19.177 0.5000000000
17554  -44.696  -75.639  17.440 0.4000000060
16537  -46.401  -76.511  17.606 0.5000000000
143788  -39.077  -72.867  21.453 0.4000000060
20549  -38.617  -71.764  22.034 0.3000000119
143998  -41.161  -74.458  19.315 0.5000000000
18613  -41.447  -74.314  18.547 0.5000000000
17553  -43.877  -75.161  17.023 0.4000000060
127615  -45.170  -75.747  16.630 0.5000000000
18612  -40.740  -74.023  18.880 0.5000000000
123726  -43.245  -74.528  16.637 0.4000000060
19607  -40.964  -72.860  17.511 0.4000000060
19594  -40.460  -73.288  18.352 0.4000000060
18626  -41.804  -74.007  17.627 0.4000000060
123683  -43.142  -74.211  15.971 0.4000000060
19506  -44.322  -73.027  25.033 0.4000000060
16467  -45.747  -76.146  23.188 0.5000000000
18525  -45.178  -74.637  24.052 0.5000000000
131605  -40.397  -70.205  22.422 0.4000000060
24810  -41.238  -69.132  22.029 0.3000000119
147480  -39.357  -68.797  22.885 0.3000000119
23720  -38.735  -69.404  22.834 0.3000000119
22662  -38.201  -70.964  22.141 0.3000000119
20575  -38.216  -72.319  20.241 0.3000000119
20562  -38.407  -72.307  21.237 0.3000000119
19580  -39.344  -73.094  19.387 0.3000000119
21632  -37.843  -71.811  20.681 0.3000000119
22651  -37.696  -70.307  22.155 0.2000000030
21642  -37.819  -71.445  19.806 0.3000000119
19593  -39.785  -72.852  18.639 0.3000000119
20596  -39.698  -71.886  18.082 0.3000000119
20607  -40.388  -71.631  17.309 0.3000000119
148588  -41.287  -72.547  16.919 0.4000000060
20609  -41.403  -72.406  16.364 0.4000000060
21664  -39.935  -70.945  17.250 0.2000000030
21665  -40.484  -71.422  16.646 0.3000000119
20634  -40.795  -72.035  15.776 0.2000000030
22707  -37.783  -69.675  19.039 0.2000000030
22740  -39.447  -70.463  16.963 0.2000000030
24917  -37.207  -69.092  17.497 0.1000000015
26012  -36.104  -67.371  17.931 0.1000000015
21581  -42.359  -71.078  25.075 0.4000000060
145098  -43.193  -74.354  25.427 0.4000000060
18524  -44.855  -73.951  24.454 0.5000000000
25912  -44.402  -67.931  22.106 0.2000000030
23740  -43.721  -69.709  20.250 0.1000000015
25934  -45.040  -68.340  21.482 0.1000000015
25911  -41.059  -68.019  22.217 0.2000000030
25933  -42.148  -68.511  20.957 0.2000000030
24808  -39.393  -68.036  22.851 0.2000000030
25910  -39.546  -67.183  22.657 0.2000000030
128203  -37.368  -69.130  22.469 0.2000000030
24807  -38.522  -68.522  23.014 0.2000000030
23751  -36.884  -69.626  20.709 0.2000000030
26995  -38.936  -66.527  22.568 0.2000000030
24805  -36.944  -67.873  22.242 0.1000000015
22694  -37.404  -70.314  20.012 0.2000000030
25907  -36.973  -67.175  22.205 0.1000000015
25930  -36.645  -67.409  21.671 0.1000000015
24853  -36.577  -68.064  20.984 0.1000000015
23769  -37.239  -69.252  19.718 0.2000000030
24865  -36.438  -67.855  20.121 0.1000000015
28027  -36.161  -65.777  21.018 0.1000000015
24866  -36.945  -68.355  19.275 0.1000000015
23788  -37.583  -68.995  18.784 0.1000000015
22723  -38.366  -69.848  17.380 0.1000000015
27026  -35.734  -66.130  20.197 0.1000000015
24881  -37.188  -68.549  18.352 0.1000000015
23807  -37.743  -69.389  17.604 0.1000000015
27059  -35.604  -66.187  18.487 0.1000000015
27080  -35.555  -66.125  17.684 0.1000000015
27088  -35.495  -66.187  16.894 0.1000000015
147488  -35.822  -64.872  15.756 0.1000000015
134269  -39.762  -74.195  25.539 0.3000000119
18509  -40.759  -74.271  25.574 0.3000000119
21554  -39.627  -71.869  25.265 0.3000000119
19504  -40.145  -73.641  25.594 0.3000000119
144013  -41.016  -72.454  25.377 0.3000000119
138906  -41.681  -74.121  25.601 0.3000000119
18511  -42.425  -74.248  25.548 0.3000000119
20511  -41.903  -72.670  25.471 0.3000000119
21556  -41.712  -71.777  25.289 0.3000000119
21579  -40.156  -71.069  24.875 0.3000000119
21580  -41.249  -71.099  25.005 0.3000000119
132644  -42.310  -73.435  25.555 0.3000000119
134896  -41.429  -69.760  24.502 0.4000000060
23678  -40.277  -69.369  24.619 0.4000000060
22613  -40.747  -70.347  24.665 0.4000000060
26935  -43.266  -66.734  25.018 0.4000000060
24771  -41.341  -68.283  24.602 0.4000000060
25846  -43.642  -66.946  25.782 0.4000000060
26953  -45.074  -66.974  24.401 0.3000000119
25870  -46.394  -67.547  24.543 0.3000000119
23754  -44.281  -69.825  20.012 0.1000000015
24867  -43.940  -69.225  19.736 0.1000000015
25931  -41.169  -67.113  22.039 0.2000000030
27013  -40.713  -66.345  21.994 0.1000000015
26996  -39.843  -66.394  22.357 0.1000000015
26993  -37.675  -65.835  22.219 0.1000000015
28013  -38.196  -65.144  21.950 0.1000000015
29038  -37.857  -64.527  21.467 0.1000000015
29053  -36.318  -65.034  20.807 0.1000000015
136750  -36.768  -64.553  20.860 0.1000000015
29077  -35.921  -64.849  19.410 0.1000000015
28075  -35.565  -65.419  18.089 0.1000000015
29090  -36.064  -64.246  17.869 0.1000000015
29113  -36.503  -63.894  17.099 0.1000000015
30230  -36.782  -63.948  16.070 0.1000000015
132412  -38.223  -71.008  25.203 0.2000000030
131108  -38.672  -73.368  25.501 0.2000000030
22611  -39.057  -70.088  24.774 0.3000000119
128977  -41.930  -67.162  26.122 0.3000000119
25820  -44.821  -67.976  26.954 0.3000000119
24739  -45.623  -68.187  26.674 0.3000000119
24787  -47.030  -67.889  23.017 0.1000000015
24857  -45.964  -69.397  20.090 0.1000000015
147520  -47.351  -68.454  21.658 0.1000000015
23743  -47.886  -69.570  19.994 0.1000000015
24858  -46.910  -69.371  20.037 0.1000000015
144105  -45.483  -69.605  19.617 0.1000000015
23771  -45.619  -69.526  19.215 0.1000000015
23773  -46.825  -69.654  18.905 0.1000000015
24869  -45.161  -69.346  19.120 0.1000000015
27028  -42.775  -66.742  20.451 0.1000000015
139855  -40.016  -65.578  21.822 0.1000000015
29041  -40.548  -64.916  21.239 0.1000000015
29058  -41.183  -64.344  20.787 0.1000000015
30146  -37.678  -63.719  19.416 0.1000000015
137849  -37.522  -70.939  25.462 0.2000000030
23634  -36.687  -69.173  27.482 0.2000000030
23660  -37.418  -69.485  25.879 0.2000000030
22587  -37.857  -70.095  25.292 0.3000000119
24751  -37.949  -68.824  26.153 0.2000000030
24721  -44.470  -68.451  27.451 0.3000000119
25818  -43.351  -67.568  27.169 0.3000000119
25817  -42.479  -67.765  27.330 0.3000000119
25816  -41.793  -67.545  26.933 0.3000000119
23637  -46.146  -69.343  27.486 0.3000000119
23636  -45.442  -69.364  27.773 0.3000000119
22568  -47.153  -70.496  27.886 0.3000000119
24815  -47.579  -68.396  22.462 0.1000000015
23682  -48.450  -69.512  24.199 0.2000000030
24816  -48.307  -69.065  22.735 0.1000000015
23724  -48.753  -69.522  21.878 0.1000000015
23744  -48.432  -69.377  20.960 0.1000000015
22710  -49.351  -70.378  18.609 0.1000000015
22696  -50.316  -70.590  19.269 0.1000000015
22711  -50.000  -70.398  18.400 0.1000000015
126367  -51.947  -69.336  19.982 0.1000000015
23775  -51.090  -69.869  18.944 0.1000000015
134078  -47.612  -69.763  18.726 0.1000000015
24884  -49.056  -69.634  17.998 0.1000000015
23794  -50.372  -69.980  18.115 0.1000000015
141405  -49.926  -69.699  17.847 0.1000000015
139878  -52.147  -68.454  19.571 0.1000000015
24886  -51.553  -68.366  18.268 0.1000000015
25937  -51.967  -67.924  20.770 0.1000000015
25917  -51.625  -68.255  21.392 0.1000000015
25936  -51.320  -67.489  21.385 0.1000000015
25991  -45.770  -68.989  18.636 0.1000000015
130244  -48.210  -69.042  18.174 0.1000000015
25992  -46.586  -68.602  18.539 0.1000000015
130992  -50.049  -68.949  17.888 0.1000000015
25993  -47.597  -68.260  18.481 0.1000000015
25996  -51.126  -67.854  17.955 0.1000000015
25997  -51.915  -67.293  18.326 0.1000000015
27017  -51.188  -66.870  21.020 0.1000000015
25976  -44.535  -67.698  19.307 0.1000000015
25978  -45.981  -67.938  18.806 0.1000000015
27046  -43.945  -66.978  19.665 0.1000000015
28029  -43.615  -65.187  20.476 0.1000000015
30135  -40.763  -63.608  20.385 0.1000000015
30173  -38.235  -63.550  18.710 0.1000000015
21481  -40.113  -71.778  30.118 0.2000000030
23611  -39.587  -69.782  28.935 0.2000000030
23610  -38.600  -69.626  28.937 0.2000000030
21482  -41.040  -71.865  29.920 0.3000000119
23621  -39.256  -69.229  28.425 0.2000000030
24704  -41.401  -69.016  28.214 0.3000000119
22553  -45.756  -70.494  28.436 0.3000000119
22552  -44.152  -70.294  28.669 0.3000000119
23624  -42.740  -69.660  28.478 0.3000000119
23625  -43.570  -69.642  28.399 0.3000000119
23623  -41.926  -69.641  28.533 0.3000000119
132675  -40.579  -69.214  28.342 0.3000000119
22554  -46.624  -70.804  28.365 0.3000000119
131816  -48.050  -71.499  28.032 0.2000000030
21511  -46.088  -71.252  28.797 0.3000000119
22581  -49.279  -71.113  25.984 0.3000000119
23703  -48.888  -69.769  22.595 0.1000000015
131449  -49.326  -70.364  22.832 0.2000000030
23745  -49.349  -70.127  20.907 0.1000000015
27060  -48.138  -67.142  18.783 0.1000000015
27061  -49.566  -66.816  18.485 0.1000000015
27052  -52.199  -66.140  18.638 0.1000000015
27051  -48.562  -66.125  18.878 0.1000000015
28052  -47.929  -65.423  19.145 0.1000000015
28048  -44.897  -65.658  20.015 0.1000000015
29062  -45.029  -64.707  20.176 0.1000000015
29061  -44.196  -64.423  20.332 0.1000000015
148206  -42.710  -63.933  20.388 0.1000000015
30137  -43.086  -63.474  20.065 0.1000000015
134189  -40.426  -63.189  19.756 0.1000000015
20438  -41.278  -72.650  30.314 0.3000000119
20437  -40.488  -72.501  30.378 0.3000000119
20439  -42.071  -72.962  30.337 0.3000000119
20455  -42.580  -72.358  29.849 0.3000000119
22534  -41.758  -70.783  29.231 0.3000000119
22535  -42.563  -71.075  29.234 0.3000000119
129525  -44.937  -70.569  28.689 0.3000000119
22551  -43.148  -70.354  28.770 0.3000000119
21495  -44.766  -71.775  29.330 0.3000000119
21493  -43.029  -71.765  29.475 0.3000000119
21512  -46.763  -71.404  28.689 0.3000000119
20460  -47.611  -72.702  28.965 0.3000000119
19459  -48.100  -73.594  28.956 0.2000000030
21497  -46.457  -71.878  29.123 0.3000000119
20483  -49.009  -72.529  27.597 0.2000000030
134882  -49.914  -73.052  25.272 0.2000000030
125808  -49.730  -71.933  25.277 0.2000000030
21584  -49.936  -71.907  24.395 0.2000000030
17364  -41.947  -74.828  31.699 0.1000000015
18448  -43.934  -75.407  31.264 0.2000000030
18461  -43.104  -74.189  30.838 0.3000000119
20441  -43.715  -73.057  30.070 0.3000000119
19458  -47.357  -73.471  29.362 0.3000000119
19457  -46.483  -73.386  29.701 0.3000000119
139011  -48.378  -74.510  28.692 0.2000000030
138362  -48.698  -75.215  27.917 0.2000000030
19475  -49.507  -74.727  26.651 0.1000000015
144331  -49.028  -75.782  27.263 0.1000000015
18498  -50.002  -75.249  26.216 0.2000000030
17367  -44.693  -75.948  31.189 0.3000000119
145594  -44.551  -75.242  30.774 0.3000000119
17387  -48.049  -76.848  28.710 0.2000000030
17388  -48.670  -76.900  28.111 0.2000000030
18478  -48.866  -76.295  27.621 0.1000000015
17389  -49.590  -76.653  28.089 0.1000000015
136285  -49.556  -76.842  28.894 0.1000000015
16396  -48.990  -77.286  29.226 0.1000000015
18480  -50.918  -75.200  28.014 0.1000000015
17377  -45.296  -75.731  30.726 0.3000000119
16385  -48.886  -77.200  30.370 0.1000000015
18407  -50.641  -74.277  33.991 0.1000000015
19447  -50.833  -74.101  30.289 0.1000000015
15398  -47.912  -78.135  31.420 0.2000000030
15410  -48.027  -77.934  30.549 0.2000000030
135303  -51.615  -73.576  33.553 0.1000000015
20385  -50.595  -72.917  34.456 0.1000000015
12715  -47.126  -80.198  18.084 0.3000000119
12724  -46.020  -81.160  17.971 0.3000000119
12714  -46.535  -80.420  18.208 0.3000000119
129075  -41.890  -83.198  16.148 0.2000000030
8898  -39.885  -84.462  15.531 0.2000000030
12723  -45.341  -81.536  17.545 0.4000000060
11794  -43.710  -81.979  16.749 0.3000000119
12725  -47.180  -80.272  17.239 0.4000000060
11795  -44.818  -82.252  17.144 0.3000000119
10841  -43.153  -82.674  16.571 0.3000000119
13705  -47.478  -79.406  17.543 0.4000000060
11796  -46.325  -82.045  17.038 0.4000000060
8883  -41.856  -84.792  16.171 0.2000000030
12738  -46.931  -80.579  16.406 0.4000000060
11782  -46.584  -81.084  17.468 0.4000000060
126759  -44.998  -83.445  16.709 0.4000000060
13719  -47.250  -79.626  16.324 0.4000000060
14621  -47.194  -78.176  16.080 0.4000000060
10844  -45.950  -82.613  16.641 0.4000000060
130136  -43.632  -83.620  16.625 0.3000000119
8884  -42.727  -84.874  16.333 0.3000000119
142177  -46.919  -80.081  15.593 0.4000000060
10845  -46.323  -82.120  16.074 0.4000000060
9831  -45.021  -83.736  16.176 0.3000000119
149561  -43.409  -84.834  16.328 0.4000000060
14636  -46.705  -78.616  15.409 0.4000000060
10865  -45.978  -82.598  15.584 0.4000000060
8886  -44.430  -84.305  16.149 0.3000000119
15583  -46.566  -77.599  15.776 0.4000000060
13731  -46.578  -80.140  14.933 0.4000000060
11812  -46.454  -81.461  15.209 0.4000000060
9860  -45.479  -83.145  15.060 0.4000000060
14653  -46.092  -78.703  15.031 0.4000000060
10880  -46.019  -82.219  14.270 0.4000000060
8910  -44.488  -84.242  14.708 0.3000000119
14635  -46.166  -78.008  15.301 0.4000000060
136031  -46.234  -80.335  14.467 0.4000000060
11825  -46.222  -81.515  14.185 0.4000000060
9870  -45.034  -83.470  14.113 0.4000000060
13739  -45.869  -79.552  14.648 0.4000000060
138013  -45.982  -80.487  14.206 0.4000000060
12760  -46.154  -81.028  13.964 0.4000000060
8927  -44.531  -83.822  13.497 0.3000000119
12759  -45.682  -80.993  13.922 0.4000000060
11824  -45.773  -81.743  13.743 0.4000000060
10879  -45.402  -82.558  13.726 0.3000000119
8926  -44.009  -84.267  13.054 0.2000000030
15594  -45.420  -77.811  15.117 0.3000000119
14652  -45.458  -78.588  14.946 0.4000000060
141561  -44.198  -79.688  14.730 0.4000000060
11823  -45.042  -81.663  13.739 0.4000000060
135727  -44.977  -82.557  13.341 0.4000000060
9881  -44.262  -83.588  12.708 0.2000000030
8053  -42.857  -84.986  12.744 0.3000000119
15592  -43.976  -77.306  14.845 0.3000000119
15593  -44.715  -77.972  14.951 0.3000000119
14651  -44.739  -78.965  14.849 0.3000000119
10878  -44.149  -82.700  13.033 0.3000000119
9890  -43.794  -83.442  12.328 0.2000000030
10894  -44.361  -83.124  12.763 0.2000000030
8937  -43.319  -84.249  11.975 0.2000000030
8052  -41.906  -85.505  12.539 0.2000000030
130378  -43.836  -76.108  14.838 0.3000000119
130058  -43.791  -78.156  14.892 0.3000000119
12758  -44.293  -80.667  14.483 0.4000000060
10893  -43.615  -82.943  12.600 0.1000000015
16568  -43.276  -76.585  14.736 0.3000000119
131706  -42.765  -78.419  14.802 0.3000000119
13738  -43.265  -79.930  14.705 0.2000000030
11821  -42.769  -81.763  14.428 0.2000000030
8064  -41.330  -85.018  11.661 0.2000000030
147057  -41.869  -79.517  14.580 0.2000000030
13737  -42.294  -80.138  14.626 0.2000000030
11820  -41.788  -81.934  14.224 0.1000000015
10905  -43.038  -83.143  12.047 0.1000000015
8953  -42.818  -83.943  11.623 0.1000000015
8936  -42.458  -84.639  11.897 0.1000000015
16567  -42.436  -76.071  14.493 0.2000000030
15591  -42.987  -77.504  14.843 0.3000000119
14649  -41.953  -78.805  14.614 0.3000000119
18650  -41.740  -74.052  14.903 0.2000000030
16566  -41.550  -76.312  14.474 0.1000000015
134705  -42.239  -76.886  14.672 0.3000000119
140675  -41.366  -78.506  14.557 0.2000000030
10892  -42.346  -82.755  13.111 0.1000000015
9897  -41.843  -83.324  11.488 0.1000000015
8952  -41.979  -84.212  11.508 0.1000000015
131305  -41.293  -74.886  14.478 0.2000000030
136736  -41.303  -77.120  14.651 0.2000000030
15589  -40.978  -77.879  14.529 0.2000000030
13735  -40.612  -79.622  14.400 0.1000000015
13736  -41.349  -80.170  14.521 0.1000000015
11832  -40.798  -82.002  13.716 0.1000000015
10891  -41.265  -82.538  13.220 0.1000000015
10911  -42.321  -83.087  11.810 0.1000000015
8951  -40.992  -84.027  11.263 0.1000000015
8964  -39.907  -84.596  10.394 0.1000000015
140695  -40.564  -77.267  14.524 0.1000000015
14648  -40.686  -78.705  14.426 0.2000000030
12754  -39.984  -80.130  14.210 0.1000000015
11831  -39.669  -81.911  13.292 0.1000000015
10903  -40.889  -82.507  12.619 0.1000000015
10910  -41.466  -82.660  11.735 0.1000000015
9904  -41.112  -82.483  11.254 0.1000000015
8965  -40.254  -84.006  10.727 0.1000000015
8089  -39.722  -85.382  9.766 0.1000000015
147865  -39.614  -80.548  13.905 0.1000000015
10909  -40.526  -82.287  12.034 0.1000000015
19507  -51.074  -74.441  24.933 0.2000000030
19642  -41.264  -73.321  15.163 0.2000000030
18666  -40.821  -74.231  14.665 0.1000000015
16565  -40.699  -76.590  14.516 0.1000000015
142463  -40.189  -76.244  14.415 0.1000000015
132688  -39.814  -79.092  14.222 0.1000000015
15602  -39.379  -77.487  14.263 0.1000000015
12766  -39.310  -79.994  13.890 0.1000000015
9903  -40.769  -83.164  10.848 0.1000000015
10901  -39.345  -82.095  12.187 0.1000000015
11781  -46.060  -81.725  17.520 0.3000000119
126146  -42.649  -83.335  16.408 0.3000000119
10842  -44.322  -83.015  16.845 0.3000000119
10830  -45.731  -82.299  17.233 0.3000000119
140239  -43.095  -84.193  16.477 0.3000000119
11797  -46.570  -81.437  16.375 0.4000000060
8885  -43.922  -84.390  16.454 0.3000000119
13732  -46.878  -79.434  15.386 0.4000000060
9832  -45.527  -83.172  16.293 0.4000000060
9859  -44.824  -83.964  15.400 0.3000000119
13740  -46.431  -79.490  14.904 0.4000000060
144114  -45.226  -80.037  14.485 0.4000000060
9882  -44.821  -83.128  13.141 0.2000000030
8054  -43.586  -84.384  12.523 0.2000000030
11822  -43.714  -81.456  14.376 0.2000000030
14650  -43.518  -79.038  14.812 0.3000000119
10877  -42.787  -82.493  13.793 0.2000000030
9889  -43.389  -83.707  11.879 0.1000000015
12757  -42.997  -80.891  14.689 0.4000000060
140685  -42.571  -79.299  14.672 0.2000000030
12756  -41.977  -81.057  14.561 0.2000000030
11833  -41.737  -82.395  13.703 0.1000000015
9898  -42.801  -83.460  11.750 0.1000000015
15590  -41.924  -77.857  14.743 0.3000000119
11819  -41.040  -81.172  14.311 0.1000000015
10904  -41.946  -82.766  12.361 0.1000000015
8076  -40.347  -84.786  11.096 0.1000000015
132313  -40.838  -75.772  14.391 0.1000000015
14647  -40.062  -77.914  14.318 0.1000000015
12755  -40.593  -80.442  14.335 0.1000000015
10890  -40.393  -82.348  13.179 0.1000000015
8971  -39.730  -84.453  9.724 0.1000000015
10902  -39.875  -82.327  12.783 0.1000000015
8982  -39.828  -84.835  9.171 0.1000000015
136745  -39.096  -81.008  13.567 0.1000000015
14666  -39.196  -78.228  14.106 0.1000000015
15526  -42.854  -77.618  19.896 0.3000000119
15527  -43.335  -77.936  19.078 0.2000000030
15537  -42.838  -77.950  18.288 0.3000000119
14590  -43.699  -78.430  18.308 0.2000000030
15505  -44.344  -77.602  22.227 0.4000000060
15516  -43.495  -77.795  20.620 0.2000000030
131357  -43.809  -77.724  21.361 0.4000000060
14566  -43.798  -78.016  19.925 0.3000000119
14589  -42.941  -78.390  17.739 0.2000000030
14555  -45.802  -78.196  21.626 0.4000000060
125364  -44.056  -78.302  19.178 0.2000000030
14604  -43.421  -78.921  17.566 0.2000000030
14603  -42.519  -78.845  17.127 0.1000000015
13701  -43.128  -79.450  17.118 0.2000000030
13717  -42.568  -79.640  16.690 0.1000000015
14591  -44.805  -78.791  18.887 0.3000000119
14620  -41.806  -79.233  16.591 0.1000000015
13702  -43.944  -79.671  17.461 0.2000000030
13716  -41.190  -79.735  16.274 0.1000000015
12734  -41.408  -80.534  16.157 0.1000000015
142273  -41.970  -79.996  16.354 0.1000000015
11792  -41.690  -81.401  16.156 0.1000000015
11810  -39.400  -81.559  15.398 0.1000000015
11791  -40.857  -81.128  15.892 0.1000000015
11811  -41.140  -81.996  15.884 0.1000000015
10862  -39.651  -82.616  15.339 0.1000000015
137074  -40.291  -81.786  15.592 0.1000000015
14592  -45.957  -79.204  19.272 0.3000000119
13703  -44.950  -79.969  17.946 0.2000000030
12736  -43.138  -80.998  16.568 0.2000000030
149298  -42.645  -80.296  16.519 0.2000000030
10861  -38.589  -82.219  15.026 0.1000000015
13682  -46.874  -79.311  19.428 0.2000000030
13692  -46.410  -79.793  18.747 0.3000000119
12722  -44.550  -80.584  17.478 0.2000000030
11793  -42.632  -81.687  16.433 0.2000000030
10863  -40.670  -82.680  15.639 0.1000000015
143616  -38.072  -83.830  15.222 0.1000000015
9856  -38.817  -83.212  15.118 0.1000000015
13704  -45.898  -80.403  18.317 0.3000000119
12737  -44.190  -81.276  17.053 0.3000000119
14581  -47.083  -78.702  20.044 0.2000000030
10840  -42.041  -82.418  16.252 0.2000000030
10864  -41.396  -82.754  15.909 0.1000000015
8897  -38.940  -84.198  15.370 0.1000000015
140773  -39.510  -83.558  15.364 0.1000000015
9858  -41.296  -83.615  15.873 0.1000000015
137416  -38.109  -85.059  15.516 0.1000000015
13693  -47.049  -79.806  18.784 0.2000000030
8007  -40.448  -85.829  15.758 0.1000000015
8899  -40.879  -84.647  15.804 0.1000000015
8006  -38.770  -86.264  15.580 0.1000000015
137267  -39.296  -85.319  15.544 0.1000000015
13683  -47.264  -79.143  19.315 0.2000000030
131884  -41.572  -85.842  16.077 0.1000000015
8009  -41.942  -86.406  15.964 0.1000000015
7185  -37.585  -86.962  15.207 0.1000000015
139518  -39.694  -86.396  15.646 0.1000000015
8008  -41.249  -86.848  15.963 0.1000000015
7994  -43.168  -85.385  16.143 0.3000000119
6376  -39.142  -88.131  15.400 0.1000000015
14580  -46.409  -78.749  20.167 0.3000000119
14567  -44.530  -78.071  20.816 0.3000000119
14579  -44.659  -78.414  19.857 0.2000000030
137029  -45.424  -80.780  17.875 0.3000000119
9857  -40.298  -83.545  15.565 0.1000000015
14605  -44.399  -79.101  18.016 0.2000000030
13691  -45.394  -79.510  18.541 0.3000000119
8005  -37.732  -86.139  15.581 0.1000000015
7188  -40.377  -87.194  15.817 0.1000000015
7184  -36.417  -86.311  15.129 0.1000000015
7187  -39.524  -87.420  15.606 0.1000000015
7993  -42.396  -85.644  16.143 0.2000000030
6406  -40.140  -88.214  14.815 0.1000000015
6405  -39.239  -88.988  14.339 0.1000000015
7213  -39.743  -87.653  13.800 0.2000000030
6418  -38.486  -89.319  13.012 0.1000000015
7204  -41.527  -87.018  15.312 0.2000000030
7203  -41.025  -87.494  14.942 0.2000000030
6419  -39.081  -88.559  13.365 0.2000000030
7214  -40.695  -87.148  14.180 0.1000000015
7228  -40.321  -86.615  13.074 0.1000000015
8010  -42.715  -85.856  15.795 0.2000000030
140098  -41.540  -86.747  14.464 0.1000000015
7226  -38.759  -87.763  12.358 0.1000000015
7227  -39.433  -87.073  12.744 0.1000000015
133928  -43.274  -85.523  15.405 0.2000000030
8027  -42.787  -85.894  15.113 0.2000000030
7216  -42.186  -86.338  14.785 0.1000000015
7229  -41.335  -86.328  13.322 0.1000000015
8909  -43.890  -84.983  15.300 0.2000000030
8042  -42.750  -85.432  14.021 0.2000000030
8051  -40.989  -85.952  12.285 0.1000000015
7215  -42.116  -85.876  13.659 0.1000000015
131896  -44.076  -84.455  14.177 0.2000000030
7239  -40.088  -86.306  12.040 0.1000000015
7189  -41.344  -86.985  15.778 0.1000000015
6379  -40.914  -87.492  15.625 0.1000000015
143814  -42.601  -77.652  18.969 0.1000000015
19503  -39.425  -73.501  25.578 0.2000000030
18508  -39.402  -74.664  25.148 0.1000000015
21480  -39.131  -71.639  30.256 0.1000000015
22578  -36.373  -70.249  26.434 0.1000000015
138589  -36.496  -70.954  26.113 0.1000000015
145613  -37.812  -69.216  28.471 0.1000000015
22586  -37.001  -70.353  25.789 0.1000000015
20436  -39.653  -72.427  30.497 0.2000000030
22547  -35.814  -69.926  28.905 0.1000000015
21491  -38.970  -70.904  29.890 0.1000000015
22532  -38.233  -70.371  29.626 0.1000000015
23608  -36.648  -69.808  29.248 0.1000000015
23618  -36.399  -69.468  28.304 0.1000000015
23633  -35.986  -69.694  27.527 0.1000000015
15504  -43.201  -77.557  21.933 0.2000000030
142226  -40.085  -74.788  25.361 0.1000000015
23647  -36.390  -69.575  26.856 0.1000000015
23619  -37.199  -69.053  28.056 0.1000000015
140580  -40.786  -73.187  30.696 0.2000000030
18507  -38.973  -74.056  25.446 0.1000000015
22577  -35.809  -70.177  26.968 0.1000000015
23609  -37.600  -69.696  29.141 0.1000000015
21479  -38.136  -71.660  30.451 0.1000000015
15503  -42.267  -77.394  21.792 0.1000000015
15515  -42.731  -77.617  21.033 0.1000000015
16383  -46.721  -77.604  31.326 0.1000000015
16371  -46.016  -77.100  32.023 0.1000000015
16370  -45.009  -76.693  32.270 0.1000000015
16369  -43.675  -76.516  32.949 0.1000000015
16382  -45.284  -76.498  31.530 0.1000000015
16381  -44.605  -76.309  31.780 0.1000000015
14438  -47.402  -78.393  33.106 0.1000000015
14428  -47.266  -78.441  33.926 0.1000000015
15350  -46.292  -78.110  34.022 0.1000000015
135142  -44.390  -77.620  34.414 0.1000000015
15383  -47.050  -78.296  32.429 0.1000000015
139750  -46.394  -77.740  32.650 0.1000000015
15366  -45.597  -77.650  33.663 0.1000000015
15365  -44.818  -77.388  33.681 0.1000000015
16336  -42.969  -76.898  34.095 0.1000000015
15367  -47.775  -78.330  32.527 0.1000000015
14402  -46.666  -78.794  35.619 0.1000000015
14418  -48.350  -78.283  34.634 0.1000000015
14417  -47.882  -78.642  34.877 0.1000000015
14416  -46.967  -78.623  34.786 0.1000000015
14415  -45.926  -78.378  34.908 0.1000000015
14429  -47.922  -78.421  33.727 0.1000000015
15349  -45.315  -77.838  34.303 0.1000000015
14414  -44.930  -78.138  35.010 0.1000000015
15384  -48.214  -78.008  32.273 0.1000000015
15314  -48.248  -78.007  36.654 0.1000000015
14403  -47.935  -78.768  35.892 0.1000000015
141951  -47.498  -78.800  35.515 0.1000000015
134025  -48.654  -77.925  35.404 0.1000000015
16354  -48.645  -77.291  33.291 0.1000000015
15399  -48.353  -77.768  31.079 0.1000000015
20514  -50.211  -72.864  24.557 0.1000000015
21597  -51.009  -72.596  23.101 0.1000000015
16337  -48.732  -76.424  35.413 0.1000000015
16373  -48.580  -77.311  32.249 0.1000000015
19488  -50.442  -74.807  25.611 0.1000000015
22618  -49.610  -71.052  24.114 0.1000000015
22642  -49.784  -71.175  23.114 0.1000000015
20491  -51.808  -73.999  25.605 0.1000000015
21599  -52.219  -72.133  22.922 0.1000000015
21605  -50.688  -72.002  22.463 0.1000000015
21598  -51.691  -72.349  22.509 0.1000000015
14404  -48.338  -78.422  35.581 0.1000000015
15294  -47.779  -78.318  37.055 0.1000000015
13469  -47.681  -78.762  36.667 0.1000000015
22656  -49.981  -71.209  22.160 0.1000000015
17346  -43.473  -76.064  32.311 0.1000000015
17345  -42.764  -75.698  32.307 0.1000000015
125119  -44.014  -75.972  31.742 0.1000000015
15397  -47.319  -78.180  31.687 0.1000000015
21596  -50.281  -71.944  23.465 0.1000000015
15382  -45.502  -77.255  32.964 0.1000000015
16353  -44.495  -76.840  33.007 0.1000000015
16368  -42.936  -76.202  32.897 0.1000000015
15364  -43.846  -77.058  33.735 0.1000000015
15368  -48.295  -78.101  33.476 0.1000000015
15351  -48.720  -77.410  34.638 0.1000000015
20533  -51.241  -73.104  23.705 0.1000000015
22657  -50.854  -71.722  21.549 0.1000000015
19632  -40.686  -72.721  15.390 0.1000000015
19631  -39.792  -73.065  15.276 0.1000000015
141420  -40.056  -72.193  15.593 0.1000000015
16485  -39.994  -76.180  20.244 0.1000000015
16503  -40.511  -76.616  19.749 0.1000000015
15524  -40.992  -76.999  19.174 0.1000000015
17515  -39.267  -75.807  19.891 0.1000000015
16502  -39.752  -76.297  19.381 0.1000000015
16519  -40.239  -76.692  18.856 0.1000000015
15525  -41.352  -76.981  20.211 0.1000000015
17489  -38.766  -75.476  20.563 0.1000000015
16475  -40.154  -76.137  21.103 0.1000000015
16486  -40.677  -76.546  20.644 0.1000000015
17514  -38.484  -75.552  19.605 0.1000000015
17488  -37.969  -75.162  20.251 0.1000000015
17471  -39.099  -75.503  21.447 0.1000000015
18573  -37.432  -74.707  20.830 0.1000000015
18556  -38.303  -75.061  21.342 0.1000000015
13573  -38.374  -79.115  28.578 0.1000000015
14474  -37.589  -78.715  28.743 0.1000000015
14514  -35.216  -78.983  25.397 0.1000000015
13632  -34.788  -79.081  24.115 0.1000000015
14525  -34.265  -78.415  24.388 0.1000000015
14541  -33.888  -77.979  22.506 0.1000000015
15489  -33.473  -77.145  22.196 0.1000000015
18593  -37.172  -74.792  19.859 0.1000000015
132591  -36.551  -74.426  20.419 0.1000000015
129887  -42.077  -77.601  18.333 0.1000000015
15502  -33.539  -77.138  21.152 0.1000000015
132793  -33.396  -76.399  20.739 0.1000000015
18589  -33.801  -75.124  19.887 0.1000000015
18592  -36.321  -74.563  19.549 0.1000000015
139054  -35.717  -74.310  20.093 0.1000000015
19563  -35.849  -73.999  20.893 0.1000000015
15549  -42.261  -78.088  17.619 0.1000000015
14564  -33.848  -77.869  20.588 0.1000000015
124750  -33.482  -75.742  19.326 0.1000000015
140126  -34.927  -74.426  19.961 0.1000000015
18554  -35.029  -73.955  20.986 0.1000000015
14490  -36.790  -78.596  27.716 0.1000000015
13608  -36.166  -78.970  26.538 0.1000000015
14503  -34.918  -78.319  26.090 0.1000000015
16463  -40.185  -76.130  21.947 0.1000000015
16476  -40.758  -76.543  21.505 0.1000000015
16487  -41.260  -76.825  21.067 0.1000000015
14513  -34.526  -78.429  25.220 0.1000000015
14524  -33.865  -78.038  23.515 0.1000000015
15480  -34.024  -77.951  24.975 0.1000000015
126862  -41.886  -77.363  19.348 0.1000000015
128122  -33.505  -75.646  21.061 0.1000000015
17487  -33.696  -75.209  20.601 0.1000000015
18570  -34.038  -74.758  20.594 0.1000000015
18572  -36.819  -74.233  21.294 0.1000000015
18552  -33.788  -74.889  21.369 0.1000000015
18553  -34.384  -74.338  21.170 0.1000000015
19550  -35.455  -73.751  21.455 0.1000000015
14466  -37.415  -78.734  29.310 0.1000000015
14473  -36.819  -78.371  28.358 0.1000000015
14465  -36.602  -78.440  29.532 0.1000000015
13555  -36.525  -79.385  30.831 0.1000000015
14505  -36.304  -78.536  27.226 0.1000000015
14489  -35.905  -78.006  27.436 0.1000000015
145870  -39.699  -75.813  21.522 0.1000000015
16464  -40.793  -76.547  22.363 0.1000000015
17470  -38.841  -75.240  22.088 0.1000000015
16477  -41.468  -76.997  21.855 0.1000000015
15479  -33.717  -77.638  24.387 0.1000000015
125373  -33.288  -76.718  23.040 0.1000000015
17469  -33.463  -75.522  21.933 0.1000000015
16462  -33.284  -76.217  22.442 0.1000000015
149397  -33.206  -75.990  23.105 0.1000000015
18538  -34.212  -74.276  21.897 0.1000000015
19549  -34.819  -73.827  21.607 0.1000000015
17455  -33.362  -75.448  22.744 0.1000000015
18537  -33.688  -74.782  22.406 0.1000000015
14455  -36.015  -78.718  30.412 0.1000000015
17457  -39.511  -75.659  22.300 0.1000000015
127654  -36.996  -78.413  28.979 0.1000000015
14464  -35.821  -78.025  29.807 0.1000000015
13545  -35.751  -79.074  31.395 0.1000000015
13537  -36.001  -79.937  32.826 0.1000000015
18541  -38.274  -74.771  22.400 0.1000000015
133989  -39.599  -75.662  23.307 0.1000000015
15452  -35.491  -77.430  27.729 0.1000000015
15435  -36.278  -77.859  28.942 0.1000000015
18555  -37.653  -74.509  21.730 0.1000000015
15514  -41.865  -77.247  21.084 0.1000000015
15460  -34.507  -77.501  26.435 0.1000000015
19536  -35.405  -73.540  22.151 0.1000000015
18539  -37.114  -73.987  22.196 0.1000000015
15470  -34.228  -77.779  25.637 0.1000000015
18528  -33.674  -74.464  23.274 0.1000000015
16446  -33.413  -76.787  24.489 0.1000000015
16453  -33.235  -76.318  23.737 0.1000000015
17450  -33.296  -75.321  23.604 0.1000000015
14454  -35.464  -78.130  30.535 0.1000000015
147391  -37.714  -74.396  22.336 0.1000000015
15490  -41.979  -77.148  22.352 0.1000000015
18529  -34.152  -74.062  22.638 0.1000000015
19527  -35.612  -73.282  23.007 0.1000000015
17440  -33.272  -75.840  24.508 0.1000000015
15459  -33.915  -77.034  25.942 0.1000000015
15469  -33.732  -77.288  25.150 0.1000000015
16438  -33.517  -76.323  25.387 0.1000000015
19538  -37.017  -73.733  22.949 0.1000000015
19529  -37.365  -73.802  23.765 0.1000000015
15434  -35.556  -77.200  28.560 0.1000000015
19525  -33.764  -73.951  24.010 0.1000000015
123795  -34.787  -73.510  22.779 0.1000000015
20540  -34.923  -73.112  23.527 0.1000000015
16408  -35.061  -76.813  27.975 0.1000000015
136450  -33.341  -74.959  24.521 0.1000000015
145632  -33.472  -74.584  23.974 0.1000000015
15451  -34.785  -77.160  27.251 0.1000000015
17419  -33.535  -75.610  26.094 0.1000000015
17426  -33.360  -75.324  25.278 0.1000000015
16431  -33.760  -76.334  26.225 0.1000000015
128803  -34.299  -73.252  24.161 0.1000000015
20530  -35.070  -72.725  24.351 0.1000000015
15422  -35.522  -77.327  29.413 0.1000000015
18497  -33.422  -74.189  26.224 0.1000000015
19517  -33.769  -73.591  24.872 0.1000000015
140440  -33.445  -74.404  25.292 0.1000000015
18521  -33.532  -74.297  24.522 0.1000000015
16432  -34.179  -76.749  26.727 0.1000000015
19519  -36.864  -73.243  24.457 0.1000000015
20541  -35.791  -72.942  23.864 0.1000000015
19500  -33.920  -73.107  25.498 0.1000000015
19518  -34.394  -72.766  25.019 0.1000000015
15409  -35.222  -77.541  30.261 0.1000000015
131532  -33.531  -74.889  26.783 0.1000000015
16419  -34.426  -76.479  27.510 0.1000000015
128872  -36.107  -72.268  25.476 0.1000000015
144719  -35.041  -76.623  28.563 0.1000000015
13546  -36.148  -79.753  31.783 0.1000000015
12520  -37.416  -80.609  35.342 0.1000000015
12519  -36.914  -80.351  34.627 0.1000000015
13520  -36.362  -79.890  33.897 0.1000000015
12547  -36.767  -80.570  33.927 0.1000000015
141766  -35.559  -78.826  26.097 0.1000000015
15483  -33.419  -77.184  23.708 0.1000000015
14553  -33.934  -77.873  21.523 0.1000000015
16474  -33.385  -76.364  21.593 0.1000000015
16484  -33.436  -75.778  20.168 0.1000000015
18590  -34.489  -74.802  19.357 0.1000000015
18591  -35.427  -74.542  19.363 0.1000000015
17534  -36.550  -75.343  18.363 0.1000000015
14504  -35.676  -78.419  26.713 0.1000000015
19551  -36.181  -73.731  21.718 0.1000000015
15453  -36.149  -77.772  28.151 0.1000000015
148473  -33.452  -74.968  22.992 0.1000000015
18540  -37.723  -74.303  23.018 0.1000000015
19537  -36.321  -73.534  22.532 0.1000000015
19528  -36.480  -73.389  23.414 0.1000000015
135395  -33.388  -74.877  25.931 0.1000000015
20531  -35.965  -72.612  24.729 0.1000000015
142239  -37.247  -80.878  34.793 0.1000000015
2402  -30.673  -93.343  6.525 0.1000000015
147315  -30.495  -93.073  6.699 0.1000000015
3804  -32.781  -91.292  2.686 0.1000000015
3789  -32.156  -91.838  3.068 0.1000000015
3078  -32.334  -92.338  4.428 0.1000000015
3093  -31.846  -92.392  3.807 0.1000000015
136888  -30.211  -93.645  5.165 0.1000000015
4513  -33.691  -89.687  1.538 0.1000000015
3025  -30.882  -93.086  7.207 0.1000000015
127987  -31.291  -92.777  7.726 0.1000000015
3725  -30.664  -92.132  7.348 0.1000000015
2388  -31.230  -93.353  7.183 0.1000000015
3077  -31.420  -93.068  4.667 0.1000000015
2433  -30.752  -93.527  5.188 0.1000000015
135695  -30.642  -93.498  5.837 0.1000000015
3744  -30.236  -92.517  6.817 0.1000000015
3790  -32.561  -91.722  3.614 0.1000000015
2432  -30.440  -93.487  4.575 0.1000000015
132803  -30.870  -93.009  3.884 0.1000000015
138275  -32.912  -91.151  3.107 0.1000000015
4496  -32.930  -90.542  3.263 0.1000000015
5219  -33.121  -89.694  2.556 0.1000000015
5838  -32.505  -88.587  2.861 0.1000000015
8073  -33.647  -84.962  10.517 0.1000000015
134478  -32.541  -87.085  9.141 0.1000000015
148910  -33.666  -85.358  9.994 0.1000000015
128176  -32.082  -91.909  8.374 0.1000000015
133656  -31.813  -90.682  8.257 0.1000000015
4406  -30.969  -90.509  7.984 0.1000000015
5764  -32.487  -88.639  8.701 0.1000000015
6467  -32.029  -87.852  8.927 0.1000000015
3710  -31.966  -92.915  8.305 0.1000000015
5132  -31.152  -89.661  8.280 0.1000000015
3027  -32.209  -93.364  8.178 0.1000000015
4423  -30.322  -90.865  7.541 0.1000000015
2418  -31.804  -93.361  6.229 0.1000000015
2403  -31.279  -93.436  6.639 0.1000000015
8060  -34.264  -84.971  11.172 0.1000000015
7260  -33.008  -86.332  9.314 0.1000000015
8935  -34.064  -84.745  12.281 0.1000000015
5133  -32.050  -89.520  8.457 0.1000000015
6447  -32.990  -87.860  9.035 0.1000000015
138903  -32.577  -90.310  8.492 0.1000000015
4407  -32.667  -91.391  8.630 0.1000000015
3063  -32.188  -92.863  5.391 0.1000000015
3760  -32.867  -92.214  4.964 0.1000000015
3774  -32.768  -91.851  4.372 0.1000000015
129679  -32.828  -91.159  4.125 0.1000000015
2390  -32.343  -93.451  7.815 0.1000000015
8087  -32.549  -85.642  9.596 0.1000000015
6448  -33.506  -87.066  9.193 0.1000000015
148249  -32.524  -93.343  7.251 0.1000000015
7259  -32.103  -86.347  9.321 0.1000000015
3711  -32.730  -92.608  8.841 0.1000000015
8072  -32.092  -85.002  9.989 0.1000000015
141215  -33.963  -93.163  9.254 0.1000000015
139275  -34.445  -92.804  9.566 0.1000000015
2997  -35.131  -92.549  9.925 0.1000000015
5134  -32.998  -89.528  8.597 0.1000000015
4408  -33.439  -90.719  8.855 0.1000000015
3712  -33.426  -92.143  9.205 0.1000000015
142945  -34.240  -90.603  9.309 0.1000000015
143010  -33.568  -93.046  9.250 0.1000000015
3690  -34.171  -92.557  9.570 0.1000000015
5117  -33.927  -89.672  8.907 0.1000000015
139723  -34.038  -87.895  9.108 0.1000000015
5747  -33.490  -88.691  8.846 0.1000000015
5118  -34.760  -89.977  9.508 0.1000000015
3012  -34.610  -92.847  9.497 0.1000000015
4394  -34.204  -91.653  9.535 0.1000000015
2389  -31.768  -93.403  7.507 0.1000000015
2404  -31.966  -93.510  7.056 0.1000000015
2417  -31.327  -93.388  5.652 0.1000000015
3026  -31.612  -93.249  7.703 0.1000000015
3045  -29.936  -93.016  6.253 0.1000000015
3692  -35.749  -92.102  10.324 0.1000000015
3726  -31.300  -91.728  7.901 0.1000000015
4462  -33.059  -91.460  4.897 0.1000000015
6509  -38.604  -88.144  5.364 0.1000000015
7190  -42.054  -86.458  15.551 0.2000000030
7353  -38.828  -86.354  3.290 0.1000000015
8011  -43.395  -85.397  15.829 0.2000000030
8028  -43.431  -85.032  14.361 0.2000000030
8086  -31.655  -85.632  9.638 0.1000000015
8173  -39.032  -85.814  3.049 0.1000000015
8900  -43.882  -84.960  16.062 0.3000000119
8901  -44.322  -84.568  15.668 0.2000000030
8998  -42.344  -84.214  6.833 0.1000000015
9046  -38.149  -85.474  3.742 0.1000000015
9068  -40.699  -84.437  2.761 0.1000000015
9829  -42.235  -83.984  16.238 0.2000000030
9830  -44.452  -83.822  16.588 0.4000000060
10000  -40.142  -84.062  2.834 0.1000000015
10002  -41.678  -83.353  2.643 0.1000000015
10843  -45.292  -82.920  16.968 0.3000000119
10866  -46.242  -81.996  15.006 0.4000000060
10948  -43.326  -82.069  7.056 0.1000000015
11015  -42.577  -82.336  2.943 0.1000000015
11841  -39.204  -82.016  12.787 0.1000000015
12532  -37.062  -80.859  34.290 0.1000000015
12735  -42.225  -80.787  16.332 0.1000000015
12751  -46.670  -80.753  15.434 0.4000000060
12761  -46.397  -80.862  14.511 0.4000000060
12767  -40.079  -81.083  13.948 0.1000000015
12839  -44.555  -80.080  7.410 0.1000000015
12871  -44.955  -80.331  5.377 0.1000000015
12904  -43.677  -81.002  3.395 0.1000000015
13487  -47.374  -78.933  36.266 0.1000000015
13588  -36.807  -79.065  27.162 0.1000000015
13694  -47.385  -79.412  18.562 0.3000000119
13718  -43.440  -80.239  16.892 0.2000000030
13808  -44.872  -79.700  7.183 0.1000000015
14386  -48.185  -78.431  36.353 0.1000000015
14456  -37.011  -78.980  29.985 0.1000000015
14556  -46.721  -78.115  21.608 0.5000000000
14557  -47.113  -78.037  21.285 0.5000000000
14569  -46.950  -78.379  20.874 0.5000000000
14582  -47.364  -78.486  19.757 0.2000000030
14593  -47.562  -78.731  18.977 0.3000000119
14622  -47.432  -78.716  16.644 0.4000000060
14637  -47.186  -78.858  15.847 0.4000000060
14717  -38.461  -78.533  9.523 0.1000000015
14746  -44.477  -78.553  6.719 0.1000000015
14769  -39.986  -78.545  4.254 0.1000000015
14771  -45.489  -78.333  4.692 0.1000000015
14785  -44.640  -78.890  3.212 0.1000000015
14797  -43.820  -78.167  2.547 0.1000000015
15313  -47.845  -77.698  36.945 0.1000000015
15461  -35.222  -77.806  26.941 0.1000000015
15484  -43.233  -77.038  23.429 0.4000000060
15491  -42.739  -77.244  22.516 0.2000000030
15569  -47.475  -78.014  16.898 0.5000000000
15588  -39.904  -76.928  14.416 0.1000000015
15674  -40.587  -77.918  7.745 0.1000000015
15709  -45.280  -77.635  4.906 0.1000000015
15721  -45.381  -77.634  4.358 0.1000000015
15751  -40.247  -77.033  2.717 0.1000000015
16372  -46.704  -77.928  31.955 0.1000000015
16384  -47.485  -77.887  30.871 0.2000000030
16403  -35.118  -76.675  29.164 0.1000000015
16409  -49.108  -76.756  27.692 0.1000000015
16449  -42.942  -76.381  24.729 0.5000000000
16645  -37.802  -76.255  6.632 0.1000000015
16646  -39.646  -76.885  6.324 0.1000000015
16660  -43.199  -76.824  5.166 0.1000000015
16677  -45.088  -76.632  3.941 0.1000000015
16721  -45.185  -75.576  1.519 0.1000000015
17347  -44.186  -76.405  32.325 0.1000000015
17395  -49.318  -76.177  27.347 0.1000000015
17407  -50.031  -75.770  26.944 0.1000000015
17452  -45.402  -75.378  23.613 0.5000000000
17458  -40.182  -76.119  22.842 0.1000000015
17490  -39.508  -75.780  20.786 0.1000000015
17496  -46.600  -76.435  21.299 0.5000000000
17537  -43.063  -75.345  18.409 0.4000000060
17592  -41.801  -75.544  14.434 0.3000000119
17593  -42.521  -75.430  14.607 0.2000000030
17719  -37.985  -75.127  5.679 0.1000000015
17720  -38.807  -75.590  5.560 0.1000000015
17740  -43.243  -75.559  4.190 0.1000000015
17755  -43.542  -75.179  3.599 0.1000000015
17757  -45.178  -75.628  2.663 0.1000000015
17758  -45.345  -75.837  2.395 0.1000000015
17793  -45.318  -75.060  1.395 0.1000000015
17808  -36.931  -75.143  0.048 0.1000000015
17829  -44.078  -74.524  -0.402 0.1000000015
18428  -50.993  -74.098  33.324 0.1000000015
18447  -43.235  -74.923  31.330 0.2000000030
18460  -42.388  -74.045  30.987 0.3000000119
18510  -41.594  -74.832  25.545 0.3000000119
18512  -44.070  -73.913  25.204 0.4000000060
18571  -34.617  -74.375  20.539 0.1000000015
18611  -36.024  -74.755  18.766 0.1000000015
18640  -44.124  -75.176  15.701 0.4000000060
18791  -43.997  -74.476  2.464 0.1000000015
18809  -35.896  -74.388  0.450 0.1000000015
18811  -36.749  -74.292  1.379 0.1000000015
18814  -45.066  -74.744  0.942 0.1000000015
18824  -38.289  -74.698  0.762 0.1000000015
18827  -44.485  -74.231  0.325 0.1000000015
18842  -43.887  -74.136  -0.690 0.1000000015
18855  -42.605  -74.208  -2.084 0.1000000015
18856  -43.333  -74.132  -1.331 0.1000000015
19410  -51.426  -73.793  32.661 0.1000000015
19427  -41.162  -73.806  31.134 0.2000000030
19442  -41.911  -73.660  30.816 0.3000000119
19526  -34.211  -73.695  23.376 0.1000000015
19535  -34.636  -73.769  22.186 0.1000000015
19608  -41.584  -73.138  17.038 0.4000000060
19752  -40.696  -72.997  4.217 0.1000000015
19778  -36.072  -72.965  2.321 0.1000000015
19785  -43.742  -73.900  1.997 0.1000000015
19796  -35.789  -73.276  1.641 0.1000000015
19814  -40.235  -73.581  1.040 0.1000000015
19816  -42.064  -73.353  0.159 0.1000000015
19824  -35.413  -73.473  0.121 0.1000000015
19828  -44.035  -73.922  -0.365 0.1000000015
19835  -35.352  -73.456  -0.909 0.1000000015
19837  -43.056  -73.779  -1.324 0.1000000015
20400  -51.157  -72.647  33.959 0.1000000015
20461  -48.229  -72.927  28.644 0.2000000030
20474  -49.109  -73.644  27.532 0.2000000030
20585  -39.105  -72.492  18.990 0.3000000119
20595  -38.969  -71.792  18.661 0.2000000030
20608  -40.943  -72.025  16.893 0.3000000119
20766  -38.162  -71.644  5.500 0.1000000015
20778  -40.289  -71.762  4.325 0.1000000015
20779  -40.680  -72.194  4.138 0.1000000015
20806  -42.250  -72.850  2.159 0.1000000015
20813  -35.617  -72.543  2.053 0.1000000015
21585  -50.569  -72.745  23.823 0.1000000015
21631  -37.486  -71.087  20.752 0.3000000119
21680  -39.934  -71.026  16.517 0.2000000030
21830  -39.554  -71.331  4.602 0.1000000015
21840  -39.855  -71.385  4.263 0.1000000015
21845  -35.541  -71.814  2.370 0.1000000015
21851  -35.421  -72.013  1.724 0.1000000015
21866  -36.402  -71.301  -0.532 0.1000000015
22523  -38.427  -71.105  30.096 0.1000000015
22536  -43.543  -71.038  29.134 0.3000000119
22549  -41.629  -70.194  28.895 0.3000000119
22566  -45.793  -69.798  28.009 0.3000000119
22641  -49.130  -70.310  23.707 0.2000000030
22661  -37.518  -70.697  21.572 0.3000000119
22697  -51.092  -70.525  19.535 0.1000000015
22698  -51.682  -70.754  20.148 0.1000000015
22708  -38.833  -70.243  18.109 0.1000000015
22712  -50.553  -70.356  18.811 0.1000000015
22739  -38.554  -70.258  16.869 0.1000000015
22946  -37.641  -70.319  -1.108 0.1000000015
22969  -37.898  -70.525  -3.273 0.1000000015
23617  -35.687  -69.856  28.160 0.1000000015
23648  -37.148  -69.047  26.688 0.2000000030
23664  -48.344  -69.640  25.235 0.3000000119
23721  -39.360  -70.098  22.573 0.3000000119
23741  -44.171  -69.659  20.414 0.1000000015
23753  -43.971  -69.867  20.049 0.1000000015
23758  -48.719  -69.898  20.108 0.1000000015
23770  -44.481  -69.634  19.724 0.1000000015
23772  -46.266  -69.560  18.896 0.1000000015
23789  -38.386  -69.681  17.909 0.1000000015
23791  -47.003  -69.519  18.694 0.1000000015
23824  -37.013  -69.395  17.240 0.1000000015
24031  -36.528  -69.803  0.634 0.1000000015
24707  -43.881  -68.907  27.938 0.3000000119
24755  -46.650  -68.170  25.741 0.3000000119
24756  -47.300  -68.530  25.433 0.3000000119
24834  -36.944  -68.718  22.090 0.1000000015
24870  -52.234  -67.924  18.843 0.1000000015
24883  -47.207  -69.165  18.403 0.1000000015
24902  -37.264  -68.841  17.777 0.1000000015
25091  -36.178  -68.397  3.626 0.1000000015
25894  -50.514  -67.778  22.704 0.1000000015
25908  -37.500  -67.319  22.536 0.1000000015
25955  -36.295  -67.284  20.816 0.1000000015
25980  -52.307  -66.941  18.831 0.1000000015
25989  -35.762  -66.727  18.049 0.1000000015
26011  -35.722  -66.832  17.390 0.1000000015
26212  -36.512  -67.924  3.057 0.1000000015
26936  -44.011  -66.882  25.023 0.4000000060
26992  -36.789  -66.724  21.937 0.1000000015
27045  -35.645  -66.265  19.350 0.1000000015
27097  -35.374  -66.286  16.089 0.1000000015
27271  -37.541  -66.799  2.755 0.1000000015
27992  -39.289  -65.886  22.275 0.1000000015
28011  -36.670  -65.118  21.348 0.1000000015
28047  -35.718  -65.586  19.639 0.1000000015
28049  -45.500  -65.339  19.931 0.1000000015
28299  -40.197  -65.696  0.372 0.1000000015
29040  -39.655  -64.740  21.355 0.1000000015
29055  -38.359  -63.999  20.959 0.1000000015
29060  -43.394  -64.170  20.397 0.1000000015
29089  -35.756  -64.754  18.474 0.1000000015
29136  -37.931  -64.125  15.041 0.1000000015
29337  -40.602  -64.800  1.884 0.1000000015
30131  -37.048  -64.085  20.100 0.1000000015
30136  -41.512  -63.689  20.376 0.1000000015
30138  -43.890  -63.576  20.092 0.1000000015
30145  -36.913  -63.964  19.168 0.1000000015
30151  -42.747  -62.971  19.651 0.1000000015
30175  -40.094  -62.964  18.848 0.1000000015
30215  -38.242  -63.776  16.512 0.1000000015
31160  -42.397  -62.670  19.224 0.1000000015
123982  -42.133  -77.362  20.338 0.1000000015
124333  -45.235  -78.226  5.573 0.1000000015
124581  -50.703  -66.935  21.616 0.1000000015
124783  -44.204  -76.698  14.901 0.3000000119
125042  -38.945  -70.673  22.466 0.4000000060
125491  -35.685  -72.007  -0.007 0.1000000015
126162  -40.735  -67.169  -2.831 0.1000000015
126620  -43.363  -67.317  19.996 0.1000000015
128481  -44.108  -81.514  4.978 0.1000000015
128866  -50.659  -75.393  28.670 0.1000000015
129169  -33.001  -85.042  10.018 0.1000000015
129577  -38.148  -65.406  12.997 0.1000000015
130933  -43.871  -83.960  12.249 0.2000000030
130996  -47.921  -69.590  18.400 0.1000000015
131097  -34.417  -78.691  23.647 0.1000000015
131099  -45.472  -78.737  19.737 0.2000000030
131119  -43.180  -76.605  33.458 0.1000000015
131275  -40.959  -65.668  21.475 0.2000000030
132101  -37.282  -66.584  22.251 0.1000000015
132191  -42.348  -71.796  29.600 0.3000000119
132352  -36.378  -64.675  20.186 0.1000000015
132578  -38.916  -63.946  16.370 0.1000000015
134916  -49.567  -65.845  18.500 0.1000000015
135050  -33.531  -77.432  23.009 0.1000000015
135051  -35.178  -73.923  -1.714 0.1000000015
135155  -44.039  -80.494  7.471 0.1000000015
135895  -41.066  -68.934  24.531 0.4000000060
135973  -38.188  -64.440  14.339 0.1000000015
136371  -37.912  -69.047  22.887 0.2000000030
136433  -35.525  -65.349  17.182 0.1000000015
136534  -44.200  -73.833  0.659 0.1000000015
137476  -36.320  -64.243  18.731 0.1000000015
138086  -37.962  -63.656  18.029 0.1000000015
138676  -38.116  -80.349  10.534 0.1000000015
138977  -49.129  -71.920  33.928 0.1000000015
139007  -43.015  -80.586  2.841 0.1000000015
139220  -51.786  -69.027  19.042 0.1000000015
139462  -34.299  -74.669  20.058 0.1000000015
140542  -33.374  -85.709  9.633 0.1000000015
141367  -36.726  -68.195  21.693 0.1000000015
141678  -39.536  -68.538  27.585 0.2000000030
141781  -45.598  -76.906  23.223 0.5000000000
141871  -45.199  -67.397  25.649 0.4000000060
142044  -50.109  -73.177  34.756 0.1000000015
142343  -45.332  -75.991  18.090 0.5000000000
142580  -48.495  -72.006  28.042 0.2000000030
143186  -47.344  -77.874  20.804 0.5000000000
143419  -36.209  -71.863  3.237 0.1000000015
143493  -35.219  -74.185  20.485 0.1000000015
143608  -52.077  -66.489  18.377 0.1000000015
144539  -46.935  -76.953  17.803 0.5000000000
144798  -34.778  -78.894  24.763 0.1000000015
144905  -46.768  -78.209  33.198 0.1000000015
144929  -43.882  -82.172  13.843 0.2000000030
144947  -41.300  -79.217  14.517 0.2000000030
144999  -46.129  -77.751  33.313 0.1000000015
145408  -38.255  -69.841  18.429 0.2000000030
146407  -39.728  -67.876  -1.001 0.1000000015
146989  -44.496  -74.549  30.536 0.3000000119
147223  -44.271  -77.781  5.894 0.1000000015
147530  -37.108  -69.408  28.656 0.1000000015
147531  -33.341  -93.292  8.979 0.1000000015
148111  -33.311  -76.398  20.175 0.1000000015
148152  -40.168  -71.500  4.157 0.1000000015
148172  -39.382  -65.437  13.051 0.1000000015
148488  -47.552  -77.988  17.533 0.5000000000
148885  -45.228  -74.785  23.597 0.5000000000
149203  -44.454  -75.351  16.592 0.4000000060
149578  -47.465  -70.331  27.501 0.2000000030
149583  -36.433  -78.198  27.792 0.1000000015
149627  -41.836  -75.035  20.720 0.5000000000
149729  -44.664  -77.291  14.983 0.4000000060
