#!ascii label  , from subject sub-v2s18x29503_ses-1 vox2ras=TkReg
191
21386  35.888  -46.457  -0.614 0.0000000000
123710  36.634  -51.851  -8.879 0.0000000000
21424  40.851  -46.622  -3.244 0.0000000000
18307  35.634  -49.426  -4.475 0.0000000000
16391  41.517  -51.402  -5.752 0.0000000000
18302  41.151  -48.709  -4.778 0.0000000000
16363  41.045  -51.294  -4.384 0.0000000000
124144  36.076  -50.534  -6.933 0.0000000000
21454  36.119  -46.386  -6.658 0.0000000000
21413  38.590  -46.892  -2.132 0.0000000000
18291  38.998  -48.557  -3.949 0.0000000000
17339  39.202  -50.321  -5.375 0.0000000000
15482  39.358  -52.586  -7.316 0.0000000000
14521  42.842  -53.740  -7.259 0.0000000000
23554  35.144  -44.599  0.716 0.0000000000
118514  39.021  -44.881  -0.429 0.0000000000
21382  40.530  -45.479  -1.495 0.0000000000
22567  35.395  -45.265  -4.842 0.0000000000
120969  40.907  -49.593  -3.726 0.0000000000
16413  36.530  -51.363  -8.379 0.0000000000
126587  36.145  -49.157  -8.199 0.0000000000
21425  40.486  -46.547  -3.263 0.0000000000
19261  40.086  -47.583  -4.130 0.0000000000
17337  41.427  -50.288  -5.284 0.0000000000
18314  40.797  -49.261  -5.222 0.0000000000
16380  39.976  -50.778  -5.803 0.0000000000
16394  39.305  -51.571  -6.280 0.0000000000
15468  41.067  -51.992  -6.610 0.0000000000
14540  41.768  -53.571  -7.987 0.0000000000
23567  40.544  -44.424  -0.290 0.0000000000
22518  39.860  -45.190  -1.621 0.0000000000
22503  40.795  -44.811  -0.901 0.0000000000
19264  35.244  -48.578  -3.591 0.0000000000
20364  34.862  -48.029  -4.642 0.0000000000
22605  37.450  -45.538  -7.596 0.0000000000
23658  36.588  -44.776  -6.310 0.0000000000
19252  41.103  -47.488  -3.531 0.0000000000
20354  41.175  -47.535  -3.811 0.0000000000
19259  41.316  -48.248  -4.327 0.0000000000
125879  41.565  -50.204  -4.786 0.0000000000
16362  41.601  -51.227  -5.190 0.0000000000
17342  35.771  -50.120  -5.721 0.0000000000
19276  35.039  -48.695  -5.468 0.0000000000
19290  35.481  -48.975  -7.031 0.0000000000
20389  36.291  -47.706  -7.593 0.0000000000
15517  37.711  -52.392  -10.504 0.0000000000
21398  36.491  -47.060  -1.030 0.0000000000
19254  37.129  -48.469  -2.862 0.0000000000
18293  36.623  -49.441  -4.031 0.0000000000
19272  40.104  -48.181  -4.543 0.0000000000
18304  39.140  -49.147  -4.502 0.0000000000
17330  37.415  -50.255  -4.960 0.0000000000
16382  37.322  -51.115  -6.042 0.0000000000
16405  37.437  -51.767  -6.957 0.0000000000
15493  37.615  -52.696  -8.239 0.0000000000
15479  42.300  -52.979  -6.865 0.0000000000
14523  41.247  -52.901  -7.548 0.0000000000
14524  39.917  -53.096  -7.686 0.0000000000
14542  37.967  -53.290  -8.892 0.0000000000
23568  34.908  -45.000  -0.065 0.0000000000
22507  35.352  -45.720  -0.359 0.0000000000
22487  36.935  -45.127  0.741 0.0000000000
21385  37.133  -46.418  -0.479 0.0000000000
21396  39.310  -45.986  -1.869 0.0000000000
22533  40.245  -45.666  -2.333 0.0000000000
21410  40.847  -46.534  -3.146 0.0000000000
21395  40.637  -46.407  -2.473 0.0000000000
20334  41.014  -46.726  -3.022 0.0000000000
22590  35.696  -46.055  -6.003 0.0000000000
21387  35.165  -46.063  -1.107 0.0000000000
22519  34.956  -45.532  -1.693 0.0000000000
17359  36.380  -50.585  -8.557 0.0000000000
20345  40.054  -47.082  -3.661 0.0000000000
20344  40.801  -47.086  -3.633 0.0000000000
17347  41.493  -50.912  -5.448 0.0000000000
17338  40.959  -50.153  -5.499 0.0000000000
17349  40.910  -50.937  -5.867 0.0000000000
16393  40.499  -51.447  -6.281 0.0000000000
16392  41.348  -51.529  -6.121 0.0000000000
13692  43.099  -54.559  -8.980 0.0000000000
18294  35.576  -49.137  -3.938 0.0000000000
19265  34.809  -48.058  -3.872 0.0000000000
118069  35.064  -48.825  -4.447 0.0000000000
23675  37.732  -44.788  -7.398 0.0000000000
19260  41.225  -47.588  -3.865 0.0000000000
120450  41.133  -48.441  -3.763 0.0000000000
16346  41.084  -50.335  -4.042 0.0000000000
17350  36.296  -50.619  -6.270 0.0000000000
17351  35.688  -50.040  -6.521 0.0000000000
18318  35.512  -49.454  -6.774 0.0000000000
19289  35.922  -48.673  -7.564 0.0000000000
20402  36.781  -47.598  -8.364 0.0000000000
20388  36.935  -46.954  -8.113 0.0000000000
21397  37.879  -46.680  -1.283 0.0000000000
20327  37.176  -47.529  -1.629 0.0000000000
19262  37.640  -48.837  -3.539 0.0000000000
18292  38.023  -49.185  -4.057 0.0000000000
19271  40.874  -47.869  -4.358 0.0000000000
18303  40.499  -48.644  -4.859 0.0000000000
115081  40.201  -49.963  -5.410 0.0000000000
18315  39.824  -49.471  -5.130 0.0000000000
17329  38.576  -49.960  -4.909 0.0000000000
18305  37.685  -49.689  -4.509 0.0000000000
17340  37.960  -50.597  -5.380 0.0000000000
17341  36.746  -50.519  -5.518 0.0000000000
15469  39.977  -52.111  -6.687 0.0000000000
16395  38.068  -51.602  -6.366 0.0000000000
115676  38.540  -52.176  -6.897 0.0000000000
15483  37.506  -52.238  -7.581 0.0000000000
114171  38.248  -52.593  -7.602 0.0000000000
13660  41.022  -54.896  -7.093 0.0000000000
124436  43.183  -54.299  -7.416 0.0000000000
13637  42.640  -53.935  -6.804 0.0000000000
13636  42.840  -53.779  -7.043 0.0000000000
15480  41.671  -52.504  -6.866 0.0000000000
14522  42.259  -53.228  -7.292 0.0000000000
13682  40.670  -54.182  -8.712 0.0000000000
117087  40.549  -53.466  -8.092 0.0000000000
14541  39.289  -53.669  -8.521 0.0000000000
14558  38.634  -53.844  -9.385 0.0000000000
23555  34.649  -44.121  0.251 0.0000000000
22488  35.667  -45.267  0.412 0.0000000000
22486  38.372  -44.478  0.607 0.0000000000
22505  37.749  -45.603  0.076 0.0000000000
21384  38.681  -45.707  -0.926 0.0000000000
22517  40.390  -45.252  -1.692 0.0000000000
21411  40.517  -46.182  -3.169 0.0000000000
22532  40.459  -45.957  -2.509 0.0000000000
114921  40.218  -46.482  -1.169 0.0000000000
20325  40.673  -46.588  -2.063 0.0000000000
20374  35.259  -48.073  -6.130 0.0000000000
114719  35.380  -47.329  -5.953 0.0000000000
21455  35.654  -46.767  -6.146 0.0000000000
24699  36.900  -44.057  -6.052 0.0000000000
17355  36.289  -50.776  -7.668 0.0000000000
17356  35.847  -50.034  -7.220 0.0000000000
20337  37.911  -47.752  -2.474 0.0000000000
20336  39.332  -47.081  -2.929 0.0000000000
18313  41.336  -49.488  -5.111 0.0000000000
16381  38.634  -51.088  -5.780 0.0000000000
14539  42.881  -53.905  -7.728 0.0000000000
13681  42.402  -54.175  -8.459 0.0000000000
22504  40.093  -44.707  -1.013 0.0000000000
132677  39.521  -45.008  -1.089 0.0000000000
20356  34.702  -47.499  -4.138 0.0000000000
20355  34.825  -47.185  -4.707 0.0000000000
22606  36.691  -45.897  -7.217 0.0000000000
22589  36.316  -45.562  -6.496 0.0000000000
22588  36.985  -45.133  -7.009 0.0000000000
23657  37.318  -44.415  -6.734 0.0000000000
20343  41.076  -47.000  -3.408 0.0000000000
17326  41.343  -49.269  -4.362 0.0000000000
18301  41.474  -49.220  -4.786 0.0000000000
18312  41.617  -49.888  -5.026 0.0000000000
17336  41.598  -50.607  -5.214 0.0000000000
118849  35.308  -49.475  -5.185 0.0000000000
18316  35.325  -49.457  -6.032 0.0000000000
19279  35.233  -48.877  -6.410 0.0000000000
20390  35.600  -48.315  -6.893 0.0000000000
18322  35.786  -49.406  -7.451 0.0000000000
21468  36.497  -46.739  -7.364 0.0000000000
21467  37.184  -46.244  -7.838 0.0000000000
16423  37.181  -52.253  -9.801 0.0000000000
21399  35.456  -46.808  -1.341 0.0000000000
18306  36.333  -49.997  -4.843 0.0000000000
133454  37.337  -51.455  -6.544 0.0000000000
16396  36.674  -51.212  -6.839 0.0000000000
16406  36.789  -51.646  -7.609 0.0000000000
15494  36.898  -52.123  -8.299 0.0000000000
16379  41.572  -51.378  -5.641 0.0000000000
13659  42.545  -54.575  -7.059 0.0000000000
15466  42.112  -52.884  -6.493 0.0000000000
15467  41.767  -52.151  -6.240 0.0000000000
133310  41.529  -52.091  -6.415 0.0000000000
15481  40.650  -52.463  -7.137 0.0000000000
14525  38.634  -53.082  -7.983 0.0000000000
15509  37.079  -52.554  -9.005 0.0000000000
15508  37.573  -52.929  -9.639 0.0000000000
24598  34.611  -43.540  -0.537 0.0000000000
23569  34.792  -44.446  -0.664 0.0000000000
22506  36.383  -45.892  0.047 0.0000000000
21412  39.890  -46.157  -2.733 0.0000000000
20363  35.052  -47.704  -5.364 0.0000000000
21444  35.246  -46.732  -5.436 0.0000000000
124205  35.403  -45.881  -5.315 0.0000000000
22575  35.881  -45.185  -5.705 0.0000000000
14498  42.557  -53.406  -6.928 0.0000000000
16424  36.788  -51.763  -9.469 0.0000000000
17348  41.321  -50.876  -5.604 0.0000000000
21469  35.817  -47.340  -6.670 0.0000000000
23656  37.986  -44.019  -7.161 0.0000000000
