#!ascii label  , from subject sub-v2s18x29527_ses-1 vox2ras=TkReg
1621
46978  -44.819  -29.709  67.264 0.0000000000
115193  -42.688  -47.096  70.638 0.0000000000
138248  -55.254  -33.620  56.921 0.0000000000
46195  -43.821  -30.302  56.646 0.0000000000
50781  -52.574  -25.572  60.751 0.0000000000
37290  -48.467  -39.833  66.956 0.0000000000
35771  -44.236  -43.073  60.787 0.0000000000
40176  -41.624  -37.325  59.594 0.0000000000
34732  -33.404  -43.906  73.693 0.0000000000
53463  -56.272  -21.782  56.593 0.0000000000
34857  -36.765  -42.952  62.981 0.0000000000
124200  -45.967  -30.672  61.994 0.0000000000
49789  -48.594  -27.040  59.766 0.0000000000
48803  -49.105  -27.735  65.292 0.0000000000
42782  -44.114  -34.969  68.733 0.0000000000
39160  -46.711  -38.255  63.694 0.0000000000
42825  -46.029  -34.163  63.402 0.0000000000
43745  -42.028  -32.957  58.910 0.0000000000
52611  -58.233  -22.904  54.289 0.0000000000
31232  -36.932  -48.588  72.312 0.0000000000
33017  -34.015  -45.509  67.372 0.0000000000
116086  -39.541  -43.722  67.337 0.0000000000
47039  -53.461  -30.015  59.846 0.0000000000
33004  -49.073  -45.432  67.866 0.0000000000
35688  -45.709  -42.083  66.360 0.0000000000
35755  -49.391  -42.810  61.930 0.0000000000
37352  -44.072  -41.431  58.242 0.0000000000
34695  -30.113  -43.484  76.744 0.0000000000
51632  -56.153  -24.690  64.401 0.0000000000
44538  -58.144  -32.207  62.562 0.0000000000
53427  -59.223  -22.517  60.055 0.0000000000
128634  -56.543  -29.767  57.619 0.0000000000
123017  -56.287  -27.532  54.587 0.0000000000
35662  -30.043  -42.748  68.603 0.0000000000
36506  -41.822  -41.472  63.643 0.0000000000
46994  -45.465  -29.866  64.877 0.0000000000
47926  -47.195  -27.956  63.293 0.0000000000
126860  -47.158  -28.503  66.101 0.0000000000
44447  -44.110  -32.130  68.461 0.0000000000
42811  -46.966  -34.139  65.793 0.0000000000
44485  -45.671  -31.977  64.924 0.0000000000
44535  -46.001  -32.282  63.017 0.0000000000
43790  -53.605  -33.455  55.334 0.0000000000
44617  -54.906  -32.829  55.066 0.0000000000
115177  -39.390  -47.731  71.760 0.0000000000
133476  -38.248  -45.939  69.168 0.0000000000
132187  -40.584  -45.077  69.130 0.0000000000
47074  -45.418  -29.086  55.160 0.0000000000
49772  -50.454  -26.274  60.571 0.0000000000
49833  -50.268  -26.324  57.234 0.0000000000
50822  -52.495  -26.241  57.734 0.0000000000
47063  -53.008  -28.961  58.127 0.0000000000
49813  -54.567  -27.053  58.822 0.0000000000
35679  -50.688  -42.519  66.988 0.0000000000
33973  -50.924  -45.716  63.842 0.0000000000
36495  -51.221  -41.128  64.659 0.0000000000
39179  -43.627  -38.038  62.401 0.0000000000
38283  -45.433  -39.708  61.547 0.0000000000
38290  -42.732  -39.375  59.050 0.0000000000
45361  -42.472  -31.318  57.444 0.0000000000
48837  -57.854  -28.164  63.466 0.0000000000
48868  -58.055  -27.319  59.622 0.0000000000
49814  -56.553  -26.428  57.733 0.0000000000
127955  -56.175  -28.720  56.082 0.0000000000
49854  -55.788  -25.676  55.379 0.0000000000
123690  -59.160  -26.099  54.267 0.0000000000
35578  -31.885  -42.509  75.666 0.0000000000
35607  -29.693  -42.476  73.044 0.0000000000
34756  -31.623  -43.921  71.240 0.0000000000
122530  -35.628  -43.517  64.959 0.0000000000
34835  -32.849  -43.578  64.370 0.0000000000
139361  -34.762  -43.418  62.642 0.0000000000
35753  -45.817  -42.039  62.475 0.0000000000
37303  -43.397  -40.448  64.986 0.0000000000
35752  -43.909  -42.098  62.511 0.0000000000
46166  -45.577  -30.440  59.476 0.0000000000
134496  -45.927  -28.845  58.259 0.0000000000
47954  -46.916  -28.806  61.040 0.0000000000
48846  -49.216  -26.929  62.172 0.0000000000
48825  -50.590  -26.991  63.636 0.0000000000
39113  -44.823  -38.314  67.652 0.0000000000
40114  -50.488  -37.683  65.173 0.0000000000
41928  -48.128  -35.602  66.291 0.0000000000
41059  -45.737  -36.222  63.483 0.0000000000
41971  -43.230  -35.448  61.620 0.0000000000
42861  -41.480  -34.592  59.479 0.0000000000
43716  -44.299  -33.572  60.851 0.0000000000
44572  -45.201  -31.941  60.238 0.0000000000
53488  -55.963  -22.508  54.726 0.0000000000
55295  -57.098  -20.016  54.086 0.0000000000
128437  -34.414  -47.552  73.488 0.0000000000
32975  -31.587  -46.438  70.631 0.0000000000
32121  -35.208  -46.687  69.133 0.0000000000
136684  -37.316  -45.770  66.428 0.0000000000
115771  -37.750  -42.889  65.712 0.0000000000
48896  -47.477  -27.365  56.440 0.0000000000
45356  -52.133  -31.967  58.941 0.0000000000
43732  -53.406  -33.218  59.734 0.0000000000
32145  -45.539  -46.117  68.902 0.0000000000
34782  -43.736  -43.596  69.116 0.0000000000
34809  -47.593  -44.033  66.798 0.0000000000
34839  -48.309  -43.103  63.805 0.0000000000
34898  -47.460  -44.732  59.838 0.0000000000
37328  -49.096  -40.490  62.018 0.0000000000
36527  -47.185  -42.751  59.299 0.0000000000
35781  -44.976  -43.137  58.477 0.0000000000
47871  -46.494  -28.103  69.580 0.0000000000
115182  -43.806  -47.120  71.748 0.0000000000
35642  -47.951  -42.438  70.408 0.0000000000
133121  -46.542  -40.265  70.484 0.0000000000
132994  -48.620  -27.737  68.238 0.0000000000
48797  -50.872  -27.296  66.935 0.0000000000
49725  -52.382  -26.366  65.049 0.0000000000
50691  -54.941  -25.040  66.990 0.0000000000
50755  -54.597  -24.618  62.762 0.0000000000
48856  -56.399  -27.182  60.523 0.0000000000
130117  -54.868  -32.193  62.462 0.0000000000
42852  -56.845  -35.010  60.048 0.0000000000
48849  -60.364  -27.995  61.247 0.0000000000
45344  -57.769  -32.374  59.515 0.0000000000
44609  -57.502  -32.968  56.579 0.0000000000
124524  -56.720  -31.068  55.743 0.0000000000
51710  -56.769  -24.531  54.409 0.0000000000
34729  -27.731  -43.983  73.216 0.0000000000
36479  -27.873  -41.893  65.171 0.0000000000
134669  -31.496  -44.122  67.492 0.0000000000
35707  -30.504  -42.655  64.669 0.0000000000
132761  -42.583  -42.411  67.237 0.0000000000
115213  -40.220  -41.565  65.918 0.0000000000
130076  -39.191  -41.843  63.427 0.0000000000
34859  -40.967  -43.497  63.367 0.0000000000
46986  -45.107  -29.801  65.754 0.0000000000
46987  -45.759  -29.217  65.424 0.0000000000
47897  -45.987  -29.032  66.586 0.0000000000
45245  -44.207  -31.243  68.267 0.0000000000
44468  -44.289  -32.246  66.186 0.0000000000
126555  -44.253  -30.804  66.615 0.0000000000
45273  -45.467  -31.294  64.631 0.0000000000
43759  -53.569  -33.267  57.310 0.0000000000
43777  -54.634  -33.506  56.468 0.0000000000
43801  -54.257  -33.138  54.941 0.0000000000
43791  -55.153  -33.252  55.580 0.0000000000
116556  -40.842  -46.838  71.140 0.0000000000
116021  -40.314  -46.371  70.386 0.0000000000
138259  -42.149  -45.602  69.985 0.0000000000
47071  -43.060  -29.799  55.156 0.0000000000
137642  -44.798  -29.507  55.761 0.0000000000
50780  -51.227  -26.091  61.209 0.0000000000
117012  -51.167  -25.691  59.150 0.0000000000
140913  -52.611  -25.466  59.096 0.0000000000
50809  -53.714  -25.967  58.597 0.0000000000
117513  -54.123  -25.331  60.016 0.0000000000
36474  -49.419  -41.221  67.034 0.0000000000
136783  -52.100  -42.332  66.048 0.0000000000
37293  -51.110  -40.725  66.220 0.0000000000
39195  -42.660  -37.671  60.851 0.0000000000
137676  -43.245  -38.299  60.946 0.0000000000
40177  -42.161  -37.956  59.702 0.0000000000
39212  -41.364  -38.629  58.324 0.0000000000
46187  -43.708  -30.677  57.312 0.0000000000
45371  -42.073  -31.011  56.685 0.0000000000
46201  -43.107  -30.246  56.009 0.0000000000
124475  -56.996  -23.832  57.783 0.0000000000
51687  -56.396  -24.080  56.950 0.0000000000
50831  -55.896  -25.691  56.202 0.0000000000
51694  -55.782  -24.235  55.811 0.0000000000
34719  -32.905  -43.138  74.255 0.0000000000
34730  -31.797  -43.395  72.983 0.0000000000
34743  -32.270  -44.014  72.516 0.0000000000
134578  -36.021  -43.237  63.728 0.0000000000
34838  -35.154  -43.419  64.232 0.0000000000
34874  -35.975  -43.399  62.673 0.0000000000
33995  -35.940  -43.776  62.146 0.0000000000
33996  -36.712  -43.561  62.472 0.0000000000
117866  -45.377  -42.487  61.752 0.0000000000
136775  -44.817  -41.746  62.596 0.0000000000
35763  -44.051  -42.591  61.687 0.0000000000
46154  -45.878  -30.496  60.668 0.0000000000
122820  -46.403  -29.299  60.541 0.0000000000
126788  -46.388  -29.450  61.305 0.0000000000
47920  -48.308  -27.855  64.865 0.0000000000
48822  -47.932  -27.512  62.923 0.0000000000
133655  -49.391  -27.313  63.875 0.0000000000
48836  -50.214  -26.941  63.159 0.0000000000
48816  -50.187  -27.208  64.537 0.0000000000
41019  -44.294  -37.051  67.498 0.0000000000
40090  -46.610  -37.217  66.770 0.0000000000
41030  -45.809  -35.947  66.249 0.0000000000
42820  -47.502  -33.922  64.586 0.0000000000
41947  -47.670  -34.719  64.581 0.0000000000
41956  -45.916  -35.224  63.480 0.0000000000
41955  -45.038  -35.958  63.067 0.0000000000
42831  -44.656  -34.867  62.213 0.0000000000
42838  -43.527  -34.793  61.449 0.0000000000
42832  -45.218  -34.144  62.289 0.0000000000
45294  -45.896  -31.109  62.524 0.0000000000
44558  -45.328  -32.466  60.859 0.0000000000
45307  -45.854  -31.041  61.241 0.0000000000
45341  -45.343  -31.132  59.787 0.0000000000
31231  -35.019  -48.567  72.695 0.0000000000
32105  -33.981  -47.092  70.732 0.0000000000
32094  -35.798  -47.170  71.146 0.0000000000
132765  -38.530  -45.289  67.895 0.0000000000
138759  -37.620  -46.537  67.106 0.0000000000
33021  -38.283  -45.394  67.086 0.0000000000
140344  -37.372  -44.162  66.515 0.0000000000
132476  -38.653  -43.655  66.972 0.0000000000
48863  -46.880  -27.645  59.045 0.0000000000
48887  -46.511  -27.827  57.175 0.0000000000
130418  -47.396  -27.098  57.742 0.0000000000
49852  -50.596  -27.366  56.216 0.0000000000
48910  -49.430  -27.624  55.479 0.0000000000
48007  -50.146  -28.622  55.612 0.0000000000
47054  -53.461  -29.366  58.873 0.0000000000
47053  -52.610  -29.748  58.651 0.0000000000
46183  -52.798  -30.280  59.402 0.0000000000
44573  -52.543  -32.529  59.535 0.0000000000
140513  -53.167  -31.521  60.796 0.0000000000
131192  -47.604  -45.591  68.250 0.0000000000
33917  -47.236  -45.323  67.927 0.0000000000
33919  -48.880  -45.284  66.698 0.0000000000
34865  -50.403  -44.133  63.590 0.0000000000
33972  -49.527  -44.357  64.014 0.0000000000
34881  -48.579  -43.244  62.011 0.0000000000
34880  -47.674  -43.121  62.059 0.0000000000
117519  -48.269  -43.650  60.948 0.0000000000
39148  -49.500  -37.785  64.487 0.0000000000
38258  -49.967  -39.380  63.678 0.0000000000
38256  -48.178  -39.237  63.365 0.0000000000
37340  -44.970  -40.487  59.777 0.0000000000
37342  -46.578  -41.377  60.143 0.0000000000
37347  -45.313  -41.427  59.039 0.0000000000
36532  -46.516  -43.324  58.699 0.0000000000
43728  -41.722  -33.698  59.227 0.0000000000
120458  -47.370  -41.287  70.169 0.0000000000
40996  -45.151  -36.749  71.229 0.0000000000
47877  -47.141  -28.183  68.499 0.0000000000
48779  -50.970  -27.185  68.870 0.0000000000
49703  -52.379  -26.940  68.693 0.0000000000
49719  -51.631  -26.835  66.469 0.0000000000
49712  -52.579  -26.408  67.123 0.0000000000
51618  -55.721  -24.633  64.868 0.0000000000
50720  -55.000  -24.840  65.198 0.0000000000
51631  -55.460  -24.685  63.623 0.0000000000
50771  -55.579  -25.357  61.529 0.0000000000
49759  -57.167  -26.093  62.186 0.0000000000
47012  -57.814  -30.102  63.236 0.0000000000
47020  -57.072  -29.918  61.836 0.0000000000
133023  -56.376  -32.487  63.169 0.0000000000
43702  -55.569  -33.612  62.371 0.0000000000
139258  -57.715  -34.135  61.285 0.0000000000
133510  -59.769  -25.552  60.889 0.0000000000
47980  -56.940  -28.900  58.805 0.0000000000
47031  -57.806  -29.660  60.192 0.0000000000
45357  -57.229  -31.221  58.300 0.0000000000
44601  -59.064  -33.170  57.306 0.0000000000
45374  -57.442  -31.432  56.702 0.0000000000
121202  -57.105  -31.613  56.138 0.0000000000
46197  -57.076  -30.559  56.201 0.0000000000
136144  -55.954  -27.958  55.487 0.0000000000
47086  -56.235  -29.596  54.960 0.0000000000
122120  -56.315  -28.827  54.474 0.0000000000
53489  -56.507  -22.331  54.369 0.0000000000
52609  -56.474  -23.679  54.498 0.0000000000
52610  -57.469  -23.737  54.396 0.0000000000
35638  -29.483  -42.450  70.773 0.0000000000
35637  -28.431  -42.388  71.010 0.0000000000
138332  -28.592  -42.438  68.685 0.0000000000
35671  -27.777  -42.088  67.191 0.0000000000
35686  -29.372  -41.978  66.544 0.0000000000
32998  -33.024  -45.992  68.581 0.0000000000
32985  -31.702  -45.493  69.405 0.0000000000
33914  -32.697  -44.707  67.527 0.0000000000
35708  -31.909  -43.117  64.077 0.0000000000
33103  -32.857  -44.520  60.649 0.0000000000
35677  -45.191  -42.599  67.885 0.0000000000
35663  -43.576  -42.645  68.269 0.0000000000
36464  -44.005  -42.097  66.966 0.0000000000
36491  -42.065  -40.879  64.154 0.0000000000
140691  -42.155  -40.746  65.376 0.0000000000
125471  -40.538  -41.261  64.604 0.0000000000
138283  -39.325  -41.359  64.637 0.0000000000
36504  -39.842  -41.562  63.739 0.0000000000
33986  -39.799  -44.482  63.306 0.0000000000
141044  -45.834  -29.843  63.277 0.0000000000
47011  -46.136  -29.415  63.048 0.0000000000
136570  -46.254  -28.959  64.124 0.0000000000
47909  -47.575  -28.255  65.332 0.0000000000
124323  -48.212  -28.260  66.251 0.0000000000
42781  -43.973  -34.113  68.264 0.0000000000
41926  -44.654  -35.220  66.243 0.0000000000
43648  -44.461  -33.566  66.308 0.0000000000
43661  -45.942  -32.716  65.268 0.0000000000
43671  -47.007  -32.941  64.562 0.0000000000
43688  -46.194  -32.808  63.213 0.0000000000
44501  -46.407  -32.437  64.173 0.0000000000
118403  -45.817  -31.151  63.131 0.0000000000
45391  -54.700  -31.812  54.464 0.0000000000
31243  -38.360  -47.556  71.726 0.0000000000
129433  -37.262  -46.616  70.255 0.0000000000
31256  -38.892  -46.826  70.881 0.0000000000
115196  -39.110  -45.828  69.515 0.0000000000
115722  -39.965  -44.711  68.463 0.0000000000
118739  -49.167  -26.764  60.210 0.0000000000
49809  -48.792  -26.466  58.281 0.0000000000
49810  -49.854  -26.110  59.034 0.0000000000
49834  -51.125  -26.493  57.100 0.0000000000
48901  -52.042  -27.263  56.896 0.0000000000
47990  -51.633  -28.833  57.190 0.0000000000
48889  -52.739  -27.642  57.207 0.0000000000
48876  -54.032  -27.772  58.312 0.0000000000
48866  -54.771  -27.981  58.971 0.0000000000
34800  -50.417  -44.045  67.453 0.0000000000
33041  -50.237  -46.006  65.821 0.0000000000
34811  -51.785  -43.870  65.927 0.0000000000
34841  -51.674  -43.933  64.700 0.0000000000
36511  -50.170  -41.853  63.071 0.0000000000
39181  -45.374  -38.541  62.868 0.0000000000
38274  -45.792  -39.254  62.319 0.0000000000
38273  -44.900  -39.065  62.217 0.0000000000
38286  -44.073  -39.457  60.368 0.0000000000
38297  -43.158  -40.159  58.474 0.0000000000
136489  -42.890  -40.566  57.790 0.0000000000
38295  -41.581  -39.601  57.831 0.0000000000
44587  -42.471  -32.341  58.509 0.0000000000
45360  -41.638  -31.725  57.229 0.0000000000
51633  -56.680  -24.502  64.784 0.0000000000
49744  -57.351  -26.862  64.236 0.0000000000
50722  -57.774  -25.739  65.066 0.0000000000
48826  -58.248  -28.165  64.161 0.0000000000
47928  -59.180  -28.880  63.453 0.0000000000
53442  -58.305  -22.409  59.075 0.0000000000
50798  -58.959  -25.484  59.631 0.0000000000
122557  -57.780  -24.885  58.539 0.0000000000
49815  -57.212  -26.473  58.532 0.0000000000
48877  -56.514  -27.997  58.356 0.0000000000
117873  -56.234  -29.033  57.002 0.0000000000
124392  -56.127  -27.354  57.392 0.0000000000
48902  -55.798  -27.186  56.175 0.0000000000
48911  -55.918  -26.911  55.155 0.0000000000
52612  -59.386  -23.179  54.478 0.0000000000
124092  -58.652  -23.792  54.486 0.0000000000
124091  -59.755  -23.864  54.578 0.0000000000
34707  -30.413  -43.197  75.711 0.0000000000
34718  -29.766  -43.419  74.971 0.0000000000
117259  -31.095  -42.831  74.240 0.0000000000
35609  -31.156  -43.137  71.867 0.0000000000
34770  -30.738  -43.094  69.860 0.0000000000
33934  -34.823  -44.785  66.487 0.0000000000
33953  -33.710  -44.248  65.704 0.0000000000
34820  -33.977  -43.856  65.094 0.0000000000
34855  -34.184  -43.334  63.107 0.0000000000
34871  -33.651  -43.160  62.395 0.0000000000
34006  -34.107  -44.273  61.269 0.0000000000
34893  -34.653  -43.874  61.716 0.0000000000
136846  -45.773  -41.774  64.441 0.0000000000
118729  -44.441  -41.039  65.796 0.0000000000
36494  -44.910  -40.995  64.331 0.0000000000
36508  -43.541  -41.225  63.623 0.0000000000
35729  -42.545  -41.921  63.193 0.0000000000
46179  -44.752  -30.611  58.240 0.0000000000
121187  -45.195  -29.585  57.067 0.0000000000
47051  -45.674  -29.495  58.428 0.0000000000
47964  -46.597  -28.401  59.426 0.0000000000
48853  -47.953  -27.648  60.368 0.0000000000
47934  -47.305  -28.080  62.360 0.0000000000
48833  -47.977  -27.570  62.038 0.0000000000
48854  -48.533  -27.256  60.722 0.0000000000
49756  -49.677  -26.677  61.634 0.0000000000
49757  -51.001  -26.388  62.099 0.0000000000
49758  -51.711  -26.219  61.999 0.0000000000
38228  -47.076  -38.939  67.059 0.0000000000
38230  -49.041  -38.771  66.942 0.0000000000
39128  -47.958  -37.875  67.202 0.0000000000
41033  -49.273  -36.472  66.130 0.0000000000
40111  -48.256  -36.712  64.579 0.0000000000
41937  -46.498  -34.835  66.125 0.0000000000
41948  -48.169  -35.111  65.123 0.0000000000
40124  -46.525  -37.360  63.788 0.0000000000
40122  -44.727  -37.499  63.202 0.0000000000
41065  -43.317  -36.758  62.500 0.0000000000
41099  -42.151  -36.233  60.739 0.0000000000
41112  -41.009  -35.955  59.503 0.0000000000
41985  -42.207  -35.338  60.531 0.0000000000
42850  -42.613  -34.328  60.488 0.0000000000
43730  -43.121  -33.155  59.825 0.0000000000
43701  -45.402  -33.267  61.926 0.0000000000
44557  -44.763  -32.769  60.465 0.0000000000
120638  -43.627  -32.582  59.439 0.0000000000
44589  -44.055  -31.930  59.045 0.0000000000
45354  -44.414  -31.267  58.651 0.0000000000
54345  -55.924  -21.881  55.624 0.0000000000
54359  -56.144  -21.238  55.195 0.0000000000
122743  -56.717  -21.529  54.177 0.0000000000
54371  -57.545  -21.317  53.868 0.0000000000
136372  -58.506  -21.048  53.727 0.0000000000
54373  -59.421  -21.635  53.954 0.0000000000
32936  -33.862  -45.931  73.000 0.0000000000
138202  -32.487  -45.602  71.972 0.0000000000
128163  -33.215  -47.051  72.009 0.0000000000
32119  -33.529  -46.740  69.446 0.0000000000
32140  -34.561  -46.636  68.096 0.0000000000
133236  -36.817  -46.569  69.550 0.0000000000
32156  -36.225  -47.043  67.286 0.0000000000
33038  -35.488  -45.699  66.802 0.0000000000
33935  -35.792  -44.721  66.475 0.0000000000
115219  -36.500  -43.221  64.843 0.0000000000
35709  -36.938  -42.695  63.773 0.0000000000
47995  -45.675  -28.986  56.871 0.0000000000
48003  -46.698  -28.326  55.597 0.0000000000
49850  -48.668  -26.797  56.545 0.0000000000
43747  -53.326  -33.236  58.572 0.0000000000
43748  -54.482  -33.386  58.989 0.0000000000
32124  -44.254  -46.793  69.692 0.0000000000
115198  -43.578  -45.025  69.750 0.0000000000
33903  -45.122  -44.950  69.109 0.0000000000
34798  -46.120  -43.265  67.570 0.0000000000
35689  -46.283  -42.706  66.739 0.0000000000
33957  -49.875  -45.473  64.861 0.0000000000
118821  -48.176  -43.462  64.804 0.0000000000
128875  -46.514  -42.328  65.002 0.0000000000
35733  -46.609  -42.439  63.275 0.0000000000
118289  -46.249  -42.843  61.569 0.0000000000
35765  -45.875  -43.609  60.622 0.0000000000
38246  -51.234  -38.999  64.667 0.0000000000
37321  -50.070  -40.136  63.167 0.0000000000
37338  -49.338  -41.410  61.709 0.0000000000
37326  -47.159  -40.211  61.866 0.0000000000
37336  -47.773  -41.079  61.203 0.0000000000
35774  -48.643  -43.303  60.317 0.0000000000
34913  -48.175  -44.515  58.989 0.0000000000
34922  -46.479  -44.246  58.948 0.0000000000
42025  -40.342  -35.846  57.705 0.0000000000
46957  -44.984  -30.020  68.861 0.0000000000
46958  -45.349  -29.359  68.478 0.0000000000
35566  -31.757  -42.828  76.772 0.0000000000
34721  -34.447  -44.224  75.296 0.0000000000
32927  -34.822  -46.244  74.605 0.0000000000
140697  -34.591  -48.241  74.491 0.0000000000
30374  -39.171  -48.466  72.247 0.0000000000
132337  -40.756  -47.818  71.962 0.0000000000
116195  -42.237  -47.405  71.629 0.0000000000
116893  -43.509  -47.301  71.114 0.0000000000
31258  -45.177  -46.768  70.277 0.0000000000
32109  -46.547  -46.029  69.765 0.0000000000
124737  -48.315  -45.066  69.338 0.0000000000
33880  -47.683  -43.942  70.674 0.0000000000
34785  -49.361  -43.723  69.147 0.0000000000
35667  -49.562  -43.078  68.729 0.0000000000
36454  -48.340  -41.890  68.460 0.0000000000
136101  -47.359  -40.950  67.944 0.0000000000
124758  -45.616  -39.483  68.920 0.0000000000
133312  -44.653  -38.081  69.182 0.0000000000
41004  -44.532  -36.463  69.742 0.0000000000
129895  -44.678  -31.139  69.744 0.0000000000
47886  -46.803  -28.552  67.622 0.0000000000
47887  -47.847  -28.217  67.558 0.0000000000
47901  -49.129  -27.865  66.585 0.0000000000
48777  -49.175  -27.425  69.063 0.0000000000
48787  -49.488  -27.740  67.044 0.0000000000
48795  -49.546  -27.784  66.341 0.0000000000
48806  -50.483  -27.207  65.282 0.0000000000
117913  -51.771  -26.695  64.233 0.0000000000
49742  -52.186  -26.169  62.569 0.0000000000
50704  -54.098  -25.293  66.054 0.0000000000
50735  -53.715  -25.215  64.207 0.0000000000
117762  -53.745  -25.061  61.996 0.0000000000
50783  -54.900  -25.396  60.639 0.0000000000
49793  -55.426  -26.508  59.791 0.0000000000
47041  -55.419  -28.999  60.120 0.0000000000
47946  -57.635  -28.009  62.068 0.0000000000
47030  -56.172  -29.740  60.977 0.0000000000
46156  -54.319  -30.712  61.112 0.0000000000
44559  -53.903  -33.011  61.434 0.0000000000
43734  -55.626  -34.144  60.310 0.0000000000
43749  -55.570  -33.793  58.410 0.0000000000
49746  -60.592  -26.958  62.067 0.0000000000
47023  -59.812  -29.487  62.022 0.0000000000
48857  -59.144  -27.486  60.391 0.0000000000
47032  -58.734  -29.818  60.878 0.0000000000
44560  -58.101  -33.231  60.922 0.0000000000
43735  -59.073  -34.088  58.934 0.0000000000
42892  -58.776  -34.419  57.552 0.0000000000
131112  -56.730  -33.679  57.097 0.0000000000
43792  -56.011  -33.205  55.705 0.0000000000
133355  -55.720  -31.899  55.148 0.0000000000
45392  -55.290  -31.309  54.755 0.0000000000
47069  -56.606  -29.569  56.013 0.0000000000
46212  -55.806  -30.413  54.916 0.0000000000
46224  -55.115  -30.385  54.388 0.0000000000
52608  -55.929  -23.383  54.801 0.0000000000
51709  -56.006  -24.437  54.752 0.0000000000
122757  -56.364  -26.534  54.534 0.0000000000
50848  -58.494  -25.307  54.383 0.0000000000
49872  -57.675  -26.911  53.773 0.0000000000
48919  -56.909  -27.168  54.015 0.0000000000
35597  -28.782  -43.161  73.786 0.0000000000
32961  -31.412  -45.827  70.940 0.0000000000
34781  -31.053  -44.197  69.205 0.0000000000
34788  -30.541  -43.365  68.091 0.0000000000
34807  -32.329  -43.952  66.205 0.0000000000
34805  -31.074  -43.356  65.847 0.0000000000
117202  -29.920  -42.632  66.001 0.0000000000
36490  -29.195  -41.971  64.916 0.0000000000
115767  -42.143  -44.113  69.150 0.0000000000
132757  -41.500  -43.900  68.509 0.0000000000
132511  -40.316  -43.527  67.431 0.0000000000
118763  -42.940  -41.096  66.201 0.0000000000
132575  -41.508  -41.629  66.579 0.0000000000
132498  -40.051  -42.781  67.002 0.0000000000
116112  -38.939  -41.963  65.939 0.0000000000
115723  -38.247  -41.609  64.384 0.0000000000
35749  -37.947  -42.453  62.906 0.0000000000
35751  -43.176  -42.364  62.836 0.0000000000
34861  -42.647  -42.988  63.148 0.0000000000
35727  -40.886  -42.467  63.284 0.0000000000
117567  -39.808  -42.588  63.066 0.0000000000
34858  -39.158  -43.289  62.878 0.0000000000
34876  -38.167  -42.994  62.655 0.0000000000
46985  -44.615  -30.029  66.555 0.0000000000
46979  -45.299  -29.407  66.731 0.0000000000
46095  -44.447  -30.493  68.138 0.0000000000
46106  -44.107  -30.994  67.470 0.0000000000
46114  -44.637  -30.649  65.810 0.0000000000
43760  -54.671  -33.465  57.696 0.0000000000
115176  -41.890  -47.091  71.023 0.0000000000
115175  -41.195  -46.282  70.494 0.0000000000
116310  -42.159  -46.202  70.443 0.0000000000
47072  -43.954  -29.765  55.707 0.0000000000
47065  -44.632  -29.855  56.588 0.0000000000
135356  -52.073  -25.840  61.340 0.0000000000
117803  -51.899  -25.643  60.522 0.0000000000
50795  -53.385  -25.463  59.345 0.0000000000
50782  -53.319  -25.306  60.352 0.0000000000
37280  -48.517  -40.867  67.213 0.0000000000
37292  -50.135  -40.493  66.649 0.0000000000
37291  -49.220  -40.363  66.934 0.0000000000
40167  -42.221  -37.491  60.213 0.0000000000
46186  -42.965  -30.727  56.875 0.0000000000
125255  -56.372  -22.499  56.991 0.0000000000
52576  -56.705  -23.196  57.427 0.0000000000
52590  -56.026  -23.348  56.435 0.0000000000
53462  -55.845  -22.592  56.019 0.0000000000
34731  -32.575  -43.570  73.313 0.0000000000
33853  -32.998  -44.360  72.815 0.0000000000
35764  -44.857  -42.842  61.223 0.0000000000
139508  -44.585  -42.320  61.985 0.0000000000
46144  -46.012  -30.168  61.362 0.0000000000
47028  -46.104  -29.865  60.798 0.0000000000
47019  -46.230  -29.656  62.153 0.0000000000
48814  -48.913  -27.538  64.370 0.0000000000
48815  -49.575  -27.421  64.627 0.0000000000
123524  -44.131  -36.431  67.434 0.0000000000
41029  -44.457  -36.681  66.740 0.0000000000
41916  -44.146  -35.779  66.824 0.0000000000
119067  -47.090  -33.761  63.944 0.0000000000
42826  -47.029  -34.469  63.960 0.0000000000
41964  -45.233  -35.043  62.820 0.0000000000
134243  -35.898  -48.368  72.291 0.0000000000
31240  -35.265  -47.863  71.921 0.0000000000
31241  -36.392  -47.612  71.858 0.0000000000
132186  -38.854  -44.551  67.487 0.0000000000
115209  -38.298  -44.506  66.999 0.0000000000
48864  -47.870  -27.440  59.548 0.0000000000
48875  -47.511  -27.202  58.576 0.0000000000
49788  -48.308  -26.908  58.929 0.0000000000
47997  -50.605  -28.132  56.140 0.0000000000
48899  -50.067  -27.823  55.681 0.0000000000
47055  -54.078  -29.361  59.389 0.0000000000
46169  -52.916  -30.921  60.196 0.0000000000
46170  -53.569  -30.714  60.661 0.0000000000
127680  -48.253  -45.598  68.088 0.0000000000
33022  -47.827  -45.587  67.920 0.0000000000
33023  -48.765  -45.356  67.321 0.0000000000
35735  -49.752  -43.237  62.908 0.0000000000
34864  -49.828  -43.880  63.338 0.0000000000
34882  -49.226  -43.156  62.376 0.0000000000
35754  -48.799  -43.209  61.337 0.0000000000
39161  -47.690  -38.493  63.949 0.0000000000
39162  -48.785  -38.618  64.070 0.0000000000
38255  -47.099  -39.075  63.298 0.0000000000
37346  -44.569  -40.949  58.943 0.0000000000
36530  -44.796  -41.940  58.414 0.0000000000
43744  -41.379  -33.321  58.528 0.0000000000
51619  -56.257  -24.228  65.322 0.0000000000
51605  -55.676  -24.439  66.006 0.0000000000
50737  -56.177  -24.964  63.348 0.0000000000
117989  -56.309  -25.398  62.337 0.0000000000
45285  -58.273  -31.190  63.132 0.0000000000
45295  -56.934  -31.915  63.162 0.0000000000
44537  -57.264  -32.386  63.029 0.0000000000
43689  -56.734  -33.082  62.883 0.0000000000
43690  -57.484  -32.850  62.515 0.0000000000
54299  -58.509  -21.544  60.193 0.0000000000
53420  -59.257  -22.342  60.652 0.0000000000
51660  -59.445  -23.638  60.801 0.0000000000
51672  -59.454  -24.097  60.248 0.0000000000
47056  -56.708  -29.767  58.457 0.0000000000
46184  -56.876  -30.543  57.999 0.0000000000
45365  -57.436  -31.384  57.407 0.0000000000
46191  -57.105  -30.544  57.028 0.0000000000
133589  -56.289  -28.339  54.700 0.0000000000
48933  -56.840  -28.090  53.872 0.0000000000
53490  -57.380  -22.193  54.095 0.0000000000
127165  -57.012  -22.983  54.288 0.0000000000
34706  -29.526  -43.613  75.810 0.0000000000
35653  -29.855  -42.670  69.947 0.0000000000
35652  -29.320  -42.572  69.179 0.0000000000
35661  -29.314  -42.361  68.268 0.0000000000
116818  -28.391  -42.166  67.898 0.0000000000
35673  -29.346  -42.085  67.419 0.0000000000
33016  -33.266  -45.349  67.850 0.0000000000
33915  -33.454  -44.859  67.093 0.0000000000
34905  -31.950  -43.455  60.808 0.0000000000
135983  -45.164  -41.914  66.702 0.0000000000
36465  -44.843  -42.120  67.277 0.0000000000
36473  -44.577  -41.684  66.496 0.0000000000
115220  -41.151  -41.167  64.085 0.0000000000
115222  -40.402  -41.345  63.983 0.0000000000
36505  -40.808  -41.672  63.615 0.0000000000
47001  -45.667  -29.854  64.217 0.0000000000
47002  -45.971  -29.445  63.768 0.0000000000
46995  -45.968  -29.192  64.584 0.0000000000
47907  -46.256  -28.824  66.051 0.0000000000
47908  -46.485  -28.653  65.331 0.0000000000
43623  -43.940  -33.172  68.195 0.0000000000
138470  -43.915  -33.708  67.736 0.0000000000
43647  -43.954  -33.337  67.146 0.0000000000
44484  -44.886  -32.120  65.447 0.0000000000
129915  -44.766  -32.902  65.793 0.0000000000
43662  -46.914  -32.925  65.030 0.0000000000
44486  -46.459  -32.528  64.739 0.0000000000
44517  -46.620  -32.770  63.830 0.0000000000
44500  -45.972  -31.984  64.449 0.0000000000
46122  -45.509  -30.538  64.367 0.0000000000
45278  -45.753  -31.425  63.910 0.0000000000
46127  -45.688  -30.325  63.602 0.0000000000
43776  -53.538  -33.347  56.272 0.0000000000
44627  -54.390  -32.516  54.495 0.0000000000
116044  -40.499  -45.837  69.726 0.0000000000
132830  -39.855  -46.012  69.736 0.0000000000
132343  -39.680  -45.378  69.100 0.0000000000
47073  -44.556  -29.342  54.934 0.0000000000
49790  -49.796  -26.417  59.924 0.0000000000
49791  -50.467  -26.041  59.616 0.0000000000
50807  -52.023  -25.711  58.499 0.0000000000
127582  -51.225  -25.837  58.353 0.0000000000
50821  -51.646  -26.142  57.710 0.0000000000
49835  -51.962  -26.711  57.144 0.0000000000
49836  -52.751  -26.896  57.283 0.0000000000
50810  -54.274  -26.327  58.833 0.0000000000
49812  -53.924  -26.792  58.296 0.0000000000
47979  -54.198  -28.686  58.814 0.0000000000
123702  -50.123  -43.068  67.762 0.0000000000
34810  -51.116  -44.003  66.603 0.0000000000
119934  -51.809  -43.171  66.391 0.0000000000
36485  -51.541  -41.491  65.307 0.0000000000
35700  -52.057  -42.680  65.640 0.0000000000
128477  -51.413  -42.423  64.790 0.0000000000
35712  -50.905  -43.347  64.057 0.0000000000
122675  -50.736  -42.071  63.931 0.0000000000
39180  -44.486  -38.212  62.800 0.0000000000
39197  -44.143  -38.711  61.978 0.0000000000
39209  -43.016  -38.909  59.677 0.0000000000
39204  -43.447  -38.881  60.270 0.0000000000
38291  -43.519  -39.623  59.473 0.0000000000
38296  -42.400  -39.902  58.249 0.0000000000
45352  -42.885  -31.704  58.117 0.0000000000
137802  -42.199  -31.897  57.909 0.0000000000
51620  -56.794  -24.006  65.026 0.0000000000
50721  -57.200  -24.763  64.581 0.0000000000
50724  -58.555  -25.850  64.817 0.0000000000
49726  -58.043  -26.506  65.193 0.0000000000
48819  -58.592  -27.222  64.556 0.0000000000
139581  -59.189  -28.332  63.734 0.0000000000
48827  -59.484  -27.680  63.715 0.0000000000
54333  -57.830  -21.177  58.609 0.0000000000
53455  -58.007  -21.826  58.832 0.0000000000
52563  -58.173  -23.323  58.749 0.0000000000
136862  -58.520  -24.063  58.966 0.0000000000
121344  -57.622  -24.003  58.349 0.0000000000
125638  -56.894  -24.736  57.699 0.0000000000
50811  -57.133  -25.653  58.146 0.0000000000
123633  -56.578  -27.084  58.266 0.0000000000
50830  -55.762  -25.081  55.577 0.0000000000
49855  -55.815  -26.323  55.718 0.0000000000
49861  -55.926  -26.002  54.938 0.0000000000
53491  -60.034  -22.761  54.489 0.0000000000
35577  -31.211  -42.908  75.998 0.0000000000
116908  -31.092  -42.807  75.132 0.0000000000
34742  -31.707  -43.664  72.202 0.0000000000
117416  -31.153  -43.174  72.765 0.0000000000
35626  -31.061  -43.123  70.823 0.0000000000
34771  -31.315  -43.855  70.104 0.0000000000
33955  -35.245  -44.149  65.784 0.0000000000
33954  -34.396  -44.239  65.709 0.0000000000
34821  -34.763  -43.702  65.028 0.0000000000
34856  -35.103  -43.365  63.209 0.0000000000
34837  -34.311  -43.516  64.190 0.0000000000
34872  -34.431  -43.424  62.196 0.0000000000
131294  -36.267  -44.309  62.059 0.0000000000
33994  -35.420  -44.249  61.765 0.0000000000
35732  -46.170  -42.092  63.395 0.0000000000
36510  -45.370  -41.581  63.436 0.0000000000
35731  -43.979  -41.625  63.085 0.0000000000
36507  -42.683  -41.294  63.632 0.0000000000
35730  -43.281  -41.741  63.157 0.0000000000
46180  -45.367  -30.203  58.689 0.0000000000
47038  -45.923  -29.755  59.199 0.0000000000
136271  -46.317  -29.162  59.732 0.0000000000
129751  -46.793  -28.636  60.231 0.0000000000
47965  -47.288  -28.015  59.904 0.0000000000
47955  -47.472  -28.209  60.704 0.0000000000
47925  -46.517  -28.650  63.666 0.0000000000
47933  -46.633  -28.700  62.720 0.0000000000
48834  -48.656  -27.217  62.573 0.0000000000
130899  -48.564  -27.228  61.847 0.0000000000
48844  -48.109  -27.564  61.199 0.0000000000
48845  -48.862  -27.028  61.386 0.0000000000
49770  -49.115  -26.880  60.870 0.0000000000
129598  -50.377  -26.539  62.142 0.0000000000
49740  -50.765  -26.774  62.814 0.0000000000
49741  -51.523  -26.544  62.714 0.0000000000
38215  -46.143  -38.965  67.017 0.0000000000
39127  -46.940  -38.029  67.189 0.0000000000
130305  -47.857  -36.453  66.687 0.0000000000
41032  -48.749  -35.983  66.312 0.0000000000
40101  -49.366  -36.528  65.496 0.0000000000
41052  -48.844  -36.100  65.192 0.0000000000
42810  -45.600  -34.421  65.995 0.0000000000
41042  -45.282  -35.381  66.115 0.0000000000
123736  -46.796  -35.456  63.936 0.0000000000
41050  -47.565  -35.644  64.413 0.0000000000
40110  -47.394  -36.596  64.266 0.0000000000
41060  -46.572  -36.438  63.834 0.0000000000
40123  -45.560  -37.198  63.458 0.0000000000
41962  -43.628  -35.934  62.260 0.0000000000
41066  -44.172  -36.440  62.773 0.0000000000
41080  -42.952  -36.243  61.843 0.0000000000
41079  -42.518  -36.588  61.332 0.0000000000
41970  -42.602  -35.770  61.211 0.0000000000
42851  -43.459  -34.244  60.990 0.0000000000
43714  -42.658  -33.653  60.098 0.0000000000
43715  -43.345  -33.648  60.411 0.0000000000
44534  -45.804  -32.652  62.436 0.0000000000
43731  -43.976  -33.040  60.093 0.0000000000
44571  -44.437  -32.332  59.749 0.0000000000
44588  -43.270  -32.175  58.764 0.0000000000
45355  -45.041  -30.878  59.036 0.0000000000
129244  -56.611  -20.743  54.546 0.0000000000
140494  -56.955  -20.782  53.988 0.0000000000
54387  -57.627  -20.334  53.699 0.0000000000
54388  -59.473  -20.793  53.662 0.0000000000
127928  -33.782  -47.193  72.741 0.0000000000
138461  -33.258  -46.454  72.318 0.0000000000
32106  -35.223  -46.746  70.292 0.0000000000
121253  -34.315  -46.692  69.824 0.0000000000
32139  -33.679  -46.440  68.733 0.0000000000
32141  -35.138  -46.907  68.209 0.0000000000
119158  -38.087  -46.420  70.088 0.0000000000
32123  -37.472  -46.356  69.283 0.0000000000
124938  -36.979  -46.613  66.701 0.0000000000
32157  -36.911  -46.969  67.546 0.0000000000
33019  -35.944  -46.632  66.884 0.0000000000
33039  -36.431  -45.792  66.505 0.0000000000
137101  -37.074  -43.539  66.007 0.0000000000
116236  -37.279  -42.645  64.838 0.0000000000
47988  -45.575  -29.199  57.689 0.0000000000
47989  -46.057  -28.381  57.622 0.0000000000
48895  -46.862  -27.778  56.410 0.0000000000
47996  -46.266  -28.407  56.607 0.0000000000
118293  -49.447  -26.283  57.638 0.0000000000
49832  -48.685  -26.514  57.301 0.0000000000
49851  -49.545  -26.613  56.628 0.0000000000
47991  -52.439  -28.627  57.480 0.0000000000
47062  -52.372  -29.387  58.021 0.0000000000
46182  -52.271  -30.745  58.907 0.0000000000
44591  -52.120  -32.909  58.854 0.0000000000
44574  -52.953  -32.831  60.160 0.0000000000
44592  -52.618  -33.043  59.331 0.0000000000
32125  -44.902  -46.509  69.263 0.0000000000
131374  -44.505  -46.367  69.416 0.0000000000
33001  -45.588  -45.760  68.794 0.0000000000
34799  -47.072  -44.226  67.526 0.0000000000
34791  -46.389  -44.388  68.189 0.0000000000
128528  -46.832  -43.434  67.017 0.0000000000
33053  -51.163  -46.227  64.799 0.0000000000
33051  -50.033  -45.989  65.353 0.0000000000
34823  -47.212  -42.916  65.370 0.0000000000
35711  -47.340  -42.782  64.458 0.0000000000
35710  -46.566  -42.397  64.044 0.0000000000
35734  -47.315  -42.715  63.384 0.0000000000
34879  -47.561  -43.957  60.705 0.0000000000
117769  -46.949  -43.036  61.678 0.0000000000
35766  -46.839  -44.138  60.587 0.0000000000
39131  -50.671  -38.320  66.019 0.0000000000
38232  -51.256  -38.974  65.757 0.0000000000
39150  -50.972  -38.251  64.802 0.0000000000
38278  -49.541  -39.959  62.808 0.0000000000
37329  -49.703  -40.721  62.385 0.0000000000
38275  -46.663  -39.488  62.479 0.0000000000
38284  -46.274  -39.952  61.724 0.0000000000
37335  -46.818  -40.798  61.110 0.0000000000
36521  -47.518  -41.940  60.341 0.0000000000
36522  -48.456  -42.285  60.604 0.0000000000
35773  -48.383  -43.636  59.404 0.0000000000
34914  -48.447  -44.075  59.487 0.0000000000
35783  -47.717  -44.132  58.693 0.0000000000
35782  -45.829  -43.437  58.603 0.0000000000
122815  -46.887  -44.090  58.736 0.0000000000
34921  -45.251  -43.627  58.918 0.0000000000
123919  -41.073  -35.328  59.377 0.0000000000
42019  -40.624  -35.790  58.820 0.0000000000
35565  -30.987  -43.175  76.819 0.0000000000
32918  -34.945  -45.998  75.576 0.0000000000
30362  -38.361  -48.973  72.425 0.0000000000
116783  -43.843  -47.210  70.556 0.0000000000
31245  -44.693  -46.963  71.002 0.0000000000
139195  -47.442  -45.608  69.439 0.0000000000
33891  -47.476  -44.724  70.390 0.0000000000
35630  -47.436  -42.071  70.962 0.0000000000
34759  -47.356  -43.141  71.148 0.0000000000
139026  -47.732  -42.685  70.765 0.0000000000
34774  -48.005  -43.301  70.539 0.0000000000
34784  -48.721  -43.336  69.939 0.0000000000
35654  -49.074  -42.830  69.436 0.0000000000
37244  -46.935  -40.671  70.553 0.0000000000
36444  -47.748  -41.654  69.409 0.0000000000
37256  -47.258  -41.099  69.580 0.0000000000
36466  -47.982  -41.273  67.773 0.0000000000
37255  -46.763  -40.586  69.657 0.0000000000
38188  -45.574  -39.512  70.121 0.0000000000
119213  -45.049  -39.036  70.542 0.0000000000
39088  -44.987  -38.859  69.452 0.0000000000
40062  -44.802  -38.154  70.269 0.0000000000
40051  -44.851  -37.102  70.464 0.0000000000
40995  -45.020  -36.173  70.641 0.0000000000
138698  -44.610  -35.709  70.066 0.0000000000
46092  -44.632  -30.805  68.929 0.0000000000
122382  -45.736  -28.702  68.981 0.0000000000
47876  -45.947  -28.939  68.068 0.0000000000
137512  -46.393  -28.519  68.514 0.0000000000
47878  -47.990  -27.910  68.355 0.0000000000
47888  -48.570  -27.942  67.472 0.0000000000
47900  -48.585  -28.101  66.835 0.0000000000
47889  -48.865  -27.911  67.073 0.0000000000
48788  -50.352  -27.387  67.625 0.0000000000
48778  -49.849  -27.428  68.215 0.0000000000
48796  -49.949  -27.659  66.721 0.0000000000
48805  -50.237  -27.545  66.048 0.0000000000
139324  -50.875  -27.241  65.970 0.0000000000
49724  -51.413  -26.769  65.286 0.0000000000
119516  -52.431  -26.346  64.256 0.0000000000
49732  -52.128  -26.438  63.446 0.0000000000
130767  -55.191  -24.544  67.190 0.0000000000
50690  -53.941  -25.496  66.945 0.0000000000
50736  -54.693  -24.692  63.920 0.0000000000
50754  -53.646  -24.944  63.050 0.0000000000
117249  -54.008  -25.178  60.952 0.0000000000
50770  -54.714  -25.072  61.713 0.0000000000
49774  -56.585  -26.192  61.025 0.0000000000
49773  -55.880  -26.361  60.315 0.0000000000
48855  -55.773  -27.008  59.961 0.0000000000
124383  -55.804  -27.850  59.928 0.0000000000
48848  -57.679  -27.193  62.838 0.0000000000
46146  -56.490  -30.933  61.932 0.0000000000
46145  -55.293  -30.766  61.464 0.0000000000
47029  -55.096  -30.013  60.721 0.0000000000
45326  -54.415  -31.543  61.949 0.0000000000
46155  -53.673  -31.554  61.396 0.0000000000
45308  -54.091  -32.432  61.999 0.0000000000
136744  -56.228  -34.468  60.864 0.0000000000
43719  -55.385  -33.974  61.467 0.0000000000
125815  -55.347  -33.792  59.373 0.0000000000
42863  -56.505  -34.772  59.142 0.0000000000
130021  -59.817  -25.599  61.338 0.0000000000
50773  -59.754  -25.500  61.863 0.0000000000
48839  -60.605  -27.627  61.784 0.0000000000
47015  -60.244  -28.968  62.072 0.0000000000
47947  -60.059  -28.819  61.489 0.0000000000
49795  -58.784  -26.490  59.775 0.0000000000
46172  -57.432  -31.172  59.779 0.0000000000
45327  -57.932  -31.661  60.493 0.0000000000
46158  -58.560  -31.490  61.404 0.0000000000
45328  -58.125  -32.457  60.779 0.0000000000
43705  -58.408  -34.131  60.122 0.0000000000
44577  -58.430  -33.456  59.721 0.0000000000
121029  -58.487  -33.020  56.876 0.0000000000
43762  -59.099  -33.720  57.113 0.0000000000
43780  -58.202  -33.394  56.887 0.0000000000
129256  -57.980  -34.029  57.096 0.0000000000
43779  -57.165  -33.399  56.711 0.0000000000
133231  -56.636  -33.125  56.134 0.0000000000
45382  -56.431  -31.973  55.579 0.0000000000
45393  -56.077  -31.141  55.293 0.0000000000
133877  -55.636  -29.808  54.492 0.0000000000
54358  -55.828  -22.013  54.973 0.0000000000
53474  -55.724  -22.627  55.133 0.0000000000
127833  -56.335  -25.474  54.559 0.0000000000
51712  -59.120  -24.572  54.516 0.0000000000
51711  -57.925  -24.536  54.450 0.0000000000
120409  -29.629  -42.899  73.814 0.0000000000
35588  -29.241  -43.392  74.368 0.0000000000
35606  -28.829  -42.629  73.261 0.0000000000
118620  -28.023  -42.658  70.289 0.0000000000
35636  -27.768  -42.761  71.252 0.0000000000
34795  -27.153  -42.971  68.087 0.0000000000
36469  -27.940  -41.838  66.445 0.0000000000
35685  -27.454  -42.289  66.616 0.0000000000
35705  -27.192  -42.255  64.821 0.0000000000
126458  -27.436  -42.091  64.034 0.0000000000
135825  -31.802  -46.292  71.235 0.0000000000
32962  -32.042  -45.669  71.578 0.0000000000
33913  -31.880  -44.548  67.901 0.0000000000
33902  -31.487  -44.686  68.773 0.0000000000
141107  -31.309  -44.300  68.062 0.0000000000
34789  -30.947  -44.080  68.438 0.0000000000
34797  -30.993  -43.888  67.663 0.0000000000
34819  -33.274  -43.891  65.191 0.0000000000
33952  -33.073  -44.172  65.866 0.0000000000
120506  -32.585  -43.806  65.358 0.0000000000
127515  -31.125  -42.734  64.205 0.0000000000
35697  -31.272  -43.194  64.994 0.0000000000
35696  -30.507  -42.982  65.514 0.0000000000
122365  -30.557  -43.153  66.339 0.0000000000
35695  -29.863  -42.452  65.178 0.0000000000
33092  -34.334  -45.129  61.184 0.0000000000
33091  -33.595  -44.873  60.827 0.0000000000
132406  -43.436  -44.224  69.418 0.0000000000
115854  -42.836  -44.564  69.547 0.0000000000
132332  -42.910  -43.689  69.176 0.0000000000
132851  -42.852  -42.753  67.993 0.0000000000
132245  -42.325  -43.302  68.524 0.0000000000
132831  -41.604  -43.289  67.732 0.0000000000
115703  -40.893  -43.786  67.793 0.0000000000
115224  -40.868  -42.918  67.311 0.0000000000
36483  -43.640  -40.613  65.699 0.0000000000
117478  -42.769  -40.618  65.574 0.0000000000
116093  -41.063  -41.337  65.980 0.0000000000
116438  -40.701  -41.984  66.715 0.0000000000
132475  -39.734  -42.024  66.389 0.0000000000
133441  -39.472  -41.590  65.690 0.0000000000
115228  -38.984  -41.425  64.125 0.0000000000
115953  -38.893  -41.353  65.031 0.0000000000
35726  -38.243  -41.921  63.527 0.0000000000
33970  -42.131  -44.372  64.174 0.0000000000
34860  -41.941  -43.304  63.476 0.0000000000
33985  -38.609  -44.015  62.749 0.0000000000
133297  -45.631  -29.215  66.098 0.0000000000
47898  -46.659  -28.703  66.742 0.0000000000
45251  -43.966  -31.811  67.579 0.0000000000
44467  -43.970  -32.411  66.946 0.0000000000
45262  -44.399  -31.461  65.949 0.0000000000
45272  -44.942  -31.349  65.241 0.0000000000
46115  -45.143  -30.592  65.086 0.0000000000
140703  -52.686  -33.230  57.966 0.0000000000
118932  -54.264  -33.371  55.649 0.0000000000
115189  -40.446  -47.520  71.623 0.0000000000
116354  -39.912  -46.838  71.088 0.0000000000
115197  -41.442  -45.564  69.762 0.0000000000
50792  -51.132  -25.860  60.166 0.0000000000
50793  -51.881  -25.526  59.563 0.0000000000
50808  -52.967  -25.755  58.432 0.0000000000
50796  -54.185  -25.709  59.299 0.0000000000
35678  -49.717  -42.100  67.314 0.0000000000
35690  -51.696  -42.480  66.417 0.0000000000
36475  -50.614  -41.621  66.648 0.0000000000
37294  -51.475  -40.980  65.844 0.0000000000
37305  -51.548  -40.681  65.479 0.0000000000
40157  -43.043  -37.745  61.735 0.0000000000
141376  -43.575  -38.360  61.673 0.0000000000
39203  -42.760  -38.252  60.142 0.0000000000
39208  -42.421  -38.585  59.417 0.0000000000
39213  -41.979  -39.060  58.722 0.0000000000
39207  -41.799  -38.179  59.103 0.0000000000
40183  -40.975  -38.048  57.830 0.0000000000
45362  -43.294  -31.146  57.666 0.0000000000
46194  -42.450  -30.585  56.183 0.0000000000
53454  -57.289  -22.247  57.927 0.0000000000
50823  -56.415  -25.644  57.198 0.0000000000
51695  -56.129  -24.926  56.578 0.0000000000
35579  -32.372  -42.573  74.913 0.0000000000
35590  -31.978  -42.830  73.904 0.0000000000
33865  -31.943  -44.308  71.888 0.0000000000
34873  -35.232  -43.600  62.208 0.0000000000
122627  -37.129  -44.504  62.420 0.0000000000
136079  -45.708  -30.668  60.092 0.0000000000
46167  -46.024  -29.980  60.057 0.0000000000
47919  -47.328  -28.055  64.268 0.0000000000
48813  -48.056  -27.625  63.875 0.0000000000
48823  -48.757  -27.344  63.449 0.0000000000
125115  -49.496  -27.071  63.078 0.0000000000
48824  -49.952  -27.165  63.806 0.0000000000
40088  -44.669  -37.580  66.949 0.0000000000
39126  -45.901  -38.171  66.861 0.0000000000
40089  -45.435  -37.514  66.615 0.0000000000
127138  -45.821  -36.792  66.432 0.0000000000
41031  -46.921  -36.199  66.434 0.0000000000
42812  -47.447  -33.928  65.270 0.0000000000
41963  -44.454  -35.592  62.501 0.0000000000
41972  -43.944  -35.139  61.944 0.0000000000
42839  -44.314  -34.364  61.564 0.0000000000
43700  -44.904  -33.702  61.518 0.0000000000
133282  -45.909  -31.678  62.809 0.0000000000
120199  -45.569  -32.530  61.540 0.0000000000
44548  -45.853  -31.741  62.033 0.0000000000
45306  -45.670  -31.853  61.038 0.0000000000
45324  -45.646  -31.214  60.496 0.0000000000
31230  -34.322  -48.058  72.938 0.0000000000
32082  -33.755  -47.562  72.307 0.0000000000
31239  -34.273  -47.886  72.168 0.0000000000
32093  -34.604  -47.400  71.320 0.0000000000
139388  -38.243  -45.775  68.239 0.0000000000
32143  -37.675  -46.414  68.028 0.0000000000
33000  -38.140  -46.071  67.295 0.0000000000
33020  -37.882  -46.091  66.645 0.0000000000
115208  -37.734  -44.905  66.702 0.0000000000
115212  -37.869  -43.750  66.572 0.0000000000
116148  -38.380  -42.794  66.303 0.0000000000
47977  -46.289  -28.184  58.592 0.0000000000
48874  -46.652  -27.496  58.036 0.0000000000
48888  -47.067  -27.353  57.132 0.0000000000
120459  -50.511  -26.791  56.516 0.0000000000
118904  -49.930  -27.141  55.950 0.0000000000
46168  -52.522  -31.406  59.558 0.0000000000
45342  -52.816  -32.028  60.302 0.0000000000
32146  -46.290  -45.893  68.812 0.0000000000
33002  -46.189  -45.773  68.629 0.0000000000
33003  -47.032  -45.588  68.344 0.0000000000
33918  -48.035  -45.165  67.293 0.0000000000
33990  -50.858  -45.119  63.793 0.0000000000
33958  -50.549  -45.710  64.057 0.0000000000
34863  -49.083  -43.291  63.042 0.0000000000
34862  -48.195  -43.003  62.872 0.0000000000
34899  -48.181  -44.437  59.682 0.0000000000
39149  -50.346  -37.951  64.604 0.0000000000
39163  -49.844  -38.613  64.112 0.0000000000
38257  -49.248  -39.346  63.437 0.0000000000
38277  -48.701  -39.834  62.622 0.0000000000
38288  -45.237  -40.073  60.638 0.0000000000
37334  -45.980  -40.434  60.915 0.0000000000
37341  -45.774  -40.824  59.855 0.0000000000
36526  -46.185  -42.011  59.065 0.0000000000
36531  -45.582  -42.595  58.471 0.0000000000
35793  -44.990  -42.693  58.374 0.0000000000
31233  -44.508  -46.759  71.717 0.0000000000
32084  -44.990  -46.173  71.868 0.0000000000
35641  -47.467  -41.644  70.551 0.0000000000
36435  -47.683  -41.775  70.053 0.0000000000
36434  -47.212  -41.095  70.720 0.0000000000
48775  -47.388  -27.610  69.699 0.0000000000
48776  -48.249  -27.542  69.284 0.0000000000
48789  -51.458  -27.130  68.262 0.0000000000
49711  -52.009  -26.941  67.660 0.0000000000
49720  -52.349  -26.386  66.051 0.0000000000
51595  -55.661  -24.171  66.475 0.0000000000
51594  -55.491  -24.509  66.683 0.0000000000
50705  -55.177  -24.890  66.202 0.0000000000
50756  -55.463  -24.907  62.522 0.0000000000
50772  -56.330  -25.673  61.478 0.0000000000
138380  -57.761  -29.489  63.143 0.0000000000
131069  -57.550  -29.141  62.307 0.0000000000
46147  -57.308  -30.642  62.709 0.0000000000
45310  -56.334  -31.788  62.894 0.0000000000
44536  -55.739  -32.401  63.013 0.0000000000
44550  -55.090  -32.871  62.579 0.0000000000
44551  -55.904  -33.145  63.097 0.0000000000
43720  -56.268  -34.228  61.688 0.0000000000
42853  -57.079  -34.705  60.774 0.0000000000
51652  -59.284  -23.569  61.374 0.0000000000
50785  -59.604  -24.607  60.954 0.0000000000
49776  -60.123  -26.441  61.126 0.0000000000
47981  -57.382  -28.061  59.237 0.0000000000
47968  -57.583  -28.850  59.725 0.0000000000
47042  -57.218  -29.657  59.318 0.0000000000
46171  -57.070  -30.590  58.956 0.0000000000
45343  -57.306  -31.516  58.957 0.0000000000
44576  -59.136  -33.452  58.272 0.0000000000
45358  -57.906  -32.278  58.057 0.0000000000
45366  -58.009  -32.375  57.078 0.0000000000
45375  -57.552  -32.328  56.649 0.0000000000
44608  -56.928  -32.513  56.102 0.0000000000
47077  -56.350  -28.998  55.319 0.0000000000
47104  -56.046  -29.222  54.148 0.0000000000
138421  -56.286  -22.982  54.517 0.0000000000
33844  -28.463  -43.954  74.097 0.0000000000
140125  -29.752  -42.459  72.283 0.0000000000
120434  -28.986  -42.379  72.546 0.0000000000
130038  -28.850  -42.497  70.093 0.0000000000
35651  -28.303  -42.592  69.403 0.0000000000
35660  -27.759  -42.641  68.631 0.0000000000
35672  -28.587  -41.823  66.968 0.0000000000
36470  -28.664  -41.757  66.155 0.0000000000
120620  -32.293  -45.980  69.150 0.0000000000
32986  -31.789  -46.344  69.848 0.0000000000
33015  -32.380  -45.195  68.496 0.0000000000
33931  -32.124  -44.195  67.068 0.0000000000
135942  -30.566  -42.257  63.755 0.0000000000
34889  -30.415  -42.871  61.238 0.0000000000
34016  -31.553  -44.172  60.580 0.0000000000
33102  -32.121  -44.877  60.494 0.0000000000
32201  -32.850  -45.558  60.591 0.0000000000
35664  -44.726  -42.929  68.374 0.0000000000
130104  -44.033  -42.878  68.694 0.0000000000
35676  -44.296  -42.438  67.969 0.0000000000
35675  -43.385  -42.420  67.464 0.0000000000
37302  -42.450  -40.581  64.884 0.0000000000
37301  -41.463  -40.879  65.034 0.0000000000
116453  -40.619  -41.288  65.320 0.0000000000
132363  -39.816  -41.377  65.082 0.0000000000
115979  -39.795  -41.378  64.327 0.0000000000
33987  -40.801  -44.266  63.566 0.0000000000
46135  -45.852  -30.284  62.787 0.0000000000
47918  -46.611  -28.547  64.536 0.0000000000
47910  -48.641  -28.030  65.777 0.0000000000
41908  -43.951  -34.956  67.598 0.0000000000
41915  -44.171  -34.809  66.730 0.0000000000
42801  -44.644  -34.334  66.234 0.0000000000
131447  -44.218  -32.914  66.462 0.0000000000
43660  -45.230  -33.597  65.773 0.0000000000
130904  -46.674  -33.450  65.475 0.0000000000
119043  -47.314  -33.346  64.873 0.0000000000
128229  -47.166  -33.349  64.262 0.0000000000
43679  -46.612  -33.288  63.617 0.0000000000
43687  -45.835  -33.377  62.866 0.0000000000
45284  -46.049  -32.025  63.470 0.0000000000
43800  -53.564  -33.361  54.497 0.0000000000
136069  -37.898  -48.464  72.140 0.0000000000
31242  -37.408  -47.519  71.798 0.0000000000
31255  -37.844  -46.893  71.046 0.0000000000
116018  -39.515  -46.382  70.226 0.0000000000
131119  -38.793  -46.257  69.974 0.0000000000
132077  -38.785  -45.449  68.739 0.0000000000
132192  -39.173  -44.902  68.302 0.0000000000
133676  -39.559  -44.441  67.840 0.0000000000
116520  -49.102  -26.530  59.260 0.0000000000
137382  -49.424  -26.256  58.480 0.0000000000
50805  -50.036  -26.039  58.128 0.0000000000
50806  -50.559  -25.882  58.687 0.0000000000
50820  -50.804  -26.046  57.837 0.0000000000
49853  -51.297  -26.992  56.639 0.0000000000
48900  -51.267  -27.639  56.541 0.0000000000
47998  -51.165  -28.549  56.661 0.0000000000
47999  -51.934  -28.062  56.908 0.0000000000
47992  -53.328  -28.094  57.689 0.0000000000
49811  -53.269  -26.445  57.902 0.0000000000
48890  -53.423  -27.253  57.637 0.0000000000
47978  -53.635  -28.571  58.326 0.0000000000
33906  -49.786  -44.884  67.687 0.0000000000
33024  -49.712  -45.374  66.770 0.0000000000
33920  -50.429  -44.895  66.801 0.0000000000
33939  -51.254  -45.188  66.026 0.0000000000
33054  -51.453  -45.701  64.535 0.0000000000
35691  -52.251  -42.951  66.029 0.0000000000
34825  -51.947  -43.761  65.396 0.0000000000
33974  -51.354  -45.364  64.066 0.0000000000
35736  -50.345  -42.970  63.196 0.0000000000
127266  -49.856  -42.569  62.605 0.0000000000
39182  -46.204  -38.782  63.046 0.0000000000
38282  -44.606  -39.410  61.227 0.0000000000
39196  -43.885  -38.840  61.066 0.0000000000
38287  -44.644  -39.871  60.362 0.0000000000
38292  -44.285  -40.120  59.624 0.0000000000
37345  -43.856  -40.538  58.719 0.0000000000
37351  -43.459  -40.932  57.910 0.0000000000
37358  -42.259  -40.401  57.529 0.0000000000
38299  -41.663  -39.972  57.166 0.0000000000
44586  -41.667  -32.525  58.065 0.0000000000
44597  -40.987  -32.447  57.294 0.0000000000
45370  -40.984  -31.925  56.627 0.0000000000
125930  -41.387  -31.386  56.283 0.0000000000
50738  -56.749  -25.033  64.155 0.0000000000
50739  -57.348  -25.743  64.380 0.0000000000
48838  -57.696  -27.782  64.557 0.0000000000
48818  -57.725  -27.438  64.998 0.0000000000
47936  -58.024  -28.520  63.835 0.0000000000
47927  -58.259  -29.014  63.566 0.0000000000
47003  -58.272  -29.762  63.369 0.0000000000
46138  -58.743  -30.812  62.859 0.0000000000
124556  -58.735  -22.973  59.357 0.0000000000
52550  -59.195  -23.544  59.706 0.0000000000
51679  -58.486  -24.965  59.111 0.0000000000
49816  -58.025  -25.800  59.000 0.0000000000
49794  -57.809  -26.662  59.177 0.0000000000
48878  -57.232  -27.266  58.860 0.0000000000
47993  -56.316  -28.992  58.015 0.0000000000
128831  -56.143  -28.309  57.501 0.0000000000
48000  -55.933  -28.096  56.629 0.0000000000
49837  -56.034  -26.431  56.758 0.0000000000
50849  -59.657  -25.368  54.496 0.0000000000
134291  -30.440  -43.084  74.707 0.0000000000
117048  -30.471  -42.790  73.337 0.0000000000
35598  -31.153  -42.999  73.493 0.0000000000
35608  -30.469  -42.702  72.517 0.0000000000
35625  -30.288  -42.620  71.488 0.0000000000
35639  -30.357  -42.740  70.561 0.0000000000
141131  -30.164  -42.835  69.294 0.0000000000
33916  -34.103  -44.967  66.746 0.0000000000
33933  -33.566  -44.527  66.330 0.0000000000
135436  -34.105  -44.566  66.173 0.0000000000
133187  -33.576  -43.681  64.582 0.0000000000
34836  -33.618  -43.493  63.936 0.0000000000
34854  -33.288  -43.281  63.342 0.0000000000
34892  -33.811  -43.535  61.633 0.0000000000
35698  -45.766  -41.857  65.489 0.0000000000
36484  -45.127  -41.573  66.022 0.0000000000
127992  -45.086  -41.150  65.180 0.0000000000
37304  -44.283  -40.622  65.072 0.0000000000
36493  -43.969  -40.757  64.323 0.0000000000
36509  -44.448  -41.284  63.547 0.0000000000
36492  -43.013  -40.747  64.228 0.0000000000
46188  -44.440  -30.346  57.388 0.0000000000
136420  -44.862  -29.959  57.211 0.0000000000
47060  -45.145  -29.956  57.804 0.0000000000
47052  -46.180  -29.026  58.921 0.0000000000
47943  -46.819  -28.828  61.834 0.0000000000
47944  -47.451  -28.200  61.501 0.0000000000
48865  -48.368  -27.331  60.172 0.0000000000
124170  -48.748  -27.066  60.375 0.0000000000
49771  -49.765  -26.589  60.802 0.0000000000
48835  -49.982  -26.753  62.520 0.0000000000
119761  -50.416  -26.410  61.444 0.0000000000
38217  -47.288  -39.848  66.962 0.0000000000
38231  -49.722  -39.429  66.709 0.0000000000
38229  -48.153  -38.798  67.111 0.0000000000
39129  -48.921  -37.884  66.940 0.0000000000
40093  -49.574  -37.257  66.362 0.0000000000
40091  -47.648  -37.280  67.030 0.0000000000
40092  -48.667  -36.930  66.783 0.0000000000
40102  -49.820  -37.131  65.707 0.0000000000
40113  -49.853  -37.243  64.994 0.0000000000
40112  -49.099  -36.921  64.815 0.0000000000
40125  -47.407  -37.560  64.189 0.0000000000
126624  -44.746  -36.062  66.265 0.0000000000
41927  -47.347  -35.230  66.185 0.0000000000
41938  -47.554  -34.541  65.723 0.0000000000
41939  -48.213  -35.061  65.769 0.0000000000
41940  -48.588  -35.493  65.547 0.0000000000
41051  -48.252  -35.830  64.832 0.0000000000
39159  -45.848  -38.019  63.429 0.0000000000
39158  -45.141  -37.895  63.217 0.0000000000
41058  -44.781  -36.820  63.244 0.0000000000
40139  -43.947  -37.351  62.901 0.0000000000
40138  -43.250  -37.403  62.421 0.0000000000
40156  -42.602  -37.205  61.371 0.0000000000
122230  -42.273  -37.004  60.801 0.0000000000
41098  -41.850  -36.764  60.272 0.0000000000
41113  -41.401  -36.397  59.845 0.0000000000
41984  -41.769  -36.027  60.304 0.0000000000
42002  -41.568  -35.471  59.900 0.0000000000
42003  -41.985  -34.743  60.074 0.0000000000
41986  -42.877  -34.934  61.075 0.0000000000
42862  -42.063  -34.000  59.915 0.0000000000
43729  -42.367  -33.339  59.573 0.0000000000
43717  -45.118  -33.112  61.139 0.0000000000
44570  -42.802  -32.755  59.192 0.0000000000
45353  -43.675  -31.530  58.354 0.0000000000
45340  -44.758  -31.580  59.418 0.0000000000
45363  -44.074  -30.960  57.909 0.0000000000
54370  -56.167  -21.754  54.680 0.0000000000
139829  -57.907  -19.758  53.550 0.0000000000
54372  -58.405  -21.938  53.978 0.0000000000
131780  -59.304  -22.449  54.254 0.0000000000
54374  -60.212  -22.136  54.323 0.0000000000
54389  -60.483  -21.277  53.953 0.0000000000
33854  -33.703  -44.872  73.298 0.0000000000
32947  -33.117  -45.413  72.412 0.0000000000
32963  -32.484  -46.373  71.737 0.0000000000
32091  -31.989  -46.787  71.112 0.0000000000
129447  -33.628  -47.389  71.688 0.0000000000
32092  -32.834  -47.126  71.200 0.0000000000
32103  -32.311  -46.915  70.280 0.0000000000
32987  -32.721  -46.592  69.368 0.0000000000
32999  -33.868  -46.116  68.011 0.0000000000
32095  -36.872  -46.976  71.135 0.0000000000
32107  -36.370  -46.699  70.320 0.0000000000
32122  -36.085  -46.649  69.343 0.0000000000
119686  -36.814  -46.697  68.552 0.0000000000
32142  -35.949  -47.090  68.077 0.0000000000
32155  -35.424  -46.901  67.547 0.0000000000
33018  -34.667  -46.291  67.544 0.0000000000
33037  -34.713  -45.582  67.041 0.0000000000
33936  -36.807  -44.584  66.488 0.0000000000
34822  -36.158  -43.900  65.896 0.0000000000
47066  -45.275  -29.379  56.231 0.0000000000
48002  -45.915  -28.887  55.929 0.0000000000
48010  -46.211  -28.734  55.047 0.0000000000
49808  -48.039  -26.746  57.973 0.0000000000
49831  -47.867  -26.880  56.984 0.0000000000
48898  -49.122  -27.083  55.946 0.0000000000
48897  -48.236  -27.241  56.028 0.0000000000
48908  -47.539  -27.749  55.635 0.0000000000
46190  -51.919  -30.101  58.340 0.0000000000
115194  -43.041  -46.608  70.270 0.0000000000
117390  -43.717  -46.210  69.787 0.0000000000
32988  -44.359  -45.480  69.452 0.0000000000
34783  -44.718  -43.755  68.848 0.0000000000
33904  -45.968  -45.185  68.576 0.0000000000
122896  -45.597  -44.325  68.643 0.0000000000
35665  -45.478  -43.492  68.263 0.0000000000
120803  -45.546  -42.357  67.147 0.0000000000
33040  -49.517  -45.516  66.260 0.0000000000
33938  -49.325  -45.336  65.894 0.0000000000
33937  -48.470  -44.674  66.399 0.0000000000
33956  -48.923  -44.393  65.376 0.0000000000
34824  -47.802  -43.832  65.806 0.0000000000
34808  -47.014  -43.185  66.269 0.0000000000
35699  -46.410  -42.436  65.885 0.0000000000
140669  -46.922  -42.663  62.637 0.0000000000
134110  -46.439  -42.458  62.550 0.0000000000
136705  -45.098  -43.393  60.368 0.0000000000
117611  -50.786  -39.695  66.297 0.0000000000
136338  -51.606  -39.592  65.176 0.0000000000
37310  -51.319  -39.965  64.628 0.0000000000
39164  -50.568  -38.675  64.331 0.0000000000
38259  -50.549  -39.582  64.078 0.0000000000
37322  -50.426  -40.782  63.874 0.0000000000
37330  -50.070  -40.968  62.832 0.0000000000
36517  -49.765  -41.792  62.227 0.0000000000
35768  -49.349  -42.294  61.572 0.0000000000
38276  -47.633  -39.685  62.568 0.0000000000
37327  -48.180  -40.353  61.889 0.0000000000
37337  -48.688  -41.254  61.383 0.0000000000
36523  -49.023  -42.293  61.090 0.0000000000
35767  -48.947  -42.995  61.074 0.0000000000
34900  -48.536  -43.642  60.328 0.0000000000
34912  -47.746  -44.810  59.225 0.0000000000
34923  -47.533  -44.679  58.887 0.0000000000
34897  -46.917  -44.748  59.519 0.0000000000
35772  -45.815  -44.001  59.548 0.0000000000
34911  -44.746  -43.483  59.792 0.0000000000
43755  -41.024  -33.023  57.893 0.0000000000
46966  -44.846  -29.844  67.970 0.0000000000
46953  -45.172  -29.132  69.365 0.0000000000
136357  -32.606  -42.601  75.796 0.0000000000
35580  -33.244  -42.999  75.431 0.0000000000
34720  -33.699  -43.667  74.717 0.0000000000
119536  -33.947  -43.588  75.621 0.0000000000
33845  -34.150  -44.492  74.276 0.0000000000
32073  -34.459  -46.583  73.645 0.0000000000
32060  -34.692  -47.367  74.332 0.0000000000
31223  -34.534  -48.227  73.879 0.0000000000
30346  -34.691  -48.823  73.498 0.0000000000
126345  -35.259  -49.246  73.169 0.0000000000
30359  -35.945  -49.236  72.681 0.0000000000
29489  -36.812  -49.843  73.029 0.0000000000
30360  -36.881  -49.502  72.675 0.0000000000
30361  -37.789  -49.158  72.352 0.0000000000
30373  -38.507  -48.618  72.205 0.0000000000
115918  -41.343  -47.492  71.671 0.0000000000
115188  -42.772  -47.325  70.994 0.0000000000
115187  -43.377  -47.161  70.451 0.0000000000
31270  -44.551  -46.803  69.757 0.0000000000
31271  -45.080  -46.637  69.489 0.0000000000
32096  -45.117  -46.566  71.205 0.0000000000
31259  -45.722  -46.629  69.894 0.0000000000
32127  -46.148  -46.224  69.419 0.0000000000
32128  -46.962  -45.920  69.237 0.0000000000
32129  -47.791  -45.627  68.833 0.0000000000
32989  -48.639  -45.375  68.602 0.0000000000
33892  -48.212  -44.320  70.072 0.0000000000
33898  -48.875  -44.489  69.345 0.0000000000
33899  -49.340  -44.787  68.558 0.0000000000
34792  -49.865  -43.971  68.350 0.0000000000
36445  -48.376  -42.208  69.371 0.0000000000
35666  -49.228  -42.361  68.066 0.0000000000
36467  -48.779  -41.658  67.580 0.0000000000
37279  -47.649  -40.604  67.306 0.0000000000
38177  -46.095  -39.900  70.764 0.0000000000
38189  -46.193  -40.059  69.610 0.0000000000
37278  -46.793  -40.456  67.713 0.0000000000
38216  -46.415  -39.705  67.288 0.0000000000
39101  -45.138  -38.897  68.264 0.0000000000
39100  -44.750  -38.362  68.561 0.0000000000
40061  -44.547  -37.371  69.402 0.0000000000
40071  -44.486  -37.662  68.251 0.0000000000
41011  -44.231  -36.660  68.534 0.0000000000
129392  -44.254  -35.758  69.194 0.0000000000
41903  -44.464  -35.005  69.783 0.0000000000
42756  -45.239  -34.160  71.221 0.0000000000
42755  -44.681  -34.229  70.353 0.0000000000
42770  -44.281  -34.212  69.356 0.0000000000
43624  -44.156  -33.541  68.977 0.0000000000
137885  -44.464  -31.459  68.978 0.0000000000
46967  -45.403  -29.403  67.653 0.0000000000
47885  -46.021  -29.002  67.243 0.0000000000
47899  -47.619  -28.421  66.852 0.0000000000
122394  -48.875  -27.980  66.370 0.0000000000
47911  -49.223  -27.881  66.076 0.0000000000
48763  -48.572  -27.001  70.481 0.0000000000
48764  -50.283  -27.069  69.445 0.0000000000
48786  -49.085  -27.710  67.682 0.0000000000
48804  -49.727  -27.614  65.552 0.0000000000
48817  -50.939  -26.939  64.341 0.0000000000
49731  -51.297  -26.793  63.481 0.0000000000
134155  -52.277  -25.886  61.918 0.0000000000
50680  -53.620  -25.962  67.701 0.0000000000
50689  -53.079  -25.963  66.721 0.0000000000
50703  -53.077  -25.768  65.916 0.0000000000
50719  -54.230  -25.172  65.319 0.0000000000
50718  -53.183  -25.694  64.925 0.0000000000
50734  -52.794  -25.955  63.975 0.0000000000
50753  -52.820  -25.700  63.234 0.0000000000
117709  -52.863  -25.510  62.339 0.0000000000
117400  -52.930  -25.514  61.373 0.0000000000
133849  -54.682  -25.615  59.840 0.0000000000
50784  -55.793  -25.733  60.766 0.0000000000
50797  -55.311  -25.859  60.032 0.0000000000
49792  -54.852  -26.302  59.383 0.0000000000
48867  -55.271  -27.267  59.426 0.0000000000
47966  -54.735  -28.852  59.452 0.0000000000
47040  -54.351  -29.815  60.196 0.0000000000
49743  -56.924  -25.615  63.387 0.0000000000
122651  -57.002  -27.815  61.043 0.0000000000
47945  -57.064  -28.829  61.289 0.0000000000
47956  -56.350  -28.406  60.528 0.0000000000
45325  -53.415  -32.412  61.012 0.0000000000
44575  -53.613  -33.153  60.670 0.0000000000
44549  -54.632  -33.295  61.911 0.0000000000
43718  -54.483  -33.547  61.067 0.0000000000
43733  -54.433  -33.517  60.079 0.0000000000
43761  -55.822  -33.709  57.365 0.0000000000
47937  -60.005  -28.895  62.749 0.0000000000
46139  -59.246  -30.151  62.422 0.0000000000
131318  -58.648  -31.717  62.197 0.0000000000
50799  -59.467  -25.059  60.267 0.0000000000
132888  -59.620  -26.735  60.568 0.0000000000
47959  -59.886  -28.172  60.935 0.0000000000
47957  -58.358  -28.928  60.480 0.0000000000
119891  -58.967  -28.329  60.599 0.0000000000
47958  -59.308  -28.994  61.012 0.0000000000
133817  -58.851  -30.563  61.354 0.0000000000
45311  -58.314  -32.258  61.677 0.0000000000
134905  -57.975  -33.924  61.154 0.0000000000
42841  -58.015  -34.614  60.511 0.0000000000
42865  -58.334  -35.001  59.473 0.0000000000
43751  -59.480  -33.987  58.147 0.0000000000
42881  -58.595  -34.809  58.474 0.0000000000
42880  -57.699  -34.775  58.162 0.0000000000
43750  -56.675  -34.150  57.834 0.0000000000
43778  -55.958  -33.513  56.369 0.0000000000
45381  -55.707  -32.681  55.291 0.0000000000
44618  -56.369  -32.822  55.675 0.0000000000
44628  -55.118  -32.228  54.869 0.0000000000
124844  -56.712  -29.886  56.743 0.0000000000
46203  -56.513  -30.230  55.516 0.0000000000
140450  -56.477  -29.576  55.469 0.0000000000
46211  -54.555  -31.061  54.258 0.0000000000
52589  -55.725  -23.387  55.448 0.0000000000
135886  -55.726  -24.622  55.090 0.0000000000
50839  -55.841  -25.212  54.922 0.0000000000
50847  -57.279  -25.347  54.279 0.0000000000
120220  -57.957  -26.105  54.020 0.0000000000
133243  -56.981  -26.250  54.098 0.0000000000
35596  -28.080  -43.155  73.170 0.0000000000
131563  -28.308  -42.616  72.703 0.0000000000
34804  -26.730  -43.310  66.794 0.0000000000
35670  -27.156  -42.727  67.215 0.0000000000
35684  -26.976  -42.738  66.353 0.0000000000
32946  -32.414  -44.870  72.090 0.0000000000
33877  -31.834  -44.873  71.373 0.0000000000
33890  -31.509  -44.894  70.553 0.0000000000
32974  -31.272  -45.818  70.233 0.0000000000
33896  -31.306  -44.902  69.715 0.0000000000
135881  -30.942  -43.649  69.509 0.0000000000
34780  -30.606  -43.458  68.951 0.0000000000
33932  -32.900  -44.380  66.645 0.0000000000
34834  -32.087  -43.519  64.893 0.0000000000
34818  -31.783  -43.593  65.669 0.0000000000
34806  -31.346  -43.709  66.686 0.0000000000
34796  -30.589  -43.240  67.227 0.0000000000
35674  -30.012  -42.623  67.766 0.0000000000
36481  -29.315  -41.992  65.713 0.0000000000
36489  -28.417  -41.786  64.677 0.0000000000
35723  -29.162  -41.724  63.418 0.0000000000
36502  -28.196  -41.784  63.787 0.0000000000
34005  -33.409  -43.994  61.017 0.0000000000
116189  -42.800  -45.551  70.039 0.0000000000
136327  -42.122  -45.025  69.602 0.0000000000
132243  -41.391  -44.634  69.139 0.0000000000
132059  -40.741  -44.388  68.470 0.0000000000
132244  -40.187  -44.154  67.831 0.0000000000
36472  -43.784  -41.326  66.311 0.0000000000
36463  -43.159  -41.938  66.753 0.0000000000
132177  -42.291  -41.726  66.688 0.0000000000
139786  -42.000  -41.084  65.959 0.0000000000
115777  -41.659  -42.374  67.152 0.0000000000
115921  -39.179  -42.783  66.721 0.0000000000
115229  -38.205  -42.056  65.311 0.0000000000
135215  -37.735  -42.398  65.121 0.0000000000
116299  -37.639  -42.087  63.965 0.0000000000
116401  -37.519  -42.466  63.234 0.0000000000
34878  -43.409  -42.687  62.227 0.0000000000
34877  -42.930  -43.073  62.769 0.0000000000
35728  -41.757  -42.239  63.287 0.0000000000
124369  -40.055  -41.904  63.344 0.0000000000
131818  -40.078  -43.657  63.208 0.0000000000
35750  -38.660  -42.408  63.016 0.0000000000
34875  -37.425  -42.916  62.731 0.0000000000
33997  -37.640  -43.691  62.528 0.0000000000
31244  -44.161  -47.168  71.179 0.0000000000
31257  -44.347  -47.079  70.383 0.0000000000
31269  -43.939  -47.105  69.997 0.0000000000
32104  -33.248  -47.083  70.156 0.0000000000
32108  -46.009  -46.392  70.089 0.0000000000
32120  -34.391  -46.642  68.853 0.0000000000
32126  -45.486  -46.324  69.185 0.0000000000
32144  -44.931  -45.858  69.011 0.0000000000
32147  -47.123  -45.675  68.584 0.0000000000
32977  -47.133  -45.589  70.017 0.0000000000
32978  -47.778  -45.226  69.718 0.0000000000
33025  -50.545  -45.690  66.209 0.0000000000
33042  -50.939  -46.109  65.578 0.0000000000
33043  -51.442  -45.779  65.250 0.0000000000
33052  -50.642  -46.335  64.920 0.0000000000
33066  -51.015  -46.207  64.143 0.0000000000
33897  -44.197  -44.463  69.382 0.0000000000
33905  -46.635  -45.418  68.338 0.0000000000
33959  -51.710  -44.856  65.271 0.0000000000
33975  -51.687  -44.782  64.687 0.0000000000
33989  -50.432  -44.997  63.765 0.0000000000
34790  -43.219  -43.000  68.767 0.0000000000
34840  -51.103  -44.476  63.972 0.0000000000
35589  -30.452  -42.949  74.011 0.0000000000
35623  -28.307  -42.475  71.918 0.0000000000
35624  -29.191  -42.354  71.657 0.0000000000
35680  -50.985  -43.165  66.938 0.0000000000
35687  -30.016  -42.561  66.881 0.0000000000
35694  -27.449  -42.187  65.821 0.0000000000
36424  -46.961  -41.041  71.198 0.0000000000
36453  -47.599  -41.334  68.607 0.0000000000
36476  -51.596  -41.686  66.103 0.0000000000
36477  -51.724  -41.698  65.803 0.0000000000
36480  -28.612  -41.802  65.402 0.0000000000
36488  -27.769  -41.921  64.486 0.0000000000
36503  -28.949  -41.736  64.203 0.0000000000
37266  -46.531  -40.447  68.763 0.0000000000
37267  -47.026  -40.854  68.702 0.0000000000
37311  -51.588  -40.459  65.024 0.0000000000
38203  -45.719  -39.373  67.761 0.0000000000
38204  -46.141  -39.991  68.295 0.0000000000
38233  -51.462  -40.013  65.812 0.0000000000
38240  -51.362  -38.714  65.116 0.0000000000
39114  -45.400  -38.754  67.316 0.0000000000
39125  -45.189  -38.165  66.943 0.0000000000
39130  -49.874  -38.228  66.520 0.0000000000
39137  -50.938  -38.219  65.411 0.0000000000
39147  -48.411  -37.688  64.378 0.0000000000
40094  -50.331  -37.706  65.887 0.0000000000
40137  -42.774  -37.026  62.021 0.0000000000
41043  -48.671  -35.469  66.014 0.0000000000
41044  -49.003  -35.867  65.869 0.0000000000
41909  -43.973  -35.789  68.032 0.0000000000
42792  -43.964  -34.179  67.328 0.0000000000
42800  -44.201  -34.073  66.734 0.0000000000
42813  -47.813  -34.530  65.190 0.0000000000
42840  -57.219  -34.246  61.519 0.0000000000
42864  -57.627  -35.203  59.312 0.0000000000
42866  -58.619  -34.548  59.499 0.0000000000
42882  -59.069  -34.505  58.692 0.0000000000
42893  -59.342  -34.199  57.806 0.0000000000
43703  -56.430  -33.714  62.440 0.0000000000
43704  -57.384  -33.615  62.010 0.0000000000
44456  -43.909  -32.572  67.648 0.0000000000
44552  -57.841  -32.958  61.779 0.0000000000
45261  -44.065  -31.615  66.766 0.0000000000
45296  -57.863  -31.733  63.109 0.0000000000
45297  -58.512  -31.473  62.743 0.0000000000
45309  -55.528  -31.615  62.269 0.0000000000
46107  -44.413  -30.261  67.348 0.0000000000
46128  -58.268  -30.546  63.224 0.0000000000
46129  -58.907  -30.124  63.112 0.0000000000
46136  -56.990  -31.383  62.889 0.0000000000
46137  -57.681  -31.139  63.124 0.0000000000
46148  -58.984  -30.936  62.133 0.0000000000
46157  -58.173  -30.685  60.576 0.0000000000
47004  -58.858  -29.507  63.328 0.0000000000
47013  -57.963  -29.310  63.450 0.0000000000
47014  -59.581  -29.499  62.730 0.0000000000
47021  -57.508  -29.870  62.725 0.0000000000
47022  -59.360  -29.849  61.610 0.0000000000
47043  -57.470  -30.312  59.785 0.0000000000
47929  -59.885  -28.357  63.184 0.0000000000
47935  -57.836  -28.860  63.209 0.0000000000
47938  -60.390  -28.362  62.308 0.0000000000
47948  -60.444  -28.244  61.585 0.0000000000
47967  -55.267  -28.215  59.507 0.0000000000
47969  -58.191  -28.122  60.071 0.0000000000
48828  -60.325  -27.659  62.674 0.0000000000
48847  -57.195  -26.936  61.505 0.0000000000
48850  -60.492  -27.619  61.329 0.0000000000
48858  -60.267  -27.381  61.032 0.0000000000
49727  -58.794  -26.438  64.567 0.0000000000
49733  -57.559  -26.922  65.063 0.0000000000
49760  -60.288  -26.387  61.625 0.0000000000
49761  -60.542  -27.082  61.418 0.0000000000
49775  -59.499  -25.962  60.390 0.0000000000
50740  -58.561  -25.044  64.394 0.0000000000
50794  -52.623  -25.370  59.912 0.0000000000
51671  -59.107  -24.543  59.597 0.0000000000
51702  -55.752  -24.040  55.030 0.0000000000
52551  -59.372  -23.122  60.383 0.0000000000
115226  -37.817  -42.115  64.659 0.0000000000
115954  -42.213  -42.891  67.657 0.0000000000
119510  -48.299  -42.408  69.897 0.0000000000
119688  -49.012  -42.466  68.866 0.0000000000
119757  -31.693  -42.563  74.719 0.0000000000
122480  -43.699  -47.006  69.963 0.0000000000
125220  -28.068  -41.771  65.807 0.0000000000
126782  -57.645  -35.137  60.012 0.0000000000
127971  -50.508  -38.868  66.307 0.0000000000
129841  -27.593  -42.478  67.820 0.0000000000
134607  -44.997  -36.850  66.383 0.0000000000
135136  -35.261  -46.383  67.144 0.0000000000
136536  -29.920  -43.185  74.388 0.0000000000
137328  -59.397  -33.756  57.658 0.0000000000
137453  -32.252  -44.133  60.653 0.0000000000
140001  -47.773  -42.014  70.168 0.0000000000
140216  -32.897  -46.980  69.779 0.0000000000
140524  -56.304  -32.188  63.215 0.0000000000
140855  -50.510  -46.165  64.585 0.0000000000
