#!ascii label  , from subject sub-v2s18x29527_ses-1 vox2ras=TkReg
1093
43228  11.452  -34.338  83.997 0.0000000000
34131  -0.107  -44.623  66.810 0.0000000000
36581  -0.057  -40.888  84.134 0.0000000000
135217  -0.287  -36.302  78.083 0.0000000000
46540  -0.550  -32.348  70.164 0.0000000000
40256  5.016  -36.780  85.332 0.0000000000
42200  4.303  -35.799  80.830 0.0000000000
40252  13.746  -37.412  84.259 0.0000000000
38304  8.784  -40.197  84.212 0.0000000000
35712  3.551  -42.822  84.630 0.0000000000
47345  2.116  -30.607  81.055 0.0000000000
44388  -0.440  -34.015  74.740 0.0000000000
48251  4.112  -29.840  76.522 0.0000000000
128065  -1.989  -46.225  80.295 0.0000000000
34910  -1.154  -43.035  77.129 0.0000000000
38351  -0.112  -39.214  80.585 0.0000000000
45399  0.350  -32.627  84.286 0.0000000000
37510  -0.166  -40.951  73.078 0.0000000000
39402  3.191  -38.682  70.890 0.0000000000
131154  6.036  -36.872  67.942 0.0000000000
49184  1.413  -28.843  67.452 0.0000000000
117231  7.816  -35.439  84.662 0.0000000000
43235  7.945  -34.997  81.701 0.0000000000
125982  11.935  -35.717  84.606 0.0000000000
40267  11.301  -38.024  83.867 0.0000000000
40242  8.998  -37.507  85.839 0.0000000000
39235  6.563  -38.045  86.292 0.0000000000
47363  3.344  -30.322  78.818 0.0000000000
34869  -1.899  -43.701  82.003 0.0000000000
35726  -0.688  -42.162  80.720 0.0000000000
37442  -0.341  -40.297  82.165 0.0000000000
141021  4.602  -31.339  83.893 0.0000000000
44326  2.451  -33.711  82.557 0.0000000000
35709  1.772  -42.430  85.238 0.0000000000
33880  1.519  -44.669  83.547 0.0000000000
136077  0.205  -44.141  84.369 0.0000000000
32013  -1.000  -46.526  82.680 0.0000000000
38368  -0.864  -39.173  77.272 0.0000000000
121459  -0.810  -42.131  74.174 0.0000000000
39344  -0.799  -38.442  75.428 0.0000000000
45499  -0.541  -33.005  72.438 0.0000000000
41331  0.841  -36.498  72.821 0.0000000000
42295  2.414  -35.306  71.395 0.0000000000
39419  4.684  -38.577  68.719 0.0000000000
43359  2.326  -34.156  69.476 0.0000000000
126861  3.096  -38.355  85.322 0.0000000000
39269  2.708  -38.303  83.170 0.0000000000
40274  4.920  -37.169  83.275 0.0000000000
45423  6.199  -32.853  81.446 0.0000000000
40280  15.403  -37.841  82.113 0.0000000000
40306  13.077  -36.867  80.394 0.0000000000
38323  12.852  -40.299  82.662 0.0000000000
129072  9.380  -39.572  82.654 0.0000000000
36574  6.396  -41.412  84.572 0.0000000000
37418  4.164  -40.087  85.520 0.0000000000
131863  -0.450  -32.772  79.548 0.0000000000
42241  -0.288  -35.374  76.192 0.0000000000
46478  0.289  -31.797  77.608 0.0000000000
46495  1.047  -31.141  75.310 0.0000000000
47419  1.513  -30.583  73.421 0.0000000000
44310  12.652  -33.319  85.128 0.0000000000
36606  17.817  -41.380  78.868 0.0000000000
37444  20.606  -40.134  80.668 0.0000000000
40249  17.244  -37.339  84.098 0.0000000000
42167  15.137  -35.429  84.794 0.0000000000
31135  -1.719  -47.438  78.211 0.0000000000
32086  -1.079  -46.440  76.127 0.0000000000
33929  -1.074  -44.660  78.717 0.0000000000
36609  -1.249  -41.285  78.266 0.0000000000
40309  -0.445  -37.504  79.022 0.0000000000
40287  2.122  -37.516  81.393 0.0000000000
42214  0.513  -35.816  80.615 0.0000000000
43250  -0.625  -34.105  81.320 0.0000000000
46431  0.057  -31.733  83.423 0.0000000000
139536  -0.468  -44.588  74.415 0.0000000000
34972  0.330  -43.195  72.288 0.0000000000
133875  0.289  -42.513  69.884 0.0000000000
125260  0.093  -37.136  73.989 0.0000000000
37531  1.194  -39.988  71.659 0.0000000000
37596  0.915  -41.331  67.911 0.0000000000
36745  3.640  -41.729  67.106 0.0000000000
35866  5.985  -41.965  66.252 0.0000000000
123375  5.392  -28.381  73.783 0.0000000000
48306  2.241  -29.116  71.695 0.0000000000
50077  3.062  -26.925  69.545 0.0000000000
134635  -0.032  -30.523  67.874 0.0000000000
123560  3.188  -33.308  67.172 0.0000000000
42182  9.365  -35.283  84.409 0.0000000000
138092  9.557  -35.147  83.275 0.0000000000
44321  10.643  -33.658  82.992 0.0000000000
42171  11.307  -35.473  84.664 0.0000000000
41214  11.082  -36.120  85.082 0.0000000000
140381  9.801  -36.084  85.386 0.0000000000
42174  8.475  -35.898  85.522 0.0000000000
32165  1.008  -46.588  67.424 0.0000000000
33076  1.892  -45.366  67.089 0.0000000000
36582  -1.037  -41.675  83.393 0.0000000000
36585  -1.147  -41.274  82.942 0.0000000000
37431  -0.165  -40.508  83.593 0.0000000000
40315  15.372  -37.352  78.929 0.0000000000
36573  0.865  -41.316  85.052 0.0000000000
34858  1.104  -43.578  84.963 0.0000000000
35715  -0.042  -42.865  84.513 0.0000000000
34863  -0.943  -43.654  83.353 0.0000000000
39323  -0.839  -38.348  77.133 0.0000000000
138842  -0.924  -38.957  76.656 0.0000000000
40336  -0.805  -37.822  76.622 0.0000000000
45506  -0.687  -33.099  71.542 0.0000000000
42297  0.019  -34.420  71.408 0.0000000000
43344  -0.157  -34.115  70.411 0.0000000000
43342  2.050  -34.564  70.432 0.0000000000
44435  -0.624  -33.225  68.979 0.0000000000
39245  3.633  -37.913  85.284 0.0000000000
40258  3.736  -37.698  84.587 0.0000000000
40268  4.931  -36.977  84.490 0.0000000000
43243  7.478  -34.366  81.204 0.0000000000
46414  6.256  -31.018  83.405 0.0000000000
40264  15.083  -37.727  83.605 0.0000000000
134814  14.391  -38.096  82.702 0.0000000000
39252  13.525  -39.478  83.213 0.0000000000
39241  9.570  -38.655  84.433 0.0000000000
38312  10.555  -40.224  83.082 0.0000000000
38314  9.135  -40.574  83.611 0.0000000000
37423  7.742  -41.026  84.777 0.0000000000
40245  6.061  -37.166  85.935 0.0000000000
38298  5.115  -38.854  85.977 0.0000000000
39237  4.457  -38.117  86.026 0.0000000000
38300  3.267  -39.339  85.721 0.0000000000
46451  0.742  -31.784  80.267 0.0000000000
45441  -0.031  -32.132  78.896 0.0000000000
46458  1.249  -31.350  79.341 0.0000000000
47379  3.471  -30.262  77.037 0.0000000000
47381  1.819  -30.737  76.884 0.0000000000
47390  2.863  -30.654  75.672 0.0000000000
131524  1.659  -30.798  74.173 0.0000000000
47403  3.303  -30.418  74.938 0.0000000000
125287  17.653  -38.824  82.882 0.0000000000
31125  -1.948  -47.481  79.090 0.0000000000
123755  -1.522  -45.953  78.444 0.0000000000
128706  -1.440  -45.355  79.019 0.0000000000
36593  -0.553  -41.228  80.490 0.0000000000
125635  -0.672  -41.903  79.600 0.0000000000
37457  -0.681  -40.184  79.104 0.0000000000
116523  -0.690  -39.157  78.656 0.0000000000
39296  -0.154  -38.501  80.091 0.0000000000
40285  3.892  -37.095  81.760 0.0000000000
39282  2.523  -38.019  82.034 0.0000000000
41245  2.900  -36.077  80.909 0.0000000000
44327  1.303  -33.958  83.079 0.0000000000
121171  1.477  -34.838  81.615 0.0000000000
43237  0.827  -34.280  82.330 0.0000000000
42203  0.016  -35.184  81.176 0.0000000000
44329  -0.444  -33.419  82.451 0.0000000000
45413  -0.551  -33.094  82.325 0.0000000000
45400  -0.147  -32.357  83.825 0.0000000000
39289  12.226  -38.104  80.277 0.0000000000
40317  12.291  -37.608  78.727 0.0000000000
35716  4.690  -42.449  83.578 0.0000000000
34865  3.609  -43.618  82.484 0.0000000000
34861  3.387  -43.506  83.577 0.0000000000
32966  0.527  -45.890  83.442 0.0000000000
32003  1.529  -46.161  82.681 0.0000000000
31101  -1.720  -46.733  81.113 0.0000000000
31114  -1.952  -47.607  79.933 0.0000000000
33963  -1.158  -44.390  76.569 0.0000000000
33035  -0.883  -45.736  75.587 0.0000000000
133115  -0.908  -44.264  75.774 0.0000000000
116835  -0.520  -41.012  73.871 0.0000000000
35771  -0.460  -42.525  73.536 0.0000000000
35779  0.303  -42.471  72.368 0.0000000000
35009  0.476  -43.103  70.505 0.0000000000
36664  0.643  -41.653  71.638 0.0000000000
43297  -0.322  -34.499  75.647 0.0000000000
41299  -0.469  -36.253  74.866 0.0000000000
41316  -0.254  -36.295  73.926 0.0000000000
39382  2.576  -38.021  72.380 0.0000000000
122704  1.891  -38.064  72.708 0.0000000000
38445  2.081  -39.726  70.729 0.0000000000
37557  1.419  -40.619  69.669 0.0000000000
116934  1.977  -40.491  69.054 0.0000000000
137054  2.011  -41.436  67.588 0.0000000000
37576  3.055  -40.500  68.181 0.0000000000
39418  5.318  -38.096  68.291 0.0000000000
38510  5.035  -40.046  67.232 0.0000000000
38509  5.687  -39.660  66.844 0.0000000000
50049  5.902  -27.568  72.657 0.0000000000
48304  4.215  -28.862  72.321 0.0000000000
49149  4.986  -27.926  71.406 0.0000000000
121152  1.979  -26.676  67.805 0.0000000000
50089  1.040  -27.622  68.248 0.0000000000
123928  0.895  -28.087  69.453 0.0000000000
48345  0.799  -29.568  67.552 0.0000000000
45543  1.729  -32.295  67.220 0.0000000000
47470  1.794  -30.701  66.860 0.0000000000
41229  6.232  -35.888  85.139 0.0000000000
139733  6.093  -36.092  84.623 0.0000000000
42189  7.506  -35.625  83.716 0.0000000000
41225  13.412  -36.892  84.598 0.0000000000
40266  12.233  -37.851  83.776 0.0000000000
40254  11.698  -37.268  84.506 0.0000000000
40241  10.399  -37.386  85.265 0.0000000000
39232  9.150  -38.163  85.382 0.0000000000
39243  7.970  -38.864  84.952 0.0000000000
40243  8.015  -37.487  86.307 0.0000000000
40244  7.069  -37.271  86.403 0.0000000000
48206  3.223  -29.564  80.911 0.0000000000
47353  3.136  -30.265  79.703 0.0000000000
136609  4.007  -29.200  79.653 0.0000000000
48218  4.229  -29.142  78.970 0.0000000000
131826  4.807  -29.059  77.480 0.0000000000
33894  -1.768  -44.487  81.107 0.0000000000
33904  -1.451  -44.749  80.237 0.0000000000
35727  -1.070  -43.018  81.071 0.0000000000
36588  -0.751  -41.469  81.438 0.0000000000
38342  -0.170  -39.825  81.313 0.0000000000
44324  4.227  -32.989  81.568 0.0000000000
43246  3.362  -34.347  80.822 0.0000000000
45397  3.482  -32.398  83.444 0.0000000000
119758  2.503  -32.673  83.968 0.0000000000
130514  1.294  -31.624  85.314 0.0000000000
47295  0.529  -30.699  85.460 0.0000000000
35707  3.094  -42.458  84.974 0.0000000000
33878  2.627  -43.871  84.031 0.0000000000
34857  1.607  -43.835  84.663 0.0000000000
32962  0.647  -44.752  83.769 0.0000000000
119923  -0.044  -46.387  83.537 0.0000000000
32006  -0.446  -47.013  83.282 0.0000000000
32007  -0.625  -46.102  83.225 0.0000000000
130298  -1.414  -44.866  82.569 0.0000000000
36622  -1.401  -41.338  76.963 0.0000000000
35758  -1.112  -42.773  75.651 0.0000000000
36634  -1.236  -40.953  76.067 0.0000000000
118527  -0.908  -39.873  75.164 0.0000000000
131125  -0.624  -39.746  74.475 0.0000000000
44397  -0.566  -33.582  73.806 0.0000000000
42264  -0.288  -35.338  73.450 0.0000000000
43319  -0.102  -34.505  72.242 0.0000000000
42278  1.200  -35.690  72.286 0.0000000000
134852  3.277  -36.888  71.988 0.0000000000
38443  3.753  -38.711  70.167 0.0000000000
41348  4.089  -36.161  70.716 0.0000000000
42309  4.476  -35.741  69.982 0.0000000000
42323  4.862  -35.528  69.236 0.0000000000
136624  2.749  -28.359  67.190 0.0000000000
47485  3.369  -30.600  66.717 0.0000000000
48358  4.309  -29.458  67.102 0.0000000000
37426  1.296  -40.115  84.772 0.0000000000
38315  1.132  -39.348  83.874 0.0000000000
39258  2.345  -38.534  84.248 0.0000000000
40275  4.174  -37.413  82.813 0.0000000000
41238  4.680  -36.657  81.281 0.0000000000
41235  6.151  -36.257  82.276 0.0000000000
126205  6.053  -36.034  81.155 0.0000000000
43245  5.196  -34.342  80.601 0.0000000000
45409  5.552  -32.281  82.158 0.0000000000
39288  15.949  -38.216  81.443 0.0000000000
40304  15.135  -37.141  80.043 0.0000000000
116972  14.316  -37.215  81.462 0.0000000000
39254  12.093  -39.209  83.318 0.0000000000
38325  11.029  -40.101  82.704 0.0000000000
39279  9.746  -37.965  82.112 0.0000000000
36579  6.067  -41.580  83.705 0.0000000000
139601  5.650  -41.494  84.833 0.0000000000
38306  6.961  -39.948  85.136 0.0000000000
37425  5.992  -40.986  85.263 0.0000000000
36569  4.140  -41.102  85.105 0.0000000000
37419  3.318  -40.366  85.391 0.0000000000
37420  2.194  -40.207  85.206 0.0000000000
127082  -0.783  -34.244  79.032 0.0000000000
127878  -0.287  -36.214  77.355 0.0000000000
43283  -0.542  -34.020  78.188 0.0000000000
44372  -0.403  -33.055  77.221 0.0000000000
44387  -0.194  -32.891  75.823 0.0000000000
47372  1.641  -30.902  77.800 0.0000000000
46487  0.441  -31.468  76.832 0.0000000000
45473  0.068  -32.246  75.384 0.0000000000
45491  -0.168  -32.225  73.749 0.0000000000
120130  0.233  -31.586  73.382 0.0000000000
47430  0.471  -30.740  72.224 0.0000000000
44311  12.214  -33.242  84.790 0.0000000000
38354  17.525  -39.706  79.431 0.0000000000
36594  22.621  -41.277  79.003 0.0000000000
37443  21.674  -39.969  80.565 0.0000000000
36596  20.602  -41.675  79.630 0.0000000000
36590  19.350  -40.908  80.142 0.0000000000
37447  18.158  -40.345  80.534 0.0000000000
38347  17.175  -39.411  81.089 0.0000000000
39251  16.434  -38.285  83.087 0.0000000000
40250  15.598  -37.541  84.139 0.0000000000
42179  15.887  -35.981  84.465 0.0000000000
41211  14.203  -36.764  84.711 0.0000000000
42169  13.666  -35.543  84.778 0.0000000000
43220  12.716  -34.553  84.636 0.0000000000
33014  -1.290  -45.675  77.402 0.0000000000
138439  -1.032  -43.330  77.744 0.0000000000
134625  -0.793  -43.516  79.432 0.0000000000
35739  -1.066  -42.582  78.391 0.0000000000
131900  -1.439  -41.875  77.577 0.0000000000
37463  -1.214  -40.648  77.898 0.0000000000
39314  -0.773  -38.682  77.908 0.0000000000
41266  -0.403  -36.843  78.481 0.0000000000
39270  1.210  -38.942  82.854 0.0000000000
137231  1.280  -38.637  82.064 0.0000000000
40288  1.285  -37.673  81.124 0.0000000000
42201  2.081  -35.515  81.078 0.0000000000
42213  1.406  -36.032  80.782 0.0000000000
40298  0.300  -37.202  80.211 0.0000000000
41248  0.105  -36.227  79.956 0.0000000000
41259  -0.287  -36.494  79.254 0.0000000000
131133  -0.306  -35.940  78.780 0.0000000000
44359  -0.826  -33.731  79.877 0.0000000000
127483  0.192  -32.224  81.307 0.0000000000
47335  1.352  -30.989  81.462 0.0000000000
47316  0.326  -31.032  84.309 0.0000000000
48178  1.773  -29.414  83.442 0.0000000000
48177  2.396  -29.495  82.425 0.0000000000
33902  3.208  -44.386  81.140 0.0000000000
33879  2.198  -44.423  83.475 0.0000000000
34945  -0.692  -43.482  74.476 0.0000000000
34071  -0.087  -43.883  73.126 0.0000000000
35038  -0.834  -43.358  68.097 0.0000000000
40348  -0.762  -37.733  75.902 0.0000000000
39353  -0.434  -38.462  74.589 0.0000000000
38401  0.163  -39.337  73.442 0.0000000000
41315  0.348  -36.808  73.417 0.0000000000
39366  0.629  -38.628  73.235 0.0000000000
37523  0.773  -40.129  72.217 0.0000000000
36678  0.618  -41.615  70.624 0.0000000000
35845  -0.207  -42.114  68.609 0.0000000000
35872  0.246  -42.942  67.095 0.0000000000
35053  1.991  -43.523  66.875 0.0000000000
38492  3.826  -40.057  68.035 0.0000000000
35867  5.077  -42.060  66.563 0.0000000000
49095  5.126  -28.695  76.273 0.0000000000
116882  5.704  -27.707  75.220 0.0000000000
48258  4.486  -29.334  74.986 0.0000000000
48282  4.102  -29.544  73.389 0.0000000000
48298  1.739  -29.729  72.246 0.0000000000
48308  0.727  -29.794  71.111 0.0000000000
49161  2.382  -28.153  70.623 0.0000000000
48323  0.713  -28.890  69.837 0.0000000000
47461  -0.387  -31.387  68.761 0.0000000000
45527  0.171  -32.656  68.133 0.0000000000
44448  2.409  -33.597  68.181 0.0000000000
42334  4.930  -34.953  67.895 0.0000000000
43381  5.845  -34.979  67.148 0.0000000000
42187  10.262  -35.037  83.821 0.0000000000
43229  10.877  -34.400  83.541 0.0000000000
43226  11.771  -34.677  84.360 0.0000000000
42172  10.372  -35.772  85.119 0.0000000000
42181  10.921  -35.082  84.404 0.0000000000
137679  10.047  -35.390  84.719 0.0000000000
33077  0.093  -45.575  67.134 0.0000000000
132836  1.185  -45.828  67.228 0.0000000000
33086  0.752  -45.034  66.796 0.0000000000
36577  -0.358  -41.746  84.124 0.0000000000
37432  -0.699  -41.081  83.536 0.0000000000
127378  0.294  -40.359  84.127 0.0000000000
39298  16.569  -38.579  79.370 0.0000000000
39309  15.957  -38.176  78.640 0.0000000000
128678  15.919  -37.922  79.633 0.0000000000
141271  0.296  -41.295  84.595 0.0000000000
35714  0.491  -42.167  84.854 0.0000000000
35718  -0.832  -42.652  83.610 0.0000000000
41275  -0.498  -36.963  77.625 0.0000000000
40328  -0.707  -37.589  77.195 0.0000000000
136669  -0.450  -32.328  71.159 0.0000000000
128805  -0.776  -33.133  70.588 0.0000000000
44422  -0.610  -33.590  70.175 0.0000000000
44421  -0.389  -33.594  69.594 0.0000000000
125170  -0.728  -33.286  69.374 0.0000000000
40257  4.332  -37.380  85.148 0.0000000000
122006  14.276  -37.725  83.777 0.0000000000
133833  14.173  -38.228  83.191 0.0000000000
40265  13.590  -38.091  83.473 0.0000000000
38303  9.561  -40.063  84.036 0.0000000000
37422  8.479  -40.940  84.173 0.0000000000
37429  8.029  -41.234  84.012 0.0000000000
38305  7.846  -39.981  84.683 0.0000000000
40246  5.275  -37.027  85.725 0.0000000000
39236  5.386  -37.848  86.129 0.0000000000
40247  4.740  -37.433  85.726 0.0000000000
39244  4.156  -37.799  85.702 0.0000000000
46450  1.559  -31.229  80.727 0.0000000000
124064  1.614  -31.292  79.998 0.0000000000
47389  3.436  -30.330  76.280 0.0000000000
48259  3.844  -30.025  75.563 0.0000000000
128600  -2.016  -46.874  79.628 0.0000000000
32036  -1.847  -46.121  79.362 0.0000000000
32997  -1.749  -45.481  79.902 0.0000000000
37450  -0.445  -40.169  80.304 0.0000000000
38358  -0.433  -39.257  79.673 0.0000000000
41239  3.768  -36.339  81.115 0.0000000000
131187  3.237  -36.759  81.261 0.0000000000
42212  3.549  -35.611  80.817 0.0000000000
44317  0.744  -33.344  83.825 0.0000000000
44328  0.052  -33.634  83.093 0.0000000000
43238  -0.096  -34.044  82.204 0.0000000000
44318  -0.187  -32.984  83.738 0.0000000000
45412  -0.556  -32.923  83.125 0.0000000000
35717  3.921  -43.006  84.076 0.0000000000
129501  0.323  -46.956  83.454 0.0000000000
32004  0.880  -46.748  83.281 0.0000000000
137966  -1.905  -46.044  80.915 0.0000000000
128601  -1.933  -47.025  80.350 0.0000000000
34909  -1.062  -43.508  76.319 0.0000000000
36651  -0.397  -41.744  73.413 0.0000000000
36657  0.196  -41.755  72.538 0.0000000000
35794  0.587  -42.133  71.786 0.0000000000
118993  0.443  -40.962  72.321 0.0000000000
43306  -0.424  -34.792  74.756 0.0000000000
42257  -0.461  -35.455  74.307 0.0000000000
39381  3.056  -38.253  71.733 0.0000000000
38428  2.536  -39.037  71.232 0.0000000000
37556  2.137  -40.053  69.918 0.0000000000
38444  2.869  -39.374  70.285 0.0000000000
37577  2.588  -40.417  68.565 0.0000000000
38457  3.426  -39.400  69.571 0.0000000000
40423  5.565  -37.100  68.564 0.0000000000
39434  5.550  -38.512  67.613 0.0000000000
39433  6.059  -38.254  67.267 0.0000000000
50962  6.227  -26.881  72.295 0.0000000000
49143  5.321  -28.149  72.200 0.0000000000
50063  5.452  -27.162  71.200 0.0000000000
49183  1.891  -28.164  67.362 0.0000000000
50088  1.600  -27.038  68.384 0.0000000000
50098  1.226  -28.004  67.787 0.0000000000
49177  0.742  -28.530  68.050 0.0000000000
117250  1.602  -29.815  67.043 0.0000000000
41228  7.087  -35.560  84.909 0.0000000000
44322  9.858  -33.714  82.511 0.0000000000
41213  12.570  -36.094  84.639 0.0000000000
41226  12.820  -36.592  84.591 0.0000000000
41227  11.954  -36.507  84.648 0.0000000000
41215  10.268  -36.571  85.436 0.0000000000
128014  9.797  -37.243  85.623 0.0000000000
40255  9.781  -37.871  85.372 0.0000000000
39233  8.407  -38.117  85.814 0.0000000000
42184  7.716  -35.592  85.282 0.0000000000
42175  7.819  -36.131  85.779 0.0000000000
41218  7.052  -36.022  85.765 0.0000000000
41219  6.367  -36.459  85.788 0.0000000000
137523  3.608  -29.109  80.806 0.0000000000
49062  4.283  -28.538  79.549 0.0000000000
49072  4.612  -28.420  78.753 0.0000000000
48231  4.597  -29.127  78.187 0.0000000000
125202  4.922  -28.331  77.827 0.0000000000
130921  -1.906  -44.172  81.733 0.0000000000
129811  -1.681  -43.751  81.483 0.0000000000
35724  -1.652  -43.013  82.099 0.0000000000
37436  -0.662  -40.671  82.963 0.0000000000
134227  -0.795  -40.968  82.211 0.0000000000
117462  -0.480  -40.663  81.315 0.0000000000
38341  0.213  -39.659  82.148 0.0000000000
136968  4.214  -32.216  83.011 0.0000000000
125037  3.824  -32.674  82.511 0.0000000000
46415  4.081  -31.869  83.784 0.0000000000
46416  3.130  -32.002  84.353 0.0000000000
45390  1.949  -32.200  84.796 0.0000000000
46395  1.534  -30.937  85.657 0.0000000000
47294  0.895  -30.423  85.820 0.0000000000
35708  2.425  -42.759  85.088 0.0000000000
35713  2.759  -43.160  84.836 0.0000000000
34854  1.921  -43.308  85.044 0.0000000000
34859  0.428  -43.650  84.688 0.0000000000
33877  0.804  -44.081  84.453 0.0000000000
32963  0.306  -44.538  84.038 0.0000000000
32967  0.158  -45.339  83.702 0.0000000000
134130  -0.261  -45.594  83.537 0.0000000000
34866  -1.534  -43.618  82.540 0.0000000000
33882  -1.180  -44.372  82.976 0.0000000000
33887  -1.751  -44.215  82.230 0.0000000000
32980  -1.768  -44.929  81.805 0.0000000000
37475  -1.255  -40.422  76.752 0.0000000000
38381  -1.011  -39.205  75.881 0.0000000000
38388  -0.790  -39.134  74.910 0.0000000000
44403  -0.636  -33.597  72.823 0.0000000000
43320  -0.329  -34.588  72.971 0.0000000000
136734  -0.518  -34.095  72.430 0.0000000000
43329  0.470  -34.536  70.986 0.0000000000
42296  0.872  -34.876  71.690 0.0000000000
133423  1.603  -35.340  71.740 0.0000000000
42277  2.162  -35.986  72.091 0.0000000000
41343  3.025  -36.158  71.863 0.0000000000
41342  3.654  -36.573  71.406 0.0000000000
42294  3.420  -35.657  71.204 0.0000000000
42310  3.795  -35.239  70.432 0.0000000000
42324  4.116  -34.856  69.488 0.0000000000
43358  3.310  -34.258  69.130 0.0000000000
50112  2.750  -27.065  66.991 0.0000000000
49196  3.442  -27.980  67.089 0.0000000000
48343  3.516  -28.902  67.227 0.0000000000
49195  4.374  -28.650  67.097 0.0000000000
38307  2.226  -39.218  85.075 0.0000000000
39259  1.896  -38.987  84.505 0.0000000000
39246  2.509  -38.628  85.016 0.0000000000
40270  3.553  -37.782  83.564 0.0000000000
40284  4.866  -37.118  82.134 0.0000000000
42190  6.730  -35.875  83.019 0.0000000000
130479  6.096  -36.406  83.682 0.0000000000
42198  6.739  -35.773  81.707 0.0000000000
121607  6.480  -35.320  80.899 0.0000000000
136328  6.019  -34.634  80.640 0.0000000000
42199  5.665  -35.313  80.721 0.0000000000
44339  5.863  -33.671  80.777 0.0000000000
45424  5.209  -32.897  81.424 0.0000000000
40293  15.053  -37.446  81.223 0.0000000000
40281  14.735  -37.574  82.074 0.0000000000
39265  13.957  -39.512  82.793 0.0000000000
38335  13.631  -39.536  81.888 0.0000000000
38336  13.035  -40.017  81.863 0.0000000000
39255  10.908  -39.258  83.358 0.0000000000
38326  10.070  -40.182  82.989 0.0000000000
39267  10.164  -39.400  82.520 0.0000000000
38340  6.955  -39.264  82.620 0.0000000000
37430  7.370  -41.275  84.491 0.0000000000
36580  5.447  -41.922  84.176 0.0000000000
38296  7.097  -38.934  85.526 0.0000000000
38297  6.127  -38.889  85.789 0.0000000000
37417  5.081  -39.942  85.510 0.0000000000
36568  5.066  -40.960  85.210 0.0000000000
39239  2.855  -38.869  85.508 0.0000000000
135845  2.757  -39.916  85.420 0.0000000000
38301  2.557  -39.518  85.327 0.0000000000
38302  1.909  -39.860  85.027 0.0000000000
129726  -0.531  -34.704  78.420 0.0000000000
129125  -0.633  -33.327  78.755 0.0000000000
45448  -0.016  -32.246  78.093 0.0000000000
45449  -0.377  -32.793  77.967 0.0000000000
45456  -0.126  -32.273  77.207 0.0000000000
44381  -0.314  -33.608  76.398 0.0000000000
44380  -0.260  -32.754  76.574 0.0000000000
47354  2.603  -30.764  79.213 0.0000000000
47364  2.634  -30.714  78.333 0.0000000000
46486  1.143  -30.925  76.227 0.0000000000
122713  1.091  -30.959  77.075 0.0000000000
46496  0.480  -31.530  75.834 0.0000000000
46509  0.513  -31.716  74.958 0.0000000000
45484  -0.053  -32.262  74.544 0.0000000000
46517  0.871  -31.090  73.791 0.0000000000
46524  0.654  -30.920  73.023 0.0000000000
46525  0.121  -31.501  72.581 0.0000000000
47429  1.225  -30.340  72.649 0.0000000000
45387  12.475  -32.734  85.262 0.0000000000
45382  12.908  -32.638  85.519 0.0000000000
125520  17.132  -41.166  78.102 0.0000000000
37459  17.400  -40.469  78.704 0.0000000000
37454  17.897  -40.538  79.691 0.0000000000
38345  21.222  -39.550  81.328 0.0000000000
37453  21.020  -40.677  79.901 0.0000000000
36589  20.062  -40.845  80.060 0.0000000000
37445  19.696  -40.350  80.748 0.0000000000
38334  17.829  -39.892  81.132 0.0000000000
38346  17.681  -39.858  80.445 0.0000000000
40261  17.376  -38.045  83.745 0.0000000000
40262  16.543  -37.916  83.781 0.0000000000
40263  15.901  -37.939  83.595 0.0000000000
137940  16.290  -37.376  84.184 0.0000000000
43224  16.253  -34.896  84.762 0.0000000000
42180  15.004  -36.441  84.727 0.0000000000
42168  14.353  -35.931  84.873 0.0000000000
139048  13.924  -36.166  84.837 0.0000000000
43218  14.213  -34.830  84.891 0.0000000000
44307  13.200  -33.306  85.362 0.0000000000
128535  13.611  -33.993  85.144 0.0000000000
127163  12.943  -33.948  84.936 0.0000000000
43225  12.420  -34.027  84.552 0.0000000000
30188  -1.564  -48.180  77.608 0.0000000000
122214  -1.197  -45.063  78.172 0.0000000000
33964  -1.191  -44.672  77.355 0.0000000000
124489  -0.930  -44.096  78.062 0.0000000000
34873  -1.117  -43.863  80.427 0.0000000000
34879  -0.950  -44.238  79.682 0.0000000000
34872  -0.726  -42.918  80.028 0.0000000000
36600  -0.849  -41.168  78.927 0.0000000000
35732  -0.850  -42.692  79.050 0.0000000000
36601  -1.079  -41.955  78.650 0.0000000000
118667  -1.415  -41.938  78.086 0.0000000000
36615  -1.425  -41.301  77.710 0.0000000000
37462  -0.976  -40.652  78.450 0.0000000000
39304  -0.459  -38.395  79.304 0.0000000000
128913  -0.636  -38.291  78.575 0.0000000000
117225  1.840  -38.764  83.530 0.0000000000
121233  1.900  -38.513  82.501 0.0000000000
39283  1.690  -38.155  81.708 0.0000000000
39284  0.866  -38.414  81.394 0.0000000000
44342  2.942  -33.962  81.524 0.0000000000
43260  3.032  -35.160  80.771 0.0000000000
43247  2.520  -34.682  81.247 0.0000000000
42202  0.980  -35.432  81.233 0.0000000000
40297  0.911  -37.215  80.662 0.0000000000
41247  0.784  -36.516  80.515 0.0000000000
42204  -0.517  -34.739  80.937 0.0000000000
42215  -0.245  -35.407  80.439 0.0000000000
131670  -0.630  -34.892  80.281 0.0000000000
118715  -0.441  -35.490  79.622 0.0000000000
43270  -0.778  -34.611  79.746 0.0000000000
43261  -0.770  -34.308  80.551 0.0000000000
123885  -0.528  -32.716  82.684 0.0000000000
45425  -0.310  -32.712  81.836 0.0000000000
46442  -0.150  -32.124  82.377 0.0000000000
118072  0.746  -31.621  81.413 0.0000000000
46441  0.629  -31.198  82.287 0.0000000000
47305  0.541  -30.369  85.134 0.0000000000
41244  13.749  -36.670  80.170 0.0000000000
135839  14.419  -36.711  79.880 0.0000000000
33892  3.249  -44.312  82.047 0.0000000000
131763  3.595  -43.669  81.487 0.0000000000
33875  1.946  -44.105  84.194 0.0000000000
30178  -1.714  -48.135  78.536 0.0000000000
123524  -1.539  -48.874  77.957 0.0000000000
123004  -0.529  -45.147  74.770 0.0000000000
127763  -0.585  -46.110  74.857 0.0000000000
33045  -0.417  -45.629  74.236 0.0000000000
33053  -0.164  -45.663  73.530 0.0000000000
119273  -1.180  -42.067  75.056 0.0000000000
122822  -1.030  -42.819  74.749 0.0000000000
121039  -0.748  -42.851  74.100 0.0000000000
34973  -0.106  -42.924  72.994 0.0000000000
34070  0.453  -44.033  72.136 0.0000000000
33058  0.082  -44.871  72.853 0.0000000000
34091  0.573  -44.014  71.105 0.0000000000
35010  -0.013  -43.144  69.359 0.0000000000
35027  -0.544  -43.230  68.592 0.0000000000
35830  -0.199  -42.603  68.969 0.0000000000
42234  -0.244  -35.411  77.102 0.0000000000
134445  -0.570  -36.961  76.576 0.0000000000
41289  -0.409  -36.194  75.816 0.0000000000
128433  -0.318  -37.048  74.602 0.0000000000
40365  -0.526  -37.749  75.039 0.0000000000
40381  -0.075  -37.779  74.281 0.0000000000
39367  0.076  -38.531  73.872 0.0000000000
41332  0.161  -35.963  73.136 0.0000000000
40395  0.799  -37.284  73.124 0.0000000000
38413  1.306  -39.397  72.179 0.0000000000
39383  1.303  -38.697  72.700 0.0000000000
38414  0.720  -39.394  72.786 0.0000000000
37532  0.907  -40.839  71.454 0.0000000000
37578  1.035  -41.061  68.725 0.0000000000
37558  0.800  -41.110  69.543 0.0000000000
36715  0.194  -41.620  68.180 0.0000000000
36733  -0.311  -42.173  67.893 0.0000000000
36732  0.244  -41.836  67.631 0.0000000000
35054  0.898  -43.620  66.827 0.0000000000
35857  0.554  -42.157  67.324 0.0000000000
36730  3.027  -41.286  67.528 0.0000000000
35868  4.265  -42.271  66.767 0.0000000000
39411  4.431  -38.264  69.584 0.0000000000
39420  4.067  -39.078  69.220 0.0000000000
38473  4.245  -39.339  68.360 0.0000000000
37611  5.519  -40.472  66.716 0.0000000000
37612  4.814  -40.827  67.091 0.0000000000
36743  5.324  -41.285  66.625 0.0000000000
35049  6.179  -43.010  66.085 0.0000000000
50016  6.133  -27.251  74.486 0.0000000000
118065  5.633  -28.080  74.478 0.0000000000
49109  5.212  -28.583  75.332 0.0000000000
49122  5.008  -28.820  74.356 0.0000000000
48269  4.370  -29.454  74.104 0.0000000000
48281  4.813  -28.949  73.442 0.0000000000
48305  3.335  -28.983  72.037 0.0000000000
48296  3.712  -29.382  72.755 0.0000000000
47435  0.888  -30.043  71.873 0.0000000000
48307  1.310  -29.446  71.477 0.0000000000
50991  2.226  -26.733  68.813 0.0000000000
50989  3.930  -26.422  69.418 0.0000000000
50076  4.126  -26.958  69.970 0.0000000000
50065  3.742  -27.449  70.338 0.0000000000
50066  2.682  -27.545  70.107 0.0000000000
49171  0.524  -28.713  68.851 0.0000000000
130430  0.311  -29.636  69.115 0.0000000000
47450  0.058  -30.529  69.417 0.0000000000
47460  -0.123  -30.468  68.386 0.0000000000
46560  -0.516  -32.160  68.527 0.0000000000
45528  -0.217  -31.967  68.050 0.0000000000
45542  2.547  -32.697  67.134 0.0000000000
44465  2.235  -33.108  67.569 0.0000000000
44447  3.012  -33.645  67.670 0.0000000000
43372  4.049  -34.707  67.814 0.0000000000
43384  3.692  -34.196  67.272 0.0000000000
46582  3.546  -31.501  66.785 0.0000000000
42183  8.484  -35.400  84.913 0.0000000000
42188  8.552  -35.311  83.828 0.0000000000
43232  10.239  -34.551  82.934 0.0000000000
41216  9.293  -36.490  85.637 0.0000000000
42173  9.372  -35.652  85.207 0.0000000000
34129  2.671  -44.850  67.011 0.0000000000
35719  -1.349  -42.957  82.830 0.0000000000
35721  -1.364  -42.102  82.729 0.0000000000
37435  -0.021  -40.099  82.955 0.0000000000
36572  1.560  -41.503  85.259 0.0000000000
35710  1.154  -42.836  85.189 0.0000000000
129141  1.118  -42.042  85.201 0.0000000000
129646  0.609  -43.096  84.943 0.0000000000
34862  -0.244  -43.667  84.187 0.0000000000
33881  -0.311  -44.605  83.765 0.0000000000
38375  -1.004  -39.633  76.674 0.0000000000
39334  -0.902  -38.421  76.278 0.0000000000
44408  -0.621  -33.638  71.966 0.0000000000
43330  -0.472  -34.109  71.621 0.0000000000
44414  -0.695  -33.671  71.088 0.0000000000
43345  -0.495  -34.054  70.879 0.0000000000
43328  1.365  -34.777  71.143 0.0000000000
43343  0.770  -34.380  70.382 0.0000000000
43360  1.133  -34.108  69.641 0.0000000000
44434  0.194  -33.618  69.066 0.0000000000
39257  3.025  -38.121  84.547 0.0000000000
40269  4.307  -37.459  83.970 0.0000000000
45422  7.159  -32.764  81.625 0.0000000000
45408  6.441  -32.202  82.112 0.0000000000
46428  6.724  -31.639  82.681 0.0000000000
40273  14.986  -37.795  82.806 0.0000000000
38309  13.330  -40.179  83.145 0.0000000000
39240  10.404  -38.220  84.348 0.0000000000
39256  10.182  -39.774  83.758 0.0000000000
38313  9.813  -40.289  83.377 0.0000000000
130999  9.512  -40.385  83.051 0.0000000000
37424  6.908  -41.020  85.172 0.0000000000
38299  4.165  -39.011  86.020 0.0000000000
39238  3.651  -38.457  85.731 0.0000000000
126776  0.072  -32.141  79.649 0.0000000000
45442  -0.358  -32.630  78.652 0.0000000000
46459  0.545  -31.708  79.128 0.0000000000
46469  0.446  -31.740  78.302 0.0000000000
47370  3.439  -30.277  77.917 0.0000000000
47371  2.633  -30.610  77.429 0.0000000000
47380  2.723  -30.599  76.584 0.0000000000
47391  1.819  -30.855  75.489 0.0000000000
138888  1.592  -30.930  74.830 0.0000000000
47404  2.453  -30.677  74.713 0.0000000000
47418  2.428  -30.446  73.805 0.0000000000
36605  18.629  -41.988  79.249 0.0000000000
37437  20.258  -39.781  81.432 0.0000000000
38320  17.799  -39.286  82.243 0.0000000000
39249  17.902  -38.452  83.417 0.0000000000
32048  -1.867  -46.771  78.781 0.0000000000
117471  -0.612  -40.938  79.668 0.0000000000
40276  3.346  -37.712  82.411 0.0000000000
40286  2.974  -37.359  81.614 0.0000000000
41240  2.522  -36.843  81.155 0.0000000000
43236  1.936  -34.306  82.069 0.0000000000
43248  0.435  -34.696  81.671 0.0000000000
43249  -0.296  -34.426  81.556 0.0000000000
43239  -0.436  -33.847  81.881 0.0000000000
44343  -0.496  -33.563  81.781 0.0000000000
123654  -0.433  -32.466  83.137 0.0000000000
40296  12.777  -37.377  80.844 0.0000000000
40307  12.563  -37.341  79.736 0.0000000000
40308  12.015  -38.145  79.391 0.0000000000
34860  4.098  -43.006  83.003 0.0000000000
33885  2.938  -44.085  83.054 0.0000000000
124529  -1.238  -46.824  82.000 0.0000000000
133020  -1.256  -47.400  81.795 0.0000000000
33026  -1.182  -45.747  76.434 0.0000000000
33025  -1.142  -45.015  76.051 0.0000000000
136623  -0.781  -44.890  75.423 0.0000000000
34017  -0.593  -44.285  74.918 0.0000000000
139423  -0.663  -41.543  73.996 0.0000000000
35780  -0.126  -42.270  72.965 0.0000000000
34991  0.544  -43.371  71.529 0.0000000000
121225  0.569  -42.652  71.424 0.0000000000
138863  0.533  -42.504  70.605 0.0000000000
35812  0.522  -42.129  70.762 0.0000000000
42248  -0.406  -35.435  75.251 0.0000000000
40393  2.325  -37.423  72.594 0.0000000000
40394  1.457  -37.339  72.848 0.0000000000
39393  2.088  -38.692  72.101 0.0000000000
38429  1.778  -39.503  71.501 0.0000000000
127209  1.437  -40.208  71.038 0.0000000000
37543  1.618  -40.277  70.369 0.0000000000
121493  1.818  -40.851  68.203 0.0000000000
139688  1.598  -41.232  67.820 0.0000000000
37595  2.452  -40.961  67.885 0.0000000000
37594  3.452  -40.737  67.772 0.0000000000
40424  4.988  -37.737  69.064 0.0000000000
39435  4.893  -38.878  67.978 0.0000000000
38490  5.262  -39.267  67.407 0.0000000000
36742  6.063  -40.954  66.243 0.0000000000
50048  6.422  -26.838  73.067 0.0000000000
49134  5.408  -28.277  73.035 0.0000000000
49144  4.857  -28.702  72.618 0.0000000000
127815  4.764  -28.488  71.973 0.0000000000
49150  4.036  -28.430  71.522 0.0000000000
50078  1.984  -27.182  69.277 0.0000000000
49170  1.660  -27.741  69.841 0.0000000000
126455  0.738  -27.964  68.694 0.0000000000
48346  0.320  -30.240  67.637 0.0000000000
46571  0.184  -31.054  67.641 0.0000000000
47471  0.891  -30.426  67.257 0.0000000000
46569  2.076  -31.549  66.862 0.0000000000
45562  2.451  -32.150  66.957 0.0000000000
41220  5.669  -36.451  85.426 0.0000000000
41233  5.565  -36.318  84.819 0.0000000000
41232  6.664  -35.970  84.233 0.0000000000
118352  8.198  -35.332  82.694 0.0000000000
42193  8.920  -35.161  82.786 0.0000000000
43234  8.583  -34.571  82.105 0.0000000000
119977  13.046  -37.759  83.873 0.0000000000
40253  12.721  -37.190  84.394 0.0000000000
40240  11.048  -36.841  85.115 0.0000000000
126337  10.974  -37.464  84.729 0.0000000000
39242  8.800  -38.821  84.574 0.0000000000
39234  7.533  -38.082  86.218 0.0000000000
41217  8.365  -36.704  85.975 0.0000000000
129541  7.651  -36.713  86.187 0.0000000000
48192  2.628  -29.888  81.424 0.0000000000
46449  2.309  -30.795  80.107 0.0000000000
47344  2.870  -30.132  80.566 0.0000000000
132290  3.576  -29.593  80.186 0.0000000000
48219  3.751  -29.734  79.289 0.0000000000
48232  3.964  -29.722  78.434 0.0000000000
48243  4.236  -29.682  77.488 0.0000000000
48242  4.736  -29.246  76.794 0.0000000000
32988  -1.918  -45.413  80.844 0.0000000000
35723  -1.172  -42.203  81.749 0.0000000000
43259  4.197  -34.182  80.594 0.0000000000
123266  3.831  -34.961  80.641 0.0000000000
44341  3.743  -33.589  81.015 0.0000000000
44325  3.379  -33.303  81.992 0.0000000000
45411  2.936  -32.966  82.971 0.0000000000
44316  1.893  -33.391  83.584 0.0000000000
45398  1.351  -32.842  84.362 0.0000000000
45391  0.831  -32.220  84.913 0.0000000000
45392  0.261  -31.967  84.631 0.0000000000
46396  0.714  -31.049  85.471 0.0000000000
34855  3.083  -43.362  84.427 0.0000000000
34856  2.334  -43.631  84.621 0.0000000000
33876  1.274  -44.316  84.068 0.0000000000
32961  0.975  -44.986  83.504 0.0000000000
32968  -0.840  -45.229  83.195 0.0000000000
32974  -1.248  -45.610  82.574 0.0000000000
128846  -1.575  -45.993  81.680 0.0000000000
35753  -1.295  -42.250  77.035 0.0000000000
35752  -1.166  -42.712  76.466 0.0000000000
36621  -1.243  -41.923  76.085 0.0000000000
36633  -1.172  -41.373  75.393 0.0000000000
37485  -1.093  -40.102  75.983 0.0000000000
37484  -1.043  -40.656  75.271 0.0000000000
36642  -0.901  -41.310  74.586 0.0000000000
37495  -0.728  -40.442  74.502 0.0000000000
37511  -0.314  -40.107  73.739 0.0000000000
43312  -0.536  -34.563  73.853 0.0000000000
42280  0.066  -35.147  72.762 0.0000000000
127676  0.529  -35.657  72.632 0.0000000000
42279  0.479  -34.971  72.221 0.0000000000
41330  1.800  -36.624  72.549 0.0000000000
41329  2.723  -36.758  72.354 0.0000000000
40392  3.039  -37.502  72.238 0.0000000000
39401  3.698  -38.139  71.002 0.0000000000
40410  3.958  -37.671  70.964 0.0000000000
40409  4.218  -37.841  70.421 0.0000000000
141167  4.443  -37.289  70.325 0.0000000000
42311  3.064  -34.939  70.793 0.0000000000
117949  4.601  -36.696  70.134 0.0000000000
40417  5.068  -36.896  69.393 0.0000000000
41354  5.345  -36.206  68.983 0.0000000000
41359  5.737  -36.217  68.232 0.0000000000
50096  2.354  -27.604  67.248 0.0000000000
48344  2.463  -29.132  67.080 0.0000000000
48360  2.510  -30.175  66.714 0.0000000000
48359  3.375  -29.785  66.857 0.0000000000
125378  5.113  -29.183  66.870 0.0000000000
33078  -0.489  -44.849  67.286 0.0000000000
37427  0.671  -40.613  84.657 0.0000000000
38316  0.835  -39.951  84.365 0.0000000000
132021  5.473  -36.827  83.804 0.0000000000
41236  5.516  -36.752  82.762 0.0000000000
131413  5.468  -36.593  81.614 0.0000000000
122510  5.232  -36.057  80.859 0.0000000000
42211  4.743  -35.095  80.643 0.0000000000
44340  4.693  -33.511  80.848 0.0000000000
45410  4.663  -32.446  82.278 0.0000000000
46430  4.913  -31.808  83.058 0.0000000000
46429  5.868  -31.635  82.799 0.0000000000
125322  15.858  -37.973  80.618 0.0000000000
40294  14.334  -36.876  80.714 0.0000000000
40295  13.513  -37.002  81.115 0.0000000000
40282  14.074  -38.019  81.936 0.0000000000
40283  13.324  -37.974  81.397 0.0000000000
39276  12.797  -38.894  81.126 0.0000000000
39278  11.158  -38.352  81.298 0.0000000000
39253  12.959  -38.706  83.442 0.0000000000
137449  13.115  -39.972  83.420 0.0000000000
38310  12.686  -40.263  83.139 0.0000000000
38311  11.635  -40.241  82.826 0.0000000000
38324  11.997  -40.311  82.670 0.0000000000
38338  11.548  -39.815  82.006 0.0000000000
39266  10.617  -38.572  82.035 0.0000000000
39292  10.229  -37.634  81.099 0.0000000000
39281  7.992  -38.820  82.435 0.0000000000
36583  6.127  -41.332  82.949 0.0000000000
35711  4.434  -42.411  84.371 0.0000000000
37416  6.023  -39.930  85.423 0.0000000000
36575  4.853  -41.742  84.763 0.0000000000
36576  3.940  -42.090  84.831 0.0000000000
36570  3.278  -41.446  85.119 0.0000000000
36571  2.415  -41.796  85.226 0.0000000000
121936  2.633  -40.749  85.253 0.0000000000
128434  2.006  -40.944  85.290 0.0000000000
37421  1.462  -40.612  85.082 0.0000000000
42229  -0.291  -35.480  78.079 0.0000000000
126143  -0.352  -34.688  77.644 0.0000000000
44373  -0.485  -33.367  77.900 0.0000000000
125207  -0.382  -33.876  77.345 0.0000000000
43291  -0.281  -34.590  76.722 0.0000000000
133042  -0.321  -33.615  75.491 0.0000000000
46457  1.969  -31.105  79.491 0.0000000000
46468  1.038  -31.285  78.491 0.0000000000
46477  0.800  -31.315  77.675 0.0000000000
45464  0.004  -32.134  76.273 0.0000000000
44396  -0.284  -33.048  74.840 0.0000000000
45485  -0.402  -32.787  74.063 0.0000000000
45492  -0.484  -32.917  73.303 0.0000000000
46518  0.372  -31.662  74.168 0.0000000000
45498  -0.201  -32.245  72.932 0.0000000000
121030  -0.260  -32.284  72.075 0.0000000000
136693  0.020  -31.437  71.724 0.0000000000
46532  -0.074  -31.447  70.777 0.0000000000
44314  11.887  -33.816  84.231 0.0000000000
44315  11.302  -33.650  83.633 0.0000000000
45388  12.031  -32.464  85.040 0.0000000000
37452  22.075  -40.619  79.767 0.0000000000
36597  19.570  -41.777  79.666 0.0000000000
134289  18.334  -41.091  79.849 0.0000000000
37446  18.827  -40.580  80.584 0.0000000000
38355  17.116  -39.115  80.150 0.0000000000
130786  16.443  -38.467  80.167 0.0000000000
39287  16.517  -38.795  80.912 0.0000000000
39264  17.077  -38.736  82.544 0.0000000000
39275  16.323  -38.427  82.187 0.0000000000
40272  15.691  -38.031  82.955 0.0000000000
40251  14.678  -37.429  84.269 0.0000000000
40248  18.257  -36.990  84.284 0.0000000000
42178  16.857  -35.618  84.407 0.0000000000
41223  16.554  -36.620  84.293 0.0000000000
41224  15.669  -36.963  84.493 0.0000000000
119028  15.010  -37.082  84.555 0.0000000000
41212  13.359  -36.229  84.723 0.0000000000
42170  12.807  -35.377  84.639 0.0000000000
43219  13.311  -34.687  84.774 0.0000000000
43221  12.138  -34.941  84.501 0.0000000000
32061  -1.526  -46.652  77.845 0.0000000000
32072  -1.282  -46.557  76.884 0.0000000000
122460  -1.229  -45.089  76.732 0.0000000000
125553  -1.128  -43.824  77.222 0.0000000000
33917  -1.189  -44.798  79.417 0.0000000000
34885  -0.815  -43.983  78.880 0.0000000000
122774  -0.824  -43.180  78.733 0.0000000000
34897  -0.904  -43.256  78.262 0.0000000000
35745  -1.253  -42.579  77.810 0.0000000000
37469  -1.325  -40.720  77.362 0.0000000000
38369  -0.988  -39.996  77.427 0.0000000000
38363  -0.833  -40.006  78.209 0.0000000000
135306  -0.815  -39.400  77.876 0.0000000000
40319  -0.666  -37.754  77.999 0.0000000000
121745  0.395  -39.946  83.709 0.0000000000
38330  0.602  -39.521  82.984 0.0000000000
39271  0.746  -39.040  82.122 0.0000000000
38350  0.316  -39.104  81.371 0.0000000000
39295  0.278  -38.497  80.754 0.0000000000
122275  2.130  -36.290  80.961 0.0000000000
41246  1.612  -36.870  80.890 0.0000000000
40289  0.614  -37.830  80.733 0.0000000000
126974  0.152  -37.949  80.329 0.0000000000
40299  -0.180  -37.753  79.787 0.0000000000
131443  -0.133  -37.025  79.643 0.0000000000
42224  -0.642  -35.067  78.984 0.0000000000
45426  -0.483  -33.185  81.353 0.0000000000
45434  -0.590  -33.221  80.461 0.0000000000
45433  -0.140  -32.590  80.613 0.0000000000
46417  0.212  -31.660  84.420 0.0000000000
125083  0.852  -30.141  83.933 0.0000000000
47325  0.701  -30.712  83.160 0.0000000000
137793  1.418  -29.980  82.945 0.0000000000
121809  1.605  -30.381  82.056 0.0000000000
48191  3.261  -29.075  81.572 0.0000000000
40305  14.702  -36.764  79.167 0.0000000000
41264  14.244  -36.646  78.613 0.0000000000
41258  12.857  -36.915  78.907 0.0000000000
33886  2.562  -44.759  82.568 0.0000000000
33893  2.895  -45.003  81.637 0.0000000000
32085  -0.809  -46.758  75.548 0.0000000000
34929  -0.871  -43.539  75.325 0.0000000000
34959  -0.454  -43.288  73.699 0.0000000000
123048  -0.445  -44.064  74.078 0.0000000000
34045  -0.321  -44.842  73.849 0.0000000000
33057  0.298  -45.786  72.648 0.0000000000
34132  -0.495  -44.046  67.178 0.0000000000
125459  -0.545  -37.003  75.464 0.0000000000
38402  -0.349  -39.207  74.144 0.0000000000
119339  0.195  -40.138  72.895 0.0000000000
40380  0.448  -37.747  73.574 0.0000000000
39365  1.122  -38.000  73.076 0.0000000000
35829  0.159  -42.041  69.663 0.0000000000
37544  0.985  -40.891  70.389 0.0000000000
123918  0.500  -41.486  69.872 0.0000000000
35846  -0.553  -42.706  68.273 0.0000000000
35859  -0.578  -42.853  67.750 0.0000000000
35055  -0.013  -43.816  66.847 0.0000000000
34143  0.552  -44.319  66.715 0.0000000000
34130  1.620  -44.404  66.790 0.0000000000
34142  2.581  -44.131  66.820 0.0000000000
38474  3.432  -39.813  68.717 0.0000000000
37613  3.984  -41.100  67.343 0.0000000000
38491  4.571  -39.644  67.754 0.0000000000
37593  4.296  -40.408  67.549 0.0000000000
36744  4.523  -41.537  66.894 0.0000000000
127203  4.896  -42.844  66.601 0.0000000000
49983  5.165  -27.861  77.089 0.0000000000
49082  5.069  -28.587  77.014 0.0000000000
48250  4.639  -29.311  75.923 0.0000000000
49108  5.463  -28.068  75.945 0.0000000000
48270  3.854  -29.943  74.608 0.0000000000
131885  3.817  -29.924  73.915 0.0000000000
47427  3.216  -29.940  73.372 0.0000000000
47428  2.163  -30.084  73.024 0.0000000000
47436  0.389  -30.559  71.310 0.0000000000
49160  3.392  -28.043  70.799 0.0000000000
49152  2.087  -28.612  71.063 0.0000000000
49162  1.394  -28.445  70.420 0.0000000000
49153  1.547  -28.921  71.098 0.0000000000
48316  0.544  -29.795  70.218 0.0000000000
47442  0.250  -30.634  70.400 0.0000000000
46539  -0.225  -31.448  69.776 0.0000000000
45518  -0.837  -32.924  68.930 0.0000000000
44450  -0.141  -33.113  68.600 0.0000000000
44433  1.583  -33.713  68.799 0.0000000000
45544  0.632  -32.027  67.634 0.0000000000
123169  1.600  -33.303  68.093 0.0000000000
43374  2.613  -33.892  68.762 0.0000000000
133201  3.911  -34.562  68.561 0.0000000000
42333  5.284  -35.504  68.484 0.0000000000
47486  2.659  -31.018  66.718 0.0000000000
46583  2.777  -31.723  66.834 0.0000000000
122458  3.857  -33.684  66.858 0.0000000000
43382  5.207  -34.729  67.300 0.0000000000
41364  6.375  -37.083  67.356 0.0000000000
32164  2.879  -45.675  67.231 0.0000000000
35045  -0.346  -43.237  67.293 0.0000000000
35046  -0.705  -43.505  67.629 0.0000000000
35858  -0.132  -42.439  67.460 0.0000000000
35871  1.224  -42.767  67.079 0.0000000000
36697  0.334  -41.574  69.087 0.0000000000
36731  1.056  -41.622  67.593 0.0000000000
38308  1.556  -39.578  84.650 0.0000000000
38322  13.455  -40.154  82.469 0.0000000000
38458  2.756  -39.922  69.348 0.0000000000
39250  17.146  -38.422  83.278 0.0000000000
39455  5.881  -38.882  67.033 0.0000000000
40402  4.160  -37.125  70.831 0.0000000000
40403  3.614  -37.496  71.513 0.0000000000
40418  4.650  -37.460  69.831 0.0000000000
40433  5.945  -37.675  67.771 0.0000000000
41257  13.259  -36.737  79.515 0.0000000000
42194  7.423  -35.550  82.291 0.0000000000
42197  7.248  -35.201  81.253 0.0000000000
43244  6.728  -34.474  80.785 0.0000000000
43341  3.209  -34.513  70.046 0.0000000000
43361  0.171  -34.013  69.780 0.0000000000
43373  3.289  -34.165  68.114 0.0000000000
43383  4.393  -34.617  67.373 0.0000000000
44353  -0.702  -33.722  80.928 0.0000000000
44449  1.138  -32.809  67.784 0.0000000000
44451  -0.448  -32.690  68.609 0.0000000000
45513  -0.833  -33.062  69.607 0.0000000000
46397  0.391  -31.134  85.220 0.0000000000
46406  0.516  -31.570  85.138 0.0000000000
46407  0.296  -31.448  84.930 0.0000000000
46467  1.867  -31.053  78.778 0.0000000000
46508  0.996  -31.204  74.528 0.0000000000
46548  -0.698  -32.359  69.158 0.0000000000
46559  -0.331  -31.247  68.059 0.0000000000
46570  1.191  -31.321  67.203 0.0000000000
47306  0.307  -31.108  85.041 0.0000000000
47417  3.252  -30.325  74.201 0.0000000000
48295  4.385  -29.150  72.890 0.0000000000
48297  2.746  -29.544  72.535 0.0000000000
48315  0.987  -29.143  70.742 0.0000000000
48332  0.262  -29.627  68.095 0.0000000000
49151  2.960  -28.607  71.266 0.0000000000
50056  5.720  -27.410  71.849 0.0000000000
50079  1.146  -27.485  68.964 0.0000000000
50097  1.586  -27.316  67.760 0.0000000000
117783  0.704  -33.242  68.344 0.0000000000
120703  -0.301  -36.041  76.611 0.0000000000
121622  4.614  -34.943  68.584 0.0000000000
128077  2.042  -30.741  76.173 0.0000000000
133493  18.896  -41.274  79.863 0.0000000000
133682  4.909  -36.209  69.575 0.0000000000
139129  -0.605  -34.101  73.149 0.0000000000
139607  -1.144  -41.564  82.253 0.0000000000
139753  2.452  -40.719  68.171 0.0000000000
140186  0.495  -30.148  70.794 0.0000000000
