#!ascii label  , from subject sub-v2s18x29527_ses-1 vox2ras=TkReg
700
66187  18.757  -10.243  -0.837 0.0000000000
74308  27.450  -1.658  -10.141 0.0000000000
133771  23.531  9.643  -6.357 0.0000000000
78954  19.164  3.541  -6.663 0.0000000000
62750  20.252  -15.096  0.417 0.0000000000
63648  24.056  -13.058  -3.336 0.0000000000
69854  23.266  -5.913  -3.965 0.0000000000
74285  22.248  -1.078  -6.145 0.0000000000
139787  26.105  2.836  -8.192 0.0000000000
82325  24.509  7.441  -11.312 0.0000000000
89015  20.935  16.942  -8.209 0.0000000000
63616  19.834  -13.022  -0.089 0.0000000000
62778  22.128  -13.901  -0.987 0.0000000000
65290  21.786  -11.408  -1.369 0.0000000000
72638  19.575  -3.302  -4.232 0.0000000000
75173  18.048  -0.860  -3.879 0.0000000000
81462  20.807  6.319  -6.456 0.0000000000
79810  23.264  4.115  -5.286 0.0000000000
81448  25.322  6.336  -5.827 0.0000000000
80679  25.399  5.261  -9.065 0.0000000000
83921  24.608  9.222  -8.749 0.0000000000
90374  17.842  17.781  -7.045 0.0000000000
88406  19.388  15.467  -6.375 0.0000000000
90382  17.250  18.243  -10.177 0.0000000000
72655  26.963  -3.526  -6.033 0.0000000000
69869  26.319  -7.004  -4.885 0.0000000000
118356  27.783  -4.481  -8.242 0.0000000000
83904  19.881  9.118  -6.678 0.0000000000
75255  27.918  -0.511  -13.501 0.0000000000
67955  17.814  -8.231  -0.802 0.0000000000
67966  20.781  -8.797  -2.674 0.0000000000
115539  19.878  -5.619  -3.507 0.0000000000
72647  23.079  -3.314  -5.059 0.0000000000
130422  26.550  -0.809  -5.451 0.0000000000
125915  20.744  1.121  -6.604 0.0000000000
137438  25.832  1.395  -5.424 0.0000000000
76202  27.225  0.243  -9.993 0.0000000000
77188  23.616  1.449  -13.963 0.0000000000
86386  19.619  12.920  -6.742 0.0000000000
86394  23.026  13.009  -7.040 0.0000000000
90388  19.138  18.752  -10.258 0.0000000000
88417  23.106  15.750  -8.739 0.0000000000
86409  24.320  12.327  -8.958 0.0000000000
85653  22.447  10.593  -11.596 0.0000000000
120586  23.686  -8.993  -3.062 0.0000000000
66169  17.895  -9.912  0.475 0.0000000000
65264  18.007  -11.083  1.112 0.0000000000
65274  19.154  -11.594  -0.572 0.0000000000
65273  20.391  -11.727  -0.771 0.0000000000
65292  20.109  -11.143  -1.013 0.0000000000
82290  22.131  7.486  -5.911 0.0000000000
81451  22.509  6.663  -5.498 0.0000000000
82289  24.155  8.083  -5.871 0.0000000000
126444  24.812  8.125  -6.896 0.0000000000
83913  24.227  9.642  -6.932 0.0000000000
91074  16.179  18.987  -8.335 0.0000000000
90384  15.554  17.191  -8.683 0.0000000000
91076  17.040  19.693  -9.614 0.0000000000
73479  27.446  -2.921  -7.333 0.0000000000
122635  27.045  -4.407  -6.586 0.0000000000
73484  27.990  -3.067  -9.871 0.0000000000
82301  18.710  7.202  -7.186 0.0000000000
83101  18.070  8.664  -7.372 0.0000000000
61864  19.121  -14.893  1.138 0.0000000000
60929  19.428  -16.199  1.243 0.0000000000
59954  20.820  -17.336  0.092 0.0000000000
60951  21.232  -16.507  -0.242 0.0000000000
63640  22.932  -12.944  -2.176 0.0000000000
61892  23.571  -15.559  -2.370 0.0000000000
68855  19.050  -7.186  -2.317 0.0000000000
70785  18.724  -5.504  -2.483 0.0000000000
73456  20.630  -2.295  -5.265 0.0000000000
72650  20.782  -3.259  -5.187 0.0000000000
124622  22.495  -1.933  -5.632 0.0000000000
128665  24.961  -2.180  -4.649 0.0000000000
75184  24.722  -1.010  -5.027 0.0000000000
77139  18.882  1.575  -5.180 0.0000000000
118714  19.723  2.213  -6.498 0.0000000000
78938  25.158  3.504  -5.524 0.0000000000
78939  24.205  2.880  -5.231 0.0000000000
78042  26.537  2.394  -6.356 0.0000000000
77156  27.223  1.360  -7.218 0.0000000000
77164  26.704  1.765  -8.771 0.0000000000
76210  26.346  0.461  -11.856 0.0000000000
77178  26.610  2.564  -10.311 0.0000000000
81495  24.863  6.757  -9.519 0.0000000000
79853  25.995  4.842  -10.489 0.0000000000
88414  20.118  16.059  -6.927 0.0000000000
87103  19.149  13.559  -6.696 0.0000000000
87760  21.058  14.226  -6.575 0.0000000000
86385  21.143  12.581  -6.373 0.0000000000
118737  22.297  15.284  -7.204 0.0000000000
87122  24.272  13.863  -8.555 0.0000000000
86418  23.530  12.505  -9.994 0.0000000000
85638  23.805  11.521  -9.809 0.0000000000
68864  21.742  -7.556  -3.598 0.0000000000
67149  22.029  -9.329  -2.836 0.0000000000
68862  23.342  -7.169  -3.226 0.0000000000
68891  26.722  -7.658  -5.835 0.0000000000
68018  25.863  -9.034  -5.165 0.0000000000
63600  18.531  -13.316  0.842 0.0000000000
62767  20.086  -13.794  0.158 0.0000000000
62765  21.421  -14.622  -0.421 0.0000000000
63615  20.665  -13.219  -0.371 0.0000000000
64500  21.898  -12.029  -1.257 0.0000000000
64511  22.791  -12.040  -2.022 0.0000000000
73397  18.333  -3.094  -2.866 0.0000000000
74258  19.003  -2.034  -3.925 0.0000000000
75198  20.374  -0.840  -6.095 0.0000000000
129681  20.009  4.935  -6.800 0.0000000000
78952  20.423  3.437  -6.647 0.0000000000
129008  22.213  5.044  -5.510 0.0000000000
79809  24.318  4.779  -5.392 0.0000000000
79819  25.712  4.867  -6.256 0.0000000000
78967  25.669  3.784  -8.816 0.0000000000
81472  25.503  6.333  -7.131 0.0000000000
81486  24.703  6.718  -8.517 0.0000000000
83116  24.454  8.206  -9.277 0.0000000000
88398  17.913  15.805  -5.384 0.0000000000
89008  18.592  16.887  -7.078 0.0000000000
89025  17.778  16.235  -9.124 0.0000000000
89703  18.227  16.391  -9.977 0.0000000000
71728  25.317  -4.453  -4.235 0.0000000000
117733  24.540  -5.713  -3.510 0.0000000000
71740  25.935  -5.036  -4.789 0.0000000000
70826  26.839  -6.125  -6.634 0.0000000000
79824  18.167  4.395  -5.855 0.0000000000
81464  19.441  6.065  -6.899 0.0000000000
82292  20.347  7.561  -6.661 0.0000000000
83902  21.634  9.553  -5.803 0.0000000000
60960  22.279  -15.844  -1.133 0.0000000000
74315  28.187  -0.879  -11.855 0.0000000000
73496  28.556  -2.248  -11.141 0.0000000000
67110  18.533  -9.383  -1.009 0.0000000000
67109  19.303  -9.761  -1.400 0.0000000000
67968  19.052  -8.014  -2.038 0.0000000000
68854  19.807  -7.107  -2.823 0.0000000000
69857  21.390  -6.101  -4.317 0.0000000000
71722  19.573  -4.523  -3.767 0.0000000000
116041  21.267  -4.534  -5.034 0.0000000000
71731  22.916  -4.861  -5.059 0.0000000000
72635  24.758  -3.337  -4.408 0.0000000000
73450  27.137  -2.158  -5.982 0.0000000000
74299  27.617  -1.332  -8.028 0.0000000000
121033  19.600  0.161  -5.644 0.0000000000
76180  21.237  0.354  -6.665 0.0000000000
78044  21.657  2.160  -6.148 0.0000000000
77138  22.425  1.173  -5.923 0.0000000000
76163  23.494  0.328  -5.430 0.0000000000
75195  26.542  0.022  -5.549 0.0000000000
75228  27.611  -0.353  -7.786 0.0000000000
122826  27.387  -0.723  -10.275 0.0000000000
130009  26.675  -0.310  -12.784 0.0000000000
75257  24.984  -0.153  -13.909 0.0000000000
131557  26.390  3.489  -11.206 0.0000000000
84745  19.717  10.447  -6.416 0.0000000000
128981  21.455  11.106  -6.049 0.0000000000
85612  22.693  11.311  -6.274 0.0000000000
138278  18.149  18.767  -10.466 0.0000000000
89709  18.990  17.691  -10.105 0.0000000000
89700  21.071  17.683  -9.507 0.0000000000
89013  22.491  16.335  -8.209 0.0000000000
87769  23.396  14.616  -7.686 0.0000000000
86392  24.354  12.591  -7.762 0.0000000000
130620  24.083  10.991  -7.370 0.0000000000
136342  24.422  10.556  -8.819 0.0000000000
84781  23.911  9.805  -10.325 0.0000000000
83936  22.809  8.119  -11.763 0.0000000000
66205  21.061  -10.387  -1.958 0.0000000000
66203  22.460  -10.766  -2.094 0.0000000000
65315  23.703  -11.340  -3.155 0.0000000000
68877  24.813  -7.820  -4.041 0.0000000000
67164  24.640  -9.392  -4.193 0.0000000000
133381  18.214  -10.301  -0.156 0.0000000000
65276  18.074  -10.671  0.464 0.0000000000
66168  18.529  -10.924  -0.382 0.0000000000
65275  18.303  -11.551  0.254 0.0000000000
135270  19.198  -10.942  -0.890 0.0000000000
83088  22.360  8.329  -5.990 0.0000000000
135642  23.127  8.070  -5.941 0.0000000000
83087  23.595  8.774  -6.118 0.0000000000
83086  24.445  8.509  -6.420 0.0000000000
91738  16.523  19.913  -8.808 0.0000000000
125156  27.440  -2.145  -8.645 0.0000000000
73482  27.549  -2.924  -8.260 0.0000000000
73490  27.640  -2.428  -9.995 0.0000000000
61863  19.667  -15.493  0.893 0.0000000000
60941  19.942  -16.381  0.757 0.0000000000
60940  20.537  -16.487  0.273 0.0000000000
61874  20.860  -15.571  0.016 0.0000000000
63639  23.572  -13.495  -2.778 0.0000000000
62788  23.764  -14.497  -2.643 0.0000000000
63638  24.296  -13.833  -3.156 0.0000000000
63647  24.775  -13.333  -3.636 0.0000000000
69827  18.222  -6.020  -1.761 0.0000000000
70773  18.062  -5.133  -1.742 0.0000000000
74272  20.918  -1.568  -5.937 0.0000000000
73455  21.258  -2.495  -5.549 0.0000000000
119038  23.091  -1.259  -5.546 0.0000000000
74270  23.914  -1.452  -5.192 0.0000000000
132749  23.895  -0.522  -5.280 0.0000000000
77150  19.170  2.538  -6.292 0.0000000000
78047  19.407  2.922  -6.634 0.0000000000
78950  26.258  3.247  -6.757 0.0000000000
78043  26.036  3.222  -5.862 0.0000000000
78053  26.443  2.595  -7.497 0.0000000000
77157  26.831  1.921  -7.876 0.0000000000
78060  26.322  2.439  -8.411 0.0000000000
77170  26.739  1.733  -9.680 0.0000000000
78065  26.301  2.538  -9.308 0.0000000000
82316  24.627  7.426  -9.978 0.0000000000
121029  25.459  6.196  -10.051 0.0000000000
137357  20.276  16.601  -7.689 0.0000000000
88413  20.851  15.638  -6.952 0.0000000000
87772  21.242  15.024  -6.751 0.0000000000
87771  21.852  14.349  -6.859 0.0000000000
88412  21.582  15.811  -7.194 0.0000000000
87790  23.243  14.356  -10.278 0.0000000000
87132  23.127  13.221  -10.783 0.0000000000
86419  22.961  12.274  -11.077 0.0000000000
68863  22.506  -7.015  -3.607 0.0000000000
69843  23.148  -6.539  -3.482 0.0000000000
68890  27.388  -7.799  -6.424 0.0000000000
68017  26.642  -8.874  -5.570 0.0000000000
63617  18.956  -12.828  0.178 0.0000000000
64472  18.314  -12.410  0.687 0.0000000000
63599  19.289  -13.606  0.449 0.0000000000
65291  21.113  -11.271  -1.170 0.0000000000
64501  21.318  -11.810  -0.953 0.0000000000
65289  22.280  -11.647  -1.627 0.0000000000
74248  18.044  -1.625  -3.366 0.0000000000
141086  18.535  -1.872  -3.663 0.0000000000
137141  18.603  -1.436  -3.984 0.0000000000
74257  19.478  -1.521  -4.543 0.0000000000
75199  19.685  -0.640  -5.345 0.0000000000
80659  20.413  5.575  -6.613 0.0000000000
122317  20.657  4.906  -6.557 0.0000000000
80658  21.134  5.685  -6.310 0.0000000000
81450  23.714  6.612  -5.386 0.0000000000
80648  24.035  5.749  -5.262 0.0000000000
80647  24.979  5.695  -5.578 0.0000000000
79808  25.284  4.923  -5.770 0.0000000000
80646  25.547  5.703  -5.982 0.0000000000
80656  25.680  5.630  -6.692 0.0000000000
81459  25.536  6.432  -6.279 0.0000000000
83110  24.682  8.490  -7.966 0.0000000000
82300  24.803  7.479  -7.723 0.0000000000
82309  24.501  7.452  -8.825 0.0000000000
90375  16.817  18.178  -7.471 0.0000000000
89689  18.313  17.153  -6.319 0.0000000000
89003  18.607  16.495  -6.252 0.0000000000
89693  16.992  17.208  -7.487 0.0000000000
90383  16.205  17.672  -9.311 0.0000000000
89705  15.848  16.263  -9.505 0.0000000000
120835  16.884  16.920  -10.096 0.0000000000
89704  17.288  16.260  -10.051 0.0000000000
89711  17.566  17.034  -10.584 0.0000000000
120736  25.937  -4.210  -4.984 0.0000000000
126664  26.529  -4.213  -5.744 0.0000000000
71747  27.427  -4.521  -7.458 0.0000000000
118834  26.673  -5.123  -6.247 0.0000000000
70836  27.202  -5.466  -7.153 0.0000000000
69887  27.233  -6.408  -7.234 0.0000000000
79812  17.658  4.607  -5.332 0.0000000000
120350  17.651  5.143  -5.883 0.0000000000
79834  18.794  5.140  -6.741 0.0000000000
80672  18.261  5.862  -6.927 0.0000000000
83091  19.686  8.266  -6.891 0.0000000000
122745  19.467  7.584  -6.974 0.0000000000
83090  20.602  8.401  -6.499 0.0000000000
122114  20.816  9.063  -6.194 0.0000000000
61873  21.672  -15.665  -0.561 0.0000000000
61885  22.237  -14.964  -0.992 0.0000000000
60967  23.756  -16.451  -2.355 0.0000000000
75249  28.137  -0.541  -12.581 0.0000000000
67942  17.577  -8.441  -0.039 0.0000000000
136990  18.300  -8.727  -1.117 0.0000000000
67953  18.999  -8.862  -1.633 0.0000000000
67954  18.417  -8.129  -1.433 0.0000000000
135495  19.369  -6.601  -2.688 0.0000000000
115537  19.848  -6.279  -3.247 0.0000000000
115535  20.469  -7.000  -3.409 0.0000000000
132422  20.637  -6.116  -3.844 0.0000000000
72626  18.685  -3.899  -3.035 0.0000000000
70792  18.992  -4.741  -3.252 0.0000000000
72625  19.244  -4.003  -3.759 0.0000000000
72649  21.513  -3.362  -5.405 0.0000000000
116419  21.129  -3.907  -5.273 0.0000000000
71743  21.756  -4.149  -5.299 0.0000000000
70814  22.084  -4.996  -5.076 0.0000000000
71741  23.046  -4.054  -5.078 0.0000000000
72636  23.865  -3.495  -4.618 0.0000000000
73432  24.402  -2.782  -4.623 0.0000000000
74269  26.261  -1.466  -5.093 0.0000000000
73452  25.899  -2.233  -4.769 0.0000000000
74268  26.872  -1.442  -5.675 0.0000000000
140248  27.513  -1.615  -7.229 0.0000000000
118333  27.559  -0.906  -7.068 0.0000000000
125629  20.065  1.350  -6.474 0.0000000000
76165  19.303  0.836  -5.398 0.0000000000
76182  19.829  0.716  -6.139 0.0000000000
75215  20.056  -0.096  -6.195 0.0000000000
78941  22.225  3.562  -5.523 0.0000000000
78035  21.640  2.883  -5.959 0.0000000000
78034  22.337  2.631  -5.561 0.0000000000
78032  24.234  1.980  -5.213 0.0000000000
77136  24.362  1.237  -5.147 0.0000000000
118229  23.912  0.802  -5.251 0.0000000000
77135  25.123  1.099  -5.032 0.0000000000
76161  25.616  0.457  -5.139 0.0000000000
76160  26.494  0.979  -5.721 0.0000000000
77169  27.107  0.906  -9.179 0.0000000000
76192  27.518  0.533  -7.481 0.0000000000
120237  27.360  0.073  -9.196 0.0000000000
75240  27.373  -0.449  -9.555 0.0000000000
120275  26.989  -0.019  -10.881 0.0000000000
75246  27.123  -0.410  -11.906 0.0000000000
134944  26.695  -0.115  -11.573 0.0000000000
76211  24.948  0.756  -13.019 0.0000000000
75250  25.054  -0.091  -13.274 0.0000000000
76214  23.553  0.294  -14.275 0.0000000000
132477  25.618  0.872  -15.221 0.0000000000
79841  25.507  4.741  -8.419 0.0000000000
78974  25.973  3.290  -9.300 0.0000000000
78975  26.045  4.041  -9.852 0.0000000000
88407  18.464  15.156  -6.055 0.0000000000
87763  18.327  14.210  -6.187 0.0000000000
86387  18.835  12.843  -6.714 0.0000000000
129341  19.073  12.209  -6.690 0.0000000000
85614  19.357  11.395  -6.534 0.0000000000
84746  18.645  10.657  -6.744 0.0000000000
86384  22.084  12.834  -6.616 0.0000000000
126929  20.997  11.842  -6.246 0.0000000000
124867  21.898  11.997  -6.275 0.0000000000
84743  22.192  10.413  -5.876 0.0000000000
86383  22.796  12.219  -6.628 0.0000000000
91747  18.280  20.802  -10.592 0.0000000000
91081  18.715  19.720  -10.474 0.0000000000
90389  18.150  17.719  -10.604 0.0000000000
119724  22.902  15.871  -9.826 0.0000000000
89023  21.915  17.190  -9.653 0.0000000000
89022  22.530  16.495  -9.210 0.0000000000
125551  21.300  17.279  -8.966 0.0000000000
88411  22.854  15.677  -7.820 0.0000000000
88410  23.492  15.100  -8.061 0.0000000000
127332  24.330  13.144  -9.063 0.0000000000
87116  24.295  13.494  -7.879 0.0000000000
130864  24.616  12.259  -8.186 0.0000000000
85622  23.873  11.738  -7.348 0.0000000000
85621  24.421  11.671  -7.835 0.0000000000
84765  24.415  10.802  -8.054 0.0000000000
85630  24.389  11.396  -8.701 0.0000000000
84773  23.404  10.658  -10.626 0.0000000000
84787  22.992  9.541  -11.455 0.0000000000
83935  23.816  8.710  -10.990 0.0000000000
67129  19.747  -9.382  -1.860 0.0000000000
67108  20.159  -10.121  -1.737 0.0000000000
67128  20.476  -9.561  -2.223 0.0000000000
67148  22.819  -8.883  -2.951 0.0000000000
67126  22.115  -10.162  -2.539 0.0000000000
136792  22.577  -9.714  -2.778 0.0000000000
66202  23.066  -10.995  -2.475 0.0000000000
66218  23.596  -10.495  -2.975 0.0000000000
69852  25.472  -6.313  -4.139 0.0000000000
123310  24.695  -6.736  -3.635 0.0000000000
68876  25.576  -7.347  -4.388 0.0000000000
67163  25.292  -9.655  -4.738 0.0000000000
68004  25.018  -8.794  -4.503 0.0000000000
66229  24.768  -10.208  -4.255 0.0000000000
66217  24.298  -10.769  -3.613 0.0000000000
64486  18.752  -12.182  -0.065 0.0000000000
64485  19.537  -12.309  -0.361 0.0000000000
64484  20.555  -12.416  -0.574 0.0000000000
82291  21.109  7.116  -6.372 0.0000000000
81461  21.556  6.543  -6.049 0.0000000000
82279  23.387  7.441  -5.639 0.0000000000
82278  24.521  7.321  -5.674 0.0000000000
81460  25.266  7.021  -5.910 0.0000000000
82288  24.921  7.799  -6.131 0.0000000000
83098  24.556  8.946  -7.013 0.0000000000
83912  24.493  9.456  -7.727 0.0000000000
91071  16.681  19.107  -7.783 0.0000000000
90376  15.703  18.030  -7.918 0.0000000000
89694  15.873  17.212  -7.679 0.0000000000
90378  15.537  18.127  -8.434 0.0000000000
91077  16.211  18.918  -9.063 0.0000000000
73470  27.240  -2.863  -6.427 0.0000000000
72654  27.312  -3.647  -6.916 0.0000000000
72658  27.526  -3.715  -7.837 0.0000000000
72661  27.734  -3.671  -8.679 0.0000000000
82302  17.879  7.730  -7.288 0.0000000000
83914  18.879  8.885  -7.196 0.0000000000
63590  18.111  -13.910  1.441 0.0000000000
62739  17.664  -14.604  1.881 0.0000000000
62738  18.397  -14.773  1.436 0.0000000000
61851  18.840  -15.642  1.409 0.0000000000
58933  21.087  -18.197  0.002 0.0000000000
59953  21.650  -17.453  -0.485 0.0000000000
63628  22.550  -13.358  -1.619 0.0000000000
62777  22.728  -14.385  -1.588 0.0000000000
62789  23.132  -13.901  -2.214 0.0000000000
68846  17.821  -7.416  -1.174 0.0000000000
133078  18.558  -7.513  -1.741 0.0000000000
68845  18.378  -6.839  -1.736 0.0000000000
135748  18.808  -6.389  -2.332 0.0000000000
116165  19.332  -5.541  -3.133 0.0000000000
72651  20.164  -2.818  -4.752 0.0000000000
72637  20.211  -3.542  -4.733 0.0000000000
73454  21.990  -2.659  -5.579 0.0000000000
73453  22.753  -2.712  -5.311 0.0000000000
73433  23.539  -2.744  -4.948 0.0000000000
124184  23.293  -2.050  -5.293 0.0000000000
137065  24.591  -1.650  -4.921 0.0000000000
75196  25.753  -0.637  -5.052 0.0000000000
77149  19.458  1.654  -6.010 0.0000000000
77148  20.354  1.936  -6.559 0.0000000000
129055  24.200  3.783  -5.325 0.0000000000
78940  23.188  3.187  -5.224 0.0000000000
119387  25.229  2.624  -5.412 0.0000000000
78031  25.989  2.223  -5.673 0.0000000000
118712  26.867  1.534  -6.383 0.0000000000
120030  26.879  2.008  -7.049 0.0000000000
77163  27.232  1.179  -8.176 0.0000000000
118848  26.967  1.077  -10.032 0.0000000000
77177  26.791  1.729  -10.606 0.0000000000
77183  26.237  1.541  -11.913 0.0000000000
81494  25.100  5.991  -9.097 0.0000000000
79848  25.663  4.666  -9.422 0.0000000000
80686  25.612  5.444  -9.787 0.0000000000
80695  25.887  5.626  -10.588 0.0000000000
116521  19.422  16.772  -7.554 0.0000000000
87762  19.565  14.546  -6.539 0.0000000000
88405  20.334  15.210  -6.572 0.0000000000
87761  20.519  14.533  -6.565 0.0000000000
135650  20.447  12.997  -6.556 0.0000000000
127911  20.107  12.200  -6.511 0.0000000000
87101  21.322  13.486  -6.571 0.0000000000
87110  22.381  13.650  -7.022 0.0000000000
87783  23.299  15.151  -9.547 0.0000000000
88416  23.484  15.039  -8.806 0.0000000000
87782  23.666  14.468  -9.230 0.0000000000
87131  23.687  13.627  -9.639 0.0000000000
85645  23.119  11.528  -10.879 0.0000000000
115536  21.215  -8.206  -3.207 0.0000000000
67965  21.476  -8.882  -2.841 0.0000000000
67986  21.958  -8.477  -3.189 0.0000000000
67985  22.638  -7.874  -3.236 0.0000000000
67984  23.493  -8.118  -3.120 0.0000000000
68892  26.290  -8.121  -5.221 0.0000000000
62752  18.851  -14.157  1.013 0.0000000000
62751  19.645  -14.492  0.624 0.0000000000
134906  20.298  -14.438  0.260 0.0000000000
140620  20.726  -14.758  0.069 0.0000000000
62766  20.779  -14.046  -0.109 0.0000000000
63614  21.409  -13.510  -0.643 0.0000000000
64483  21.371  -12.567  -0.833 0.0000000000
63629  21.945  -12.894  -1.223 0.0000000000
64499  22.402  -12.405  -1.631 0.0000000000
64510  23.345  -12.598  -2.743 0.0000000000
128802  18.891  -3.252  -3.566 0.0000000000
73414  18.522  -2.415  -3.437 0.0000000000
72639  19.135  -2.677  -3.873 0.0000000000
73457  20.079  -2.082  -4.789 0.0000000000
74273  20.212  -1.498  -5.377 0.0000000000
74287  20.912  -0.863  -6.371 0.0000000000
121178  19.405  3.950  -6.760 0.0000000000
78953  19.705  3.337  -6.771 0.0000000000
79822  20.022  4.166  -6.817 0.0000000000
79811  21.735  4.274  -5.821 0.0000000000
133797  22.491  4.392  -5.446 0.0000000000
80657  21.859  5.812  -5.610 0.0000000000
128538  23.211  4.975  -5.323 0.0000000000
135959  24.971  4.230  -5.570 0.0000000000
136434  25.613  4.150  -5.868 0.0000000000
78960  25.969  3.844  -7.230 0.0000000000
78966  25.919  3.287  -7.935 0.0000000000
79833  25.745  4.662  -7.208 0.0000000000
132198  25.317  5.522  -8.522 0.0000000000
82287  25.282  7.200  -6.680 0.0000000000
81473  25.060  6.772  -7.636 0.0000000000
81485  25.149  6.124  -8.128 0.0000000000
83125  24.267  7.957  -10.482 0.0000000000
89002  19.161  16.242  -6.602 0.0000000000
89009  16.394  16.243  -8.348 0.0000000000
89698  17.688  16.870  -8.014 0.0000000000
89017  18.525  16.989  -8.135 0.0000000000
120966  18.927  16.893  -8.624 0.0000000000
89024  18.904  16.804  -9.350 0.0000000000
70799  23.451  -5.189  -4.356 0.0000000000
126795  23.953  -5.491  -3.421 0.0000000000
70798  24.451  -4.832  -3.763 0.0000000000
70797  25.353  -5.308  -4.026 0.0000000000
70813  26.139  -5.978  -4.776 0.0000000000
70812  26.448  -5.626  -5.629 0.0000000000
69868  26.683  -6.752  -5.928 0.0000000000
78955  18.689  3.821  -6.254 0.0000000000
134505  18.857  4.344  -6.592 0.0000000000
80660  19.707  5.486  -6.815 0.0000000000
81463  20.087  6.181  -6.701 0.0000000000
81474  18.798  6.345  -7.098 0.0000000000
82293  19.636  6.823  -6.859 0.0000000000
125555  20.417  6.807  -6.603 0.0000000000
121326  21.334  7.915  -6.304 0.0000000000
83089  21.527  8.676  -6.029 0.0000000000
125614  22.569  9.115  -5.959 0.0000000000
60950  21.979  -16.535  -0.816 0.0000000000
61884  22.869  -15.492  -1.746 0.0000000000
129307  28.043  -1.538  -11.274 0.0000000000
125850  27.796  -2.096  -10.704 0.0000000000
124905  28.902  -1.609  -11.794 0.0000000000
67097  18.138  -9.676  -0.311 0.0000000000
67967  19.859  -8.593  -2.266 0.0000000000
126385  19.644  -7.736  -2.463 0.0000000000
117697  20.400  -7.851  -2.905 0.0000000000
135721  20.987  -7.547  -3.497 0.0000000000
69844  21.205  -6.864  -3.842 0.0000000000
69855  22.548  -6.271  -4.207 0.0000000000
71711  18.452  -4.537  -2.381 0.0000000000
116300  19.613  -5.047  -3.559 0.0000000000
71733  19.938  -4.164  -4.384 0.0000000000
116473  20.097  -4.816  -3.940 0.0000000000
115541  20.491  -5.384  -3.966 0.0000000000
70815  21.433  -5.299  -4.676 0.0000000000
70801  22.036  -5.849  -4.606 0.0000000000
70800  22.701  -5.543  -4.673 0.0000000000
71730  23.709  -4.395  -4.491 0.0000000000
71729  24.631  -3.986  -4.211 0.0000000000
72646  26.264  -3.205  -5.127 0.0000000000
73431  25.335  -2.891  -4.575 0.0000000000
73471  26.914  -2.792  -5.709 0.0000000000
135155  27.391  -2.195  -6.840 0.0000000000
127131  27.553  -2.187  -7.732 0.0000000000
134620  27.412  -1.480  -8.914 0.0000000000
75186  18.252  -0.089  -4.334 0.0000000000
75200  19.092  0.061  -4.941 0.0000000000
75214  20.670  -0.252  -6.537 0.0000000000
75212  22.046  -0.177  -6.458 0.0000000000
138756  20.100  2.978  -6.741 0.0000000000
78045  20.798  2.631  -6.525 0.0000000000
77147  21.120  1.706  -6.513 0.0000000000
78033  23.146  2.169  -5.254 0.0000000000
124680  22.330  1.834  -5.785 0.0000000000
77146  21.812  1.399  -6.337 0.0000000000
76179  21.944  0.696  -6.498 0.0000000000
76164  22.636  0.468  -5.873 0.0000000000
75197  22.856  -0.385  -5.737 0.0000000000
117538  24.886  -0.242  -4.957 0.0000000000
76178  27.188  0.572  -6.413 0.0000000000
75211  27.550  -0.127  -6.924 0.0000000000
74284  27.133  -0.582  -6.166 0.0000000000
75235  27.475  -0.634  -8.788 0.0000000000
121932  27.398  -1.163  -9.524 0.0000000000
140890  27.588  -1.344  -10.736 0.0000000000
74311  27.472  -0.676  -11.144 0.0000000000
76212  25.953  0.052  -12.329 0.0000000000
75256  26.441  -0.399  -13.768 0.0000000000
78981  26.159  4.183  -10.929 0.0000000000
77184  25.112  2.048  -13.294 0.0000000000
83905  18.908  9.743  -6.954 0.0000000000
139574  19.752  9.766  -6.530 0.0000000000
85613  20.348  11.270  -6.219 0.0000000000
84744  20.643  10.567  -6.077 0.0000000000
83903  20.521  9.800  -6.168 0.0000000000
127912  21.285  10.269  -5.893 0.0000000000
84742  23.140  10.457  -6.270 0.0000000000
91082  17.769  19.605  -10.312 0.0000000000
89702  18.960  16.968  -9.825 0.0000000000
121985  20.163  17.318  -9.046 0.0000000000
90387  20.293  18.555  -10.047 0.0000000000
89701  20.081  17.877  -9.558 0.0000000000
89006  21.785  16.522  -7.772 0.0000000000
139663  22.278  16.033  -7.547 0.0000000000
87770  22.753  14.492  -7.305 0.0000000000
87109  23.432  13.826  -7.515 0.0000000000
136280  23.793  14.580  -8.473 0.0000000000
135717  23.313  11.756  -6.798 0.0000000000
85611  23.528  11.112  -6.767 0.0000000000
84757  23.833  10.359  -6.833 0.0000000000
84756  24.229  10.211  -7.505 0.0000000000
130439  24.411  10.013  -8.377 0.0000000000
85637  24.150  10.665  -9.633 0.0000000000
84772  24.405  9.902  -9.306 0.0000000000
83928  24.338  8.994  -9.854 0.0000000000
83126  23.519  7.543  -11.588 0.0000000000
84788  21.878  9.562  -12.429 0.0000000000
83944  22.181  8.723  -12.278 0.0000000000
83131  21.880  7.737  -12.605 0.0000000000
82333  23.180  6.966  -12.117 0.0000000000
66186  19.702  -10.537  -1.265 0.0000000000
66185  20.680  -10.777  -1.465 0.0000000000
66184  21.566  -10.911  -1.537 0.0000000000
67127  21.365  -9.736  -2.508 0.0000000000
66204  21.842  -10.547  -1.962 0.0000000000
66183  22.155  -11.057  -1.657 0.0000000000
65304  22.657  -11.323  -1.967 0.0000000000
65303  23.158  -11.737  -2.597 0.0000000000
64519  23.877  -12.198  -3.279 0.0000000000
69853  23.876  -6.325  -3.218 0.0000000000
68861  24.051  -7.382  -3.328 0.0000000000
67983  24.237  -8.573  -3.592 0.0000000000
121815  25.532  -8.243  -4.669 0.0000000000
67146  24.144  -9.719  -3.403 0.0000000000
73489  28.271  -2.739  -10.469 0.0000000000
71766  28.143  -3.602  -9.377 0.0000000000
60959  22.686  -16.559  -1.600 0.0000000000
61862  20.246  -15.819  0.455 0.0000000000
61883  23.238  -16.221  -2.098 0.0000000000
61893  23.251  -14.781  -2.165 0.0000000000
67125  22.810  -10.359  -2.645 0.0000000000
67147  23.329  -9.704  -2.849 0.0000000000
67182  20.411  -5.780  -3.772 0.0000000000
67941  17.963  -8.948  -0.516 0.0000000000
69856  21.906  -6.645  -4.129 0.0000000000
69880  27.043  -6.975  -7.012 0.0000000000
70784  19.225  -6.067  -2.759 0.0000000000
71732  20.636  -4.053  -4.947 0.0000000000
71742  22.413  -4.360  -5.230 0.0000000000
71754  27.752  -5.315  -7.889 0.0000000000
72634  25.400  -3.650  -4.535 0.0000000000
72648  22.347  -3.542  -5.337 0.0000000000
73434  19.589  -2.401  -4.332 0.0000000000
73451  26.616  -2.213  -5.327 0.0000000000
74255  25.396  -1.511  -4.841 0.0000000000
74256  24.089  -2.142  -4.964 0.0000000000
74271  21.726  -1.805  -5.902 0.0000000000
74283  27.288  -1.472  -6.455 0.0000000000
74286  21.500  -1.100  -6.307 0.0000000000
74305  27.370  -1.984  -9.428 0.0000000000
74325  27.712  -0.651  -14.388 0.0000000000
75185  18.834  -0.743  -4.494 0.0000000000
75213  21.365  -0.452  -6.531 0.0000000000
75251  24.089  -0.206  -13.893 0.0000000000
75258  24.197  -0.087  -14.146 0.0000000000
75264  26.001  0.087  -14.529 0.0000000000
76162  24.470  0.455  -5.089 0.0000000000
76181  20.410  0.512  -6.533 0.0000000000
76198  27.443  0.301  -8.447 0.0000000000
76208  26.778  0.823  -10.820 0.0000000000
76213  23.634  0.288  -13.729 0.0000000000
77134  26.436  1.735  -5.856 0.0000000000
77137  23.331  1.201  -5.405 0.0000000000
78046  19.933  2.662  -6.697 0.0000000000
78048  18.861  3.195  -6.345 0.0000000000
78942  21.287  3.483  -6.233 0.0000000000
78951  25.975  4.011  -6.462 0.0000000000
79820  21.430  4.983  -6.132 0.0000000000
79821  20.932  4.197  -6.447 0.0000000000
79823  19.383  4.749  -6.807 0.0000000000
80649  22.887  5.818  -5.318 0.0000000000
80661  18.248  5.105  -6.431 0.0000000000
80670  25.485  5.502  -7.688 0.0000000000
80671  19.005  5.561  -6.948 0.0000000000
81449  24.754  6.497  -5.535 0.0000000000
83099  24.211  9.154  -6.536 0.0000000000
83100  18.750  8.065  -7.228 0.0000000000
83901  22.658  9.828  -5.928 0.0000000000
83915  18.237  9.312  -7.277 0.0000000000
83945  21.058  8.455  -12.803 0.0000000000
86393  23.538  12.390  -7.189 0.0000000000
86401  24.647  13.031  -8.271 0.0000000000
87102  20.256  13.733  -6.642 0.0000000000
87776  23.969  14.328  -7.953 0.0000000000
89007  20.923  16.201  -7.484 0.0000000000
89010  15.541  16.633  -8.222 0.0000000000
89011  15.337  16.998  -8.242 0.0000000000
89014  21.935  16.929  -8.591 0.0000000000
89016  19.803  17.062  -8.377 0.0000000000
89018  15.597  15.842  -8.747 0.0000000000
89019  15.259  16.597  -8.606 0.0000000000
89026  16.479  15.744  -9.247 0.0000000000
89692  18.009  17.348  -7.291 0.0000000000
89695  15.477  17.267  -8.023 0.0000000000
89710  18.156  16.818  -10.397 0.0000000000
90379  15.350  17.400  -8.222 0.0000000000
91748  17.466  20.612  -10.145 0.0000000000
115538  20.946  -5.548  -4.327 0.0000000000
115540  20.090  -5.266  -3.724 0.0000000000
115542  20.679  -4.812  -4.523 0.0000000000
115695  20.229  -5.930  -3.613 0.0000000000
115753  20.315  -5.662  -3.738 0.0000000000
115757  20.433  -5.853  -3.769 0.0000000000
115792  24.931  1.219  -15.417 0.0000000000
115799  20.470  -5.746  -3.823 0.0000000000
115856  24.450  0.508  -14.698 0.0000000000
116816  26.925  -8.170  -5.991 0.0000000000
116881  25.156  1.788  -5.296 0.0000000000
119167  23.040  15.111  -7.569 0.0000000000
119207  25.911  2.986  -8.681 0.0000000000
121420  27.571  -2.846  -9.205 0.0000000000
122197  26.399  3.376  -10.119 0.0000000000
129662  25.657  4.008  -7.980 0.0000000000
130682  23.818  13.078  -7.478 0.0000000000
132341  20.425  -5.779  -3.781 0.0000000000
132371  23.530  0.982  -14.649 0.0000000000
133334  23.088  0.628  -14.295 0.0000000000
137595  21.380  1.033  -6.606 0.0000000000
139882  22.794  1.586  -5.543 0.0000000000
140550  21.822  -0.698  -6.406 0.0000000000
140792  26.320  -4.826  -5.463 0.0000000000
140930  22.590  7.277  -12.187 0.0000000000
