#!ascii label  , from subject sub-v2s18x29507_ses-1 vox2ras=TkReg
1180
99469  -48.957  26.662  47.857 0.0000000000
110137  -35.987  44.621  51.831 0.0000000000
103925  -43.483  33.678  58.416 0.0000000000
107017  -47.976  39.023  45.361 0.0000000000
111613  -40.509  47.424  51.540 0.0000000000
108482  -43.312  42.530  56.570 0.0000000000
108041  -42.341  39.711  52.119 0.0000000000
132892  -41.503  35.620  42.846 0.0000000000
96156  -43.293  21.686  51.693 0.0000000000
99440  -44.232  27.036  51.189 0.0000000000
110198  -33.244  44.821  45.723 0.0000000000
143096  -38.213  45.677  45.032 0.0000000000
120783  -43.539  45.710  44.547 0.0000000000
104012  -42.908  33.262  48.111 0.0000000000
106916  -39.273  38.452  53.704 0.0000000000
105806  -46.525  36.781  52.924 0.0000000000
103418  -47.799  32.181  44.597 0.0000000000
102155  -44.779  30.394  44.341 0.0000000000
100725  -40.286  27.943  47.236 0.0000000000
98915  -49.410  25.479  45.941 0.0000000000
110636  -42.030  45.641  49.837 0.0000000000
109584  -41.217  43.906  52.995 0.0000000000
137735  -40.427  42.045  50.636 0.0000000000
106949  -40.369  38.940  50.079 0.0000000000
98239  -44.496  24.931  52.355 0.0000000000
99427  -41.588  26.324  51.648 0.0000000000
110184  -29.444  44.655  46.450 0.0000000000
123446  -40.845  45.579  45.012 0.0000000000
104000  -39.960  33.213  50.124 0.0000000000
105230  -41.389  35.391  52.577 0.0000000000
109059  -33.534  42.763  51.186 0.0000000000
108512  -37.691  41.407  52.052 0.0000000000
108029  -46.372  40.622  52.158 0.0000000000
106910  -46.150  38.720  55.070 0.0000000000
106386  -47.958  38.408  49.885 0.0000000000
105851  -45.508  36.701  47.280 0.0000000000
105886  -47.849  36.483  43.939 0.0000000000
102810  -47.273  30.866  42.887 0.0000000000
135747  -45.760  34.838  41.604 0.0000000000
102152  -40.452  30.800  44.463 0.0000000000
140354  -37.664  45.965  52.102 0.0000000000
109571  -39.449  43.851  54.220 0.0000000000
110594  -40.767  45.964  55.177 0.0000000000
140906  -43.861  41.473  53.427 0.0000000000
106962  -44.714  38.685  49.426 0.0000000000
106481  -44.997  37.255  43.731 0.0000000000
106413  -42.696  37.490  47.046 0.0000000000
127406  -40.124  37.478  44.132 0.0000000000
96927  -46.464  22.576  52.684 0.0000000000
98866  -46.937  25.664  52.195 0.0000000000
99457  -47.008  27.004  50.106 0.0000000000
108543  -28.131  41.467  48.160 0.0000000000
109080  -31.689  42.588  48.302 0.0000000000
136677  -34.784  43.517  48.134 0.0000000000
110175  -37.535  44.590  47.815 0.0000000000
110656  -40.062  45.910  47.583 0.0000000000
111173  -43.089  47.098  47.667 0.0000000000
110179  -44.841  45.607  47.053 0.0000000000
110205  -46.055  45.018  44.483 0.0000000000
101425  -41.169  29.695  50.149 0.0000000000
101439  -44.255  29.232  49.305 0.0000000000
101453  -45.886  29.446  48.170 0.0000000000
105187  -41.536  35.657  55.805 0.0000000000
108009  -41.176  40.842  55.639 0.0000000000
133686  -44.232  37.347  55.787 0.0000000000
104588  -45.098  34.423  55.160 0.0000000000
105256  -43.076  36.068  49.738 0.0000000000
103407  -44.971  33.088  46.881 0.0000000000
140164  -47.859  29.416  45.719 0.0000000000
100758  -48.622  27.988  42.899 0.0000000000
100085  -46.135  27.611  44.126 0.0000000000
100080  -43.999  27.294  45.825 0.0000000000
129351  -43.123  32.458  42.897 0.0000000000
101491  -42.954  29.342  45.643 0.0000000000
99484  -42.028  26.500  46.707 0.0000000000
99459  -49.487  25.916  49.539 0.0000000000
135726  -49.921  25.227  48.170 0.0000000000
99480  -49.670  25.872  47.132 0.0000000000
110157  -41.530  44.521  49.323 0.0000000000
110156  -40.836  44.076  49.963 0.0000000000
109609  -40.683  43.267  49.612 0.0000000000
108538  -40.215  41.904  49.881 0.0000000000
103965  -42.564  34.032  54.827 0.0000000000
109591  -34.450  43.738  51.381 0.0000000000
107539  -47.694  39.811  49.185 0.0000000000
107528  -47.695  39.461  50.161 0.0000000000
106977  -48.600  39.287  48.086 0.0000000000
120150  -48.135  37.800  46.471 0.0000000000
106470  -48.689  38.021  44.263 0.0000000000
105913  -47.454  36.161  42.763 0.0000000000
105900  -47.020  36.916  42.903 0.0000000000
111137  -38.929  46.825  51.812 0.0000000000
110603  -38.621  46.313  53.747 0.0000000000
111103  -39.963  47.097  53.764 0.0000000000
108514  -41.042  42.055  52.411 0.0000000000
109044  -42.099  42.949  53.456 0.0000000000
108025  -42.579  40.374  52.670 0.0000000000
107489  -44.506  40.108  52.325 0.0000000000
106941  -43.193  38.816  51.155 0.0000000000
106986  -43.893  38.169  48.037 0.0000000000
106960  -42.859  38.294  49.850 0.0000000000
133173  -40.248  37.382  47.590 0.0000000000
99430  -44.086  26.251  51.797 0.0000000000
98852  -45.422  25.120  52.418 0.0000000000
138560  -45.503  26.136  51.796 0.0000000000
99433  -47.354  26.167  51.580 0.0000000000
142117  -45.267  27.355  50.422 0.0000000000
138792  -31.579  44.624  45.926 0.0000000000
109087  -30.482  42.845  47.274 0.0000000000
109639  -32.634  43.601  46.903 0.0000000000
109616  -33.222  42.907  48.902 0.0000000000
109640  -33.478  43.746  46.885 0.0000000000
126123  -36.426  45.390  45.201 0.0000000000
110191  -36.291  44.581  46.562 0.0000000000
110666  -37.842  45.252  46.271 0.0000000000
110176  -38.436  44.985  48.153 0.0000000000
110667  -38.834  45.447  46.640 0.0000000000
122463  -42.061  45.516  44.219 0.0000000000
110670  -41.541  46.022  46.471 0.0000000000
121037  -42.906  46.085  45.903 0.0000000000
111174  -44.124  46.641  47.625 0.0000000000
111201  -45.062  46.050  46.164 0.0000000000
120066  -45.419  45.252  45.805 0.0000000000
110701  -45.832  45.198  44.593 0.0000000000
102709  -37.527  31.487  54.134 0.0000000000
102721  -36.883  30.961  52.155 0.0000000000
102078  -38.011  31.082  51.201 0.0000000000
101423  -39.642  29.644  50.592 0.0000000000
125268  -39.143  31.153  50.452 0.0000000000
103385  -41.672  33.171  48.940 0.0000000000
102738  -42.312  31.460  49.233 0.0000000000
102749  -43.599  31.425  48.658 0.0000000000
101452  -44.895  29.512  48.743 0.0000000000
102108  -44.823  30.824  48.251 0.0000000000
106340  -38.427  37.508  53.436 0.0000000000
105776  -39.255  36.260  54.283 0.0000000000
105778  -40.712  36.577  54.768 0.0000000000
130828  -41.021  43.488  55.985 0.0000000000
108495  -39.927  41.760  54.380 0.0000000000
108487  -41.894  41.451  56.469 0.0000000000
132727  -46.835  37.080  53.100 0.0000000000
132165  -45.421  38.053  55.677 0.0000000000
106327  -46.021  36.704  55.475 0.0000000000
105761  -45.221  35.813  56.316 0.0000000000
105218  -45.757  35.445  54.313 0.0000000000
105804  -43.476  36.304  52.360 0.0000000000
105817  -44.657  36.895  51.037 0.0000000000
104665  -46.541  34.211  44.843 0.0000000000
104655  -44.687  34.656  46.303 0.0000000000
103409  -46.619  32.505  45.895 0.0000000000
125539  -47.233  30.978  46.343 0.0000000000
102145  -48.058  30.496  44.968 0.0000000000
100747  -48.653  28.919  44.519 0.0000000000
102157  -48.119  30.827  44.007 0.0000000000
102164  -46.514  30.727  43.046 0.0000000000
101502  -47.188  29.339  42.854 0.0000000000
100752  -45.917  28.417  44.248 0.0000000000
139730  -45.502  27.125  44.697 0.0000000000
100745  -44.444  28.179  45.415 0.0000000000
105897  -43.206  36.882  42.975 0.0000000000
105309  -43.764  35.477  42.126 0.0000000000
104058  -42.227  33.447  42.775 0.0000000000
143086  -40.633  29.810  45.910 0.0000000000
102142  -41.565  30.311  45.176 0.0000000000
139852  -41.568  28.630  46.563 0.0000000000
100737  -42.099  28.139  46.645 0.0000000000
100068  -40.839  27.325  47.232 0.0000000000
98911  -40.623  25.454  46.860 0.0000000000
98231  -50.259  24.115  52.405 0.0000000000
98322  -48.520  25.221  44.500 0.0000000000
111140  -42.140  47.259  50.689 0.0000000000
122296  -40.925  46.174  53.023 0.0000000000
110628  -41.204  45.796  51.275 0.0000000000
109593  -40.767  43.377  51.380 0.0000000000
108039  -40.720  40.715  51.449 0.0000000000
107522  -41.444  39.041  50.853 0.0000000000
131003  -40.335  40.262  50.615 0.0000000000
96941  -44.224  22.979  51.953 0.0000000000
123754  -42.682  23.994  51.720 0.0000000000
99429  -43.382  26.663  51.507 0.0000000000
110676  -32.120  45.586  45.626 0.0000000000
110696  -39.323  45.706  44.430 0.0000000000
110721  -42.988  45.562  42.522 0.0000000000
110722  -44.381  45.638  42.654 0.0000000000
103996  -39.032  33.053  51.022 0.0000000000
104611  -40.243  34.775  51.366 0.0000000000
104621  -41.468  35.183  50.132 0.0000000000
107479  -38.707  39.518  53.215 0.0000000000
108499  -45.287  41.500  54.686 0.0000000000
108001  -44.569  40.516  56.194 0.0000000000
107481  -46.506  39.733  53.317 0.0000000000
106354  -47.391  38.107  51.784 0.0000000000
106368  -46.621  37.536  51.088 0.0000000000
105836  -45.378  37.066  48.951 0.0000000000
106401  -46.679  37.577  48.643 0.0000000000
105865  -47.015  36.888  45.908 0.0000000000
104672  -47.180  34.560  44.040 0.0000000000
102797  -47.807  31.555  43.557 0.0000000000
104069  -47.073  33.682  42.769 0.0000000000
103450  -46.607  33.069  42.447 0.0000000000
103438  -45.155  32.310  42.853 0.0000000000
103434  -41.126  32.834  43.337 0.0000000000
104545  -40.687  34.850  58.672 0.0000000000
110138  -36.725  45.176  52.184 0.0000000000
109581  -36.958  44.457  52.397 0.0000000000
110120  -38.342  45.556  53.443 0.0000000000
110111  -39.608  45.200  54.915 0.0000000000
140389  -41.969  44.203  56.331 0.0000000000
110131  -41.500  45.158  53.942 0.0000000000
109563  -42.516  44.493  55.346 0.0000000000
109038  -44.072  43.157  55.064 0.0000000000
108017  -45.459  41.341  53.251 0.0000000000
107526  -46.644  39.735  49.846 0.0000000000
106989  -46.473  39.217  47.127 0.0000000000
107016  -46.192  38.380  45.175 0.0000000000
106998  -45.130  38.387  46.657 0.0000000000
118487  -44.258  37.800  45.667 0.0000000000
106465  -42.471  37.282  44.590 0.0000000000
106381  -41.851  37.826  49.046 0.0000000000
106430  -41.660  37.285  46.519 0.0000000000
97591  -45.036  23.407  52.305 0.0000000000
98228  -47.079  24.325  52.717 0.0000000000
98229  -48.630  24.440  53.003 0.0000000000
98867  -48.094  25.645  52.109 0.0000000000
99443  -47.732  26.483  50.662 0.0000000000
99458  -48.260  26.632  49.593 0.0000000000
108061  -30.000  40.825  49.612 0.0000000000
119890  -29.864  41.736  48.506 0.0000000000
108535  -31.225  41.822  49.504 0.0000000000
109066  -32.724  42.367  50.556 0.0000000000
109605  -33.674  43.305  50.758 0.0000000000
109607  -34.922  43.807  50.169 0.0000000000
110199  -34.071  44.852  45.685 0.0000000000
110172  -34.928  43.891  47.196 0.0000000000
109618  -35.979  43.711  48.885 0.0000000000
132811  -36.247  44.088  49.873 0.0000000000
110154  -37.759  44.652  49.786 0.0000000000
110635  -39.414  45.980  49.674 0.0000000000
111158  -40.141  46.625  49.333 0.0000000000
121658  -40.137  45.652  46.066 0.0000000000
111171  -40.981  46.623  47.938 0.0000000000
111149  -41.788  47.713  49.598 0.0000000000
111151  -43.269  47.219  49.306 0.0000000000
110645  -43.333  45.824  48.704 0.0000000000
110193  -44.379  44.552  46.362 0.0000000000
109652  -45.005  44.348  45.243 0.0000000000
110723  -45.551  45.491  42.574 0.0000000000
100021  -41.477  27.749  51.203 0.0000000000
100681  -42.581  28.430  50.444 0.0000000000
102735  -40.100  31.775  49.876 0.0000000000
101437  -42.729  29.775  49.686 0.0000000000
100683  -43.995  28.322  50.001 0.0000000000
100696  -45.075  28.385  49.452 0.0000000000
100055  -46.695  27.868  48.803 0.0000000000
100714  -47.130  28.179  48.073 0.0000000000
105168  -42.390  34.819  57.730 0.0000000000
109042  -38.794  42.295  53.065 0.0000000000
127923  -39.434  41.166  53.735 0.0000000000
130255  -40.820  39.169  54.549 0.0000000000
107466  -43.406  39.690  56.012 0.0000000000
126447  -42.859  39.040  55.413 0.0000000000
132128  -41.702  37.815  54.764 0.0000000000
105767  -42.862  36.599  55.604 0.0000000000
105177  -44.086  35.336  57.004 0.0000000000
103943  -44.877  33.812  56.510 0.0000000000
105216  -43.696  35.172  53.974 0.0000000000
105246  -42.276  36.037  50.887 0.0000000000
105258  -42.734  35.033  48.339 0.0000000000
105844  -44.593  36.568  48.497 0.0000000000
104647  -43.592  34.574  47.362 0.0000000000
103398  -44.601  32.541  47.510 0.0000000000
102759  -46.019  31.499  47.265 0.0000000000
101467  -47.281  29.368  46.914 0.0000000000
100075  -48.293  27.886  46.581 0.0000000000
99487  -49.218  26.445  45.601 0.0000000000
128384  -48.904  26.216  44.104 0.0000000000
98940  -48.047  25.549  42.952 0.0000000000
101507  -47.933  29.467  42.950 0.0000000000
100091  -48.184  27.263  42.590 0.0000000000
99500  -46.823  25.587  43.007 0.0000000000
98931  -46.033  25.296  43.278 0.0000000000
98923  -44.652  25.670  44.816 0.0000000000
105910  -44.921  36.346  42.458 0.0000000000
104066  -44.332  33.636  41.960 0.0000000000
102795  -43.692  31.250  44.077 0.0000000000
102805  -41.451  31.662  43.673 0.0000000000
131131  -42.988  30.880  44.456 0.0000000000
137099  -43.666  29.478  45.258 0.0000000000
100744  -43.552  27.989  46.059 0.0000000000
99485  -42.833  26.477  46.359 0.0000000000
120350  -49.224  26.275  48.697 0.0000000000
99460  -49.899  25.463  48.773 0.0000000000
99470  -49.726  25.839  47.897 0.0000000000
98907  -49.704  25.453  47.437 0.0000000000
124663  -49.431  26.298  47.274 0.0000000000
110165  -42.107  44.447  48.611 0.0000000000
109610  -41.008  43.747  49.208 0.0000000000
109620  -41.491  43.811  48.494 0.0000000000
103333  -42.418  32.980  55.960 0.0000000000
103953  -43.347  33.289  56.008 0.0000000000
125025  -34.997  43.961  51.735 0.0000000000
128856  -35.490  43.476  51.843 0.0000000000
109050  -36.363  43.664  52.143 0.0000000000
107553  -47.681  39.604  47.334 0.0000000000
107547  -48.281  39.633  48.558 0.0000000000
107560  -48.853  39.163  46.433 0.0000000000
106435  -48.998  38.856  45.759 0.0000000000
107018  -48.686  38.727  45.241 0.0000000000
106469  -48.338  38.155  44.032 0.0000000000
107032  -48.161  38.603  44.615 0.0000000000
111115  -39.729  47.405  53.054 0.0000000000
111597  -40.396  47.419  52.360 0.0000000000
108024  -41.903  40.929  52.755 0.0000000000
107488  -43.238  39.811  52.344 0.0000000000
107505  -42.735  39.278  51.668 0.0000000000
106952  -43.547  38.572  50.468 0.0000000000
107523  -42.296  38.860  51.058 0.0000000000
96157  -44.117  22.030  51.895 0.0000000000
98864  -44.859  25.752  52.124 0.0000000000
99431  -44.905  26.497  51.558 0.0000000000
119500  -45.701  26.601  51.238 0.0000000000
99441  -45.111  27.033  50.893 0.0000000000
110197  -32.306  44.833  45.738 0.0000000000
110186  -32.067  44.161  46.293 0.0000000000
110187  -32.907  44.246  46.255 0.0000000000
110188  -33.735  44.329  46.250 0.0000000000
110694  -37.614  45.912  44.451 0.0000000000
110693  -36.733  45.870  44.562 0.0000000000
110681  -37.442  45.505  45.300 0.0000000000
110682  -38.462  45.529  45.753 0.0000000000
110699  -42.524  45.714  45.112 0.0000000000
141150  -43.556  45.983  45.422 0.0000000000
111200  -44.118  46.333  46.052 0.0000000000
110685  -44.662  45.975  45.445 0.0000000000
121997  -45.457  45.392  45.396 0.0000000000
110700  -45.065  45.658  44.606 0.0000000000
102710  -38.301  31.660  54.567 0.0000000000
102719  -38.058  32.106  53.662 0.0000000000
102722  -37.235  31.574  52.508 0.0000000000
102725  -38.101  31.821  51.410 0.0000000000
102727  -38.678  31.620  50.784 0.0000000000
103386  -42.447  32.794  48.563 0.0000000000
102748  -42.894  31.936  48.753 0.0000000000
103387  -43.113  32.566  48.339 0.0000000000
102750  -44.268  31.423  48.317 0.0000000000
103388  -43.648  32.032  48.344 0.0000000000
106915  -38.745  38.763  53.354 0.0000000000
131566  -38.763  38.140  53.462 0.0000000000
106332  -39.622  37.086  54.130 0.0000000000
106907  -39.820  37.961  54.054 0.0000000000
109027  -41.435  43.023  56.309 0.0000000000
127170  -41.277  41.975  56.130 0.0000000000
108481  -42.720  41.873  56.822 0.0000000000
106336  -46.350  36.909  54.903 0.0000000000
105791  -46.392  36.500  53.700 0.0000000000
105200  -46.210  35.594  54.700 0.0000000000
105790  -46.070  36.229  53.657 0.0000000000
130737  -44.546  36.647  52.057 0.0000000000
105818  -45.439  36.925  51.783 0.0000000000
104040  -45.805  33.877  45.516 0.0000000000
103417  -47.405  32.364  45.216 0.0000000000
102772  -47.743  31.135  45.540 0.0000000000
102782  -47.780  31.725  45.106 0.0000000000
102783  -48.022  31.207  44.825 0.0000000000
121524  -47.958  31.654  44.319 0.0000000000
102163  -45.314  30.953  43.736 0.0000000000
102156  -45.770  30.180  43.771 0.0000000000
101500  -45.093  29.624  44.504 0.0000000000
100751  -45.213  28.771  44.700 0.0000000000
105907  -41.804  36.545  42.774 0.0000000000
105307  -42.340  35.736  42.578 0.0000000000
104678  -42.090  34.557  42.754 0.0000000000
100736  -40.265  28.685  46.793 0.0000000000
101478  -41.022  29.138  46.422 0.0000000000
100726  -41.121  28.175  46.909 0.0000000000
99477  -40.508  26.619  47.317 0.0000000000
100067  -40.087  27.254  47.419 0.0000000000
98856  -49.871  24.730  52.167 0.0000000000
98298  -48.958  25.003  46.164 0.0000000000
98310  -48.943  25.260  45.379 0.0000000000
110629  -41.814  46.267  50.655 0.0000000000
132194  -41.591  46.816  51.269 0.0000000000
109600  -40.697  43.379  50.491 0.0000000000
109063  -40.628  42.626  51.059 0.0000000000
108522  -40.670  41.776  51.557 0.0000000000
108531  -40.312  41.283  50.710 0.0000000000
108064  -39.913  40.939  50.100 0.0000000000
98237  -42.050  24.336  51.666 0.0000000000
124586  -43.242  25.875  51.833 0.0000000000
99428  -42.473  26.303  51.616 0.0000000000
111197  -31.550  45.965  45.804 0.0000000000
110720  -41.752  45.726  42.415 0.0000000000
110729  -42.347  45.832  41.794 0.0000000000
111231  -42.508  46.350  41.051 0.0000000000
104600  -41.460  34.923  53.448 0.0000000000
104599  -40.544  34.517  53.209 0.0000000000
105229  -40.756  35.226  51.899 0.0000000000
105244  -40.890  35.195  50.919 0.0000000000
105236  -41.424  35.599  51.665 0.0000000000
108530  -32.983  42.287  50.862 0.0000000000
108023  -38.599  40.320  52.960 0.0000000000
108018  -46.048  41.151  52.884 0.0000000000
137977  -46.121  40.711  53.502 0.0000000000
108019  -46.395  40.609  52.741 0.0000000000
106955  -48.083  39.103  49.872 0.0000000000
106927  -47.523  38.769  51.419 0.0000000000
106376  -47.722  38.471  50.597 0.0000000000
106369  -47.227  37.780  51.332 0.0000000000
106375  -47.273  37.854  50.529 0.0000000000
106385  -47.163  37.774  49.724 0.0000000000
118651  -48.028  38.207  48.358 0.0000000000
106433  -48.304  37.443  45.222 0.0000000000
105875  -47.428  36.575  44.909 0.0000000000
105287  -46.806  35.787  44.700 0.0000000000
105295  -47.316  35.540  43.783 0.0000000000
104673  -47.353  33.968  43.499 0.0000000000
105303  -47.300  35.151  43.203 0.0000000000
133771  -46.458  34.866  41.904 0.0000000000
104068  -46.468  33.968  42.121 0.0000000000
134385  -46.028  33.556  41.943 0.0000000000
103449  -45.687  32.937  42.248 0.0000000000
104067  -45.284  33.593  41.832 0.0000000000
134640  -37.222  45.592  51.883 0.0000000000
110129  -37.453  45.278  52.611 0.0000000000
110611  -37.599  45.844  52.514 0.0000000000
110604  -39.435  46.540  54.267 0.0000000000
110121  -39.056  45.876  54.414 0.0000000000
110112  -40.532  45.314  55.568 0.0000000000
110105  -41.117  44.897  56.043 0.0000000000
110113  -41.281  45.407  55.682 0.0000000000
110130  -41.073  45.037  53.075 0.0000000000
108505  -42.932  42.603  53.715 0.0000000000
109573  -42.794  43.761  54.271 0.0000000000
109552  -43.337  43.681  55.359 0.0000000000
109045  -43.718  43.115  54.431 0.0000000000
108497  -44.412  42.617  54.569 0.0000000000
108016  -44.702  41.527  53.438 0.0000000000
127240  -44.692  39.536  51.616 0.0000000000
107507  -45.530  40.214  51.776 0.0000000000
106954  -45.408  39.153  49.963 0.0000000000
107538  -46.879  39.736  48.847 0.0000000000
106975  -45.966  39.275  48.434 0.0000000000
134292  -45.570  38.715  47.064 0.0000000000
106974  -44.913  38.743  48.423 0.0000000000
106400  -43.189  37.952  48.565 0.0000000000
106414  -43.709  37.876  47.196 0.0000000000
106432  -43.466  37.649  46.309 0.0000000000
118813  -43.290  37.454  45.296 0.0000000000
106950  -41.040  38.687  50.233 0.0000000000
106959  -41.424  38.211  49.628 0.0000000000
106429  -40.629  37.258  46.629 0.0000000000
106412  -41.068  37.365  47.290 0.0000000000
97606  -44.284  23.971  52.197 0.0000000000
98853  -46.453  25.110  52.482 0.0000000000
98227  -45.953  24.591  52.539 0.0000000000
98854  -47.679  25.083  52.581 0.0000000000
98855  -48.939  25.037  52.598 0.0000000000
99442  -46.621  26.600  50.958 0.0000000000
100042  -47.326  27.332  49.207 0.0000000000
108067  -26.872  40.860  48.618 0.0000000000
108058  -27.348  40.320  49.115 0.0000000000
108059  -28.279  40.465  49.286 0.0000000000
108060  -29.166  40.635  49.448 0.0000000000
108069  -28.650  41.061  48.817 0.0000000000
110183  -28.654  44.486  46.751 0.0000000000
135446  -29.265  43.233  46.808 0.0000000000
109079  -30.921  42.463  48.051 0.0000000000
109078  -30.056  42.254  47.861 0.0000000000
108545  -30.629  41.986  48.683 0.0000000000
108534  -30.348  41.472  49.252 0.0000000000
108546  -31.251  42.255  48.786 0.0000000000
108536  -31.970  42.101  50.165 0.0000000000
109071  -31.814  42.337  49.234 0.0000000000
141573  -33.675  43.250  48.271 0.0000000000
118644  -33.679  43.158  49.809 0.0000000000
120249  -34.143  43.273  48.824 0.0000000000
109606  -34.274  43.548  50.160 0.0000000000
109617  -35.069  43.531  49.113 0.0000000000
110189  -34.536  44.373  46.310 0.0000000000
110190  -35.384  44.451  46.411 0.0000000000
110174  -36.680  44.348  47.507 0.0000000000
109631  -36.225  43.926  48.058 0.0000000000
110163  -36.839  44.143  48.614 0.0000000000
123357  -37.120  44.337  49.488 0.0000000000
120475  -36.840  44.598  50.450 0.0000000000
110164  -37.725  44.517  48.809 0.0000000000
110655  -39.331  45.626  48.051 0.0000000000
110643  -38.962  45.415  48.942 0.0000000000
110644  -39.599  45.947  48.849 0.0000000000
111170  -40.156  46.300  48.420 0.0000000000
110697  -40.176  45.571  44.314 0.0000000000
138781  -39.930  45.597  45.261 0.0000000000
110683  -40.820  45.684  45.864 0.0000000000
111187  -42.300  46.605  47.024 0.0000000000
111186  -41.348  46.336  47.158 0.0000000000
111172  -42.077  47.037  47.796 0.0000000000
111160  -41.860  47.427  48.665 0.0000000000
111636  -42.571  47.657  49.369 0.0000000000
111647  -42.799  47.439  48.519 0.0000000000
110657  -44.647  46.074  47.480 0.0000000000
141762  -44.174  46.412  47.973 0.0000000000
110646  -44.030  46.201  48.176 0.0000000000
110167  -43.574  45.378  48.119 0.0000000000
110178  -44.196  45.408  47.574 0.0000000000
121091  -44.424  44.947  47.001 0.0000000000
138080  -45.802  44.940  45.098 0.0000000000
110201  -45.294  44.842  45.843 0.0000000000
109660  -45.162  44.128  44.574 0.0000000000
110204  -45.923  44.588  44.252 0.0000000000
100677  -39.024  29.107  50.918 0.0000000000
101424  -40.531  29.295  50.549 0.0000000000
100679  -40.858  28.418  50.956 0.0000000000
120466  -41.274  28.993  50.496 0.0000000000
100680  -41.747  28.412  50.683 0.0000000000
101426  -42.045  29.182  50.145 0.0000000000
103997  -39.586  33.591  50.660 0.0000000000
103373  -39.714  32.453  50.156 0.0000000000
103374  -40.455  32.622  49.683 0.0000000000
102097  -43.382  30.276  49.283 0.0000000000
102096  -42.510  30.624  49.456 0.0000000000
101438  -43.561  29.509  49.500 0.0000000000
100693  -43.006  28.992  49.906 0.0000000000
100694  -43.766  28.829  49.733 0.0000000000
100039  -44.575  28.038  49.980 0.0000000000
100712  -45.441  28.820  48.842 0.0000000000
100713  -46.297  28.569  48.466 0.0000000000
100727  -46.794  28.975  47.718 0.0000000000
105197  -40.409  35.937  54.953 0.0000000000
104561  -41.358  34.882  57.754 0.0000000000
128496  -38.827  43.451  53.360 0.0000000000
134906  -38.338  43.066  52.715 0.0000000000
109043  -39.298  42.844  53.701 0.0000000000
108496  -40.605  41.554  55.121 0.0000000000
108008  -40.548  40.634  54.824 0.0000000000
107473  -40.044  39.862  54.309 0.0000000000
128257  -40.818  40.076  54.892 0.0000000000
107475  -45.620  39.611  55.275 0.0000000000
108000  -43.838  40.523  56.481 0.0000000000
107468  -45.055  39.638  55.902 0.0000000000
106325  -44.878  37.741  55.806 0.0000000000
132042  -43.755  38.877  55.704 0.0000000000
137008  -44.005  38.062  55.603 0.0000000000
106909  -41.909  38.872  54.940 0.0000000000
106324  -43.331  37.371  55.470 0.0000000000
106323  -42.332  37.230  55.124 0.0000000000
105768  -43.875  36.698  55.936 0.0000000000
104575  -45.692  34.708  55.999 0.0000000000
105178  -44.865  35.220  56.742 0.0000000000
104562  -45.172  34.465  56.684 0.0000000000
105170  -44.439  34.592  57.319 0.0000000000
104573  -44.624  33.928  55.608 0.0000000000
104587  -44.163  34.403  54.786 0.0000000000
105816  -43.629  36.502  51.293 0.0000000000
105815  -42.757  36.268  51.462 0.0000000000
105824  -42.897  36.236  50.606 0.0000000000
105255  -42.255  35.705  50.090 0.0000000000
128504  -42.628  35.483  49.094 0.0000000000
105845  -45.430  36.928  48.120 0.0000000000
105850  -44.645  36.359  47.684 0.0000000000
104033  -45.319  33.537  46.178 0.0000000000
104654  -44.157  34.611  46.846 0.0000000000
104032  -44.498  33.944  46.549 0.0000000000
104031  -43.896  34.063  47.080 0.0000000000
103399  -45.532  32.245  47.160 0.0000000000
101481  -47.599  29.711  46.110 0.0000000000
101480  -47.133  30.197  46.620 0.0000000000
100739  -47.853  28.887  46.165 0.0000000000
100728  -47.561  28.471  47.215 0.0000000000
100076  -48.860  27.163  46.043 0.0000000000
100740  -48.571  28.233  45.472 0.0000000000
100754  -48.781  28.640  43.516 0.0000000000
121526  -48.894  27.989  44.435 0.0000000000
136775  -48.883  26.770  43.491 0.0000000000
99496  -48.688  26.213  43.107 0.0000000000
100092  -48.698  27.007  42.885 0.0000000000
102811  -47.466  31.488  43.081 0.0000000000
119779  -47.713  30.614  43.183 0.0000000000
102165  -47.271  30.153  42.866 0.0000000000
100753  -46.754  28.418  43.287 0.0000000000
100757  -47.840  28.398  42.720 0.0000000000
100086  -47.053  27.296  42.993 0.0000000000
126518  -47.643  26.575  42.610 0.0000000000
99495  -47.050  26.315  42.845 0.0000000000
140723  -46.148  26.438  43.854 0.0000000000
100081  -44.811  27.247  45.292 0.0000000000
133609  -45.157  26.447  44.851 0.0000000000
99490  -44.318  26.496  45.487 0.0000000000
138366  -43.857  25.962  45.555 0.0000000000
106453  -45.691  37.793  44.413 0.0000000000
106482  -46.416  37.470  43.523 0.0000000000
103436  -42.936  33.146  42.529 0.0000000000
104684  -43.829  34.466  41.985 0.0000000000
103447  -43.758  32.985  42.377 0.0000000000
103437  -44.092  32.368  42.900 0.0000000000
102807  -43.430  31.839  43.459 0.0000000000
132805  -40.835  32.074  43.540 0.0000000000
125555  -40.707  31.358  43.972 0.0000000000
121626  -42.246  29.895  45.455 0.0000000000
102143  -42.235  30.548  44.799 0.0000000000
102144  -43.166  30.131  45.039 0.0000000000
101492  -43.655  28.785  45.617 0.0000000000
100743  -42.865  28.543  46.183 0.0000000000
100073  -42.452  27.239  46.617 0.0000000000
98913  -42.438  25.743  46.267 0.0000000000
98888  -49.668  25.613  50.208 0.0000000000
98889  -50.028  25.231  49.605 0.0000000000
98274  -49.427  24.656  48.427 0.0000000000
110149  -41.214  45.095  50.316 0.0000000000
109068  -40.518  42.636  50.121 0.0000000000
109074  -40.415  42.697  49.319 0.0000000000
103964  -41.762  33.830  54.779 0.0000000000
104586  -42.046  34.466  54.270 0.0000000000
109060  -34.072  43.125  51.465 0.0000000000
132639  -35.455  42.438  51.548 0.0000000000
109051  -37.188  42.406  51.987 0.0000000000
107527  -47.337  39.780  50.020 0.0000000000
107509  -47.231  39.843  50.839 0.0000000000
118852  -47.894  39.561  49.641 0.0000000000
107540  -48.253  39.437  49.151 0.0000000000
106976  -48.651  38.886  48.438 0.0000000000
106418  -48.470  38.531  47.527 0.0000000000
135559  -48.857  38.764  46.483 0.0000000000
106434  -48.801  38.356  45.487 0.0000000000
105887  -48.318  37.396  43.778 0.0000000000
105296  -47.710  36.365  43.118 0.0000000000
105901  -47.909  36.966  43.108 0.0000000000
105912  -47.212  36.382  42.707 0.0000000000
127087  -45.985  35.474  41.878 0.0000000000
110612  -38.325  46.485  53.093 0.0000000000
111127  -38.917  47.110  52.763 0.0000000000
110605  -40.252  46.461  54.407 0.0000000000
109054  -41.305  42.815  52.951 0.0000000000
108515  -41.794  41.919  53.047 0.0000000000
108015  -42.927  41.381  53.296 0.0000000000
108026  -43.820  40.735  53.018 0.0000000000
107506  -43.730  39.362  51.721 0.0000000000
106953  -44.545  38.720  50.323 0.0000000000
106961  -43.803  38.399  49.691 0.0000000000
139253  -43.272  38.155  49.199 0.0000000000
106382  -42.615  37.959  49.112 0.0000000000
106397  -40.335  37.614  48.430 0.0000000000
96926  -45.828  22.283  52.474 0.0000000000
98863  -43.887  25.469  52.115 0.0000000000
98865  -45.876  25.634  52.132 0.0000000000
99432  -46.310  26.139  51.686 0.0000000000
100026  -45.891  27.137  50.451 0.0000000000
109077  -27.036  42.031  47.865 0.0000000000
109637  -30.262  44.163  46.318 0.0000000000
109626  -29.993  43.349  46.731 0.0000000000
109627  -30.862  43.461  46.749 0.0000000000
109638  -31.751  43.530  46.850 0.0000000000
109628  -32.278  43.047  47.710 0.0000000000
109615  -32.390  42.697  48.666 0.0000000000
109629  -33.184  43.271  47.766 0.0000000000
109630  -34.074  43.524  47.657 0.0000000000
110680  -35.844  44.944  45.648 0.0000000000
110665  -36.834  45.029  45.930 0.0000000000
110192  -37.220  44.762  46.837 0.0000000000
110653  -38.138  45.022  47.164 0.0000000000
110654  -38.808  45.347  47.419 0.0000000000
123271  -39.362  45.571  47.262 0.0000000000
142700  -41.590  45.563  44.814 0.0000000000
110684  -41.771  45.762  45.684 0.0000000000
110671  -42.341  46.218  46.365 0.0000000000
127506  -43.403  46.618  46.749 0.0000000000
111188  -44.559  46.390  46.722 0.0000000000
110658  -45.085  45.894  46.832 0.0000000000
110194  -45.103  45.332  46.462 0.0000000000
111189  -45.200  45.702  46.248 0.0000000000
102699  -38.578  31.215  55.327 0.0000000000
102698  -37.928  31.182  54.917 0.0000000000
102718  -37.260  31.650  53.287 0.0000000000
101422  -38.766  29.962  50.747 0.0000000000
102080  -38.618  30.777  50.734 0.0000000000
102081  -39.358  30.478  50.441 0.0000000000
102082  -40.282  30.222  50.156 0.0000000000
104001  -40.561  33.507  49.711 0.0000000000
103375  -41.275  32.470  49.337 0.0000000000
103376  -42.028  32.261  49.028 0.0000000000
102739  -43.142  31.080  49.069 0.0000000000
101451  -44.128  29.915  49.036 0.0000000000
102107  -44.020  30.726  48.761 0.0000000000
102109  -45.285  30.174  48.203 0.0000000000
105788  -38.806  36.831  53.801 0.0000000000
105777  -40.060  36.475  54.519 0.0000000000
105765  -41.111  36.178  55.192 0.0000000000
109037  -40.505  43.286  55.367 0.0000000000
109036  -39.874  42.860  54.460 0.0000000000
129798  -40.380  42.377  54.957 0.0000000000
131011  -46.442  37.812  54.576 0.0000000000
106902  -45.576  38.740  55.604 0.0000000000
106335  -46.012  37.771  55.426 0.0000000000
106326  -45.507  37.256  55.767 0.0000000000
105769  -44.889  36.793  56.123 0.0000000000
138684  -46.060  35.954  55.552 0.0000000000
105199  -46.029  35.011  54.965 0.0000000000
129077  -45.602  34.827  54.852 0.0000000000
105198  -44.890  34.919  54.471 0.0000000000
105233  -44.561  36.280  52.995 0.0000000000
105825  -43.719  36.506  50.350 0.0000000000
105281  -45.323  35.696  46.162 0.0000000000
105863  -44.877  36.076  46.873 0.0000000000
104664  -45.635  34.672  45.506 0.0000000000
104656  -45.106  34.256  45.976 0.0000000000
103408  -45.834  32.734  46.476 0.0000000000
102770  -46.357  32.018  46.637 0.0000000000
102771  -47.164  31.724  45.924 0.0000000000
102133  -47.654  30.430  45.867 0.0000000000
101494  -47.881  29.830  45.416 0.0000000000
100746  -48.193  29.191  45.312 0.0000000000
101495  -48.241  29.688  44.700 0.0000000000
101503  -48.547  29.456  43.927 0.0000000000
101508  -48.452  29.238  43.289 0.0000000000
101506  -46.639  29.941  43.023 0.0000000000
101501  -46.137  29.286  43.826 0.0000000000
100082  -45.336  27.907  44.818 0.0000000000
106480  -43.826  37.115  43.714 0.0000000000
105898  -44.349  36.816  42.995 0.0000000000
105308  -43.117  35.879  42.432 0.0000000000
122589  -42.982  35.007  42.372 0.0000000000
127003  -42.291  32.663  42.933 0.0000000000
102141  -40.721  30.328  45.187 0.0000000000
101490  -41.374  29.806  45.779 0.0000000000
101479  -42.044  29.113  46.212 0.0000000000
100072  -41.654  27.332  46.950 0.0000000000
99478  -41.251  26.582  47.083 0.0000000000
98912  -41.482  25.715  46.662 0.0000000000
98905  -40.833  26.051  47.121 0.0000000000
98904  -40.188  25.975  47.285 0.0000000000
98230  -49.778  24.321  52.849 0.0000000000
111627  -41.698  47.595  50.788 0.0000000000
111129  -40.785  47.254  52.271 0.0000000000
110619  -41.061  46.689  52.090 0.0000000000
124196  -40.959  45.522  51.958 0.0000000000
110139  -40.934  44.948  52.232 0.0000000000
126288  -40.857  44.460  51.170 0.0000000000
109583  -40.940  43.982  52.134 0.0000000000
109053  -40.891  42.829  52.102 0.0000000000
108523  -41.118  41.195  52.306 0.0000000000
108040  -41.542  40.193  52.093 0.0000000000
107504  -41.856  39.405  51.533 0.0000000000
107503  -41.023  39.765  51.229 0.0000000000
107521  -40.677  39.353  50.558 0.0000000000
108052  -39.785  40.182  50.049 0.0000000000
96940  -43.405  22.572  51.729 0.0000000000
97605  -43.446  23.523  51.830 0.0000000000
98238  -43.496  24.561  52.032 0.0000000000
132095  -42.612  24.767  51.791 0.0000000000
135301  -43.143  25.221  51.946 0.0000000000
99439  -43.481  27.326  51.129 0.0000000000
119543  -30.066  45.044  46.150 0.0000000000
110185  -30.868  44.780  45.942 0.0000000000
110675  -31.495  45.223  45.720 0.0000000000
131258  -32.840  45.488  45.524 0.0000000000
135560  -38.974  45.652  45.172 0.0000000000
110698  -41.041  45.458  44.168 0.0000000000
110710  -41.403  45.548  43.363 0.0000000000
110711  -42.606  45.526  43.434 0.0000000000
110712  -44.053  45.625  43.587 0.0000000000
110730  -43.285  45.753  41.681 0.0000000000
104605  -40.215  34.741  52.267 0.0000000000
103998  -40.225  34.044  50.251 0.0000000000
104626  -40.789  34.140  49.740 0.0000000000
104627  -41.430  34.545  49.494 0.0000000000
104010  -41.777  34.073  48.824 0.0000000000
106925  -38.216  38.907  52.863 0.0000000000
107480  -39.323  39.276  53.689 0.0000000000
108490  -44.544  41.986  55.846 0.0000000000
134720  -43.490  41.778  56.745 0.0000000000
108491  -44.877  41.386  55.722 0.0000000000
108010  -45.686  40.603  54.511 0.0000000000
107476  -46.114  39.682  54.324 0.0000000000
107490  -46.863  39.809  52.299 0.0000000000
106917  -46.928  38.754  52.988 0.0000000000
106911  -46.528  38.739  54.024 0.0000000000
132528  -46.782  37.798  53.533 0.0000000000
131702  -46.971  37.424  52.255 0.0000000000
105819  -46.454  37.156  51.929 0.0000000000
106367  -45.754  37.261  51.130 0.0000000000
106374  -46.215  37.463  50.340 0.0000000000
106384  -46.076  37.426  49.474 0.0000000000
106416  -46.202  37.295  47.692 0.0000000000
106417  -47.469  37.753  47.644 0.0000000000
105852  -46.583  37.179  46.891 0.0000000000
105864  -45.796  36.451  46.417 0.0000000000
105286  -45.861  35.356  45.476 0.0000000000
104671  -46.514  35.059  44.728 0.0000000000
104050  -47.333  33.662  44.303 0.0000000000
103428  -47.880  32.395  43.883 0.0000000000
104051  -47.727  33.159  43.890 0.0000000000
104059  -47.612  33.034  43.372 0.0000000000
103451  -47.305  32.841  42.916 0.0000000000
104686  -46.801  34.479  42.425 0.0000000000
134145  -46.859  31.518  42.847 0.0000000000
103439  -46.233  32.298  42.690 0.0000000000
102809  -45.795  31.622  43.139 0.0000000000
104677  -41.213  34.553  43.275 0.0000000000
104056  -40.809  33.601  43.560 0.0000000000
103427  -40.406  32.667  43.708 0.0000000000
102151  -39.859  31.100  44.209 0.0000000000
102140  -39.822  30.507  44.759 0.0000000000
101489  -39.932  30.008  45.535 0.0000000000
124241  -40.096  29.448  46.273 0.0000000000
100735  -39.602  28.364  47.153 0.0000000000
109580  -36.262  44.626  52.133 0.0000000000
142995  -36.716  44.940  52.287 0.0000000000
109582  -38.174  44.270  52.813 0.0000000000
109570  -38.925  44.726  53.851 0.0000000000
109560  -40.130  44.183  55.127 0.0000000000
109550  -41.463  44.087  56.224 0.0000000000
109543  -42.126  43.495  56.519 0.0000000000
110613  -40.784  47.073  52.958 0.0000000000
110122  -40.933  46.198  54.356 0.0000000000
110123  -41.489  45.657  55.042 0.0000000000
138911  -41.686  44.401  53.679 0.0000000000
109572  -42.142  44.818  54.538 0.0000000000
109562  -41.910  45.147  55.362 0.0000000000
109551  -42.532  44.134  56.061 0.0000000000
109029  -43.771  43.008  55.827 0.0000000000
109030  -44.375  42.610  55.401 0.0000000000
108507  -45.022  41.987  53.978 0.0000000000
108028  -45.871  40.998  52.594 0.0000000000
108027  -45.100  41.002  52.859 0.0000000000
108042  -45.488  40.641  52.338 0.0000000000
107508  -46.676  40.053  50.786 0.0000000000
107000  -47.454  39.287  46.312 0.0000000000
107031  -47.383  38.682  44.893 0.0000000000
106999  -46.092  38.669  46.300 0.0000000000
106452  -45.110  37.902  45.193 0.0000000000
106987  -44.722  38.411  47.386 0.0000000000
106415  -44.379  38.033  46.536 0.0000000000
106467  -44.324  37.538  44.645 0.0000000000
106466  -43.344  37.278  44.383 0.0000000000
106479  -42.818  37.167  43.624 0.0000000000
105896  -42.091  37.054  43.006 0.0000000000
106951  -41.967  38.503  50.289 0.0000000000
134156  -42.145  38.147  49.584 0.0000000000
106399  -42.375  37.689  48.351 0.0000000000
106398  -40.986  37.489  48.068 0.0000000000
122440  -41.832  37.461  47.632 0.0000000000
96925  -45.018  22.399  52.222 0.0000000000
123734  -45.807  22.948  52.444 0.0000000000
98226  -45.149  24.356  52.454 0.0000000000
97592  -45.925  23.828  52.561 0.0000000000
97593  -46.811  23.306  52.761 0.0000000000
97594  -48.222  23.574  53.155 0.0000000000
97595  -49.597  23.692  53.292 0.0000000000
98868  -49.215  25.442  51.811 0.0000000000
98876  -48.509  26.036  51.324 0.0000000000
98877  -49.496  25.635  50.959 0.0000000000
99444  -48.914  26.149  50.414 0.0000000000
99468  -48.231  27.051  48.602 0.0000000000
108552  -28.348  42.127  47.570 0.0000000000
109086  -29.646  42.751  47.158 0.0000000000
108553  -29.243  42.212  47.576 0.0000000000
108544  -29.044  41.641  48.192 0.0000000000
108070  -29.508  41.257  49.021 0.0000000000
108528  -30.825  41.087  49.981 0.0000000000
108049  -31.495  40.907  50.554 0.0000000000
108529  -32.225  41.766  50.620 0.0000000000
109067  -33.319  42.870  50.990 0.0000000000
109072  -32.492  42.546  49.709 0.0000000000
109073  -33.173  42.826  50.237 0.0000000000
109590  -33.820  43.313  51.239 0.0000000000
109598  -34.104  43.698  51.023 0.0000000000
109599  -34.578  44.009  50.959 0.0000000000
110136  -35.170  44.200  51.513 0.0000000000
109641  -34.175  43.930  46.823 0.0000000000
110173  -35.845  44.143  47.267 0.0000000000
136811  -35.530  43.684  48.088 0.0000000000
109608  -35.528  43.804  49.720 0.0000000000
110146  -35.268  44.191  50.698 0.0000000000
110147  -35.885  44.545  51.128 0.0000000000
110148  -36.569  45.005  51.549 0.0000000000
110626  -37.435  45.197  50.904 0.0000000000
122006  -38.137  45.910  51.430 0.0000000000
110155  -38.335  44.870  49.133 0.0000000000
122078  -38.523  45.328  50.061 0.0000000000
110627  -39.130  46.300  50.720 0.0000000000
111147  -39.978  46.865  50.281 0.0000000000
111139  -40.541  47.412  50.828 0.0000000000
124807  -39.359  45.600  45.936 0.0000000000
110668  -39.875  45.653  46.741 0.0000000000
124815  -40.608  45.996  47.205 0.0000000000
111159  -40.959  47.158  48.978 0.0000000000
111148  -40.934  47.557  50.056 0.0000000000
111626  -41.185  47.602  50.854 0.0000000000
111635  -41.778  47.777  50.276 0.0000000000
111150  -42.785  47.321  49.989 0.0000000000
110630  -42.472  46.696  50.227 0.0000000000
111161  -43.732  46.853  48.511 0.0000000000
110638  -43.590  46.642  48.842 0.0000000000
110637  -42.955  46.455  49.475 0.0000000000
110158  -42.441  45.227  49.042 0.0000000000
110166  -42.822  44.878  48.345 0.0000000000
109651  -44.220  44.170  45.631 0.0000000000
110713  -45.475  45.447  43.696 0.0000000000
110714  -46.079  45.094  44.083 0.0000000000
100011  -41.175  27.059  51.553 0.0000000000
100678  -39.931  28.784  50.930 0.0000000000
100012  -41.964  27.075  51.423 0.0000000000
100022  -42.270  27.795  51.005 0.0000000000
100023  -43.065  27.822  50.782 0.0000000000
103368  -39.121  32.372  50.623 0.0000000000
102728  -39.405  31.745  50.321 0.0000000000
102083  -41.045  30.399  49.796 0.0000000000
102736  -40.899  31.783  49.544 0.0000000000
101436  -41.846  30.114  49.802 0.0000000000
100682  -43.390  28.375  50.227 0.0000000000
100024  -43.920  27.774  50.543 0.0000000000
100025  -44.741  27.496  50.479 0.0000000000
100040  -45.376  27.722  49.922 0.0000000000
100041  -46.329  27.543  49.613 0.0000000000
100711  -44.802  28.912  49.187 0.0000000000
100697  -45.868  28.155  49.174 0.0000000000
100056  -47.464  27.613  48.469 0.0000000000
100057  -48.056  27.554  47.686 0.0000000000
121712  -40.399  34.840  57.487 0.0000000000
104546  -41.699  34.739  58.740 0.0000000000
104548  -43.803  34.164  58.086 0.0000000000
122941  -37.574  43.326  52.361 0.0000000000
109052  -38.067  42.256  52.402 0.0000000000
125225  -39.415  42.028  53.708 0.0000000000
108504  -39.030  41.491  53.255 0.0000000000
108013  -38.980  40.868  53.241 0.0000000000
108014  -39.294  40.237  53.636 0.0000000000
126675  -39.934  38.841  54.062 0.0000000000
107990  -43.307  41.181  56.784 0.0000000000
107999  -42.925  40.436  56.390 0.0000000000
107998  -42.023  40.541  56.110 0.0000000000
106901  -44.875  38.729  55.821 0.0000000000
107465  -42.425  39.709  55.654 0.0000000000
107474  -41.509  39.865  55.277 0.0000000000
124476  -41.078  38.310  54.572 0.0000000000
106908  -40.429  38.329  54.317 0.0000000000
106333  -40.594  37.412  54.475 0.0000000000
105779  -41.387  36.937  54.888 0.0000000000
105766  -41.913  36.423  55.383 0.0000000000
105760  -44.454  35.983  56.416 0.0000000000
105759  -43.485  35.975  56.271 0.0000000000
105176  -42.987  35.318  56.845 0.0000000000
105169  -43.506  34.742  57.650 0.0000000000
103934  -44.629  33.984  57.376 0.0000000000
103942  -44.149  33.365  56.967 0.0000000000
104572  -43.492  33.854  55.254 0.0000000000
104602  -43.056  34.492  54.469 0.0000000000
104601  -42.478  35.086  53.761 0.0000000000
105232  -42.818  35.777  53.066 0.0000000000
105231  -42.025  35.771  52.389 0.0000000000
105245  -41.673  35.681  50.835 0.0000000000
104628  -42.118  34.800  48.894 0.0000000000
104020  -42.732  33.928  47.995 0.0000000000
106373  -45.251  37.156  50.485 0.0000000000
105826  -44.510  36.803  50.049 0.0000000000
139702  -43.991  36.355  48.859 0.0000000000
105280  -44.541  35.300  46.642 0.0000000000
105270  -44.177  35.670  47.385 0.0000000000
105259  -43.190  35.540  48.456 0.0000000000
104646  -42.992  34.516  47.851 0.0000000000
104021  -43.348  33.792  47.571 0.0000000000
103397  -43.697  32.803  47.869 0.0000000000
142171  -44.258  32.077  47.985 0.0000000000
102758  -45.036  31.613  47.761 0.0000000000
101465  -45.953  30.203  47.734 0.0000000000
127209  -46.688  31.392  46.674 0.0000000000
102121  -46.502  30.740  47.167 0.0000000000
101466  -46.580  29.825  47.391 0.0000000000
100069  -48.869  26.962  46.977 0.0000000000
99479  -49.438  26.294  46.505 0.0000000000
98925  -49.489  25.920  45.751 0.0000000000
130848  -48.869  27.353  45.212 0.0000000000
99492  -49.165  26.179  45.025 0.0000000000
98924  -49.101  25.707  44.953 0.0000000000
98932  -48.089  25.173  43.637 0.0000000000
102158  -48.154  29.922  43.543 0.0000000000
120595  -48.441  28.772  42.992 0.0000000000
99502  -48.268  26.335  42.665 0.0000000000
99501  -47.567  25.835  42.705 0.0000000000
98939  -47.167  25.255  42.926 0.0000000000
98938  -46.400  24.903  43.109 0.0000000000
99491  -45.522  25.787  44.147 0.0000000000
106468  -47.272  38.253  44.125 0.0000000000
105911  -46.146  36.237  42.407 0.0000000000
105310  -45.171  35.265  41.721 0.0000000000
128329  -44.548  35.775  42.057 0.0000000000
124291  -44.437  35.111  41.784 0.0000000000
104685  -44.967  34.436  41.623 0.0000000000
103448  -44.697  32.939  42.285 0.0000000000
102808  -44.549  31.644  43.541 0.0000000000
102796  -44.436  30.990  44.135 0.0000000000
104057  -41.533  33.636  43.142 0.0000000000
102153  -41.287  30.811  44.502 0.0000000000
102793  -42.076  31.226  44.145 0.0000000000
102794  -42.908  31.418  43.935 0.0000000000
102154  -43.843  30.598  44.512 0.0000000000
101499  -44.136  29.891  44.810 0.0000000000
101493  -44.390  29.132  45.094 0.0000000000
100738  -42.845  27.823  46.425 0.0000000000
100074  -43.223  27.217  46.289 0.0000000000
99486  -43.559  26.524  45.975 0.0000000000
98933  -48.613  25.647  43.789 0.0000000000
100013  -42.777  27.190  51.316 0.0000000000
100020  -40.803  27.670  51.367 0.0000000000
100087  -48.896  27.591  43.481 0.0000000000
100695  -44.404  28.614  49.602 0.0000000000
102066  -38.888  30.766  55.970 0.0000000000
102093  -39.775  31.065  50.112 0.0000000000
102094  -40.562  31.021  49.743 0.0000000000
102095  -41.533  31.015  49.523 0.0000000000
102120  -45.602  30.836  47.741 0.0000000000
102146  -48.212  30.092  44.234 0.0000000000
102717  -36.668  31.201  52.891 0.0000000000
102724  -37.485  31.379  51.790 0.0000000000
102737  -41.624  31.802  49.349 0.0000000000
102792  -40.055  31.829  43.858 0.0000000000
103321  -43.543  33.084  58.061 0.0000000000
103358  -37.619  32.076  52.850 0.0000000000
103364  -37.736  32.047  52.139 0.0000000000
103440  -47.117  32.250  42.863 0.0000000000
103441  -47.577  32.257  43.282 0.0000000000
103933  -43.991  33.549  57.812 0.0000000000
103954  -44.202  33.542  56.075 0.0000000000
103989  -38.847  33.329  51.737 0.0000000000
104002  -41.189  33.772  49.335 0.0000000000
104011  -42.290  33.612  48.433 0.0000000000
104022  -44.146  33.395  47.260 0.0000000000
104034  -46.076  33.163  45.852 0.0000000000
104041  -46.837  33.241  45.174 0.0000000000
104042  -47.647  32.827  44.481 0.0000000000
104065  -43.557  33.626  42.240 0.0000000000
104547  -42.756  34.479  58.492 0.0000000000
104560  -41.046  35.061  56.556 0.0000000000
104574  -45.369  34.209  55.938 0.0000000000
104589  -45.686  34.662  55.419 0.0000000000
104606  -40.830  35.031  52.718 0.0000000000
104620  -40.827  34.649  50.167 0.0000000000
104635  -42.423  34.346  48.367 0.0000000000
104663  -45.096  35.070  45.972 0.0000000000
104683  -42.924  34.017  42.459 0.0000000000
104687  -47.104  34.518  42.855 0.0000000000
105179  -45.451  35.079  56.380 0.0000000000
105188  -42.444  35.842  55.988 0.0000000000
105189  -45.827  35.398  55.869 0.0000000000
105190  -46.130  35.443  55.299 0.0000000000
105215  -41.997  35.462  53.106 0.0000000000
105217  -44.690  35.626  53.749 0.0000000000
105219  -46.197  35.925  54.176 0.0000000000
105237  -42.076  35.974  51.547 0.0000000000
105269  -43.430  35.257  47.776 0.0000000000
105279  -43.944  35.113  47.195 0.0000000000
105311  -46.797  35.754  42.311 0.0000000000
105312  -47.060  35.308  42.555 0.0000000000
105770  -45.638  36.321  55.905 0.0000000000
105771  -46.308  36.098  55.115 0.0000000000
105780  -46.364  36.224  54.415 0.0000000000
105789  -45.414  36.052  53.547 0.0000000000
105805  -45.668  36.566  52.724 0.0000000000
105835  -43.389  35.985  48.955 0.0000000000
105843  -43.867  35.983  48.207 0.0000000000
105874  -46.236  36.101  45.583 0.0000000000
105876  -48.356  37.193  44.353 0.0000000000
105899  -45.630  36.857  42.945 0.0000000000
105908  -42.723  36.533  42.703 0.0000000000
105909  -43.784  36.329  42.525 0.0000000000
106334  -42.841  38.197  55.189 0.0000000000
106341  -39.129  37.665  53.735 0.0000000000
106342  -46.559  36.977  54.013 0.0000000000
106353  -47.138  37.853  52.567 0.0000000000
106370  -47.559  38.447  51.157 0.0000000000
106380  -40.954  37.795  48.956 0.0000000000
106383  -45.281  37.118  49.746 0.0000000000
106402  -48.029  38.315  49.135 0.0000000000
106419  -49.018  39.037  46.425 0.0000000000
106450  -39.976  37.404  44.890 0.0000000000
106454  -48.749  37.916  44.575 0.0000000000
106483  -47.801  37.601  43.489 0.0000000000
106484  -48.307  37.684  43.774 0.0000000000
106926  -47.315  38.763  52.091 0.0000000000
106942  -47.671  39.141  50.741 0.0000000000
106958  -40.589  38.383  49.624 0.0000000000
106963  -45.737  39.275  49.157 0.0000000000
106964  -48.469  38.953  49.234 0.0000000000
106965  -48.517  39.277  48.703 0.0000000000
106973  -43.935  38.328  48.865 0.0000000000
106988  -45.681  39.014  47.745 0.0000000000
106990  -48.825  39.053  47.395 0.0000000000
107001  -48.536  39.251  46.053 0.0000000000
107015  -45.145  38.181  45.942 0.0000000000
107019  -49.012  38.951  45.796 0.0000000000
107033  -48.641  38.325  44.617 0.0000000000
107467  -44.373  39.748  56.101 0.0000000000
107491  -47.314  39.483  51.438 0.0000000000
107524  -44.207  38.931  51.095 0.0000000000
107525  -45.538  39.628  50.873 0.0000000000
107545  -46.726  39.573  47.984 0.0000000000
107546  -47.752  39.831  48.340 0.0000000000
107554  -48.430  39.404  46.929 0.0000000000
107555  -48.707  39.194  47.208 0.0000000000
107991  -44.120  41.331  56.527 0.0000000000
108002  -45.214  40.542  55.525 0.0000000000
108007  -39.949  40.838  54.346 0.0000000000
108022  -37.977  40.501  52.300 0.0000000000
108043  -46.070  40.657  51.904 0.0000000000
108044  -46.565  40.303  51.445 0.0000000000
108068  -27.762  40.897  48.656 0.0000000000
108480  -41.951  42.428  56.638 0.0000000000
108488  -42.560  41.103  56.652 0.0000000000
108489  -44.007  42.216  56.304 0.0000000000
108498  -44.882  42.199  54.958 0.0000000000
108506  -44.037  42.189  53.852 0.0000000000
108508  -45.605  41.338  53.682 0.0000000000
108513  -38.492  41.278  52.691 0.0000000000
108542  -27.313  41.441  48.218 0.0000000000
108551  -27.656  41.862  47.798 0.0000000000
109019  -42.611  42.749  56.676 0.0000000000
109026  -40.856  42.600  55.708 0.0000000000
109028  -43.041  43.390  56.292 0.0000000000
109061  -34.763  43.325  51.625 0.0000000000
109088  -31.349  42.957  47.450 0.0000000000
109561  -40.806  44.317  55.864 0.0000000000
109592  -35.544  44.271  51.967 0.0000000000
109636  -28.504  43.579  46.883 0.0000000000
110106  -41.857  44.772  56.031 0.0000000000
110202  -45.878  45.084  44.862 0.0000000000
110593  -39.878  46.046  55.021 0.0000000000
110618  -38.187  46.391  52.332 0.0000000000
110669  -40.732  45.822  46.588 0.0000000000
111102  -39.096  47.017  53.563 0.0000000000
111116  -40.446  47.284  53.113 0.0000000000
111128  -39.690  47.398  52.198 0.0000000000
111138  -39.787  47.162  51.248 0.0000000000
111175  -44.873  46.191  47.104 0.0000000000
111198  -32.502  46.350  45.655 0.0000000000
111614  -41.025  47.428  51.504 0.0000000000
111628  -42.317  47.669  50.227 0.0000000000
111637  -42.821  47.597  49.718 0.0000000000
111648  -43.246  47.405  49.100 0.0000000000
111661  -43.472  47.170  48.338 0.0000000000
119810  -43.070  37.709  47.831 0.0000000000
119830  -40.557  46.913  53.711 0.0000000000
120809  -41.952  35.161  49.510 0.0000000000
122021  -41.003  33.124  49.382 0.0000000000
122444  -48.920  26.914  44.471 0.0000000000
124292  -31.231  44.122  46.299 0.0000000000
125256  -42.511  33.548  55.343 0.0000000000
125742  -33.565  41.635  51.015 0.0000000000
126920  -44.621  30.214  48.585 0.0000000000
127178  -45.087  34.696  45.947 0.0000000000
127749  -48.360  39.580  47.825 0.0000000000
128418  -41.856  43.759  53.569 0.0000000000
129401  -31.580  41.564  50.254 0.0000000000
129514  -47.018  38.862  45.577 0.0000000000
130172  -29.350  43.885  46.566 0.0000000000
130538  -39.434  32.963  50.483 0.0000000000
131314  -46.898  40.103  51.590 0.0000000000
131984  -44.566  36.696  49.256 0.0000000000
132081  -37.982  45.967  53.152 0.0000000000
133336  -45.903  34.200  41.668 0.0000000000
133455  -43.818  36.427  49.505 0.0000000000
133461  -41.342  47.279  51.362 0.0000000000
133817  -45.959  34.978  55.518 0.0000000000
134634  -43.813  35.890  53.253 0.0000000000
135117  -45.331  35.833  42.062 0.0000000000
135728  -40.371  34.618  50.694 0.0000000000
136086  -41.969  37.285  43.653 0.0000000000
136690  -41.592  37.626  48.428 0.0000000000
136853  -32.793  42.944  48.237 0.0000000000
136948  -45.098  46.031  46.667 0.0000000000
137102  -42.746  38.585  50.575 0.0000000000
137215  -42.580  36.114  52.190 0.0000000000
137423  -46.161  40.321  51.389 0.0000000000
139505  -48.842  38.456  45.083 0.0000000000
140131  -34.056  42.286  51.261 0.0000000000
140600  -41.362  31.261  44.057 0.0000000000
141536  -42.491  37.563  47.711 0.0000000000
141972  -49.599  26.030  46.091 0.0000000000
142093  -29.552  41.951  48.012 0.0000000000
142284  -42.330  47.792  49.909 0.0000000000
142591  -47.459  35.844  42.825 0.0000000000
142980  -48.002  39.496  46.666 0.0000000000
