#!ascii label  , from subject sub-v2s18x29507_ses-1 vox2ras=TkReg
841
45566  31.684  -32.995  87.946 0.0000000000
61047  45.194  -18.272  72.860 0.0000000000
136759  52.098  -15.451  71.653 0.0000000000
58809  45.832  -19.315  82.434 0.0000000000
45666  36.499  -32.834  82.379 0.0000000000
42428  35.222  -35.649  86.508 0.0000000000
61043  50.187  -17.563  72.640 0.0000000000
61009  51.921  -18.258  76.267 0.0000000000
57812  40.773  -20.640  83.801 0.0000000000
48763  38.009  -29.061  84.993 0.0000000000
65284  59.452  -12.562  66.734 0.0000000000
67201  52.417  -11.627  72.210 0.0000000000
58881  42.823  -19.598  77.434 0.0000000000
64196  45.313  -15.449  78.102 0.0000000000
45616  34.051  -33.216  85.720 0.0000000000
44498  33.221  -33.664  87.342 0.0000000000
61044  48.297  -18.219  72.152 0.0000000000
59932  50.578  -18.485  73.891 0.0000000000
61013  47.948  -17.483  75.426 0.0000000000
53945  42.212  -23.958  82.250 0.0000000000
44520  38.340  -33.838  84.498 0.0000000000
46697  38.048  -31.806  83.190 0.0000000000
122382  39.659  -32.635  84.818 0.0000000000
67277  58.347  -11.992  67.635 0.0000000000
64266  58.284  -14.522  69.215 0.0000000000
67217  57.018  -11.913  70.898 0.0000000000
64259  49.891  -14.013  70.884 0.0000000000
66238  49.641  -12.400  69.793 0.0000000000
122092  51.763  -13.297  72.273 0.0000000000
65270  52.752  -13.695  69.038 0.0000000000
63264  51.601  -15.121  68.904 0.0000000000
59809  42.907  -19.004  83.760 0.0000000000
58846  42.124  -20.292  80.911 0.0000000000
60949  43.970  -17.494  81.260 0.0000000000
62150  43.838  -16.565  77.991 0.0000000000
63092  45.823  -16.260  81.441 0.0000000000
60946  48.908  -16.902  80.106 0.0000000000
57834  46.659  -20.488  80.947 0.0000000000
44539  35.765  -33.722  84.486 0.0000000000
62245  49.049  -15.775  69.311 0.0000000000
62215  51.930  -15.657  72.192 0.0000000000
61027  53.063  -17.489  73.013 0.0000000000
57909  52.622  -20.255  74.439 0.0000000000
54891  36.990  -24.167  83.475 0.0000000000
134880  39.493  -22.476  85.596 0.0000000000
55791  43.033  -22.535  83.892 0.0000000000
126902  46.175  -23.594  81.888 0.0000000000
53993  47.760  -25.422  78.907 0.0000000000
131267  35.922  -26.244  81.999 0.0000000000
51898  38.614  -26.824  85.538 0.0000000000
131725  57.897  -14.141  66.000 0.0000000000
67260  53.504  -10.980  69.550 0.0000000000
65246  55.140  -12.247  71.666 0.0000000000
63274  54.375  -15.524  67.691 0.0000000000
62191  45.151  -16.370  75.237 0.0000000000
63170  49.423  -16.077  77.511 0.0000000000
58861  50.465  -18.636  78.226 0.0000000000
43450  31.566  -33.922  88.553 0.0000000000
44499  32.646  -33.468  87.618 0.0000000000
42402  32.744  -34.961  87.897 0.0000000000
128116  46.941  -18.324  73.132 0.0000000000
134472  48.083  -18.144  73.888 0.0000000000
141378  47.073  -17.957  74.364 0.0000000000
130910  38.975  -33.560  84.609 0.0000000000
66260  56.476  -12.288  67.186 0.0000000000
67256  57.730  -12.114  69.277 0.0000000000
132067  55.920  -11.550  68.966 0.0000000000
64249  51.326  -14.123  71.775 0.0000000000
142589  50.736  -13.402  71.918 0.0000000000
64248  51.484  -14.050  71.777 0.0000000000
64272  51.850  -14.284  69.691 0.0000000000
131026  44.648  -19.006  83.361 0.0000000000
60906  43.289  -18.297  82.819 0.0000000000
62068  44.520  -17.308  82.445 0.0000000000
62098  44.844  -16.588  81.557 0.0000000000
131873  45.698  -17.201  82.329 0.0000000000
59830  46.858  -17.884  81.664 0.0000000000
58837  46.511  -20.141  81.591 0.0000000000
44540  34.824  -33.467  85.155 0.0000000000
43479  35.914  -34.665  85.734 0.0000000000
43478  36.786  -34.954  85.258 0.0000000000
62229  48.901  -17.053  70.764 0.0000000000
62246  48.491  -16.480  69.154 0.0000000000
122724  49.796  -16.278  71.194 0.0000000000
63233  50.884  -15.317  71.680 0.0000000000
62206  50.785  -16.504  72.178 0.0000000000
61041  52.682  -16.739  72.650 0.0000000000
61042  51.770  -16.850  72.758 0.0000000000
59920  51.844  -18.705  75.287 0.0000000000
59930  52.331  -18.669  74.243 0.0000000000
129820  52.423  -19.388  75.797 0.0000000000
135909  52.037  -20.757  75.205 0.0000000000
58888  52.095  -19.799  76.367 0.0000000000
53872  38.510  -24.758  85.668 0.0000000000
55796  38.085  -23.207  84.565 0.0000000000
54857  39.421  -23.689  85.687 0.0000000000
54869  42.701  -23.159  83.681 0.0000000000
54886  45.152  -23.212  82.520 0.0000000000
47721  38.128  -30.386  84.567 0.0000000000
49859  37.636  -28.459  82.853 0.0000000000
50875  37.147  -27.799  83.502 0.0000000000
51929  36.690  -26.552  83.854 0.0000000000
49814  38.223  -28.453  85.292 0.0000000000
67294  59.528  -11.501  66.644 0.0000000000
64297  58.614  -13.601  66.287 0.0000000000
63242  57.379  -15.240  69.912 0.0000000000
67224  50.929  -11.729  71.167 0.0000000000
67263  50.526  -11.393  68.751 0.0000000000
123527  51.770  -10.931  70.034 0.0000000000
67281  52.218  -11.446  68.187 0.0000000000
125149  52.985  -10.800  70.483 0.0000000000
67220  54.923  -11.097  72.065 0.0000000000
66197  54.507  -11.440  72.174 0.0000000000
64291  52.440  -14.859  67.780 0.0000000000
129830  54.290  -14.502  68.212 0.0000000000
56821  40.089  -22.103  82.707 0.0000000000
56833  40.805  -21.612  81.551 0.0000000000
58856  42.769  -19.706  79.168 0.0000000000
57850  41.614  -20.658  79.188 0.0000000000
63145  44.444  -15.588  77.993 0.0000000000
63177  43.185  -15.082  76.231 0.0000000000
63184  44.188  -14.929  76.075 0.0000000000
62182  44.198  -15.192  75.170 0.0000000000
62166  45.776  -15.873  76.399 0.0000000000
62165  46.857  -16.336  76.637 0.0000000000
63156  47.901  -15.578  77.960 0.0000000000
59868  47.770  -18.261  79.828 0.0000000000
59866  49.537  -17.502  79.262 0.0000000000
58863  48.128  -18.758  78.332 0.0000000000
58892  47.816  -19.512  77.111 0.0000000000
44508  33.389  -33.427  86.844 0.0000000000
43457  34.255  -34.580  87.028 0.0000000000
41356  34.308  -35.970  86.936 0.0000000000
41357  33.727  -35.975  87.130 0.0000000000
137667  49.092  -18.117  72.589 0.0000000000
123439  50.811  -17.907  73.261 0.0000000000
119483  48.859  -18.322  73.325 0.0000000000
61018  49.843  -18.322  74.845 0.0000000000
61011  49.850  -17.541  76.093 0.0000000000
44537  37.273  -33.313  83.653 0.0000000000
46708  37.744  -31.883  82.275 0.0000000000
45633  38.122  -32.555  83.950 0.0000000000
46674  38.648  -31.675  85.012 0.0000000000
47715  38.555  -30.900  85.185 0.0000000000
130634  39.332  -29.719  85.771 0.0000000000
45611  40.654  -32.045  84.512 0.0000000000
67276  58.999  -12.255  67.489 0.0000000000
64279  58.487  -13.997  68.097 0.0000000000
128106  58.510  -13.087  68.815 0.0000000000
65242  57.759  -13.317  70.116 0.0000000000
64256  57.115  -14.193  70.505 0.0000000000
64273  49.458  -14.106  69.907 0.0000000000
65264  49.680  -13.237  70.465 0.0000000000
66220  50.730  -12.295  71.713 0.0000000000
66199  51.980  -12.348  72.572 0.0000000000
122042  53.155  -12.625  71.479 0.0000000000
65249  52.361  -13.127  71.827 0.0000000000
141878  51.828  -14.491  68.919 0.0000000000
58795  41.696  -19.719  83.923 0.0000000000
57835  41.548  -20.500  82.097 0.0000000000
59834  42.326  -19.321  82.836 0.0000000000
59858  43.143  -19.158  80.580 0.0000000000
59869  43.662  -18.305  79.301 0.0000000000
59909  43.383  -17.753  77.069 0.0000000000
60964  44.040  -17.168  79.540 0.0000000000
123896  45.058  -15.568  79.824 0.0000000000
64173  46.008  -15.415  79.903 0.0000000000
64160  47.785  -15.344  79.496 0.0000000000
63103  46.775  -15.932  80.888 0.0000000000
59856  47.577  -18.057  80.558 0.0000000000
58854  46.666  -20.057  79.442 0.0000000000
121007  33.829  -32.795  84.278 0.0000000000
44551  34.770  -33.185  84.146 0.0000000000
44549  36.380  -33.554  83.703 0.0000000000
44538  36.748  -33.831  84.310 0.0000000000
43477  37.764  -34.831  84.726 0.0000000000
135417  49.726  -14.749  70.370 0.0000000000
63244  50.936  -14.584  71.672 0.0000000000
62214  52.292  -15.788  72.057 0.0000000000
119776  52.664  -16.190  71.996 0.0000000000
59955  52.985  -17.340  72.711 0.0000000000
58945  52.475  -19.130  72.357 0.0000000000
59944  51.693  -18.251  73.746 0.0000000000
58931  53.088  -18.965  73.532 0.0000000000
54910  36.327  -23.900  81.839 0.0000000000
54909  37.051  -23.432  82.067 0.0000000000
55807  38.666  -22.944  83.467 0.0000000000
57775  40.213  -21.398  84.788 0.0000000000
54863  41.092  -23.374  84.970 0.0000000000
129624  41.476  -21.951  85.237 0.0000000000
58780  41.229  -20.342  84.652 0.0000000000
125758  43.371  -20.926  84.107 0.0000000000
125827  44.753  -21.356  83.218 0.0000000000
57809  45.809  -21.678  82.476 0.0000000000
121033  46.372  -22.091  81.815 0.0000000000
52971  47.550  -25.125  80.126 0.0000000000
52954  35.985  -25.464  82.641 0.0000000000
51913  37.594  -25.708  85.403 0.0000000000
122040  39.301  -25.865  85.526 0.0000000000
49812  40.138  -28.554  85.308 0.0000000000
50845  40.345  -28.034  84.633 0.0000000000
65309  58.921  -13.076  64.969 0.0000000000
67279  54.260  -11.509  68.524 0.0000000000
67258  55.519  -11.161  69.942 0.0000000000
66196  55.981  -11.823  72.014 0.0000000000
64257  56.496  -13.420  70.874 0.0000000000
65247  54.119  -12.299  71.456 0.0000000000
64280  55.291  -14.549  68.957 0.0000000000
62257  55.692  -16.442  69.038 0.0000000000
56839  41.398  -21.144  79.991 0.0000000000
61033  44.238  -16.592  73.720 0.0000000000
61032  45.071  -17.779  73.941 0.0000000000
61014  46.983  -17.352  75.436 0.0000000000
62178  48.336  -17.126  76.317 0.0000000000
62161  50.717  -16.817  77.310 0.0000000000
63130  49.422  -15.591  79.009 0.0000000000
62136  50.543  -16.504  78.270 0.0000000000
59894  52.056  -18.534  77.287 0.0000000000
58890  50.298  -19.901  76.951 0.0000000000
55841  46.886  -22.985  80.353 0.0000000000
55858  46.552  -22.794  79.451 0.0000000000
44489  31.868  -33.401  88.198 0.0000000000
44490  31.156  -33.316  88.451 0.0000000000
44488  32.196  -33.290  87.846 0.0000000000
61046  46.397  -18.388  72.479 0.0000000000
128575  46.011  -18.331  73.354 0.0000000000
66247  56.247  -12.041  68.067 0.0000000000
63243  51.723  -14.868  71.411 0.0000000000
63255  51.715  -14.857  70.187 0.0000000000
127078  51.910  -15.516  70.674 0.0000000000
58810  45.119  -19.840  82.940 0.0000000000
59819  44.750  -18.291  83.142 0.0000000000
59818  45.226  -18.695  82.875 0.0000000000
62067  45.011  -17.138  82.462 0.0000000000
59817  45.972  -18.182  82.421 0.0000000000
58827  46.389  -18.874  82.108 0.0000000000
123743  46.341  -19.802  82.030 0.0000000000
43467  34.884  -34.818  86.645 0.0000000000
44506  35.143  -34.371  86.203 0.0000000000
43466  35.550  -35.118  86.262 0.0000000000
42427  35.800  -35.795  86.098 0.0000000000
138536  49.457  -17.019  71.512 0.0000000000
135108  52.252  -18.897  75.921 0.0000000000
134860  52.354  -19.431  76.233 0.0000000000
59908  52.361  -18.981  76.367 0.0000000000
52914  39.326  -25.130  85.482 0.0000000000
131557  38.874  -23.982  85.680 0.0000000000
121232  39.851  -24.915  85.027 0.0000000000
48768  37.969  -29.334  84.740 0.0000000000
136846  37.933  -29.188  83.135 0.0000000000
49847  37.722  -28.631  83.990 0.0000000000
49833  37.789  -28.450  84.758 0.0000000000
124058  37.376  -27.806  84.329 0.0000000000
49822  37.923  -28.440  84.976 0.0000000000
141125  59.621  -12.235  66.700 0.0000000000
67293  59.998  -11.604  66.257 0.0000000000
65295  59.579  -12.497  66.263 0.0000000000
65285  59.150  -13.081  66.521 0.0000000000
67223  51.729  -11.232  71.212 0.0000000000
67247  50.901  -11.362  70.000 0.0000000000
67246  52.371  -10.870  70.761 0.0000000000
67222  53.031  -10.963  71.782 0.0000000000
67221  54.040  -11.010  72.105 0.0000000000
67200  53.450  -11.636  72.244 0.0000000000
63276  52.796  -15.416  67.088 0.0000000000
56834  40.183  -22.209  81.746 0.0000000000
122886  40.559  -21.652  82.300 0.0000000000
58867  42.843  -19.637  78.299 0.0000000000
64197  44.563  -15.434  77.667 0.0000000000
63175  44.198  -15.144  76.903 0.0000000000
63159  45.156  -15.340  77.217 0.0000000000
63183  44.886  -15.218  76.570 0.0000000000
63158  45.817  -15.489  77.668 0.0000000000
63173  46.334  -15.788  77.146 0.0000000000
64194  47.310  -15.364  78.532 0.0000000000
58853  46.976  -19.329  79.292 0.0000000000
59881  48.480  -18.353  78.980 0.0000000000
58864  47.301  -19.172  78.488 0.0000000000
58879  46.995  -19.526  77.842 0.0000000000
45593  32.697  -33.210  87.195 0.0000000000
119584  32.762  -32.974  86.724 0.0000000000
44497  33.753  -33.944  87.080 0.0000000000
43458  33.673  -34.363  87.339 0.0000000000
42415  34.084  -35.219  87.241 0.0000000000
61045  47.348  -18.360  72.231 0.0000000000
121230  47.410  -18.041  70.885 0.0000000000
61057  47.776  -18.145  71.454 0.0000000000
61056  48.608  -17.626  71.393 0.0000000000
61029  48.201  -18.325  73.075 0.0000000000
61019  48.580  -18.007  74.480 0.0000000000
61012  48.886  -17.601  75.611 0.0000000000
128473  37.635  -32.643  82.968 0.0000000000
131252  38.087  -33.338  84.285 0.0000000000
45613  39.194  -32.905  84.766 0.0000000000
130008  38.889  -32.382  84.892 0.0000000000
143840  39.251  -32.284  85.027 0.0000000000
46673  38.939  -31.604  85.276 0.0000000000
46660  39.347  -31.023  85.501 0.0000000000
66259  57.472  -11.978  67.028 0.0000000000
120753  59.178  -11.821  67.161 0.0000000000
66246  58.522  -12.678  68.221 0.0000000000
120140  58.241  -12.340  68.346 0.0000000000
67242  57.043  -11.604  70.321 0.0000000000
66236  57.635  -12.202  69.999 0.0000000000
66216  57.242  -12.398  70.757 0.0000000000
65243  57.350  -13.421  70.613 0.0000000000
65228  56.964  -12.675  71.091 0.0000000000
65251  50.266  -13.335  71.414 0.0000000000
134230  51.265  -13.451  72.169 0.0000000000
65250  50.784  -12.903  72.137 0.0000000000
65231  51.616  -12.834  72.543 0.0000000000
66200  51.321  -12.486  72.367 0.0000000000
65230  52.108  -12.639  72.563 0.0000000000
131686  51.800  -15.003  68.226 0.0000000000
63265  51.271  -15.645  67.942 0.0000000000
59810  42.327  -19.307  83.666 0.0000000000
58812  41.759  -19.768  83.353 0.0000000000
59821  42.768  -18.835  83.276 0.0000000000
60918  43.812  -17.669  82.358 0.0000000000
59832  43.242  -18.347  82.542 0.0000000000
59857  43.545  -18.394  80.933 0.0000000000
128315  43.497  -18.599  80.107 0.0000000000
124824  43.847  -17.821  80.252 0.0000000000
62113  44.315  -16.786  80.537 0.0000000000
63093  45.332  -16.415  81.502 0.0000000000
62125  44.751  -15.919  80.235 0.0000000000
63105  45.603  -15.952  80.964 0.0000000000
63132  45.543  -15.585  80.277 0.0000000000
63118  45.987  -15.626  80.520 0.0000000000
63117  46.520  -15.637  80.453 0.0000000000
63104  46.106  -15.920  80.999 0.0000000000
58836  46.925  -19.325  81.128 0.0000000000
59843  47.220  -18.246  81.186 0.0000000000
58844  46.920  -19.574  80.220 0.0000000000
58845  46.711  -20.423  80.175 0.0000000000
128967  33.456  -32.803  85.314 0.0000000000
125920  33.043  -32.579  84.296 0.0000000000
45634  34.202  -33.034  84.956 0.0000000000
44523  35.456  -34.028  85.502 0.0000000000
44550  35.592  -33.399  83.678 0.0000000000
44522  36.407  -34.263  85.048 0.0000000000
121488  49.102  -16.355  70.068 0.0000000000
63256  49.674  -15.510  70.532 0.0000000000
63232  51.616  -14.978  71.660 0.0000000000
62204  52.511  -16.170  72.329 0.0000000000
59950  53.125  -18.293  72.916 0.0000000000
58919  52.852  -19.485  74.247 0.0000000000
130728  52.845  -18.729  73.836 0.0000000000
58920  52.735  -19.967  73.743 0.0000000000
54905  36.613  -24.024  82.640 0.0000000000
54904  37.374  -23.607  83.056 0.0000000000
55778  38.936  -22.860  85.512 0.0000000000
55795  38.585  -22.791  84.402 0.0000000000
56799  39.103  -22.292  84.871 0.0000000000
55794  39.258  -22.384  84.063 0.0000000000
141249  39.559  -21.945  85.027 0.0000000000
53907  41.120  -23.861  84.418 0.0000000000
54889  41.832  -23.667  83.713 0.0000000000
55792  42.365  -22.819  84.285 0.0000000000
56797  42.371  -22.070  84.601 0.0000000000
56784  41.113  -21.397  85.333 0.0000000000
120233  41.835  -21.129  85.015 0.0000000000
142231  42.201  -20.680  84.671 0.0000000000
56796  43.251  -21.788  84.116 0.0000000000
130588  45.569  -23.628  82.193 0.0000000000
56811  44.741  -22.135  83.155 0.0000000000
54900  45.778  -23.129  82.335 0.0000000000
56810  45.357  -21.970  82.817 0.0000000000
55803  45.832  -22.514  82.437 0.0000000000
53958  47.278  -24.257  81.059 0.0000000000
53959  47.193  -24.614  81.042 0.0000000000
143228  37.800  -31.312  81.873 0.0000000000
136843  37.999  -30.946  82.360 0.0000000000
50898  36.383  -27.095  81.577 0.0000000000
51945  35.940  -26.499  81.216 0.0000000000
52966  35.741  -25.756  81.186 0.0000000000
52965  35.794  -25.196  81.874 0.0000000000
51921  37.475  -26.966  84.931 0.0000000000
51922  37.159  -26.302  84.822 0.0000000000
51899  37.997  -25.925  85.634 0.0000000000
141620  38.584  -25.747  85.706 0.0000000000
138492  38.376  -26.075  85.659 0.0000000000
48755  39.849  -29.311  85.671 0.0000000000
51910  40.097  -27.197  84.390 0.0000000000
64302  58.458  -13.592  65.523 0.0000000000
64303  56.955  -14.559  65.567 0.0000000000
134075  58.349  -14.553  68.758 0.0000000000
128734  48.972  -12.328  68.751 0.0000000000
125109  49.384  -11.896  68.879 0.0000000000
67280  53.181  -11.468  68.364 0.0000000000
137773  53.754  -12.008  67.520 0.0000000000
139747  55.071  -11.340  69.052 0.0000000000
67259  54.512  -10.905  70.005 0.0000000000
66217  55.333  -11.693  72.020 0.0000000000
67199  55.455  -11.413  72.067 0.0000000000
65245  56.044  -12.454  71.680 0.0000000000
65259  55.699  -12.997  71.087 0.0000000000
65261  53.599  -13.135  69.941 0.0000000000
64270  54.556  -13.721  69.188 0.0000000000
63263  55.169  -15.420  68.404 0.0000000000
62258  55.011  -16.308  68.106 0.0000000000
140931  41.717  -20.544  81.414 0.0000000000
57836  41.306  -20.963  81.477 0.0000000000
56832  41.612  -20.828  80.794 0.0000000000
61003  43.521  -16.684  77.264 0.0000000000
63186  42.605  -14.938  75.395 0.0000000000
63212  43.792  -15.320  74.225 0.0000000000
62192  44.654  -16.564  74.549 0.0000000000
139156  45.573  -17.344  74.735 0.0000000000
61021  46.603  -17.621  74.811 0.0000000000
62190  46.027  -17.000  75.373 0.0000000000
63171  48.486  -15.974  77.438 0.0000000000
62164  47.916  -16.497  76.830 0.0000000000
62163  48.917  -16.520  76.949 0.0000000000
62162  49.944  -16.616  76.958 0.0000000000
63169  50.059  -16.319  77.532 0.0000000000
63115  48.371  -15.474  79.691 0.0000000000
64170  48.461  -15.330  79.167 0.0000000000
63114  49.049  -15.680  79.538 0.0000000000
139036  50.378  -17.772  78.701 0.0000000000
60961  50.220  -16.961  79.059 0.0000000000
59879  51.146  -18.077  78.315 0.0000000000
134506  51.351  -17.197  77.691 0.0000000000
59895  51.451  -18.690  77.774 0.0000000000
58875  50.943  -19.393  77.509 0.0000000000
57875  48.528  -19.908  76.258 0.0000000000
54921  47.497  -24.561  80.142 0.0000000000
55840  46.979  -23.245  80.972 0.0000000000
54927  47.637  -24.812  79.457 0.0000000000
43459  33.095  -34.123  87.702 0.0000000000
43449  32.395  -33.913  88.173 0.0000000000
61058  46.816  -18.299  71.530 0.0000000000
125320  47.650  -18.356  72.856 0.0000000000
61030  47.458  -18.205  73.767 0.0000000000
61020  47.567  -17.830  74.607 0.0000000000
43476  38.518  -34.237  84.501 0.0000000000
43475  39.222  -33.773  84.486 0.0000000000
67278  57.304  -12.071  67.966 0.0000000000
120177  57.893  -12.086  68.565 0.0000000000
67257  57.045  -11.758  69.033 0.0000000000
125224  56.371  -11.413  69.854 0.0000000000
135340  50.717  -13.967  71.648 0.0000000000
64258  52.018  -13.935  71.195 0.0000000000
58793  44.032  -19.195  83.676 0.0000000000
59820  43.367  -18.441  83.212 0.0000000000
60897  43.917  -18.167  83.246 0.0000000000
60905  43.914  -17.752  82.774 0.0000000000
62069  44.290  -17.269  82.265 0.0000000000
62099  44.400  -16.847  81.495 0.0000000000
62084  44.826  -16.857  82.032 0.0000000000
62083  45.466  -16.695  81.923 0.0000000000
62082  46.101  -16.629  81.824 0.0000000000
122168  46.433  -16.511  81.538 0.0000000000
60917  46.370  -17.482  82.035 0.0000000000
59844  46.717  -18.895  81.693 0.0000000000
44524  34.628  -33.726  85.999 0.0000000000
61072  48.266  -17.058  69.973 0.0000000000
62205  52.209  -16.155  72.466 0.0000000000
127256  52.404  -17.367  73.136 0.0000000000
59931  51.166  -18.632  74.606 0.0000000000
128966  52.444  -19.276  74.939 0.0000000000
58908  52.680  -19.843  74.845 0.0000000000
57898  52.476  -20.302  75.176 0.0000000000
57871  52.125  -20.370  75.705 0.0000000000
57872  51.547  -20.477  76.070 0.0000000000
53888  37.830  -24.150  85.326 0.0000000000
54871  37.684  -23.811  84.742 0.0000000000
54860  38.280  -23.752  85.445 0.0000000000
54859  38.654  -23.443  85.513 0.0000000000
125030  39.701  -22.980  85.848 0.0000000000
54888  42.654  -23.510  83.232 0.0000000000
54887  43.702  -22.952  83.263 0.0000000000
55790  43.900  -22.295  83.483 0.0000000000
54901  44.875  -23.682  82.364 0.0000000000
142658  45.739  -24.280  81.643 0.0000000000
47725  38.088  -30.743  83.488 0.0000000000
125597  38.016  -29.988  82.787 0.0000000000
49873  37.656  -28.464  81.825 0.0000000000
50886  36.978  -27.645  82.391 0.0000000000
50887  36.615  -27.141  83.146 0.0000000000
51937  36.214  -26.386  82.904 0.0000000000
139884  36.960  -27.295  83.861 0.0000000000
50876  37.187  -27.129  84.516 0.0000000000
50849  38.369  -27.630  85.411 0.0000000000
66297  60.011  -11.961  65.892 0.0000000000
65296  59.194  -13.110  65.934 0.0000000000
64267  57.967  -14.854  69.561 0.0000000000
66237  50.271  -12.051  70.594 0.0000000000
67248  49.952  -11.714  69.419 0.0000000000
67262  51.504  -11.121  69.004 0.0000000000
67261  52.483  -10.966  69.423 0.0000000000
129107  54.447  -10.894  71.359 0.0000000000
67245  53.713  -10.802  70.931 0.0000000000
66218  54.518  -11.696  72.107 0.0000000000
65269  53.631  -13.765  68.764 0.0000000000
64281  53.074  -14.283  68.225 0.0000000000
64290  53.450  -14.992  67.566 0.0000000000
55837  38.703  -22.952  81.539 0.0000000000
57842  42.612  -19.843  80.141 0.0000000000
57843  42.015  -20.565  80.079 0.0000000000
57856  42.179  -20.102  78.717 0.0000000000
57866  41.657  -20.481  77.609 0.0000000000
63161  44.006  -15.570  77.649 0.0000000000
62167  43.322  -15.693  76.747 0.0000000000
63176  43.765  -15.227  76.960 0.0000000000
135288  43.715  -14.979  76.366 0.0000000000
63185  43.492  -14.884  75.663 0.0000000000
63198  43.223  -14.809  74.783 0.0000000000
62181  44.944  -15.503  75.853 0.0000000000
136647  45.650  -16.265  75.750 0.0000000000
62180  46.438  -16.630  75.948 0.0000000000
63172  47.394  -15.992  77.341 0.0000000000
124679  48.896  -15.550  77.974 0.0000000000
59855  48.165  -17.643  80.182 0.0000000000
60962  49.411  -16.897  79.614 0.0000000000
59867  48.746  -17.832  79.518 0.0000000000
59880  49.503  -18.142  78.820 0.0000000000
58862  49.187  -18.665  78.252 0.0000000000
58876  49.808  -19.264  77.637 0.0000000000
58877  48.622  -19.079  77.645 0.0000000000
45617  33.356  -33.074  86.240 0.0000000000
44525  33.914  -33.461  86.357 0.0000000000
44507  34.296  -33.985  86.666 0.0000000000
42429  34.620  -35.411  86.864 0.0000000000
41371  34.768  -36.188  86.506 0.0000000000
42416  33.474  -35.035  87.523 0.0000000000
121014  48.050  -17.635  70.746 0.0000000000
139924  49.363  -17.552  72.055 0.0000000000
139313  49.673  -18.103  72.995 0.0000000000
61028  49.654  -18.380  73.665 0.0000000000
61010  50.861  -18.181  75.776 0.0000000000
128628  40.037  -24.904  84.840 0.0000000000
45648  37.141  -32.973  82.818 0.0000000000
45665  37.244  -32.487  82.321 0.0000000000
45614  38.699  -33.158  84.601 0.0000000000
45615  38.503  -32.568  84.561 0.0000000000
46685  38.205  -31.453  84.214 0.0000000000
126006  38.366  -31.047  84.947 0.0000000000
47716  38.191  -30.005  85.111 0.0000000000
48758  38.170  -29.215  85.178 0.0000000000
47707  39.043  -30.302  85.680 0.0000000000
46659  40.056  -31.103  85.325 0.0000000000
140221  40.904  -30.881  84.066 0.0000000000
66258  59.659  -12.041  66.836 0.0000000000
65276  59.231  -12.507  67.164 0.0000000000
141535  59.153  -12.785  67.176 0.0000000000
129138  58.737  -13.113  67.900 0.0000000000
119519  58.467  -13.789  68.912 0.0000000000
67241  58.056  -12.425  69.035 0.0000000000
65258  58.171  -13.246  69.497 0.0000000000
64255  58.112  -13.946  69.713 0.0000000000
136099  57.652  -14.205  70.129 0.0000000000
65271  49.182  -13.168  69.418 0.0000000000
66221  50.169  -12.691  71.124 0.0000000000
67202  51.484  -11.900  72.069 0.0000000000
66198  52.651  -12.219  72.442 0.0000000000
65248  52.637  -12.339  72.408 0.0000000000
65262  52.630  -13.384  70.165 0.0000000000
65263  52.194  -13.730  70.306 0.0000000000
64271  52.111  -13.918  69.323 0.0000000000
64282  52.230  -14.342  68.563 0.0000000000
63277  51.848  -15.447  67.255 0.0000000000
58813  41.222  -20.195  83.913 0.0000000000
57825  41.255  -20.436  83.070 0.0000000000
58829  41.914  -19.934  82.572 0.0000000000
58839  42.102  -20.124  81.736 0.0000000000
59833  42.736  -18.775  82.917 0.0000000000
58828  42.470  -19.469  82.082 0.0000000000
58838  42.572  -19.648  81.180 0.0000000000
59870  43.224  -19.178  79.656 0.0000000000
58866  43.306  -19.096  77.890 0.0000000000
58880  43.218  -18.813  76.999 0.0000000000
59883  43.554  -18.401  78.336 0.0000000000
60980  43.836  -17.414  78.630 0.0000000000
62137  44.184  -16.246  78.804 0.0000000000
62126  44.375  -16.273  79.718 0.0000000000
142084  43.975  -15.896  77.943 0.0000000000
142586  44.830  -15.573  78.830 0.0000000000
64184  45.155  -15.466  78.525 0.0000000000
64183  45.804  -15.380  78.814 0.0000000000
64182  46.746  -15.297  79.014 0.0000000000
64172  46.585  -15.380  79.574 0.0000000000
63116  47.455  -15.546  80.194 0.0000000000
122940  47.736  -16.087  80.602 0.0000000000
62096  47.004  -16.519  81.247 0.0000000000
60930  47.746  -16.894  80.783 0.0000000000
60947  48.366  -17.157  80.369 0.0000000000
139919  47.234  -18.884  79.810 0.0000000000
45667  35.468  -32.798  82.339 0.0000000000
45650  35.047  -33.082  83.105 0.0000000000
44563  35.955  -33.274  82.990 0.0000000000
45649  36.727  -33.262  83.099 0.0000000000
44521  37.470  -34.110  84.588 0.0000000000
143173  38.037  -34.300  84.569 0.0000000000
63245  50.359  -14.712  71.215 0.0000000000
62228  52.377  -15.987  71.389 0.0000000000
61055  52.757  -16.798  72.175 0.0000000000
59943  52.772  -18.028  73.404 0.0000000000
59942  53.071  -18.182  73.269 0.0000000000
141161  36.562  -23.500  81.306 0.0000000000
55838  37.847  -23.184  81.827 0.0000000000
55808  38.035  -23.229  83.722 0.0000000000
55822  37.936  -23.292  82.776 0.0000000000
55821  38.729  -23.018  82.488 0.0000000000
55806  39.423  -22.572  83.110 0.0000000000
131754  39.955  -21.854  83.679 0.0000000000
56812  40.341  -21.162  84.059 0.0000000000
53887  40.425  -24.183  85.110 0.0000000000
54864  40.245  -23.358  85.597 0.0000000000
55777  40.180  -22.505  85.708 0.0000000000
54870  41.827  -23.288  84.311 0.0000000000
55793  41.706  -22.719  84.787 0.0000000000
56776  40.062  -21.960  85.520 0.0000000000
56785  40.497  -21.395  85.287 0.0000000000
57774  40.758  -20.654  84.899 0.0000000000
57793  40.676  -20.682  84.414 0.0000000000
58779  41.551  -20.042  84.361 0.0000000000
58778  42.276  -19.660  84.193 0.0000000000
57791  43.451  -20.214  84.104 0.0000000000
56795  44.012  -21.535  83.594 0.0000000000
130055  43.833  -19.862  83.809 0.0000000000
57811  44.738  -20.542  83.225 0.0000000000
57810  45.274  -21.035  82.829 0.0000000000
122172  45.808  -20.510  82.422 0.0000000000
57824  46.230  -21.173  82.020 0.0000000000
55834  46.438  -22.741  81.774 0.0000000000
55833  46.809  -23.418  81.344 0.0000000000
53994  47.704  -25.096  79.572 0.0000000000
51963  47.447  -25.971  79.209 0.0000000000
51962  47.663  -26.106  79.214 0.0000000000
45681  37.321  -32.098  81.931 0.0000000000
130393  38.004  -30.043  81.813 0.0000000000
53966  35.933  -24.421  81.684 0.0000000000
53948  36.047  -24.585  82.338 0.0000000000
124978  36.385  -24.766  83.099 0.0000000000
52949  36.394  -25.628  83.444 0.0000000000
52941  36.780  -25.746  84.237 0.0000000000
53910  36.824  -24.907  84.056 0.0000000000
132835  37.629  -24.934  85.436 0.0000000000
52915  38.852  -25.416  85.741 0.0000000000
52931  39.663  -25.616  85.076 0.0000000000
48757  38.539  -29.183  85.586 0.0000000000
49813  38.760  -28.445  85.754 0.0000000000
50848  39.015  -27.699  85.679 0.0000000000
49811  40.435  -28.569  84.779 0.0000000000
131253  39.261  -26.981  85.450 0.0000000000
50858  40.023  -27.340  84.642 0.0000000000
119558  30.792  -32.843  88.274 0.0000000000
65310  58.252  -13.331  64.021 0.0000000000
66248  55.270  -11.873  68.178 0.0000000000
67243  56.126  -11.228  70.928 0.0000000000
67244  55.216  -10.975  71.114 0.0000000000
67219  55.702  -11.261  71.846 0.0000000000
66195  56.506  -12.005  71.498 0.0000000000
65244  56.747  -13.042  71.148 0.0000000000
64268  56.720  -14.660  70.226 0.0000000000
66219  53.530  -11.860  72.327 0.0000000000
65260  54.804  -12.976  70.467 0.0000000000
64269  55.710  -13.832  69.985 0.0000000000
131164  56.114  -14.847  69.602 0.0000000000
61099  55.930  -17.492  70.095 0.0000000000
57826  41.034  -21.062  82.284 0.0000000000
121921  41.079  -21.438  80.736 0.0000000000
62207  44.041  -16.670  72.882 0.0000000000
139544  44.524  -17.531  73.234 0.0000000000
61031  46.385  -18.082  74.113 0.0000000000
62179  47.393  -16.983  76.147 0.0000000000
62177  49.160  -17.128  76.459 0.0000000000
61002  50.609  -17.253  76.705 0.0000000000
61001  51.379  -17.506  76.772 0.0000000000
64181  47.725  -15.259  78.946 0.0000000000
64193  48.280  -15.373  78.562 0.0000000000
63144  49.542  -15.758  78.576 0.0000000000
62124  49.715  -16.225  79.206 0.0000000000
63129  49.929  -16.171  78.630 0.0000000000
63143  50.112  -16.255  78.192 0.0000000000
62149  50.879  -16.833  77.654 0.0000000000
62160  51.389  -17.284  77.251 0.0000000000
61000  51.991  -17.872  76.818 0.0000000000
58874  51.845  -19.306  77.124 0.0000000000
58889  51.310  -19.965  76.767 0.0000000000
57873  50.692  -20.494  76.247 0.0000000000
58891  49.139  -19.645  76.980 0.0000000000
57874  49.687  -20.233  76.272 0.0000000000
133496  46.419  -21.353  81.529 0.0000000000
120703  46.553  -21.554  81.088 0.0000000000
56838  46.662  -22.230  80.775 0.0000000000
54922  47.254  -23.851  79.912 0.0000000000
56843  46.595  -21.913  79.976 0.0000000000
57848  46.511  -20.894  79.653 0.0000000000
43465  36.081  -35.292  85.818 0.0000000000
44519  39.527  -33.208  84.603 0.0000000000
46661  38.792  -30.827  85.400 0.0000000000
46671  40.584  -31.167  84.608 0.0000000000
46672  39.648  -31.886  85.217 0.0000000000
46725  37.350  -31.619  81.560 0.0000000000
47706  39.799  -30.225  85.617 0.0000000000
47708  38.518  -30.058  85.365 0.0000000000
48756  39.111  -29.136  85.939 0.0000000000
48777  38.006  -29.704  83.868 0.0000000000
50846  40.197  -27.898  84.940 0.0000000000
50847  39.736  -27.785  85.368 0.0000000000
50857  40.356  -27.843  84.405 0.0000000000
50859  37.938  -27.695  85.082 0.0000000000
50866  37.604  -27.674  84.818 0.0000000000
50935  47.483  -27.012  77.907 0.0000000000
51897  38.909  -26.154  85.743 0.0000000000
51912  37.670  -26.468  85.275 0.0000000000
52916  38.310  -25.470  85.681 0.0000000000
52917  37.981  -25.287  85.680 0.0000000000
52940  37.130  -25.351  84.886 0.0000000000
52983  47.639  -25.426  79.429 0.0000000000
52998  47.719  -25.800  78.268 0.0000000000
53870  39.698  -24.291  85.510 0.0000000000
53871  39.074  -24.566  85.674 0.0000000000
53908  40.516  -24.540  84.448 0.0000000000
53909  37.336  -24.562  84.847 0.0000000000
53930  42.070  -23.821  82.988 0.0000000000
53933  37.277  -24.219  84.204 0.0000000000
53941  46.700  -24.141  81.451 0.0000000000
53977  47.500  -24.721  80.355 0.0000000000
53978  47.426  -24.806  80.668 0.0000000000
54858  39.126  -23.180  85.696 0.0000000000
54865  38.607  -23.052  85.369 0.0000000000
54866  38.118  -23.340  84.968 0.0000000000
54890  37.606  -23.678  83.935 0.0000000000
54903  43.006  -23.655  82.680 0.0000000000
54914  47.353  -24.080  80.789 0.0000000000
54916  36.400  -23.340  80.581 0.0000000000
55776  40.669  -21.908  85.520 0.0000000000
55781  40.937  -22.618  85.400 0.0000000000
55782  39.108  -22.437  85.294 0.0000000000
55783  38.574  -22.780  85.062 0.0000000000
55804  45.304  -22.639  82.666 0.0000000000
55805  44.590  -22.773  82.921 0.0000000000
55819  46.311  -23.077  81.972 0.0000000000
55820  39.487  -22.641  82.134 0.0000000000
55850  47.298  -23.832  80.583 0.0000000000
56783  42.622  -21.155  84.508 0.0000000000
56786  39.784  -21.919  85.277 0.0000000000
56798  39.824  -21.747  84.494 0.0000000000
56819  46.204  -22.291  82.133 0.0000000000
56820  40.574  -21.224  83.174 0.0000000000
56831  46.558  -22.457  81.400 0.0000000000
57772  41.788  -20.309  84.714 0.0000000000
57773  41.147  -20.754  85.083 0.0000000000
57790  44.076  -20.618  83.615 0.0000000000
57792  42.707  -20.289  84.430 0.0000000000
57841  46.596  -21.222  80.474 0.0000000000
57849  42.240  -20.180  79.454 0.0000000000
57857  41.597  -20.521  78.312 0.0000000000
57884  51.680  -20.780  75.495 0.0000000000
57899  52.106  -20.831  74.628 0.0000000000
58794  43.262  -19.533  84.014 0.0000000000
58796  41.187  -20.255  84.403 0.0000000000
58811  44.412  -19.837  83.457 0.0000000000
58855  43.310  -19.121  78.753 0.0000000000
58873  52.295  -19.089  76.706 0.0000000000
58878  47.739  -19.129  77.830 0.0000000000
58887  52.443  -19.885  75.816 0.0000000000
58899  52.546  -19.768  75.344 0.0000000000
59807  44.269  -18.503  83.382 0.0000000000
59808  43.635  -18.759  83.595 0.0000000000
59822  42.267  -19.321  83.339 0.0000000000
59831  46.559  -18.262  82.009 0.0000000000
59845  43.486  -18.104  81.946 0.0000000000
59846  43.028  -18.949  81.554 0.0000000000
59878  51.701  -17.868  77.887 0.0000000000
59882  47.592  -18.746  79.120 0.0000000000
59893  52.220  -18.469  76.787 0.0000000000
59896  43.442  -18.406  77.623 0.0000000000
60903  45.195  -17.788  82.788 0.0000000000
60904  44.499  -17.756  82.959 0.0000000000
60931  47.243  -17.367  81.277 0.0000000000
60932  44.002  -17.304  81.938 0.0000000000
60948  47.678  -17.548  80.738 0.0000000000
60963  48.890  -17.329  79.888 0.0000000000
60979  50.956  -17.140  78.339 0.0000000000
60991  51.901  -17.801  77.264 0.0000000000
60992  43.612  -17.582  77.815 0.0000000000
61008  52.194  -18.502  76.486 0.0000000000
62081  46.703  -17.027  81.654 0.0000000000
62085  44.359  -17.030  81.988 0.0000000000
62097  46.300  -16.234  81.371 0.0000000000
62110  49.052  -16.357  79.882 0.0000000000
62111  48.457  -16.565  80.386 0.0000000000
62112  44.816  -16.278  80.994 0.0000000000
62123  50.360  -16.556  78.693 0.0000000000
62135  50.979  -16.754  77.958 0.0000000000
63106  45.205  -16.183  81.139 0.0000000000
63119  45.197  -15.823  80.650 0.0000000000
63131  48.888  -15.417  79.207 0.0000000000
63133  44.671  -15.738  79.287 0.0000000000
63142  50.609  -16.519  77.948 0.0000000000
63146  44.470  -15.619  78.327 0.0000000000
63154  50.368  -16.429  77.751 0.0000000000
63155  49.688  -15.926  78.019 0.0000000000
63157  46.825  -15.549  77.884 0.0000000000
63160  44.131  -15.407  77.406 0.0000000000
63174  45.529  -15.450  76.994 0.0000000000
63254  56.608  -15.835  69.880 0.0000000000
63262  55.896  -15.591  69.243 0.0000000000
64161  46.974  -15.411  79.836 0.0000000000
64162  46.369  -15.470  80.086 0.0000000000
64169  49.008  -15.380  78.921 0.0000000000
64171  47.322  -15.325  79.300 0.0000000000
64174  45.472  -15.445  79.365 0.0000000000
64180  48.472  -15.302  78.932 0.0000000000
64192  49.036  -15.459  78.558 0.0000000000
64195  46.272  -15.398  78.413 0.0000000000
65229  56.382  -12.353  71.515 0.0000000000
66215  57.731  -12.765  70.046 0.0000000000
66235  58.128  -12.711  69.270 0.0000000000
67198  55.972  -11.555  71.954 0.0000000000
67218  56.340  -11.581  71.379 0.0000000000
122129  47.240  -18.691  80.503 0.0000000000
123695  44.366  -23.288  82.706 0.0000000000
128048  42.859  -18.797  82.395 0.0000000000
128824  46.132  -15.356  79.341 0.0000000000
128856  38.079  -24.586  85.614 0.0000000000
129727  39.445  -28.508  85.718 0.0000000000
130581  48.525  -15.860  80.145 0.0000000000
132093  47.988  -15.262  79.126 0.0000000000
132371  39.724  -27.138  85.004 0.0000000000
133371  38.068  -26.771  85.369 0.0000000000
135468  43.769  -15.721  77.447 0.0000000000
137151  57.456  -12.906  70.608 0.0000000000
138161  40.240  -31.789  84.976 0.0000000000
138323  38.408  -31.869  84.641 0.0000000000
138488  37.726  -27.117  85.059 0.0000000000
138647  36.315  -26.934  82.425 0.0000000000
138817  38.417  -24.093  85.569 0.0000000000
141367  40.292  -21.239  84.445 0.0000000000
141379  39.371  -26.471  85.352 0.0000000000
141731  38.174  -25.061  85.674 0.0000000000
142089  52.417  -11.126  71.610 0.0000000000
142630  57.747  -13.692  70.154 0.0000000000
142954  41.094  -24.188  83.992 0.0000000000
143119  38.833  -29.703  85.689 0.0000000000
143917  46.689  -23.695  81.531 0.0000000000
144213  48.086  -15.653  80.208 0.0000000000
