#!ascii label  , from subject sub-v2s18x29506_ses-1 vox2ras=TkReg
1199
26276  -47.243  -68.215  -26.986 0.5000000000
27322  -45.738  -67.715  -28.097 0.8000000119
29491  -44.497  -64.879  -27.508 0.8000000119
28454  -45.157  -66.250  -28.394 0.8000000119
28448  -45.760  -66.820  -28.009 0.8000000119
24170  -47.276  -70.060  -26.311 0.5000000000
26275  -46.528  -68.576  -27.623 0.5000000000
27323  -46.532  -67.527  -27.537 0.6000000238
31519  -44.924  -63.622  -25.628 0.6999999881
30515  -44.850  -64.278  -26.908 0.6999999881
29493  -46.504  -65.549  -27.552 0.8000000119
29494  -47.332  -65.382  -27.193 0.6999999881
24149  -46.531  -69.833  -25.333 0.6000000238
26271  -47.476  -68.786  -26.335 0.5000000000
27319  -47.566  -67.896  -26.228 0.6000000238
31503  -42.916  -63.770  -24.457 0.6999999881
27324  -47.217  -67.237  -26.982 0.6000000238
161421  -48.120  -66.631  -25.519 0.6000000238
31504  -43.670  -63.512  -24.691 0.6999999881
30504  -43.003  -64.568  -25.476 0.6999999881
30516  -45.802  -64.175  -27.061 0.6999999881
28444  -48.187  -66.000  -26.139 0.6000000238
28439  -48.553  -66.022  -25.548 0.6000000238
30517  -46.803  -64.277  -27.070 0.8000000119
172157  -47.518  -64.891  -27.117 0.8000000119
29489  -48.679  -65.188  -26.090 0.6999999881
25211  -46.267  -69.181  -24.880 0.4000000060
163519  -47.446  -68.172  -25.531 0.6000000238
32528  -42.891  -62.841  -23.557 0.6999999881
28433  -48.439  -66.318  -24.954 0.6000000238
32529  -43.607  -62.590  -23.458 0.6999999881
31505  -44.537  -63.425  -24.832 0.6999999881
31520  -45.939  -63.484  -25.844 0.6999999881
31521  -46.983  -63.339  -26.099 0.6999999881
31528  -47.407  -63.795  -26.610 0.6000000238
30508  -49.089  -64.079  -26.254 0.6999999881
31512  -51.224  -63.275  -24.571 0.5000000000
31507  -46.527  -63.275  -25.245 0.6000000238
31509  -48.503  -63.106  -25.791 0.6000000238
163658  -49.326  -63.260  -25.742 0.6000000238
32549  -50.552  -62.948  -25.015 0.6000000238
32548  -49.054  -63.065  -25.129 0.6000000238
32536  -51.056  -62.521  -24.295 0.5000000000
27313  -45.779  -67.983  -24.191 0.4000000060
26265  -46.403  -68.283  -24.613 0.5000000000
175193  -41.551  -62.577  -22.161 0.6999999881
28431  -46.998  -66.905  -24.338 0.6000000238
28424  -47.784  -66.213  -24.286 0.6000000238
32544  -45.041  -63.093  -24.212 0.6999999881
29470  -49.435  -65.213  -23.976 0.6000000238
32545  -46.052  -63.235  -24.306 0.6999999881
30490  -50.338  -64.570  -23.755 0.5000000000
30484  -51.421  -63.804  -23.728 0.6000000238
32546  -47.082  -63.125  -24.626 0.6999999881
32547  -48.032  -62.962  -24.958 0.6000000238
32537  -51.852  -62.493  -23.734 0.5000000000
159324  -52.185  -62.688  -23.172 0.5000000000
32535  -49.881  -62.707  -24.437 0.5000000000
32502  -38.209  -62.430  -20.970 0.6000000238
33482  -38.401  -61.545  -21.119 0.6000000238
26261  -45.135  -68.183  -23.807 0.5000000000
27310  -45.553  -67.461  -23.750 0.5000000000
33484  -40.270  -61.703  -21.001 0.6999999881
32506  -41.142  -63.020  -21.846 0.6999999881
27311  -46.149  -66.867  -23.765 0.5000000000
28423  -46.763  -66.324  -23.695 0.5000000000
147435  -46.912  -65.273  -22.685 0.4000000060
32519  -42.827  -62.360  -22.925 0.6999999881
29460  -47.789  -65.109  -22.983 0.5000000000
32520  -43.556  -62.182  -22.736 0.6999999881
32522  -45.148  -62.424  -22.773 0.6999999881
30481  -49.078  -64.381  -22.668 0.5000000000
32523  -46.085  -62.564  -22.741 0.6999999881
32532  -46.559  -62.982  -23.550 0.6000000238
31492  -50.567  -63.736  -22.578 0.5000000000
32534  -48.595  -62.903  -23.880 0.6000000238
31482  -51.115  -63.167  -22.209 0.5000000000
33518  -47.958  -62.434  -23.011 0.5000000000
33519  -49.055  -62.324  -23.175 0.5000000000
33520  -50.286  -62.076  -23.433 0.5000000000
32524  -52.481  -61.911  -22.740 0.5000000000
33522  -52.155  -61.687  -23.316 0.5000000000
33490  -52.728  -61.281  -21.718 0.3000000119
29458  -45.250  -65.652  -22.115 0.3000000119
32516  -36.971  -62.853  -22.454 0.6000000238
170774  -37.755  -61.983  -21.433 0.6000000238
28414  -45.630  -66.049  -22.798 0.4000000060
29459  -46.067  -65.416  -22.386 0.4000000060
166870  -40.537  -60.891  -21.029 0.6000000238
30480  -47.421  -64.653  -22.266 0.5000000000
33498  -42.399  -61.829  -22.241 0.6999999881
33500  -43.987  -61.792  -22.196 0.6999999881
31491  -49.502  -63.790  -22.239 0.5000000000
147446  -45.638  -61.938  -22.151 0.5000000000
31481  -50.029  -63.247  -21.792 0.5000000000
33517  -46.997  -62.535  -22.842 0.5000000000
32495  -51.156  -62.050  -21.188 0.4000000060
32496  -52.196  -61.911  -21.589 0.3000000119
33472  -51.820  -61.377  -20.915 0.4000000060
33506  -51.788  -61.078  -23.095 0.5000000000
170463  -52.694  -60.947  -22.611 0.4000000060
32527  -36.990  -62.274  -23.055 0.6000000238
32517  -37.328  -62.093  -22.123 0.6000000238
34508  -38.235  -60.785  -21.691 0.6000000238
34509  -38.935  -60.729  -21.027 0.6000000238
34510  -40.332  -60.158  -21.032 0.6000000238
147935  -47.947  -63.626  -21.237 0.3000000119
30470  -48.582  -63.932  -21.976 0.4000000060
34512  -42.202  -60.439  -21.480 0.6000000238
32493  -48.410  -62.828  -20.839 0.3000000119
33487  -43.650  -61.092  -21.667 0.6000000238
33501  -44.799  -61.900  -22.177 0.6999999881
148268  -49.115  -62.121  -20.747 0.3000000119
31480  -48.976  -63.325  -21.508 0.3000000119
33488  -44.523  -61.273  -21.713 0.6000000238
33463  -49.247  -60.924  -20.454 0.3000000119
148314  -50.116  -62.114  -20.909 0.3000000119
34515  -45.131  -60.595  -21.571 0.5000000000
33489  -46.019  -61.108  -21.723 0.5000000000
147962  -46.931  -61.068  -22.034 0.5000000000
34497  -50.533  -59.973  -20.448 0.3000000119
33471  -50.713  -61.477  -20.681 0.3000000119
171129  -47.659  -61.037  -22.232 0.5000000000
163894  -48.987  -60.860  -22.360 0.5000000000
34498  -52.305  -60.329  -20.755 0.3000000119
34531  -47.474  -60.140  -22.142 0.5000000000
153623  -52.656  -59.782  -21.990 0.4000000060
160843  -52.930  -59.962  -21.509 0.3000000119
33515  -36.838  -62.005  -24.133 0.5000000000
33516  -37.366  -61.551  -22.964 0.6000000238
34529  -38.099  -60.250  -22.570 0.5000000000
156302  -41.788  -59.775  -21.280 0.6000000238
35554  -40.957  -59.607  -21.260 0.5000000000
34495  -48.830  -60.299  -20.461 0.3000000119
34513  -43.090  -60.333  -21.387 0.6000000238
147623  -48.057  -58.883  -20.509 0.3000000119
34496  -49.626  -60.346  -20.454 0.3000000119
34514  -44.232  -60.554  -21.493 0.6000000238
34530  -46.591  -60.275  -21.868 0.5000000000
35571  -48.246  -59.645  -22.324 0.5000000000
152170  -51.755  -59.606  -22.262 0.4000000060
36649  -50.665  -57.939  -22.492 0.4000000060
155643  -37.761  -60.781  -24.777 0.5000000000
34543  -38.123  -60.082  -23.954 0.5000000000
35569  -38.637  -59.308  -22.888 0.5000000000
35551  -38.674  -59.963  -21.654 0.5000000000
35552  -39.287  -59.177  -21.744 0.5000000000
35531  -46.743  -59.558  -20.120 0.3000000119
151259  -47.188  -58.857  -20.344 0.3000000119
35555  -42.245  -59.178  -21.310 0.6000000238
152997  -43.848  -58.941  -21.610 0.6000000238
35558  -45.368  -59.589  -21.687 0.5000000000
171181  -46.961  -59.492  -22.136 0.5000000000
36637  -52.660  -58.666  -21.046 0.4000000060
37687  -51.292  -57.043  -22.118 0.4000000060
34546  -38.552  -60.348  -25.476 0.5000000000
35579  -38.917  -59.579  -24.780 0.5000000000
35570  -39.350  -58.591  -22.624 0.5000000000
160024  -44.801  -59.172  -19.451 0.4000000060
36608  -45.569  -58.267  -19.674 0.4000000060
150944  -40.841  -58.765  -21.487 0.5000000000
36632  -41.782  -58.440  -21.639 0.5000000000
154832  -46.174  -58.020  -19.902 0.4000000060
36610  -47.708  -58.166  -20.409 0.3000000119
37670  -41.720  -57.779  -22.218 0.4000000060
36611  -48.661  -58.154  -20.428 0.3000000119
36633  -42.814  -58.572  -21.556 0.5000000000
37672  -44.476  -58.205  -22.151 0.4000000060
36635  -45.620  -58.813  -22.003 0.4000000060
37686  -50.081  -57.143  -22.576 0.4000000060
35585  -38.950  -59.982  -26.166 0.5000000000
36654  -39.481  -59.002  -25.459 0.5000000000
36652  -40.090  -58.336  -25.005 0.5000000000
37643  -44.077  -57.965  -19.294 0.4000000060
36644  -40.514  -57.842  -22.608 0.5000000000
36643  -39.947  -57.944  -23.316 0.4000000060
37651  -45.659  -57.429  -19.650 0.4000000060
37652  -46.526  -57.428  -19.968 0.4000000060
37678  -41.296  -57.527  -22.981 0.4000000060
161890  -42.531  -57.806  -22.065 0.4000000060
38567  -46.998  -56.773  -20.144 0.4000000060
37671  -43.525  -57.965  -22.060 0.4000000060
37682  -45.197  -57.659  -22.765 0.4000000060
37683  -46.115  -57.416  -22.962 0.4000000060
152661  -48.148  -58.025  -22.681 0.4000000060
37684  -46.990  -57.227  -22.995 0.4000000060
162973  -49.213  -56.832  -22.744 0.4000000060
170914  -50.982  -56.084  -21.645 0.4000000060
38587  -50.170  -56.169  -22.352 0.4000000060
36657  -38.028  -58.990  -26.291 0.5000000000
35583  -39.194  -59.520  -25.929 0.4000000060
148844  -42.870  -56.899  -18.661 0.4000000060
37650  -44.532  -57.130  -19.330 0.4000000060
174140  -39.879  -58.455  -25.372 0.5000000000
37690  -40.618  -57.737  -24.773 0.4000000060
37679  -42.249  -57.369  -22.943 0.4000000060
39435  -45.669  -55.804  -19.777 0.4000000060
37680  -43.257  -57.207  -23.041 0.4000000060
37695  -44.918  -57.018  -23.435 0.4000000060
38576  -51.381  -56.108  -21.129 0.3000000119
149124  -48.098  -57.061  -22.945 0.4000000060
37702  -38.431  -58.331  -25.752 0.4000000060
37703  -39.338  -57.895  -25.579 0.5000000000
37705  -40.704  -57.457  -25.408 0.4000000060
154829  -44.230  -56.282  -19.206 0.4000000060
38599  -41.434  -56.921  -25.482 0.4000000060
37691  -41.318  -57.353  -24.446 0.4000000060
38600  -41.917  -56.607  -25.366 0.4000000060
37692  -42.063  -57.146  -24.219 0.4000000060
37693  -43.276  -56.458  -24.254 0.4000000060
37694  -44.090  -56.725  -23.628 0.4000000060
37696  -45.630  -57.063  -23.313 0.4000000060
38595  -46.391  -56.670  -23.296 0.4000000060
39456  -49.822  -55.313  -22.117 0.4000000060
39455  -48.642  -55.518  -22.745 0.4000000060
38597  -38.823  -57.014  -25.229 0.4000000060
161560  -39.507  -56.726  -25.191 0.4000000060
39472  -40.926  -56.283  -25.208 0.4000000060
39473  -41.809  -56.286  -25.352 0.4000000060
38591  -43.080  -56.053  -24.750 0.4000000060
38592  -43.893  -56.148  -24.144 0.4000000060
39449  -50.369  -54.986  -21.101 0.4000000060
39466  -44.470  -55.800  -23.795 0.4000000060
39468  -46.138  -55.972  -23.408 0.4000000060
40348  -45.432  -54.695  -23.123 0.4000000060
39453  -46.774  -55.400  -23.145 0.4000000060
40350  -47.561  -54.666  -22.736 0.4000000060
39470  -38.469  -56.203  -24.573 0.4000000060
39461  -40.185  -55.542  -24.418 0.4000000060
39462  -41.233  -55.590  -24.762 0.4000000060
164247  -42.287  -54.976  -24.243 0.4000000060
38601  -42.333  -56.144  -25.139 0.4000000060
40358  -42.736  -54.603  -23.620 0.4000000060
40359  -43.534  -54.914  -23.756 0.4000000060
40360  -44.283  -55.204  -23.604 0.4000000060
154225  -44.910  -54.032  -22.953 0.4000000060
40352  -49.474  -53.680  -22.130 0.3000000119
41232  -47.145  -53.812  -22.605 0.4000000060
40351  -48.583  -54.182  -22.493 0.4000000060
39459  -37.728  -55.389  -23.772 0.4000000060
40355  -39.488  -54.849  -23.529 0.4000000060
40354  -38.384  -54.770  -23.365 0.4000000060
40356  -40.523  -54.898  -23.757 0.4000000060
40357  -41.481  -54.933  -23.970 0.4000000060
40346  -43.214  -54.135  -23.004 0.4000000060
41229  -44.383  -53.388  -22.715 0.4000000060
40336  -49.540  -53.974  -21.365 0.4000000060
40338  -49.561  -53.806  -21.528 0.3000000119
41230  -45.655  -53.858  -22.740 0.4000000060
41233  -48.040  -53.806  -22.626 0.5000000000
40362  -48.830  -53.144  -22.644 0.4000000060
41231  -46.325  -53.624  -22.627 0.5000000000
40341  -37.937  -54.208  -22.748 0.4000000060
41224  -39.480  -53.784  -22.341 0.4000000060
40343  -39.936  -54.289  -22.896 0.4000000060
41225  -40.278  -53.681  -22.302 0.4000000060
40344  -40.869  -54.242  -23.060 0.4000000060
167063  -45.092  -53.224  -22.657 0.4000000060
42122  -47.475  -52.298  -22.588 0.5000000000
41222  -37.354  -53.593  -22.327 0.4000000060
163918  -38.655  -52.848  -21.768 0.4000000060
41217  -39.555  -53.117  -21.812 0.4000000060
145150  -45.995  -52.160  -22.464 0.4000000060
167501  -46.729  -51.983  -22.493 0.5000000000
42109  -36.567  -52.558  -21.381 0.4000000060
42111  -38.169  -52.278  -21.518 0.4000000060
42112  -39.106  -52.254  -21.514 0.4000000060
44066  -45.855  -50.553  -22.410 0.5000000000
44053  -35.771  -50.324  -20.197 0.4000000060
42105  -36.187  -52.072  -20.875 0.4000000060
43090  -36.385  -51.328  -20.710 0.4000000060
42106  -36.805  -51.828  -21.155 0.4000000060
44054  -37.441  -50.337  -20.696 0.4000000060
44055  -38.324  -50.246  -20.707 0.5000000000
43089  -35.873  -51.605  -20.347 0.4000000060
35572  -49.161  -59.915  -22.321 0.5000000000
148239  -48.772  -58.740  -22.512 0.5000000000
151198  -51.705  -57.840  -21.766 0.4000000060
25242  -46.814  -69.583  -27.510 0.5000000000
28447  -44.857  -65.609  -28.185 0.8000000119
29487  -43.389  -65.086  -27.087 0.8000000119
29480  -43.138  -64.835  -26.169 0.6999999881
23123  -46.478  -71.471  -25.872 0.5000000000
30496  -42.642  -64.574  -24.749 0.6999999881
162113  -45.356  -70.839  -24.978 0.5000000000
31496  -42.042  -63.720  -23.296 0.6999999881
25210  -45.271  -69.509  -24.450 0.4000000060
24147  -45.745  -70.056  -24.959 0.4000000060
31489  -41.677  -63.189  -22.640 0.6999999881
32504  -39.580  -62.377  -20.861 0.6999999881
154723  -44.082  -69.297  -23.538 0.4000000060
26254  -43.866  -68.253  -22.958 0.4000000060
31488  -37.098  -63.576  -21.728 0.6000000238
29449  -44.492  -65.983  -21.845 0.4000000060
32526  -36.625  -62.866  -23.849 0.6000000238
149046  -36.385  -63.205  -25.124 0.5000000000
33528  -36.877  -61.759  -25.224 0.5000000000
34545  -38.112  -60.935  -26.044 0.5000000000
34549  -38.205  -60.730  -26.209 0.4000000060
36656  -37.140  -58.207  -25.665 0.4000000060
173032  -36.682  -57.589  -25.092 0.4000000060
37697  -37.347  -57.513  -25.285 0.4000000060
38589  -36.786  -56.583  -24.334 0.4000000060
171343  -37.085  -55.559  -23.766 0.4000000060
40353  -37.465  -54.722  -23.241 0.4000000060
40340  -36.968  -54.329  -22.748 0.4000000060
41221  -36.742  -53.690  -22.173 0.4000000060
41211  -36.029  -52.918  -20.903 0.4000000060
152805  -35.610  -51.051  -19.907 0.4000000060
27328  -45.048  -66.986  -28.526 0.8000000119
29492  -45.517  -65.209  -27.706 0.8000000119
25212  -46.989  -69.315  -25.479 0.5000000000
30514  -43.913  -64.476  -26.664 0.6999999881
31506  -45.512  -63.393  -24.982 0.6999999881
28432  -47.766  -66.908  -24.913 0.6000000238
169867  -49.302  -64.936  -25.648 0.6999999881
30519  -48.303  -63.830  -26.500 0.6999999881
29469  -48.331  -65.549  -23.752 0.6000000238
30510  -50.513  -64.143  -25.027 0.6000000238
149248  -49.561  -63.524  -25.809 0.6000000238
33485  -41.141  -61.408  -21.480 0.6999999881
29462  -49.507  -64.688  -23.312 0.5000000000
153809  -39.779  -60.804  -20.814 0.6000000238
162391  -44.566  -66.942  -22.805 0.5000000000
157854  -46.016  -66.351  -23.327 0.5000000000
30479  -46.627  -64.792  -21.933 0.3000000119
34533  -49.855  -60.657  -22.453 0.5000000000
35553  -40.097  -59.297  -21.309 0.6000000238
35559  -46.215  -59.388  -21.948 0.5000000000
37685  -48.930  -57.638  -22.703 0.4000000060
36647  -46.840  -58.693  -22.328 0.4000000060
37688  -51.979  -57.046  -21.262 0.4000000060
38585  -47.952  -56.176  -23.058 0.4000000060
39467  -45.276  -55.883  -23.539 0.4000000060
38596  -37.557  -56.778  -24.837 0.4000000060
40349  -46.391  -54.539  -22.872 0.4000000060
43092  -37.998  -50.951  -20.876 0.4000000060
17879  -35.964  -77.082  -31.218 0.4000000060
17880  -36.507  -76.536  -30.829 0.4000000060
18943  -36.840  -74.960  -30.420 0.4000000060
18930  -37.284  -75.341  -29.829 0.4000000060
20030  -35.711  -74.361  -30.542 0.4000000060
20032  -36.964  -73.926  -30.504 0.4000000060
21099  -37.642  -73.638  -30.085 0.4000000060
21107  -37.355  -73.031  -30.516 0.4000000060
21101  -38.974  -72.917  -29.519 0.5000000000
21104  -35.199  -73.503  -30.194 0.4000000060
21106  -36.413  -72.920  -30.432 0.4000000060
22146  -37.731  -72.238  -30.660 0.5000000000
22147  -38.609  -72.113  -30.717 0.5000000000
22148  -39.444  -71.986  -30.712 0.6000000238
159458  -34.374  -72.811  -29.352 0.4000000060
22136  -35.217  -72.106  -29.577 0.4000000060
23163  -36.210  -70.803  -29.828 0.4000000060
22138  -39.849  -72.311  -29.957 0.5000000000
24146  -44.822  -70.388  -24.563 0.3000000119
25201  -43.655  -70.099  -23.518 0.4000000060
26253  -43.400  -68.241  -22.246 0.3000000119
22126  -40.600  -72.603  -29.464 0.5000000000
22089  -46.470  -72.791  -26.073 0.5000000000
22072  -44.895  -72.431  -24.662 0.4000000060
21062  -36.459  -72.942  -27.016 0.4000000060
24200  -36.919  -70.592  -30.338 0.5000000000
23170  -38.944  -71.491  -30.839 0.5000000000
22109  -36.008  -72.387  -27.943 0.4000000060
171590  -35.458  -71.753  -29.288 0.4000000060
22139  -40.938  -72.130  -30.177 0.6000000238
22127  -41.483  -72.750  -29.425 0.6000000238
22141  -42.939  -72.737  -29.859 0.6999999881
147511  -46.538  -72.057  -26.307 0.5000000000
21102  -43.158  -73.397  -29.387 0.6999999881
154323  -45.037  -73.643  -28.227 0.6999999881
21068  -46.426  -72.789  -27.411 0.6999999881
22142  -43.732  -72.988  -29.489 0.6999999881
22130  -45.207  -72.800  -28.560 0.6999999881
24195  -37.036  -69.979  -30.092 0.5000000000
24202  -38.297  -70.591  -30.609 0.6000000238
24203  -39.118  -70.648  -30.716 0.6000000238
24204  -40.482  -70.761  -30.718 0.6000000238
23141  -37.129  -71.393  -28.268 0.4000000060
23155  -37.250  -70.409  -28.899 0.5000000000
25255  -38.374  -69.533  -30.044 0.6000000238
23171  -40.718  -71.558  -30.626 0.6000000238
24197  -41.996  -70.621  -30.537 0.6000000238
149473  -42.872  -71.240  -30.225 0.6000000238
27302  -43.990  -67.492  -22.614 0.3000000119
23164  -41.442  -71.760  -30.485 0.6000000238
23167  -44.126  -72.172  -29.576 0.6999999881
23145  -46.750  -71.405  -27.328 0.6000000238
24158  -46.977  -70.744  -26.086 0.5000000000
23133  -38.764  -71.912  -26.853 0.6000000238
23143  -39.178  -71.276  -27.301 0.6000000238
24175  -39.247  -70.439  -27.923 0.6999999881
25250  -39.296  -69.182  -29.166 0.6000000238
25256  -39.179  -69.331  -29.807 0.6000000238
162204  -42.642  -70.184  -30.235 0.6000000238
22110  -37.875  -71.970  -27.406 0.5000000000
24188  -37.873  -69.787  -29.219 0.6000000238
24198  -43.455  -70.398  -29.921 0.6000000238
24199  -44.321  -70.663  -29.524 0.6999999881
24190  -45.217  -71.118  -29.127 0.6999999881
23157  -44.874  -72.034  -29.137 0.6999999881
24178  -46.839  -70.436  -27.439 0.6000000238
151918  -45.955  -71.213  -28.582 0.6999999881
23135  -40.221  -71.143  -26.425 0.6000000238
24167  -40.493  -70.615  -26.814 0.6999999881
25239  -40.435  -69.294  -28.066 0.6999999881
25238  -39.627  -69.520  -28.466 0.6999999881
153311  -40.844  -68.723  -29.581 0.6000000238
155835  -46.175  -69.259  -28.002 0.5000000000
25259  -42.987  -69.375  -30.013 0.6999999881
25252  -44.948  -70.088  -29.149 0.6999999881
25241  -46.347  -70.040  -28.085 0.6000000238
26273  -42.014  -67.740  -27.120 0.6999999881
28451  -42.875  -66.627  -28.537 0.6999999881
25240  -41.197  -69.096  -27.510 0.6999999881
27320  -41.752  -67.447  -28.283 0.6000000238
27326  -43.306  -67.116  -29.150 0.5000000000
26277  -40.814  -68.523  -28.427 0.6999999881
26278  -41.235  -67.946  -28.712 0.6000000238
26286  -43.414  -68.560  -29.714 0.6999999881
26274  -45.633  -68.579  -28.290 0.5000000000
25258  -41.737  -69.322  -30.049 0.6000000238
151994  -44.717  -69.269  -29.127 0.6999999881
25253  -45.499  -69.473  -28.590 0.6000000238
27318  -42.376  -66.998  -27.055 0.6999999881
28446  -43.327  -66.112  -28.266 0.6999999881
29486  -42.720  -65.588  -26.396 0.6999999881
169318  -44.437  -68.012  -29.097 0.6000000238
28452  -43.617  -66.611  -28.807 0.6999999881
160036  -46.184  -72.131  -25.771 0.5000000000
152438  -43.775  -67.850  -29.379 0.6000000238
170054  -36.469  -75.689  -30.698 0.4000000060
21100  -38.230  -72.817  -30.329 0.4000000060
22122  -34.749  -72.325  -29.032 0.4000000060
22144  -35.883  -71.956  -30.118 0.4000000060
24187  -36.613  -70.428  -29.692 0.4000000060
22124  -36.292  -71.620  -28.513 0.4000000060
160744  -45.863  -73.375  -27.724 0.6999999881
22111  -46.104  -72.454  -28.024 0.6999999881
25262  -39.149  -69.853  -30.371 0.6000000238
25264  -40.673  -69.217  -29.991 0.6000000238
23142  -38.488  -71.311  -27.597 0.6999999881
23156  -38.312  -70.488  -28.324 0.6000000238
25251  -40.082  -68.831  -28.871 0.6000000238
26272  -41.371  -68.140  -27.802 0.6999999881
26285  -42.369  -68.444  -29.725 0.6000000238
27321  -42.259  -66.955  -27.946 0.6000000238
24168  -41.088  -70.362  -26.472 0.5000000000
22099  -38.179  -72.523  -26.419 0.4000000060
22100  -38.974  -72.327  -25.951 0.5000000000
25219  -41.852  -69.726  -25.549 0.6000000238
21035  -37.545  -73.299  -25.198 0.4000000060
21014  -38.157  -73.099  -24.626 0.5000000000
21036  -38.260  -72.840  -25.515 0.5000000000
154800  -40.289  -71.606  -25.031 0.5000000000
24145  -41.568  -70.316  -24.848 0.5000000000
25208  -41.957  -69.481  -24.637 0.5000000000
24156  -40.758  -70.860  -26.041 0.5000000000
26270  -42.248  -68.503  -26.196 0.6000000238
26267  -42.448  -68.149  -25.435 0.5000000000
25209  -42.327  -68.758  -24.844 0.5000000000
27312  -42.456  -67.354  -24.969 0.6999999881
26262  -42.419  -68.095  -24.526 0.6000000238
28430  -42.365  -66.564  -24.718 0.6000000238
171061  -37.825  -73.316  -24.176 0.5000000000
22069  -39.452  -72.436  -23.951 0.5000000000
23096  -41.149  -71.051  -23.495 0.5000000000
24131  -41.569  -70.204  -23.836 0.5000000000
23113  -41.274  -70.850  -24.278 0.5000000000
28437  -42.460  -66.440  -26.037 0.6000000238
25199  -41.838  -68.772  -23.414 0.6000000238
28421  -42.199  -66.451  -23.965 0.5000000000
30489  -42.284  -64.935  -24.027 0.6000000238
22050  -38.939  -72.810  -23.124 0.5000000000
22051  -39.898  -72.293  -23.151 0.5000000000
24118  -40.799  -70.683  -21.977 0.5000000000
23080  -41.277  -70.529  -22.890 0.5000000000
154655  -41.571  -68.718  -22.684 0.5000000000
153092  -42.433  -65.959  -25.435 0.6000000238
26257  -41.884  -68.013  -23.030 0.5000000000
28420  -41.814  -66.364  -23.225 0.6000000238
20983  -38.414  -73.254  -22.372 0.5000000000
22038  -39.627  -72.477  -22.296 0.5000000000
23064  -40.197  -71.366  -21.405 0.5000000000
24084  -40.019  -69.902  -20.908 0.5000000000
25165  -39.598  -69.233  -20.683 0.6000000238
24102  -40.559  -69.933  -21.487 0.4000000060
152506  -38.907  -67.165  -20.619 0.4000000060
26243  -40.609  -68.468  -21.317 0.5000000000
26244  -41.255  -68.457  -21.925 0.5000000000
155105  -41.286  -69.346  -22.277 0.4000000060
28400  -37.762  -66.709  -21.251 0.4000000060
29432  -38.739  -65.648  -20.647 0.5000000000
28401  -40.340  -66.974  -21.125 0.5000000000
28399  -37.275  -66.491  -21.855 0.4000000060
28402  -41.171  -66.792  -21.704 0.6000000238
28411  -41.491  -66.157  -22.435 0.6000000238
149889  -41.600  -63.968  -22.769 0.6000000238
31478  -41.237  -63.791  -22.081 0.6000000238
28392  -39.641  -67.197  -20.794 0.5000000000
30465  -37.977  -65.005  -20.724 0.5000000000
155413  -39.086  -64.693  -20.574 0.5000000000
29445  -39.741  -65.477  -20.768 0.5000000000
29456  -36.831  -65.813  -22.392 0.4000000060
30477  -36.816  -64.617  -22.167 0.5000000000
30466  -39.922  -64.051  -20.870 0.6000000238
29446  -40.584  -65.281  -21.255 0.6000000238
30467  -40.741  -64.432  -21.503 0.6000000238
30464  -37.443  -64.339  -21.155 0.5000000000
31502  -36.185  -64.036  -25.214 0.3000000119
30487  -36.381  -64.797  -24.163 0.4000000060
29455  -36.557  -65.336  -23.188 0.4000000060
31475  -38.977  -63.713  -20.651 0.5000000000
31476  -39.750  -63.216  -20.974 0.6000000238
165904  -37.221  -58.905  -26.004 0.3000000119
34551  -37.418  -60.836  -26.227 0.3000000119
160499  -37.337  -61.225  -26.013 0.4000000060
144579  -36.606  -61.751  -25.857 0.4000000060
36650  -36.345  -58.269  -24.255 0.3000000119
39458  -36.779  -55.919  -23.650 0.3000000119
165808  -36.590  -56.688  -23.754 0.3000000119
144994  -36.583  -55.642  -22.460 0.3000000119
39451  -36.928  -55.125  -23.350 0.3000000119
40339  -36.579  -54.360  -22.156 0.3000000119
40337  -36.444  -54.474  -21.254 0.3000000119
41197  -35.939  -53.614  -20.299 0.3000000119
42104  -35.815  -52.362  -20.291 0.3000000119
31487  -36.707  -63.685  -22.835 0.5000000000
171479  -36.644  -58.639  -25.586 0.3000000119
148985  -42.344  -67.656  -26.289 0.5000000000
23111  -39.882  -72.052  -24.592 0.5000000000
26252  -41.573  -68.010  -22.422 0.5000000000
168552  -41.122  -65.068  -21.811 0.6000000238
22073  -45.749  -72.663  -25.331 0.3000000119
151705  -45.339  -74.201  -27.599 0.6000000238
21054  -46.498  -73.491  -26.976 0.6000000238
24087  -44.309  -70.986  -20.387 0.3000000119
23066  -44.133  -71.782  -21.313 0.3000000119
23097  -43.579  -71.868  -22.975 0.3000000119
24132  -43.449  -70.994  -23.292 0.3000000119
22025  -44.388  -72.484  -21.737 0.3000000119
22052  -44.022  -72.488  -23.540 0.3000000119
24133  -43.968  -70.728  -24.099 0.3000000119
149152  -46.449  -74.366  -26.544 0.6000000238
21037  -46.577  -73.728  -26.267 0.5000000000
24066  -44.901  -70.739  -19.721 0.3000000119
24086  -43.367  -70.738  -20.924 0.3000000119
24120  -43.297  -71.248  -22.315 0.3000000119
25192  -43.180  -70.256  -22.596 0.3000000119
20984  -44.536  -73.297  -23.227 0.3000000119
20999  -44.536  -73.020  -24.050 0.3000000119
21001  -46.271  -74.292  -24.812 0.4000000060
22098  -37.366  -72.694  -26.795 0.4000000060
25123  -45.354  -69.643  -17.948 0.3000000119
24065  -43.748  -70.535  -20.091 0.3000000119
25167  -43.004  -70.220  -20.444 0.3000000119
24104  -43.104  -70.651  -21.688 0.3000000119
18902  -38.225  -75.138  -27.086 0.5000000000
18885  -38.923  -75.041  -26.250 0.5000000000
152235  -37.273  -76.230  -30.011 0.4000000060
18915  -37.408  -75.921  -29.288 0.4000000060
18901  -37.758  -75.479  -27.764 0.4000000060
17829  -38.116  -75.735  -26.312 0.5000000000
156506  -42.327  -74.553  -26.150 0.5000000000
19972  -40.579  -74.421  -26.536 0.5000000000
19992  -38.592  -74.512  -27.626 0.5000000000
19971  -39.647  -74.504  -26.726 0.5000000000
20010  -38.206  -74.313  -28.357 0.4000000060
18875  -44.619  -75.580  -26.045 0.6000000238
156192  -43.344  -74.637  -27.245 0.6000000238
21065  -42.141  -74.009  -27.952 0.5000000000
19995  -41.376  -74.160  -27.180 0.5000000000
21081  -38.502  -73.620  -28.849 0.3000000119
20011  -38.946  -73.903  -28.123 0.4000000060
21063  -39.954  -73.571  -28.126 0.5000000000
18876  -45.488  -76.040  -25.917 0.6000000238
19997  -43.935  -74.539  -27.721 0.6000000238
21085  -42.884  -73.911  -28.806 0.6000000238
21083  -40.829  -73.103  -28.741 0.4000000060
21064  -41.114  -73.634  -27.924 0.5000000000
18887  -45.996  -75.763  -26.145 0.6000000238
22041  -44.790  -73.277  -22.227 0.3000000119
19913  -46.229  -74.961  -24.063 0.4000000060
21067  -44.380  -74.102  -28.173 0.6000000238
21084  -41.855  -73.447  -28.715 0.4000000060
22026  -45.413  -72.841  -21.337 0.3000000119
23067  -45.036  -72.121  -20.932 0.3000000119
21000  -45.328  -73.997  -23.827 0.3000000119
19953  -46.636  -75.272  -25.540 0.5000000000
21086  -43.678  -73.731  -28.907 0.6000000238
19975  -45.795  -74.896  -26.813 0.6000000238
148946  -44.169  -74.994  -26.824 0.6000000238
19912  -45.909  -74.747  -23.380 0.3000000119
18860  -44.853  -76.143  -25.498 0.5000000000
17791  -45.973  -77.134  -23.936 0.5000000000
17818  -46.072  -76.365  -25.511 0.5000000000
155803  -46.543  -76.866  -23.319 0.4000000060
17792  -46.633  -76.567  -24.182 0.5000000000
17776  -45.757  -77.334  -22.919 0.5000000000
17803  -44.719  -76.519  -24.733 0.5000000000
17758  -46.566  -76.763  -22.423 0.4000000060
18801  -47.003  -75.961  -21.710 0.4000000060
18820  -47.018  -75.932  -22.997 0.4000000060
18861  -46.757  -75.956  -24.902 0.5000000000
19974  -43.111  -74.792  -26.473 0.5000000000
18859  -43.907  -75.630  -25.161 0.5000000000
18840  -46.522  -75.428  -23.483 0.4000000060
160716  -40.327  -82.991  -22.685 0.3000000119
11377  -39.253  -83.542  -22.235 0.3000000119
13021  -38.760  -81.921  -22.012 0.3000000119
151931  -38.049  -81.056  -21.891 0.3000000119
13964  -37.657  -80.252  -21.522 0.4000000060
13038  -39.687  -82.124  -22.745 0.3000000119
14004  -39.386  -81.187  -23.173 0.3000000119
14905  -37.258  -79.115  -19.991 0.4000000060
14916  -37.791  -79.445  -21.726 0.4000000060
13985  -38.627  -80.368  -22.893 0.3000000119
149014  -39.830  -81.128  -23.931 0.3000000119
15775  -37.642  -78.529  -19.667 0.4000000060
15784  -38.052  -77.949  -20.125 0.4000000060
14922  -38.112  -79.497  -22.522 0.4000000060
14003  -39.152  -80.456  -23.704 0.4000000060
14029  -39.049  -79.606  -24.976 0.4000000060
158382  -38.925  -79.893  -24.209 0.4000000060
18744  -40.251  -76.440  -18.461 0.3000000119
149227  -39.436  -77.821  -18.962 0.4000000060
16703  -39.530  -77.347  -20.095 0.4000000060
16702  -38.619  -77.441  -20.584 0.4000000060
16731  -38.540  -77.049  -22.485 0.4000000060
16741  -38.212  -77.842  -23.099 0.4000000060
154710  -38.410  -79.138  -24.197 0.4000000060
18746  -41.731  -75.389  -18.547 0.3000000119
16691  -40.688  -77.377  -19.202 0.4000000060
17752  -40.750  -76.398  -21.385 0.4000000060
17731  -40.084  -76.783  -20.674 0.4000000060
147462  -39.523  -76.093  -22.185 0.4000000060
17771  -39.687  -75.761  -22.789 0.4000000060
17770  -39.052  -76.339  -22.712 0.4000000060
17788  -39.184  -76.104  -23.556 0.4000000060
154880  -38.255  -77.196  -24.339 0.4000000060
16751  -37.976  -77.775  -24.835 0.4000000060
16692  -42.250  -77.402  -19.907 0.4000000060
17733  -42.198  -77.366  -20.489 0.4000000060
18817  -40.570  -75.470  -22.860 0.4000000060
17801  -39.354  -75.848  -24.208 0.4000000060
16762  -37.814  -77.686  -25.535 0.4000000060
17800  -38.729  -76.444  -24.390 0.4000000060
15822  -38.325  -78.470  -25.952 0.4000000060
173700  -42.301  -77.100  -21.275 0.4000000060
18818  -41.483  -75.725  -22.639 0.4000000060
18857  -41.341  -75.000  -24.135 0.4000000060
18856  -40.619  -75.104  -24.553 0.4000000060
17816  -38.017  -76.348  -25.711 0.4000000060
18873  -39.433  -75.272  -25.400 0.4000000060
18819  -42.425  -76.297  -22.664 0.4000000060
144586  -42.072  -75.107  -23.788 0.4000000060
19950  -41.798  -74.558  -25.497 0.4000000060
17775  -44.745  -77.431  -22.440 0.4000000060
18838  -42.766  -75.877  -23.492 0.4000000060
18839  -43.735  -76.223  -24.111 0.4000000060
18786  -46.578  -75.674  -20.954 0.3000000119
162747  -47.638  -74.606  -20.632 0.3000000119
18874  -40.263  -74.983  -25.202 0.4000000060
17802  -44.522  -76.899  -23.893 0.4000000060
19878  -47.513  -74.621  -21.282 0.3000000119
19951  -42.808  -74.867  -25.439 0.4000000060
172180  -37.721  -78.675  -21.195 0.4000000060
150085  -37.973  -78.537  -21.931 0.4000000060
15799  -38.211  -77.836  -22.273 0.4000000060
149465  -38.132  -78.675  -22.802 0.4000000060
160228  -40.948  -76.906  -18.789 0.4000000060
16680  -39.944  -77.566  -18.888 0.4000000060
19819  -40.944  -74.927  -18.222 0.3000000119
17730  -39.191  -76.804  -21.020 0.4000000060
18764  -42.860  -76.143  -19.324 0.3000000119
17708  -41.533  -77.171  -19.376 0.4000000060
16705  -41.467  -77.376  -19.830 0.4000000060
155877  -40.908  -75.823  -22.124 0.4000000060
17734  -42.884  -77.427  -20.496 0.4000000060
146499  -42.007  -75.565  -23.158 0.4000000060
18854  -39.068  -75.786  -24.867 0.4000000060
19928  -41.117  -74.810  -24.962 0.4000000060
166736  -43.722  -77.258  -21.857 0.4000000060
16667  -37.178  -77.098  -17.682 0.3000000119
14899  -35.206  -79.193  -18.743 0.3000000119
14903  -35.791  -79.686  -19.305 0.3000000119
14900  -36.121  -79.001  -18.958 0.3000000119
15767  -37.441  -78.321  -18.656 0.3000000119
14904  -36.616  -79.468  -19.571 0.3000000119
15774  -37.104  -78.856  -19.157 0.3000000119
16669  -38.884  -76.958  -18.257 0.3000000119
15768  -38.187  -78.187  -18.779 0.3000000119
149375  -39.292  -77.669  -18.736 0.3000000119
17710  -43.710  -76.172  -19.797 0.3000000119
17735  -43.603  -77.084  -20.515 0.3000000119
17756  -44.392  -77.154  -21.209 0.3000000119
17737  -45.158  -76.791  -21.159 0.3000000119
17685  -39.345  -76.032  -17.982 0.3000000119
17755  -43.577  -77.352  -21.172 0.3000000119
12171  -38.546  -82.649  -21.808 0.3000000119
12183  -39.472  -82.787  -22.302 0.3000000119
13037  -38.744  -81.182  -22.478 0.3000000119
13924  -35.516  -80.457  -19.560 0.3000000119
13925  -36.309  -80.212  -19.821 0.3000000119
13965  -38.095  -80.305  -22.203 0.4000000060
14030  -39.917  -80.552  -24.818 0.4000000060
14909  -36.934  -79.861  -20.274 0.4000000060
14910  -37.457  -79.449  -20.858 0.4000000060
14931  -38.460  -79.551  -23.399 0.4000000060
15776  -38.264  -78.212  -19.246 0.4000000060
15783  -37.663  -78.526  -20.479 0.4000000060
15805  -38.066  -78.054  -24.048 0.4000000060
15812  -38.291  -78.712  -25.014 0.4000000060
16668  -38.043  -77.019  -17.950 0.3000000119
16678  -37.732  -77.692  -18.310 0.3000000119
16679  -38.857  -78.042  -18.905 0.3000000119
16689  -38.907  -77.764  -19.506 0.4000000060
16690  -39.879  -77.602  -19.292 0.4000000060
16704  -40.526  -77.365  -19.835 0.4000000060
16720  -38.504  -77.261  -21.564 0.4000000060
16763  -38.020  -76.921  -25.070 0.4000000060
17692  -39.717  -77.071  -18.511 0.3000000119
17693  -40.354  -77.183  -18.748 0.4000000060
17694  -41.636  -76.488  -18.888 0.4000000060
17695  -42.228  -76.079  -18.947 0.3000000119
17709  -42.250  -76.889  -19.391 0.4000000060
17732  -41.163  -77.130  -20.475 0.4000000060
17736  -44.470  -76.491  -20.507 0.3000000119
17750  -39.057  -76.550  -21.881 0.4000000060
17751  -39.753  -76.327  -21.529 0.4000000060
17753  -41.634  -76.907  -21.083 0.4000000060
17754  -42.936  -77.413  -21.142 0.4000000060
17757  -45.372  -77.321  -21.916 0.4000000060
17772  -40.163  -75.819  -22.094 0.4000000060
17773  -41.756  -76.480  -21.867 0.4000000060
17774  -42.846  -76.956  -21.920 0.4000000060
17777  -46.916  -76.383  -22.933 0.4000000060
17787  -38.530  -76.942  -23.519 0.4000000060
17789  -43.739  -76.916  -22.958 0.4000000060
17790  -45.055  -77.311  -23.403 0.5000000000
17804  -45.927  -76.856  -24.795 0.5000000000
17805  -46.477  -76.479  -24.956 0.5000000000
17815  -37.631  -76.994  -25.874 0.4000000060
17817  -45.448  -76.517  -25.255 0.5000000000
18745  -40.944  -75.914  -18.537 0.4000000060
18747  -42.580  -75.304  -18.779 0.3000000119
18787  -47.357  -75.228  -21.128 0.3000000119
18800  -46.104  -76.529  -21.466 0.3000000119
18802  -47.261  -75.258  -21.592 0.3000000119
18821  -47.127  -75.977  -22.343 0.4000000060
18835  -39.880  -75.569  -23.599 0.4000000060
18836  -40.625  -75.291  -23.819 0.4000000060
18837  -41.371  -75.287  -23.354 0.4000000060
18841  -46.763  -75.895  -24.022 0.4000000060
18855  -39.880  -75.393  -24.535 0.4000000060
18858  -42.854  -75.323  -24.399 0.4000000060
18872  -38.625  -75.706  -25.585 0.4000000060
18877  -46.463  -75.922  -25.556 0.6000000238
18886  -45.237  -75.386  -26.564 0.6000000238
18942  -36.171  -75.087  -30.777 0.4000000060
19861  -47.712  -74.607  -21.075 0.3000000119
19876  -45.456  -74.224  -22.737 0.3000000119
19896  -47.156  -75.394  -22.098 0.3000000119
19929  -42.030  -74.712  -24.602 0.4000000060
19930  -46.678  -75.235  -24.914 0.5000000000
19948  -39.897  -74.742  -25.946 0.5000000000
19949  -40.833  -74.660  -25.757 0.4000000060
19952  -43.736  -75.159  -25.998 0.6000000238
19970  -38.920  -74.645  -26.993 0.5000000000
19973  -41.560  -74.422  -26.364 0.5000000000
19976  -46.433  -75.213  -26.133 0.6000000238
19991  -37.992  -74.858  -27.871 0.4000000060
19993  -39.396  -74.211  -27.462 0.5000000000
19994  -40.338  -74.066  -27.288 0.5000000000
19996  -42.421  -74.426  -27.064 0.5000000000
19998  -44.829  -74.721  -27.312 0.6000000238
20009  -37.648  -74.969  -28.745 0.4000000060
20024  -37.428  -74.478  -29.840 0.4000000060
20025  -37.856  -74.031  -29.180 0.3000000119
20031  -36.374  -74.403  -30.590 0.4000000060
20982  -37.705  -73.611  -22.696 0.5000000000
20998  -38.226  -73.149  -23.843 0.5000000000
21015  -45.416  -73.320  -24.665 0.3000000119
21016  -46.606  -74.515  -25.599 0.5000000000
21052  -36.924  -73.411  -25.653 0.4000000060
21053  -46.090  -74.114  -27.152 0.6000000238
21066  -43.601  -74.150  -28.356 0.6000000238
21082  -39.236  -73.377  -28.689 0.4000000060
21087  -44.398  -73.388  -28.810 0.6999999881
21098  -34.833  -72.738  -29.754 0.4000000060
21105  -35.527  -72.758  -30.118 0.4000000060
22023  -40.010  -72.045  -21.701 0.5000000000
22024  -40.492  -71.535  -22.005 0.5000000000
22037  -38.983  -72.868  -22.122 0.5000000000
22039  -40.318  -71.951  -22.475 0.5000000000
22040  -44.007  -72.634  -22.625 0.3000000119
22068  -38.736  -72.795  -24.112 0.5000000000
22070  -40.125  -72.035  -23.844 0.5000000000
22071  -44.254  -72.258  -24.166 0.3000000119
22088  -37.569  -73.048  -25.982 0.4000000060
22108  -35.194  -72.600  -28.211 0.4000000060
22112  -46.544  -72.158  -27.535 0.6999999881
22123  -35.489  -71.869  -28.792 0.4000000060
22125  -39.888  -72.915  -29.029 0.5000000000
22128  -42.436  -73.136  -29.417 0.6999999881
22129  -44.466  -72.717  -29.176 0.6999999881
22135  -34.790  -72.466  -29.429 0.4000000060
22137  -39.005  -72.365  -30.352 0.5000000000
22140  -42.041  -72.310  -30.082 0.6000000238
22145  -36.786  -72.135  -30.513 0.5000000000
23045  -40.228  -70.604  -21.188 0.5000000000
23046  -43.906  -71.282  -20.962 0.3000000119
23047  -44.713  -71.507  -20.620 0.3000000119
23065  -43.501  -71.306  -21.560 0.3000000119
23079  -40.830  -71.270  -22.662 0.5000000000
23081  -43.637  -71.975  -22.052 0.3000000119
23095  -40.548  -71.707  -23.295 0.5000000000
23098  -43.839  -71.648  -23.864 0.3000000119
23112  -40.653  -71.493  -24.225 0.5000000000
23114  -44.587  -71.431  -24.562 0.3000000119
23115  -45.562  -71.671  -25.269 0.5000000000
23121  -39.678  -71.955  -25.445 0.5000000000
23122  -40.277  -71.407  -25.742 0.5000000000
23134  -39.584  -71.611  -26.401 0.6000000238
23136  -46.810  -71.461  -26.566 0.5000000000
23144  -46.342  -71.679  -28.074 0.6999999881
23153  -35.840  -71.406  -29.672 0.4000000060
23154  -36.014  -71.175  -29.335 0.4000000060
23158  -45.653  -71.884  -28.632 0.6999999881
23165  -42.078  -71.586  -30.506 0.6000000238
23166  -43.341  -72.182  -29.941 0.6000000238
23168  -37.107  -71.470  -30.549 0.5000000000
23169  -37.888  -71.299  -30.676 0.5000000000
23172  -41.319  -71.143  -30.667 0.6000000238
24085  -42.891  -70.140  -21.059 0.3000000119
24103  -40.981  -69.875  -21.979 0.4000000060
24119  -41.213  -70.042  -22.437 0.4000000060
24144  -40.957  -71.025  -25.116 0.5000000000
24148  -46.269  -70.666  -25.472 0.5000000000
24157  -41.370  -70.383  -25.754 0.5000000000
24159  -47.022  -70.013  -25.742 0.6000000238
24166  -39.846  -70.955  -27.112 0.6999999881
24169  -47.073  -70.671  -26.776 0.5000000000
24176  -40.121  -70.184  -27.623 0.6999999881
24177  -46.406  -70.888  -28.057 0.6999999881
24179  -47.230  -69.907  -26.947 0.5000000000
24189  -38.722  -69.628  -28.775 0.6000000238
24191  -45.779  -70.477  -28.647 0.6000000238
24194  -36.532  -70.440  -30.039 0.4000000060
24196  -37.702  -69.686  -29.853 0.6000000238
24201  -37.484  -70.309  -30.402 0.5000000000
24205  -41.047  -70.128  -30.414 0.6000000238
25148  -44.315  -70.377  -19.293 0.3000000119
25177  -40.301  -69.208  -21.125 0.5000000000
25178  -40.884  -69.232  -21.677 0.4000000060
25200  -42.147  -68.790  -24.140 0.5000000000
25202  -44.363  -69.830  -24.066 0.3000000119
25220  -42.275  -69.030  -25.482 0.5000000000
25221  -47.387  -69.453  -25.941 0.5000000000
25229  -40.910  -69.984  -27.227 0.6999999881
25230  -41.545  -69.705  -26.511 0.5000000000
25231  -42.069  -69.201  -26.124 0.6000000238
25232  -47.374  -69.474  -26.517 0.5000000000
25243  -47.275  -69.121  -27.022 0.5000000000
25249  -38.480  -69.485  -29.467 0.6000000238
25254  -37.766  -69.823  -30.217 0.6000000238
25257  -40.024  -68.912  -29.498 0.6000000238
25260  -44.038  -69.545  -29.635 0.6999999881
25261  -38.514  -69.990  -30.422 0.6000000238
25263  -40.014  -69.666  -30.315 0.6000000238
26236  -39.870  -68.490  -20.830 0.6000000238
26258  -42.251  -68.057  -23.740 0.6000000238
26260  -44.385  -68.510  -23.454 0.4000000060
26263  -44.829  -68.996  -23.908 0.4000000060
26264  -45.616  -68.672  -24.314 0.4000000060
26266  -46.982  -68.595  -25.194 0.5000000000
26268  -47.386  -68.816  -25.700 0.5000000000
26269  -41.816  -68.765  -26.877 0.6999999881
26279  -41.902  -67.666  -29.175 0.6000000238
26280  -42.861  -67.727  -29.459 0.5000000000
26281  -44.234  -68.623  -29.373 0.6999999881
26282  -44.907  -68.628  -28.853 0.6999999881
26283  -40.667  -68.432  -29.052 0.6000000238
26284  -41.387  -68.291  -29.358 0.6000000238
27281  -39.346  -67.837  -20.667 0.4000000060
27282  -40.158  -67.740  -20.988 0.5000000000
27290  -40.891  -67.667  -21.462 0.5000000000
27291  -41.357  -67.630  -21.990 0.5000000000
27300  -41.649  -67.168  -22.598 0.5000000000
27307  -42.078  -67.232  -23.447 0.5000000000
27308  -42.372  -67.305  -24.186 0.6000000238
27309  -44.648  -67.603  -23.289 0.5000000000
27314  -46.346  -67.516  -24.264 0.5000000000
27315  -47.184  -67.740  -24.873 0.6000000238
27316  -42.444  -67.239  -25.733 0.6000000238
27317  -47.705  -67.411  -25.530 0.6000000238
27325  -42.419  -67.125  -28.859 0.5000000000
27327  -44.252  -67.201  -29.002 0.6000000238
28389  -38.072  -67.306  -20.918 0.4000000060
28390  -38.434  -66.487  -20.770 0.5000000000
28391  -39.467  -66.414  -20.752 0.5000000000
28412  -44.080  -66.712  -22.166 0.3000000119
28413  -44.877  -66.332  -22.522 0.4000000060
28415  -46.400  -65.832  -23.089 0.5000000000
28422  -45.309  -66.760  -23.225 0.5000000000
28425  -48.790  -65.741  -24.535 0.6000000238
28438  -47.718  -66.812  -26.317 0.6000000238
28441  -42.566  -66.310  -26.878 0.6999999881
28442  -42.976  -65.755  -27.446 0.8000000119
28443  -47.683  -65.938  -26.717 0.6000000238
28445  -42.691  -66.399  -27.735 0.6999999881
28449  -46.499  -66.566  -27.561 0.8000000119
28450  -47.231  -66.268  -27.140 0.6999999881
28453  -44.318  -66.259  -28.600 0.6999999881
29443  -37.287  -65.306  -21.467 0.4000000060
29444  -37.820  -65.906  -21.049 0.5000000000
29447  -41.133  -65.783  -21.736 0.6000000238
29457  -41.428  -65.300  -22.420 0.6000000238
29461  -48.717  -64.940  -23.194 0.5000000000
29466  -41.665  -65.622  -23.044 0.6000000238
29467  -42.026  -65.610  -23.688 0.6000000238
29468  -47.296  -65.711  -23.437 0.5000000000
29473  -42.334  -65.579  -24.580 0.6000000238
29474  -49.547  -65.267  -24.865 0.6999999881
29479  -42.661  -65.144  -25.485 0.6000000238
29481  -48.969  -65.696  -25.191 0.6000000238
29488  -47.956  -65.156  -26.778 0.8000000119
29490  -43.828  -65.516  -27.971 0.6999999881
30469  -47.266  -64.247  -21.464 0.3000000119
30476  -36.575  -64.435  -23.216 0.4000000060
30478  -41.375  -64.535  -22.308 0.6000000238
30482  -50.015  -64.278  -22.953 0.5000000000
30483  -50.956  -64.099  -23.363 0.6000000238
30488  -41.810  -64.714  -23.219 0.6999999881
30491  -51.065  -64.201  -23.871 0.6000000238
30492  -51.281  -63.749  -24.245 0.5000000000
30497  -43.285  -64.060  -25.115 0.6999999881
30498  -50.184  -64.756  -24.570 0.5000000000
30499  -50.804  -64.275  -24.395 0.6000000238
30500  -50.850  -63.640  -24.830 0.5000000000
30505  -43.608  -64.270  -25.838 0.6999999881
30506  -44.396  -63.970  -26.190 0.6999999881
30507  -45.343  -63.808  -26.427 0.6999999881
30509  -49.915  -64.318  -25.532 0.6000000238
30518  -47.657  -64.413  -26.889 0.8000000119
30520  -45.354  -64.631  -27.363 0.8000000119
30521  -46.174  -64.745  -27.421 0.8000000119
30522  -47.062  -64.836  -27.306 0.8000000119
31474  -37.969  -63.379  -20.895 0.6000000238
31477  -40.568  -63.550  -21.440 0.6000000238
31483  -52.010  -62.954  -22.643 0.5000000000
31490  -42.299  -62.947  -23.221 0.6999999881
31493  -51.665  -63.475  -23.173 0.6000000238
31495  -36.476  -63.824  -24.034 0.6000000238
31497  -42.627  -63.428  -23.794 0.6999999881
31498  -43.281  -63.158  -24.068 0.6999999881
31499  -44.094  -62.983  -24.166 0.6999999881
31500  -51.704  -63.207  -23.964 0.5000000000
31508  -47.568  -63.096  -25.591 0.6000000238
31510  -50.011  -63.210  -25.447 0.6000000238
31511  -50.686  -63.155  -25.001 0.5000000000
31518  -44.021  -63.745  -25.424 0.6999999881
31522  -48.002  -63.309  -26.238 0.6000000238
31523  -48.857  -63.437  -26.110 0.6000000238
31524  -50.276  -63.557  -25.378 0.6000000238
31527  -46.390  -63.752  -26.587 0.6999999881
32483  -48.895  -61.498  -20.541 0.3000000119
32494  -49.694  -61.510  -20.607 0.3000000119
32503  -38.882  -62.864  -20.784 0.5000000000
32505  -40.406  -62.715  -21.307 0.6999999881
32507  -49.506  -62.697  -21.205 0.3000000119
32508  -50.564  -62.657  -21.471 0.5000000000
32509  -52.314  -62.354  -22.412 0.3000000119
32510  -52.629  -61.893  -21.988 0.5000000000
32518  -42.060  -62.467  -22.584 0.6999999881
32521  -44.270  -62.281  -22.802 0.6999999881
32530  -44.584  -62.671  -23.517 0.6999999881
32531  -45.557  -62.860  -23.495 0.6999999881
32533  -47.537  -62.953  -23.698 0.6000000238
32538  -52.319  -62.084  -23.199 0.5000000000
32543  -36.509  -62.400  -25.527 0.5000000000
32550  -51.258  -62.929  -24.540 0.5000000000
33464  -50.175  -60.849  -20.471 0.3000000119
33465  -51.350  -60.707  -20.542 0.4000000060
33473  -52.557  -60.845  -21.151 0.3000000119
33481  -37.751  -61.448  -21.864 0.6000000238
33483  -39.284  -61.525  -20.779 0.6000000238
33486  -42.724  -61.109  -21.768 0.6999999881
33497  -41.706  -61.956  -21.990 0.6999999881
33499  -43.158  -61.748  -22.285 0.6999999881
33502  -46.511  -61.880  -22.240 0.5000000000
33503  -48.374  -61.562  -22.511 0.5000000000
33504  -49.458  -61.505  -22.687 0.5000000000
33505  -50.582  -61.259  -22.877 0.5000000000
33507  -52.292  -61.002  -23.082 0.4000000060
33508  -52.780  -61.127  -22.371 0.4000000060
33521  -51.436  -61.863  -23.554 0.5000000000
33523  -52.495  -61.479  -22.895 0.5000000000
33529  -37.275  -61.373  -24.302 0.5000000000
33532  -37.769  -60.981  -26.223 0.4000000060
34502  -52.849  -60.064  -21.190 0.3000000119
34511  -41.269  -60.502  -21.318 0.6000000238
34516  -45.878  -60.222  -21.687 0.5000000000
34517  -52.911  -60.553  -21.721 0.3000000119
34528  -37.800  -60.947  -22.424 0.5000000000
34532  -48.284  -60.521  -22.288 0.5000000000
34534  -51.053  -60.417  -22.605 0.5000000000
34535  -52.355  -60.464  -22.522 0.5000000000
34536  -52.877  -60.352  -22.078 0.4000000060
34542  -37.666  -60.792  -23.404 0.6000000238
34548  -36.830  -60.564  -26.029 0.3000000119
34550  -38.628  -60.417  -26.116 0.5000000000
34552  -37.833  -60.603  -26.329 0.4000000060
34553  -38.437  -60.310  -26.291 0.4000000060
35523  -45.135  -59.708  -19.515 0.4000000060
35524  -45.936  -59.620  -19.764 0.4000000060
35532  -47.565  -59.570  -20.388 0.3000000119
35533  -49.515  -59.625  -20.455 0.3000000119
35534  -51.741  -59.768  -20.547 0.3000000119
35535  -52.586  -59.514  -20.846 0.3000000119
35542  -52.803  -59.392  -21.163 0.3000000119
35556  -43.041  -59.435  -21.323 0.6000000238
35557  -44.526  -59.728  -21.539 0.6000000238
35560  -52.763  -59.560  -21.452 0.3000000119
35573  -50.420  -59.773  -22.392 0.5000000000
35574  -52.262  -58.839  -21.527 0.4000000060
35582  -39.068  -59.906  -25.894 0.5000000000
35584  -36.810  -59.314  -25.943 0.3000000119
35586  -37.150  -60.167  -26.213 0.3000000119
35587  -37.705  -59.700  -26.365 0.3000000119
35588  -38.542  -59.723  -26.332 0.5000000000
36596  -44.847  -58.525  -19.469 0.4000000060
36597  -45.445  -59.020  -19.635 0.4000000060
36607  -44.967  -57.764  -19.467 0.4000000060
36609  -46.280  -58.790  -19.952 0.3000000119
36622  -52.413  -57.933  -20.914 0.4000000060
36630  -40.022  -58.369  -21.959 0.5000000000
36631  -40.963  -58.053  -22.038 0.4000000060
36634  -44.841  -58.919  -21.795 0.5000000000
36636  -52.401  -57.806  -21.063 0.4000000060
36645  -45.186  -58.338  -22.212 0.4000000060
36646  -45.815  -58.112  -22.466 0.4000000060
36648  -49.923  -58.918  -22.516 0.4000000060
36651  -39.288  -58.611  -23.952 0.5000000000
36653  -36.409  -58.096  -25.086 0.3000000119
36655  -39.562  -58.714  -25.455 0.5000000000
36658  -38.965  -59.373  -26.131 0.4000000060
37642  -43.710  -56.985  -19.035 0.4000000060
37653  -47.344  -57.481  -20.273 0.4000000060
37677  -40.684  -57.598  -23.463 0.4000000060
37681  -44.259  -57.465  -22.841 0.4000000060
37689  -36.525  -57.372  -24.444 0.4000000060
37698  -38.276  -57.476  -25.365 0.4000000060
37699  -40.339  -58.013  -25.377 0.4000000060
37700  -41.057  -57.335  -25.356 0.4000000060
37701  -41.768  -56.948  -25.338 0.4000000060
37704  -40.134  -57.951  -25.486 0.4000000060
38565  -45.160  -56.584  -19.466 0.4000000060
38566  -46.114  -56.654  -19.797 0.4000000060
38581  -51.365  -55.976  -21.015 0.4000000060
38582  -51.756  -56.626  -21.020 0.3000000119
38584  -47.298  -56.611  -23.141 0.4000000060
38586  -49.001  -56.171  -22.859 0.4000000060
38588  -51.451  -56.480  -21.476 0.4000000060
38590  -37.268  -56.001  -24.204 0.4000000060
38593  -44.688  -56.315  -23.687 0.4000000060
38594  -45.505  -56.483  -23.485 0.4000000060
38598  -40.460  -56.857  -25.441 0.4000000060
38602  -39.928  -57.364  -25.497 0.4000000060
39433  -43.857  -55.475  -19.212 0.4000000060
39443  -50.339  -54.975  -21.078 0.4000000060
39450  -50.868  -55.464  -21.023 0.4000000060
39452  -45.837  -55.350  -23.297 0.4000000060
39454  -47.695  -55.520  -22.963 0.4000000060
39457  -50.743  -55.574  -21.376 0.4000000060
39460  -39.003  -55.517  -24.002 0.4000000060
39463  -42.116  -55.569  -24.957 0.4000000060
39464  -42.895  -55.482  -24.652 0.4000000060
39465  -43.687  -55.692  -24.191 0.4000000060
39469  -47.042  -56.064  -23.278 0.4000000060
39471  -39.776  -56.194  -24.862 0.4000000060
40342  -38.972  -54.250  -22.786 0.4000000060
40347  -44.119  -54.270  -23.141 0.4000000060
40361  -45.017  -55.341  -23.437 0.4000000060
41210  -35.745  -52.992  -20.194 0.3000000119
41213  -49.395  -53.295  -21.419 0.4000000060
41214  -36.512  -53.261  -21.569 0.4000000060
41215  -36.946  -53.020  -21.906 0.4000000060
41216  -37.756  -52.925  -21.910 0.4000000060
41220  -49.527  -53.236  -21.610 0.3000000119
41223  -38.547  -53.540  -22.212 0.4000000060
42110  -37.267  -52.364  -21.547 0.4000000060
42120  -45.815  -53.014  -22.576 0.4000000060
42121  -46.727  -52.854  -22.594 0.5000000000
43091  -37.078  -51.098  -20.887 0.4000000060
43096  -37.634  -51.671  -21.191 0.4000000060
43097  -38.575  -51.545  -21.192 0.4000000060
43107  -46.307  -51.324  -22.423 0.5000000000
44056  -39.016  -50.091  -20.748 0.5000000000
45085  -38.595  -49.560  -20.670 0.5000000000
144468  -39.023  -72.527  -24.901 0.5000000000
144537  -46.856  -58.136  -20.194 0.4000000060
144555  -41.552  -69.607  -23.041 0.5000000000
144556  -42.929  -77.119  -19.862 0.4000000060
144768  -43.141  -57.767  -18.896 0.4000000060
145074  -47.759  -56.876  -20.370 0.4000000060
145096  -38.250  -64.213  -20.689 0.5000000000
145259  -45.202  -52.406  -22.461 0.4000000060
145384  -46.330  -73.581  -25.524 0.3000000119
145671  -41.060  -62.232  -21.619 0.6999999881
145774  -36.919  -72.247  -27.670 0.4000000060
146444  -49.034  -58.890  -20.468 0.3000000119
146779  -47.378  -61.812  -22.435 0.5000000000
147115  -42.390  -64.184  -23.939 0.6999999881
147124  -39.857  -71.386  -30.816 0.6000000238
147723  -36.922  -75.955  -30.376 0.4000000060
148053  -47.677  -58.935  -22.401 0.5000000000
148218  -37.825  -71.122  -28.103 0.6999999881
148497  -42.439  -56.518  -24.938 0.4000000060
149044  -36.532  -70.850  -28.944 0.4000000060
149169  -40.463  -66.119  -21.157 0.6000000238
149460  -43.763  -71.368  -29.780 0.6999999881
150380  -41.885  -61.196  -21.795 0.6000000238
150704  -47.796  -53.103  -22.711 0.5000000000
150762  -44.471  -71.472  -29.453 0.6999999881
150885  -37.230  -69.948  -29.689 0.6000000238
151234  -51.185  -58.813  -22.286 0.4000000060
152142  -47.385  -57.926  -22.675 0.4000000060
152389  -38.859  -62.128  -20.768 0.6000000238
152570  -49.777  -54.468  -21.505 0.4000000060
152595  -37.502  -62.690  -21.529 0.6000000238
153301  -49.153  -54.720  -22.299 0.4000000060
153501  -37.979  -77.891  -21.081 0.4000000060
153550  -36.023  -73.639  -30.476 0.4000000060
153754  -38.488  -76.236  -25.111 0.4000000060
154009  -49.619  -58.069  -22.656 0.4000000060
154321  -42.671  -72.071  -30.225 0.6999999881
154635  -51.645  -62.593  -21.890 0.3000000119
154867  -48.449  -59.596  -20.479 0.3000000119
155227  -39.484  -60.004  -21.128 0.6000000238
155254  -45.708  -65.946  -27.979 0.8000000119
155271  -46.667  -74.627  -25.999 0.6000000238
155816  -44.374  -77.333  -21.724 0.3000000119
156689  -36.004  -75.951  -30.995 0.4000000060
156912  -39.755  -70.475  -30.663 0.6000000238
157436  -35.954  -50.925  -20.418 0.4000000060
157720  -37.517  -80.914  -21.446 0.4000000060
157900  -43.745  -59.905  -21.374 0.6000000238
158078  -36.317  -53.751  -21.015 0.3000000119
158427  -38.543  -77.676  -18.525 0.3000000119
159604  -36.473  -50.448  -20.568 0.4000000060
159900  -36.506  -53.850  -21.739 0.4000000060
159926  -42.488  -59.821  -21.280 0.6000000238
160160  -45.007  -67.836  -28.676 0.6000000238
160336  -46.575  -57.944  -22.615 0.4000000060
161696  -48.219  -64.520  -22.497 0.5000000000
162088  -36.668  -54.982  -22.657 0.3000000119
162633  -44.887  -65.383  -21.324 0.3000000119
162683  -48.295  -54.982  -22.622 0.4000000060
162727  -41.801  -69.382  -23.812 0.5000000000
162746  -44.770  -54.744  -23.273 0.4000000060
163859  -45.499  -70.326  -19.161 0.3000000119
163951  -43.064  -74.331  -27.919 0.6000000238
165176  -46.672  -72.481  -26.838 0.6999999881
166125  -37.565  -75.791  -28.402 0.4000000060
166877  -40.173  -71.876  -30.567 0.6000000238
167387  -50.850  -56.519  -22.150 0.4000000060
167628  -42.430  -66.712  -25.358 0.6999999881
167710  -45.287  -77.027  -24.258 0.5000000000
167750  -46.844  -76.338  -23.469 0.5000000000
167773  -36.829  -57.109  -24.827 0.4000000060
167898  -45.240  -61.401  -21.770 0.5000000000
168413  -46.216  -58.580  -22.267 0.4000000060
168870  -38.215  -73.388  -29.624 0.4000000060
169664  -36.311  -71.087  -30.187 0.4000000060
169825  -38.189  -73.295  -23.137 0.5000000000
170187  -42.426  -66.954  -26.395 0.5000000000
170549  -37.404  -61.245  -25.428 0.5000000000
170606  -38.209  -78.678  -23.503 0.4000000060
170775  -49.922  -54.480  -21.131 0.4000000060
171006  -41.518  -59.145  -21.323 0.5000000000
171561  -48.336  -64.437  -26.576 0.8000000119
171562  -45.361  -76.769  -24.767 0.5000000000
172216  -52.074  -60.856  -20.749 0.4000000060
172221  -38.160  -77.828  -21.708 0.4000000060
172679  -52.357  -61.375  -21.311 0.3000000119
172826  -37.776  -78.491  -19.060 0.3000000119
173113  -47.887  -64.173  -21.857 0.5000000000
173365  -36.659  -55.537  -23.044 0.3000000119
173390  -47.553  -68.437  -25.928 0.6000000238
173738  -38.818  -70.902  -27.753 0.6999999881
173832  -43.699  -60.505  -21.461 0.6000000238
174103  -46.270  -76.804  -24.500 0.5000000000
174112  -40.057  -64.788  -20.846 0.6000000238
174369  -38.025  -78.192  -25.316 0.4000000060
174452  -49.841  -63.073  -25.364 0.6000000238
174639  -42.722  -56.933  -23.972 0.4000000060
175178  -45.084  -57.234  -19.456 0.4000000060
