#!ascii label  , from subject sub-v2s18x29506_ses-1 vox2ras=TkReg
860
50145  20.999  -42.931  71.222 0.0000000000
67275  40.165  -25.901  55.149 0.0000000000
71554  50.269  -22.770  56.523 0.0000000000
56537  40.590  -36.299  62.355 0.0000000000
50260  28.119  -42.521  63.818 0.0000000000
49238  25.858  -44.578  69.687 0.0000000000
70552  44.179  -23.800  56.003 0.0000000000
164507  44.802  -26.080  61.994 0.0000000000
52972  38.010  -40.121  62.850 0.0000000000
147323  33.590  -41.331  64.639 0.0000000000
79753  55.915  -14.370  50.978 0.0000000000
74515  49.152  -18.889  53.017 0.0000000000
60697  36.734  -33.171  59.662 0.0000000000
63748  39.305  -29.596  62.055 0.0000000000
49261  24.876  -42.865  67.532 0.0000000000
48264  24.301  -44.069  70.688 0.0000000000
69446  41.950  -24.825  55.628 0.0000000000
69377  44.340  -24.800  59.318 0.0000000000
67217  42.194  -25.797  58.986 0.0000000000
48389  39.385  -44.286  59.058 0.0000000000
50211  29.799  -42.136  66.558 0.0000000000
50240  31.441  -41.825  64.423 0.0000000000
159729  31.650  -44.186  65.822 0.0000000000
78696  52.969  -15.573  50.189 0.0000000000
77620  54.189  -15.824  53.557 0.0000000000
77643  51.168  -16.146  52.517 0.0000000000
71595  47.539  -22.725  53.657 0.0000000000
149514  47.245  -21.414  51.421 0.0000000000
72561  49.658  -21.258  54.065 0.0000000000
170959  52.369  -20.494  53.873 0.0000000000
70600  51.205  -23.130  53.965 0.0000000000
54102  39.305  -38.506  63.462 0.0000000000
166912  37.506  -36.479  61.293 0.0000000000
58809  37.393  -34.398  64.327 0.0000000000
61679  38.468  -31.345  60.570 0.0000000000
159435  39.495  -33.125  64.714 0.0000000000
61665  42.071  -31.615  62.783 0.0000000000
155158  40.551  -34.761  61.199 0.0000000000
50213  27.854  -42.309  67.446 0.0000000000
70603  44.742  -23.593  53.121 0.0000000000
70548  47.700  -23.341  56.950 0.0000000000
70503  47.759  -24.238  59.591 0.0000000000
67182  46.579  -26.586  60.598 0.0000000000
49347  36.673  -43.621  61.245 0.0000000000
50276  39.635  -42.508  62.056 0.0000000000
51151  40.557  -41.997  61.600 0.0000000000
52997  41.930  -39.420  59.801 0.0000000000
56574  41.467  -37.046  59.105 0.0000000000
149264  33.885  -41.442  61.405 0.0000000000
48356  35.440  -44.773  62.815 0.0000000000
76601  55.839  -17.168  48.757 0.0000000000
76565  49.008  -17.333  51.314 0.0000000000
76534  51.423  -18.042  54.294 0.0000000000
73530  50.652  -20.658  52.080 0.0000000000
167168  40.251  -27.483  58.490 0.0000000000
66005  41.900  -27.552  63.115 0.0000000000
61677  44.121  -31.169  61.505 0.0000000000
47219  21.378  -45.053  71.721 0.0000000000
49217  22.348  -42.635  71.182 0.0000000000
47227  23.502  -45.290  70.917 0.0000000000
68365  40.874  -25.617  55.552 0.0000000000
68330  41.880  -25.477  57.357 0.0000000000
68331  41.295  -25.802  57.152 0.0000000000
49275  30.852  -42.872  66.567 0.0000000000
143580  51.176  -16.356  49.504 0.0000000000
78685  52.232  -15.584  51.124 0.0000000000
77659  50.613  -16.385  51.159 0.0000000000
71580  48.782  -22.425  54.750 0.0000000000
71594  48.388  -22.316  53.903 0.0000000000
71579  49.851  -22.138  55.168 0.0000000000
72534  51.827  -22.128  55.307 0.0000000000
55329  40.111  -37.591  63.006 0.0000000000
55304  38.345  -36.767  64.353 0.0000000000
57758  39.308  -35.657  64.532 0.0000000000
59741  38.049  -33.826  65.025 0.0000000000
155800  40.120  -35.317  63.451 0.0000000000
59767  40.200  -33.458  62.704 0.0000000000
57774  40.674  -35.635  61.809 0.0000000000
50199  26.315  -42.388  67.707 0.0000000000
49236  26.927  -42.884  69.116 0.0000000000
50180  27.920  -42.488  68.217 0.0000000000
70587  43.609  -23.851  54.534 0.0000000000
70604  43.868  -23.708  53.047 0.0000000000
70586  44.413  -23.779  54.650 0.0000000000
167869  45.886  -23.552  54.937 0.0000000000
70550  45.759  -23.580  56.552 0.0000000000
70529  47.875  -23.575  57.962 0.0000000000
70531  45.809  -23.787  57.519 0.0000000000
154658  44.886  -25.292  61.051 0.0000000000
69349  46.242  -25.209  61.276 0.0000000000
67170  46.062  -26.188  61.678 0.0000000000
66043  44.847  -27.288  59.965 0.0000000000
64867  45.206  -28.229  61.214 0.0000000000
49335  37.016  -44.389  61.623 0.0000000000
49346  37.906  -43.474  61.590 0.0000000000
48353  38.881  -44.309  61.591 0.0000000000
49356  40.517  -43.257  60.700 0.0000000000
52026  41.604  -40.827  60.527 0.0000000000
51136  32.519  -41.391  64.298 0.0000000000
51146  32.979  -41.344  62.941 0.0000000000
51144  33.975  -41.506  63.565 0.0000000000
50279  35.066  -43.333  62.303 0.0000000000
49319  34.429  -42.877  64.240 0.0000000000
78707  54.761  -14.491  49.670 0.0000000000
77653  56.133  -15.771  50.720 0.0000000000
76545  53.291  -17.066  53.688 0.0000000000
73531  48.237  -19.930  52.001 0.0000000000
74542  47.373  -19.675  50.765 0.0000000000
75585  48.191  -18.462  51.450 0.0000000000
75596  47.946  -18.226  50.813 0.0000000000
75572  48.870  -18.046  52.405 0.0000000000
77624  49.859  -16.936  52.777 0.0000000000
75571  50.064  -18.166  53.493 0.0000000000
71605  51.119  -22.275  52.693 0.0000000000
73517  51.760  -20.411  53.209 0.0000000000
52012  38.016  -40.978  62.185 0.0000000000
158043  37.817  -39.145  61.785 0.0000000000
155234  36.936  -35.153  60.667 0.0000000000
57786  37.065  -35.729  59.973 0.0000000000
63749  38.867  -30.021  62.250 0.0000000000
62723  38.348  -30.569  59.610 0.0000000000
63762  39.406  -29.781  60.774 0.0000000000
64895  39.500  -28.547  58.611 0.0000000000
64870  39.997  -29.007  60.323 0.0000000000
66034  41.059  -27.980  60.518 0.0000000000
64840  40.547  -28.554  63.262 0.0000000000
60695  41.888  -32.279  61.107 0.0000000000
61663  43.592  -31.290  62.451 0.0000000000
60694  43.104  -31.839  61.006 0.0000000000
62721  43.182  -30.996  59.838 0.0000000000
50167  24.599  -41.837  69.976 0.0000000000
49228  25.474  -43.719  70.211 0.0000000000
47242  25.062  -45.373  69.612 0.0000000000
47234  24.400  -45.549  70.454 0.0000000000
153690  43.291  -24.421  56.529 0.0000000000
69409  44.397  -24.123  57.524 0.0000000000
69393  43.014  -24.921  58.010 0.0000000000
68315  42.999  -25.265  58.776 0.0000000000
68293  43.181  -26.053  60.415 0.0000000000
153765  28.773  -42.285  65.286 0.0000000000
50259  29.665  -42.513  63.901 0.0000000000
50225  30.375  -41.757  65.760 0.0000000000
51124  31.642  -41.121  66.048 0.0000000000
50224  32.879  -41.725  65.706 0.0000000000
49287  33.717  -44.294  64.688 0.0000000000
47286  32.853  -44.813  65.299 0.0000000000
78694  54.632  -14.549  50.621 0.0000000000
78671  54.978  -15.008  52.792 0.0000000000
144319  54.138  -14.572  52.373 0.0000000000
78661  52.676  -15.654  53.582 0.0000000000
76531  52.911  -16.736  54.106 0.0000000000
71614  46.148  -22.626  51.710 0.0000000000
72575  47.673  -21.857  52.290 0.0000000000
72574  48.363  -21.360  52.802 0.0000000000
73518  49.372  -19.798  53.341 0.0000000000
167328  50.341  -19.653  54.000 0.0000000000
73497  51.739  -20.515  54.788 0.0000000000
71592  52.231  -22.077  54.070 0.0000000000
52959  38.688  -39.420  63.387 0.0000000000
54148  37.717  -38.488  62.381 0.0000000000
168820  37.999  -38.102  63.659 0.0000000000
159746  37.190  -35.835  62.886 0.0000000000
159919  37.103  -33.925  61.505 0.0000000000
60690  37.650  -32.534  60.468 0.0000000000
153359  37.451  -32.776  63.091 0.0000000000
61634  38.026  -31.808  63.818 0.0000000000
62661  39.120  -30.912  63.862 0.0000000000
62677  40.667  -29.893  63.902 0.0000000000
61631  40.372  -31.666  63.907 0.0000000000
59775  40.531  -32.720  61.885 0.0000000000
59790  41.458  -33.536  59.928 0.0000000000
49290  25.250  -43.232  66.212 0.0000000000
143153  26.337  -42.671  65.154 0.0000000000
50228  27.893  -42.454  65.548 0.0000000000
50212  28.589  -42.350  67.069 0.0000000000
48298  28.361  -44.425  67.776 0.0000000000
70601  46.392  -23.379  53.793 0.0000000000
70583  47.208  -23.292  55.158 0.0000000000
70563  48.459  -23.012  56.520 0.0000000000
70528  49.244  -23.651  58.366 0.0000000000
69388  49.121  -24.669  59.050 0.0000000000
67211  48.729  -26.640  59.249 0.0000000000
69390  45.642  -24.402  59.065 0.0000000000
68289  47.434  -25.303  60.518 0.0000000000
50327  36.488  -42.621  60.028 0.0000000000
50302  37.467  -43.013  61.140 0.0000000000
51143  38.550  -41.771  62.171 0.0000000000
51142  39.333  -41.624  62.467 0.0000000000
155581  39.652  -43.704  61.534 0.0000000000
159706  39.837  -42.500  62.039 0.0000000000
52010  39.407  -40.842  62.814 0.0000000000
147938  40.163  -40.134  62.648 0.0000000000
52976  41.221  -39.023  61.683 0.0000000000
55340  41.387  -37.644  61.685 0.0000000000
55355  41.869  -37.279  60.541 0.0000000000
159055  41.981  -38.182  59.714 0.0000000000
50304  35.198  -42.713  60.907 0.0000000000
49336  35.927  -43.931  61.862 0.0000000000
48355  36.548  -45.031  62.242 0.0000000000
48333  34.074  -45.160  64.164 0.0000000000
161710  35.985  -46.264  62.293 0.0000000000
77699  57.143  -17.205  47.923 0.0000000000
77673  49.969  -16.613  50.170 0.0000000000
77644  50.294  -16.550  52.494 0.0000000000
77623  50.805  -16.727  53.574 0.0000000000
75569  52.260  -18.149  54.216 0.0000000000
75556  51.930  -18.853  54.563 0.0000000000
74513  52.157  -19.740  53.566 0.0000000000
75584  50.982  -19.139  52.048 0.0000000000
149007  38.104  -37.718  60.585 0.0000000000
66070  39.035  -28.142  57.074 0.0000000000
67236  40.019  -26.996  57.147 0.0000000000
67201  41.012  -26.709  59.121 0.0000000000
67185  41.982  -26.827  60.363 0.0000000000
67158  43.609  -26.807  62.610 0.0000000000
63706  41.425  -29.159  63.808 0.0000000000
63718  43.209  -29.579  63.285 0.0000000000
64838  44.433  -28.696  62.449 0.0000000000
63761  44.449  -30.223  60.740 0.0000000000
57779  41.260  -35.764  60.044 0.0000000000
57785  41.266  -35.449  59.151 0.0000000000
48267  20.782  -43.740  71.828 0.0000000000
48256  20.915  -44.559  72.020 0.0000000000
49219  20.336  -43.356  71.696 0.0000000000
49218  21.395  -42.970  71.330 0.0000000000
158913  21.749  -43.244  71.430 0.0000000000
68348  41.068  -25.757  56.359 0.0000000000
67265  40.364  -26.087  55.975 0.0000000000
77671  51.288  -16.057  50.444 0.0000000000
77672  50.658  -16.364  50.050 0.0000000000
148061  49.436  -22.481  55.652 0.0000000000
71566  50.644  -22.540  55.927 0.0000000000
71565  51.335  -22.776  55.662 0.0000000000
71553  50.873  -23.305  56.209 0.0000000000
56524  40.268  -36.840  62.886 0.0000000000
56513  39.719  -36.468  63.770 0.0000000000
57764  39.706  -35.865  64.091 0.0000000000
57763  40.192  -36.078  63.253 0.0000000000
57768  40.438  -35.492  62.597 0.0000000000
163814  25.934  -43.416  69.836 0.0000000000
50165  26.164  -42.370  69.476 0.0000000000
49237  26.482  -43.833  69.558 0.0000000000
48281  26.298  -44.734  69.249 0.0000000000
70568  43.808  -23.857  55.382 0.0000000000
70567  44.623  -23.717  55.460 0.0000000000
70566  45.422  -23.570  55.610 0.0000000000
70551  44.810  -23.681  56.264 0.0000000000
70532  44.966  -23.825  57.129 0.0000000000
68279  44.455  -25.795  61.536 0.0000000000
68278  45.261  -25.602  61.643 0.0000000000
67156  45.391  -26.584  61.927 0.0000000000
66018  45.715  -26.862  61.584 0.0000000000
66001  45.205  -27.410  62.047 0.0000000000
48354  37.869  -44.731  61.656 0.0000000000
47310  38.370  -45.058  61.480 0.0000000000
173918  32.654  -41.484  63.367 0.0000000000
51135  33.403  -41.366  64.007 0.0000000000
51145  33.644  -41.431  63.187 0.0000000000
169919  33.800  -41.439  64.113 0.0000000000
50256  34.311  -41.892  63.973 0.0000000000
50238  34.111  -41.897  64.391 0.0000000000
79764  55.657  -14.178  50.612 0.0000000000
79775  55.697  -14.003  49.751 0.0000000000
79763  56.295  -14.092  50.402 0.0000000000
79762  56.762  -14.368  50.128 0.0000000000
79752  56.387  -14.517  50.598 0.0000000000
154530  48.742  -19.605  52.617 0.0000000000
74530  47.876  -19.319  51.396 0.0000000000
74529  48.542  -19.043  52.080 0.0000000000
71612  50.501  -22.135  52.108 0.0000000000
52978  37.796  -40.128  61.967 0.0000000000
154728  37.775  -39.387  62.713 0.0000000000
58833  36.771  -34.505  60.199 0.0000000000
58839  36.542  -34.067  59.446 0.0000000000
169057  39.011  -30.105  61.448 0.0000000000
63775  39.473  -29.386  59.815 0.0000000000
64856  39.963  -29.158  61.546 0.0000000000
64855  40.525  -28.547  62.230 0.0000000000
158619  39.852  -28.980  62.866 0.0000000000
59789  42.047  -32.569  60.494 0.0000000000
161268  42.740  -31.957  61.215 0.0000000000
60701  42.472  -32.256  60.241 0.0000000000
61683  42.794  -31.699  60.102 0.0000000000
50155  23.584  -42.097  70.792 0.0000000000
51098  23.964  -41.944  70.452 0.0000000000
50154  24.316  -42.096  70.380 0.0000000000
144591  24.918  -42.771  70.429 0.0000000000
49229  24.880  -43.958  70.508 0.0000000000
48274  24.794  -44.683  70.276 0.0000000000
48275  24.370  -44.901  70.498 0.0000000000
68380  41.380  -25.130  55.188 0.0000000000
69462  41.368  -24.834  54.307 0.0000000000
143309  41.829  -24.654  54.969 0.0000000000
69445  42.493  -24.339  55.215 0.0000000000
145658  42.564  -24.614  56.084 0.0000000000
69411  42.557  -24.994  57.053 0.0000000000
68316  42.289  -25.427  58.055 0.0000000000
68305  43.077  -25.681  59.651 0.0000000000
67199  42.473  -26.239  59.915 0.0000000000
162184  29.223  -42.225  66.723 0.0000000000
50226  29.591  -42.073  66.125 0.0000000000
49274  31.628  -43.176  66.224 0.0000000000
50209  31.415  -41.968  66.347 0.0000000000
50208  32.283  -42.133  66.122 0.0000000000
162875  32.394  -41.183  65.794 0.0000000000
49273  32.255  -43.694  65.675 0.0000000000
48322  32.831  -44.235  65.270 0.0000000000
145728  52.713  -15.992  49.026 0.0000000000
78695  53.711  -15.250  49.595 0.0000000000
149821  53.769  -14.876  50.619 0.0000000000
78683  54.417  -14.554  51.577 0.0000000000
78684  53.396  -14.951  51.372 0.0000000000
78674  51.989  -15.712  52.505 0.0000000000
78641  53.143  -15.736  53.873 0.0000000000
157477  51.882  -15.980  53.446 0.0000000000
144048  47.284  -22.527  52.727 0.0000000000
71606  46.993  -22.358  51.872 0.0000000000
72562  48.765  -21.677  53.560 0.0000000000
73507  49.080  -20.808  53.381 0.0000000000
73506  50.025  -20.398  53.944 0.0000000000
72560  50.775  -20.837  54.636 0.0000000000
70599  51.725  -22.614  54.641 0.0000000000
71578  52.105  -22.170  55.056 0.0000000000
166814  51.777  -22.583  53.992 0.0000000000
71593  51.556  -22.471  53.427 0.0000000000
70612  50.626  -23.107  52.909 0.0000000000
54103  38.853  -38.611  63.586 0.0000000000
54104  38.349  -38.693  63.497 0.0000000000
55317  38.485  -37.700  63.857 0.0000000000
57760  37.795  -35.787  64.609 0.0000000000
56506  37.811  -36.516  64.321 0.0000000000
58816  37.190  -34.991  63.445 0.0000000000
163864  37.080  -35.131  62.415 0.0000000000
154538  37.165  -34.268  62.496 0.0000000000
59776  37.339  -33.274  62.227 0.0000000000
59768  37.318  -33.560  63.026 0.0000000000
59751  38.795  -33.264  64.970 0.0000000000
60655  37.925  -32.382  64.430 0.0000000000
60654  38.573  -32.410  64.716 0.0000000000
61649  38.549  -31.244  63.700 0.0000000000
151216  39.185  -31.733  64.365 0.0000000000
61632  39.646  -31.104  64.004 0.0000000000
60652  39.894  -32.585  64.379 0.0000000000
155258  40.266  -33.716  62.017 0.0000000000
58826  40.467  -33.542  61.284 0.0000000000
59774  40.992  -32.608  61.243 0.0000000000
58832  40.732  -34.013  60.533 0.0000000000
49276  24.652  -43.312  66.768 0.0000000000
49291  24.648  -43.506  65.420 0.0000000000
49260  25.445  -42.825  67.167 0.0000000000
50214  26.816  -42.562  67.028 0.0000000000
50230  26.142  -42.835  66.078 0.0000000000
50229  27.185  -42.589  66.059 0.0000000000
145994  28.057  -42.439  66.439 0.0000000000
70614  45.113  -23.251  52.437 0.0000000000
70602  45.775  -23.343  53.171 0.0000000000
70565  46.416  -23.437  55.616 0.0000000000
70584  46.589  -23.412  54.553 0.0000000000
70564  47.427  -23.250  56.000 0.0000000000
71567  48.186  -22.908  55.348 0.0000000000
147333  48.884  -23.223  57.528 0.0000000000
70515  47.302  -24.006  58.717 0.0000000000
70514  48.453  -23.885  58.967 0.0000000000
70502  48.470  -24.264  59.358 0.0000000000
68302  48.857  -25.688  59.265 0.0000000000
69360  48.377  -24.741  59.728 0.0000000000
69391  44.665  -24.478  58.797 0.0000000000
69408  45.085  -24.084  58.083 0.0000000000
69376  45.176  -24.698  59.783 0.0000000000
68276  46.442  -25.666  61.383 0.0000000000
69362  46.751  -25.193  60.959 0.0000000000
67181  47.118  -26.344  60.426 0.0000000000
67195  48.080  -26.781  59.711 0.0000000000
67196  47.378  -26.611  59.976 0.0000000000
49357  36.096  -43.104  60.557 0.0000000000
50303  36.769  -43.019  60.593 0.0000000000
50277  38.932  -42.754  62.013 0.0000000000
50278  38.231  -42.620  61.678 0.0000000000
48372  39.604  -44.489  60.717 0.0000000000
48378  40.200  -44.005  60.284 0.0000000000
50325  41.007  -42.577  60.509 0.0000000000
168402  40.142  -42.465  61.862 0.0000000000
51140  40.037  -41.885  62.253 0.0000000000
51141  39.723  -41.693  62.414 0.0000000000
52009  39.941  -41.003  62.635 0.0000000000
52018  40.551  -41.296  61.906 0.0000000000
52025  41.846  -39.856  60.396 0.0000000000
146870  41.230  -39.877  61.548 0.0000000000
52986  41.737  -39.270  61.018 0.0000000000
54147  41.621  -38.367  61.359 0.0000000000
54166  41.950  -38.518  60.692 0.0000000000
55354  42.093  -37.985  60.293 0.0000000000
54165  42.077  -38.672  60.020 0.0000000000
50241  30.470  -42.152  64.680 0.0000000000
50283  29.779  -42.485  62.734 0.0000000000
50258  30.638  -42.378  63.578 0.0000000000
51153  33.590  -41.422  62.126 0.0000000000
50329  34.595  -41.969  60.592 0.0000000000
50305  34.364  -42.113  61.639 0.0000000000
152870  35.251  -44.009  62.900 0.0000000000
152410  36.010  -44.523  62.264 0.0000000000
48334  33.926  -44.752  64.490 0.0000000000
46258  36.450  -46.685  61.279 0.0000000000
77683  56.706  -16.389  48.889 0.0000000000
76600  56.472  -17.291  48.276 0.0000000000
75615  55.786  -17.786  48.073 0.0000000000
77619  54.474  -15.201  53.422 0.0000000000
165356  46.630  -21.388  50.683 0.0000000000
72588  47.077  -20.604  50.765 0.0000000000
76575  48.414  -17.739  50.605 0.0000000000
76574  49.149  -17.196  50.172 0.0000000000
77660  49.683  -16.809  51.219 0.0000000000
77645  49.422  -16.891  52.074 0.0000000000
76547  50.517  -17.387  53.621 0.0000000000
76533  51.618  -17.289  54.291 0.0000000000
76532  52.338  -17.108  54.295 0.0000000000
74498  51.867  -19.647  54.592 0.0000000000
74499  51.192  -19.192  54.453 0.0000000000
168486  52.220  -20.029  54.283 0.0000000000
73529  51.247  -20.897  52.532 0.0000000000
74527  51.275  -19.959  52.715 0.0000000000
75570  52.224  -19.058  53.427 0.0000000000
74528  50.200  -19.925  51.765 0.0000000000
151235  37.720  -37.434  61.785 0.0000000000
154068  38.112  -32.124  60.990 0.0000000000
63777  37.882  -30.342  59.060 0.0000000000
64904  39.271  -28.386  57.836 0.0000000000
66069  39.631  -27.714  57.459 0.0000000000
66084  39.448  -27.434  56.698 0.0000000000
66068  40.134  -27.262  57.878 0.0000000000
67235  40.503  -26.714  57.593 0.0000000000
66057  40.583  -27.369  59.105 0.0000000000
66020  41.829  -27.583  62.007 0.0000000000
66033  41.664  -27.566  60.866 0.0000000000
66032  42.351  -27.090  61.401 0.0000000000
67172  43.117  -26.665  62.068 0.0000000000
66019  42.474  -27.151  62.449 0.0000000000
61648  41.023  -30.773  63.691 0.0000000000
62659  41.092  -29.466  63.899 0.0000000000
62676  41.590  -30.121  63.862 0.0000000000
61673  43.788  -31.459  61.867 0.0000000000
62674  43.204  -30.308  63.230 0.0000000000
62694  43.861  -30.201  62.720 0.0000000000
63717  43.875  -29.268  62.781 0.0000000000
63733  44.411  -29.612  62.332 0.0000000000
63747  44.743  -29.837  61.648 0.0000000000
62715  44.374  -30.840  61.156 0.0000000000
63774  43.044  -30.209  59.349 0.0000000000
55370  41.919  -37.503  59.787 0.0000000000
56546  41.471  -36.529  60.765 0.0000000000
50156  22.962  -42.014  71.050 0.0000000000
49216  23.319  -43.187  70.943 0.0000000000
48265  23.559  -44.274  70.898 0.0000000000
158819  22.586  -43.567  71.220 0.0000000000
47228  22.202  -45.171  71.268 0.0000000000
68364  41.504  -25.293  55.950 0.0000000000
69428  42.055  -25.032  56.278 0.0000000000
68347  41.713  -25.382  56.690 0.0000000000
68317  41.594  -25.789  57.878 0.0000000000
49258  29.398  -43.421  67.225 0.0000000000
50194  29.926  -42.569  66.797 0.0000000000
49257  30.253  -43.747  66.752 0.0000000000
160755  30.492  -44.521  66.392 0.0000000000
78697  51.948  -15.913  49.773 0.0000000000
77658  51.387  -15.953  51.494 0.0000000000
145847  48.029  -22.717  54.405 0.0000000000
72548  49.222  -21.928  54.337 0.0000000000
72547  50.304  -21.604  54.851 0.0000000000
72535  51.006  -21.969  55.534 0.0000000000
71564  51.522  -22.665  55.357 0.0000000000
55315  39.534  -37.651  63.506 0.0000000000
55316  39.024  -37.697  63.803 0.0000000000
157792  39.280  -36.905  63.926 0.0000000000
56504  38.658  -36.318  64.607 0.0000000000
57749  37.988  -35.213  64.843 0.0000000000
58800  37.726  -34.424  64.798 0.0000000000
57748  38.733  -35.274  64.786 0.0000000000
58808  39.319  -34.834  64.544 0.0000000000
58807  39.691  -34.191  64.263 0.0000000000
59762  40.077  -33.240  63.770 0.0000000000
58815  40.025  -34.369  63.551 0.0000000000
58821  40.296  -34.566  62.706 0.0000000000
151544  26.547  -41.939  68.689 0.0000000000
50182  26.722  -41.971  68.877 0.0000000000
50198  27.219  -42.029  68.251 0.0000000000
50197  27.785  -42.075  68.104 0.0000000000
50181  27.326  -42.215  68.484 0.0000000000
70605  42.573  -24.104  53.667 0.0000000000
157178  43.338  -23.864  53.744 0.0000000000
152938  44.180  -23.773  53.830 0.0000000000
163559  45.053  -23.738  53.931 0.0000000000
70585  45.837  -23.605  54.168 0.0000000000
151710  45.206  -23.686  54.784 0.0000000000
70549  46.751  -23.444  56.570 0.0000000000
173551  47.045  -23.527  57.259 0.0000000000
147789  46.376  -23.592  57.127 0.0000000000
70530  46.736  -23.785  57.805 0.0000000000
70516  46.199  -24.110  58.415 0.0000000000
68303  44.558  -25.105  60.122 0.0000000000
68291  45.242  -24.952  60.621 0.0000000000
68277  45.889  -25.563  61.607 0.0000000000
66017  46.372  -26.528  61.140 0.0000000000
66042  45.771  -26.917  60.360 0.0000000000
66030  45.759  -27.142  61.099 0.0000000000
66031  45.240  -27.698  60.720 0.0000000000
173396  45.007  -28.631  60.872 0.0000000000
166106  38.490  -43.930  61.715 0.0000000000
49334  39.155  -43.301  61.813 0.0000000000
49364  40.146  -43.894  59.367 0.0000000000
51162  41.399  -41.893  60.336 0.0000000000
158742  41.174  -41.516  61.168 0.0000000000
51184  41.536  -41.251  59.657 0.0000000000
50257  31.677  -42.021  63.264 0.0000000000
51154  32.814  -41.381  61.937 0.0000000000
52013  33.370  -41.389  62.291 0.0000000000
170139  33.732  -41.469  62.942 0.0000000000
152349  34.057  -41.620  62.456 0.0000000000
50280  34.419  -42.225  62.827 0.0000000000
50255  34.662  -42.985  63.455 0.0000000000
49318  34.627  -43.872  63.935 0.0000000000
78693  56.793  -14.947  50.293 0.0000000000
165591  55.698  -16.678  50.608 0.0000000000
77621  53.831  -16.415  53.441 0.0000000000
147363  47.618  -20.300  51.390 0.0000000000
75586  47.599  -18.790  50.805 0.0000000000
76549  48.529  -17.817  51.466 0.0000000000
153082  49.064  -17.289  52.197 0.0000000000
76548  49.568  -17.450  52.887 0.0000000000
71604  51.854  -21.637  53.198 0.0000000000
160929  52.082  -20.780  53.439 0.0000000000
172985  51.665  -21.075  52.925 0.0000000000
52019  37.899  -41.193  61.105 0.0000000000
57780  37.167  -35.833  60.860 0.0000000000
57787  36.707  -35.057  59.448 0.0000000000
62708  38.723  -30.676  61.321 0.0000000000
62717  38.528  -30.890  59.964 0.0000000000
63763  38.918  -30.455  60.458 0.0000000000
63776  38.813  -30.000  59.671 0.0000000000
147400  38.402  -29.687  58.786 0.0000000000
64896  38.873  -29.015  58.288 0.0000000000
64883  39.153  -29.217  59.082 0.0000000000
64882  39.772  -28.689  59.404 0.0000000000
64881  40.475  -28.133  59.817 0.0000000000
64869  40.625  -28.607  60.920 0.0000000000
64868  41.192  -28.114  61.486 0.0000000000
64854  41.155  -28.002  62.775 0.0000000000
60680  42.582  -31.895  62.179 0.0000000000
61664  42.976  -31.500  62.720 0.0000000000
60679  43.357  -31.734  62.068 0.0000000000
60687  43.378  -31.714  61.597 0.0000000000
61678  43.750  -31.484  61.372 0.0000000000
162193  44.094  -31.211  61.152 0.0000000000
61682  43.554  -31.421  60.742 0.0000000000
49247  24.589  -42.599  68.286 0.0000000000
50185  24.153  -42.132  69.217 0.0000000000
50184  25.197  -41.874  69.300 0.0000000000
50166  25.406  -41.948  69.682 0.0000000000
49227  25.514  -42.487  70.026 0.0000000000
47232  25.410  -44.987  69.614 0.0000000000
48273  25.237  -44.683  70.002 0.0000000000
47233  24.869  -45.114  69.957 0.0000000000
70588  42.842  -23.989  54.465 0.0000000000
70569  43.131  -23.935  55.095 0.0000000000
69427  43.683  -24.011  56.093 0.0000000000
69426  44.121  -24.030  56.730 0.0000000000
69410  43.614  -24.480  57.512 0.0000000000
69392  43.758  -24.698  58.575 0.0000000000
68304  43.758  -25.176  59.467 0.0000000000
68292  43.948  -25.588  60.539 0.0000000000
67183  43.618  -26.130  61.318 0.0000000000
47320  38.556  -45.469  61.101 0.0000000000
50243  28.782  -42.465  64.318 0.0000000000
50242  29.566  -42.246  65.024 0.0000000000
50210  30.565  -41.955  66.353 0.0000000000
51125  31.005  -41.342  66.098 0.0000000000
51130  31.189  -41.372  65.625 0.0000000000
51129  32.255  -41.106  65.485 0.0000000000
169802  32.754  -41.107  65.439 0.0000000000
50239  33.699  -41.540  64.716 0.0000000000
50222  33.877  -42.955  64.698 0.0000000000
49288  33.337  -43.703  64.982 0.0000000000
48321  33.327  -44.558  64.928 0.0000000000
46194  33.281  -45.441  64.769 0.0000000000
79754  55.270  -14.619  51.400 0.0000000000
79741  55.257  -14.812  51.707 0.0000000000
79742  54.812  -14.683  52.512 0.0000000000
78672  54.294  -14.829  53.211 0.0000000000
78673  53.169  -15.190  52.591 0.0000000000
78640  53.715  -15.529  53.795 0.0000000000
76530  53.526  -16.319  53.917 0.0000000000
76546  52.802  -17.579  54.089 0.0000000000
72589  46.511  -22.109  51.141 0.0000000000
72563  48.056  -22.170  53.073 0.0000000000
73520  47.928  -20.883  52.098 0.0000000000
73519  48.598  -20.401  52.691 0.0000000000
74514  50.169  -19.020  53.774 0.0000000000
73505  51.070  -19.978  54.499 0.0000000000
73496  52.060  -20.356  54.572 0.0000000000
72546  51.574  -21.383  55.182 0.0000000000
72545  52.131  -21.267  54.896 0.0000000000
72559  52.338  -21.186  53.813 0.0000000000
52006  38.506  -39.978  63.177 0.0000000000
54125  37.854  -38.713  63.238 0.0000000000
55330  37.603  -37.801  63.187 0.0000000000
169636  37.454  -37.146  62.691 0.0000000000
55318  37.903  -37.342  63.938 0.0000000000
56515  37.439  -36.758  63.395 0.0000000000
56525  37.365  -36.557  62.288 0.0000000000
57775  37.158  -35.722  61.753 0.0000000000
161921  36.954  -34.455  60.909 0.0000000000
59783  37.011  -33.785  60.710 0.0000000000
155922  37.147  -33.148  60.315 0.0000000000
59782  37.467  -33.007  61.197 0.0000000000
60682  37.748  -32.237  62.163 0.0000000000
171592  37.592  -32.976  64.514 0.0000000000
154595  37.776  -31.938  63.178 0.0000000000
62696  38.101  -31.453  62.605 0.0000000000
62695  38.524  -30.684  62.524 0.0000000000
63735  38.890  -30.012  62.885 0.0000000000
63723  39.298  -29.783  63.239 0.0000000000
63722  39.856  -29.260  63.436 0.0000000000
62660  39.884  -30.263  63.798 0.0000000000
146900  40.255  -30.895  63.838 0.0000000000
60668  41.060  -31.601  63.218 0.0000000000
160933  40.387  -32.275  63.792 0.0000000000
158394  40.502  -32.488  62.851 0.0000000000
60681  41.267  -32.002  62.335 0.0000000000
60689  41.699  -32.154  61.663 0.0000000000
59781  41.049  -32.974  60.692 0.0000000000
50261  27.269  -42.438  63.865 0.0000000000
50215  25.971  -42.794  66.773 0.0000000000
50245  26.448  -42.474  64.239 0.0000000000
143712  27.170  -42.458  64.894 0.0000000000
50244  28.009  -42.419  64.710 0.0000000000
172779  28.322  -42.368  65.371 0.0000000000
50227  28.652  -42.301  66.099 0.0000000000
50195  29.059  -42.400  67.167 0.0000000000
50196  28.198  -42.390  67.669 0.0000000000
49259  28.560  -43.193  67.725 0.0000000000
71607  46.465  -22.795  52.495 0.0000000000
71596  46.726  -22.985  53.281 0.0000000000
71582  46.944  -23.194  53.918 0.0000000000
71581  47.401  -23.085  54.482 0.0000000000
71555  49.168  -22.718  56.239 0.0000000000
70546  50.538  -23.690  57.013 0.0000000000
70547  49.706  -22.971  57.084 0.0000000000
151160  50.000  -23.628  57.734 0.0000000000
70512  50.011  -24.153  58.194 0.0000000000
70513  49.307  -24.058  58.833 0.0000000000
69389  46.732  -24.330  59.399 0.0000000000
69375  46.191  -24.507  60.113 0.0000000000
69374  47.119  -24.526  60.198 0.0000000000
69361  47.747  -24.756  60.189 0.0000000000
67194  48.348  -26.433  59.645 0.0000000000
50326  37.190  -42.543  60.350 0.0000000000
51152  37.813  -42.083  61.326 0.0000000000
52011  38.728  -40.717  62.822 0.0000000000
47319  39.024  -44.649  61.368 0.0000000000
48352  39.426  -43.926  61.540 0.0000000000
49333  39.684  -43.226  61.733 0.0000000000
49332  40.001  -43.177  61.655 0.0000000000
52005  39.038  -40.126  63.230 0.0000000000
52971  39.542  -40.063  63.029 0.0000000000
52957  39.534  -39.184  63.221 0.0000000000
52017  41.223  -40.715  61.403 0.0000000000
159610  40.672  -39.608  62.154 0.0000000000
54101  39.842  -38.412  63.158 0.0000000000
54124  40.467  -38.289  62.578 0.0000000000
55328  40.748  -37.545  62.338 0.0000000000
56523  40.988  -36.993  62.050 0.0000000000
143518  41.546  -37.122  61.317 0.0000000000
55388  41.524  -37.962  59.045 0.0000000000
54188  41.208  -38.774  58.656 0.0000000000
146130  28.796  -42.593  63.307 0.0000000000
163078  30.775  -42.340  62.713 0.0000000000
50328  35.596  -42.465  60.102 0.0000000000
49348  35.631  -43.377  61.316 0.0000000000
169502  34.864  -42.836  61.744 0.0000000000
47311  37.352  -45.378  61.730 0.0000000000
49303  34.140  -44.041  64.464 0.0000000000
49302  34.275  -44.663  64.162 0.0000000000
48345  34.743  -45.173  63.476 0.0000000000
47313  35.271  -45.959  62.983 0.0000000000
168898  35.582  -45.349  62.748 0.0000000000
47312  36.295  -45.700  62.311 0.0000000000
50146  19.964  -43.170  71.440 0.0000000000
76621  57.213  -18.164  47.532 0.0000000000
77622  51.356  -16.386  53.533 0.0000000000
77605  51.719  -16.705  54.105 0.0000000000
76564  52.596  -18.213  53.573 0.0000000000
75557  51.049  -18.588  54.325 0.0000000000
73516  52.341  -19.979  53.879 0.0000000000
74512  52.368  -19.212  54.171 0.0000000000
67266  39.700  -26.474  55.542 0.0000000000
54168  37.964  -38.343  61.277 0.0000000000
64905  38.610  -28.780  57.508 0.0000000000
66096  39.231  -27.119  55.930 0.0000000000
67254  39.894  -26.710  56.356 0.0000000000
67253  40.608  -26.321  56.890 0.0000000000
67234  40.982  -26.206  57.755 0.0000000000
67218  41.387  -26.168  58.581 0.0000000000
66045  41.183  -27.264  59.869 0.0000000000
67200  41.671  -26.464  59.467 0.0000000000
67184  42.815  -26.559  60.857 0.0000000000
67171  44.000  -26.255  62.105 0.0000000000
64828  40.263  -28.898  63.517 0.0000000000
64827  40.626  -28.764  63.600 0.0000000000
65990  41.611  -28.100  63.433 0.0000000000
62675  42.495  -30.290  63.581 0.0000000000
63719  42.300  -29.349  63.644 0.0000000000
65989  42.497  -27.734  63.362 0.0000000000
65988  43.391  -27.940  63.241 0.0000000000
66002  44.018  -27.322  62.736 0.0000000000
162753  44.579  -27.787  62.453 0.0000000000
64853  45.131  -28.198  61.777 0.0000000000
63760  44.898  -29.442  61.090 0.0000000000
63773  44.525  -29.192  60.564 0.0000000000
149180  43.704  -30.419  60.100 0.0000000000
157903  43.691  -29.586  59.901 0.0000000000
56536  41.050  -36.435  61.577 0.0000000000
57773  40.903  -35.699  61.013 0.0000000000
157092  40.814  -34.960  60.512 0.0000000000
152985  41.344  -36.212  59.147 0.0000000000
58838  41.203  -34.657  59.664 0.0000000000
46237  36.079  -46.647  61.893 0.0000000000
47284  33.582  -45.078  64.791 0.0000000000
47285  32.885  -45.106  65.141 0.0000000000
47303  34.314  -45.707  63.709 0.0000000000
48266  21.750  -44.214  71.550 0.0000000000
48308  31.044  -44.046  66.282 0.0000000000
48364  39.965  -43.910  61.006 0.0000000000
48365  39.441  -44.253  61.358 0.0000000000
49246  27.493  -43.264  68.689 0.0000000000
49289  32.875  -43.015  65.498 0.0000000000
49363  40.698  -43.427  59.731 0.0000000000
50143  23.072  -42.265  71.027 0.0000000000
50168  23.694  -41.907  70.011 0.0000000000
50223  33.434  -42.227  65.281 0.0000000000
50301  40.541  -42.611  61.253 0.0000000000
51116  31.793  -41.315  66.162 0.0000000000
51117  31.167  -41.387  66.169 0.0000000000
51118  30.479  -41.734  66.210 0.0000000000
51123  33.140  -41.196  65.242 0.0000000000
51134  33.828  -41.498  64.321 0.0000000000
51150  41.014  -42.151  60.982 0.0000000000
52020  33.553  -41.265  60.957 0.0000000000
52958  39.164  -39.379  63.364 0.0000000000
52960  38.159  -39.431  63.215 0.0000000000
52969  40.728  -38.855  62.215 0.0000000000
52970  40.141  -39.250  62.791 0.0000000000
52977  40.604  -40.475  62.087 0.0000000000
52985  41.945  -39.141  60.366 0.0000000000
54123  41.123  -38.233  61.979 0.0000000000
54180  41.758  -38.791  59.402 0.0000000000
55303  38.816  -36.836  64.248 0.0000000000
56505  38.191  -36.285  64.638 0.0000000000
56514  39.210  -36.264  64.426 0.0000000000
56558  41.689  -36.715  59.933 0.0000000000
57750  37.671  -35.031  64.621 0.0000000000
57757  39.669  -35.146  64.183 0.0000000000
57759  38.376  -35.906  64.799 0.0000000000
57765  37.373  -35.882  63.946 0.0000000000
58798  38.778  -34.289  64.877 0.0000000000
58799  38.211  -34.605  64.934 0.0000000000
58827  40.468  -34.691  61.938 0.0000000000
59749  39.697  -33.395  64.476 0.0000000000
59750  39.338  -33.875  64.684 0.0000000000
59752  37.592  -33.632  64.689 0.0000000000
60653  39.376  -32.523  64.671 0.0000000000
60669  37.621  -32.498  63.909 0.0000000000
60688  42.848  -31.953  61.683 0.0000000000
60696  37.279  -32.454  59.841 0.0000000000
61633  38.513  -31.747  64.176 0.0000000000
61646  43.125  -30.908  63.104 0.0000000000
61647  42.163  -31.004  63.424 0.0000000000
61662  44.069  -30.971  62.194 0.0000000000
61666  38.283  -31.250  63.222 0.0000000000
61674  38.303  -31.382  61.739 0.0000000000
62678  39.564  -29.922  63.572 0.0000000000
62679  38.848  -30.487  63.336 0.0000000000
62693  44.387  -30.360  62.123 0.0000000000
62707  44.420  -30.663  61.578 0.0000000000
62716  44.025  -30.916  60.697 0.0000000000
63707  40.604  -29.258  63.822 0.0000000000
63708  40.197  -29.445  63.732 0.0000000000
63720  41.898  -29.717  63.802 0.0000000000
63721  40.389  -29.034  63.696 0.0000000000
63732  44.832  -28.929  62.023 0.0000000000
63734  39.288  -29.557  62.862 0.0000000000
63759  44.989  -28.944  61.509 0.0000000000
64813  40.772  -29.030  63.813 0.0000000000
64824  43.480  -28.824  63.121 0.0000000000
64825  41.912  -28.571  63.649 0.0000000000
64826  41.120  -28.645  63.632 0.0000000000
64839  41.112  -28.287  63.385 0.0000000000
64894  40.026  -27.988  58.948 0.0000000000
65987  43.963  -28.324  62.802 0.0000000000
66003  43.257  -27.285  63.022 0.0000000000
66004  42.814  -27.126  62.886 0.0000000000
66058  39.797  -27.909  58.201 0.0000000000
67157  44.400  -26.590  62.351 0.0000000000
67168  47.041  -25.837  60.888 0.0000000000
67169  46.638  -26.162  61.210 0.0000000000
67180  47.724  -26.158  60.171 0.0000000000
67212  48.365  -27.073  59.160 0.0000000000
67219  40.672  -26.807  58.369 0.0000000000
68264  45.434  -26.008  61.878 0.0000000000
68288  48.146  -25.498  60.019 0.0000000000
68290  45.741  -25.106  61.226 0.0000000000
69363  46.464  -24.839  60.804 0.0000000000
69364  45.800  -24.754  60.620 0.0000000000
69373  47.762  -24.476  59.941 0.0000000000
69407  50.313  -24.783  57.918 0.0000000000
69444  43.133  -24.138  55.749 0.0000000000
70581  51.403  -22.915  55.302 0.0000000000
71577  52.334  -21.475  54.473 0.0000000000
72558  52.342  -20.741  54.341 0.0000000000
72573  51.208  -21.569  52.535 0.0000000000
74497  52.192  -19.448  54.361 0.0000000000
77601  54.090  -15.409  53.738 0.0000000000
77602  53.735  -15.775  53.865 0.0000000000
77603  53.229  -15.977  54.015 0.0000000000
77604  52.401  -16.214  54.041 0.0000000000
77684  55.983  -16.759  49.396 0.0000000000
78659  54.229  -15.150  53.600 0.0000000000
78660  53.658  -15.341  53.628 0.0000000000
79731  54.575  -14.944  53.278 0.0000000000
143802  33.114  -41.049  65.027 0.0000000000
145896  37.272  -34.127  63.461 0.0000000000
146475  24.984  -42.025  70.125 0.0000000000
146754  37.436  -35.238  64.296 0.0000000000
147729  45.405  -27.550  61.554 0.0000000000
148268  44.267  -24.309  58.113 0.0000000000
148488  44.823  -26.961  62.324 0.0000000000
150261  37.907  -33.026  64.909 0.0000000000
150731  42.813  -28.661  63.446 0.0000000000
150780  56.429  -15.977  49.951 0.0000000000
152912  41.606  -40.120  60.976 0.0000000000
156421  44.621  -30.309  61.216 0.0000000000
158430  33.329  -44.854  64.958 0.0000000000
160104  37.020  -34.870  61.537 0.0000000000
160425  41.876  -37.799  61.017 0.0000000000
160887  39.859  -31.817  64.286 0.0000000000
161863  22.527  -42.298  71.041 0.0000000000
164613  44.868  -28.180  62.184 0.0000000000
165114  49.629  -25.374  58.712 0.0000000000
165323  24.063  -42.830  70.715 0.0000000000
166597  47.183  -24.751  60.454 0.0000000000
166649  37.366  -33.392  63.967 0.0000000000
167536  22.745  -44.504  71.140 0.0000000000
170695  42.562  -32.052  60.829 0.0000000000
170787  44.990  -26.392  62.095 0.0000000000
171107  43.630  -30.805  62.778 0.0000000000
171845  39.778  -37.036  63.480 0.0000000000
172842  42.643  -29.885  63.566 0.0000000000
172862  37.059  -35.402  61.180 0.0000000000
173099  34.807  -44.516  63.507 0.0000000000
173143  36.796  -33.755  60.074 0.0000000000
173229  41.852  -25.783  58.372 0.0000000000
173612  38.942  -35.974  64.744 0.0000000000
