#!ascii label  , from subject sub-v2s18x29506_ses-1 vox2ras=TkReg
558
84389  20.878  -9.964  -15.990 0.0000000000
142660  27.931  -1.595  -16.047 0.0000000000
101586  26.693  7.094  -21.799 0.0000000000
142972  24.796  2.274  -17.625 0.0000000000
79467  22.980  -15.188  -15.464 0.0000000000
84372  25.805  -11.131  -15.048 0.0000000000
89321  25.442  -5.127  -18.536 0.0000000000
142700  23.787  0.478  -21.669 0.0000000000
142840  27.283  3.223  -17.918 0.0000000000
104500  27.304  10.488  -18.274 0.0000000000
105424  21.941  11.519  -24.298 0.0000000000
82577  21.805  -12.366  -15.884 0.0000000000
82557  24.918  -13.192  -14.909 0.0000000000
84406  24.371  -11.020  -16.955 0.0000000000
143033  21.100  -1.887  -20.156 0.0000000000
142994  20.857  0.462  -19.321 0.0000000000
142954  25.845  4.285  -20.695 0.0000000000
142751  25.980  3.646  -18.001 0.0000000000
100507  26.839  5.913  -19.275 0.0000000000
142695  27.536  7.284  -17.680 0.0000000000
146955  27.151  8.873  -20.642 0.0000000000
106234  21.630  11.987  -20.094 0.0000000000
104523  22.323  10.458  -20.845 0.0000000000
107109  23.869  13.238  -22.405 0.0000000000
90258  27.594  -3.864  -18.473 0.0000000000
170831  27.580  -6.329  -16.490 0.0000000000
91194  28.061  -3.784  -15.317 0.0000000000
148432  24.150  6.793  -21.623 0.0000000000
163174  28.689  0.485  -14.920 0.0000000000
88328  20.350  -6.748  -16.534 0.0000000000
87340  23.353  -7.683  -17.458 0.0000000000
89323  22.680  -4.802  -18.589 0.0000000000
150062  24.837  -2.842  -19.655 0.0000000000
143093  27.626  -0.419  -18.965 0.0000000000
163133  23.834  -0.062  -17.048 0.0000000000
142838  26.192  2.883  -19.815 0.0000000000
164853  27.969  1.135  -16.846 0.0000000000
143049  28.632  3.121  -15.361 0.0000000000
102581  21.823  8.785  -22.175 0.0000000000
103644  25.416  9.518  -23.965 0.0000000000
107966  22.195  14.456  -26.176 0.0000000000
105445  24.994  11.868  -26.366 0.0000000000
104562  26.585  10.845  -23.455 0.0000000000
107096  26.340  12.703  -21.093 0.0000000000
86326  25.841  -8.991  -17.159 0.0000000000
85332  19.673  -9.404  -15.357 0.0000000000
83495  20.208  -11.037  -15.025 0.0000000000
83515  21.928  -11.099  -16.188 0.0000000000
83514  22.868  -11.497  -16.478 0.0000000000
84408  22.570  -10.583  -16.570 0.0000000000
100523  25.793  5.804  -21.407 0.0000000000
99567  26.631  4.393  -20.095 0.0000000000
152701  26.917  6.320  -20.613 0.0000000000
101564  27.036  7.166  -20.347 0.0000000000
144854  27.349  8.717  -21.397 0.0000000000
151609  23.252  14.933  -20.976 0.0000000000
107097  23.739  12.815  -21.293 0.0000000000
146894  23.755  14.872  -21.782 0.0000000000
142685  27.968  -2.136  -17.613 0.0000000000
160828  27.697  -3.890  -16.770 0.0000000000
149078  28.177  -2.753  -15.398 0.0000000000
99584  23.119  5.060  -20.682 0.0000000000
100524  21.779  6.157  -21.184 0.0000000000
80468  21.681  -14.358  -15.369 0.0000000000
79451  21.732  -15.922  -15.004 0.0000000000
78434  23.730  -15.975  -14.326 0.0000000000
79434  24.410  -15.522  -13.972 0.0000000000
83470  25.605  -11.962  -14.841 0.0000000000
82544  25.746  -12.804  -13.449 0.0000000000
88344  21.457  -6.182  -17.449 0.0000000000
90251  21.164  -3.961  -18.212 0.0000000000
142922  22.537  0.066  -21.279 0.0000000000
142726  22.773  -2.583  -20.212 0.0000000000
143026  24.346  -0.555  -21.209 0.0000000000
142708  26.079  -1.505  -20.085 0.0000000000
142901  25.590  0.429  -21.093 0.0000000000
168508  22.781  0.202  -17.095 0.0000000000
142888  24.054  0.494  -17.180 0.0000000000
143031  26.989  2.993  -17.955 0.0000000000
142830  25.188  1.917  -17.509 0.0000000000
142642  26.972  2.446  -18.196 0.0000000000
142603  27.366  1.744  -17.900 0.0000000000
142940  27.639  1.904  -17.418 0.0000000000
143012  28.187  1.740  -16.350 0.0000000000
142902  27.955  3.168  -16.883 0.0000000000
142696  27.212  8.923  -18.237 0.0000000000
165006  27.987  7.194  -16.463 0.0000000000
105410  22.447  10.433  -22.413 0.0000000000
103623  21.293  9.125  -21.776 0.0000000000
104548  22.605  10.426  -22.746 0.0000000000
102597  23.790  9.027  -22.309 0.0000000000
146626  24.006  10.631  -24.462 0.0000000000
105435  25.713  11.417  -25.230 0.0000000000
106241  26.839  12.576  -23.264 0.0000000000
163354  26.874  11.703  -21.883 0.0000000000
88341  24.615  -6.466  -17.747 0.0000000000
143668  24.296  -8.022  -17.404 0.0000000000
87338  25.742  -7.317  -17.526 0.0000000000
160974  27.929  -6.180  -15.027 0.0000000000
87314  27.400  -7.529  -15.846 0.0000000000
81531  20.841  -13.589  -15.249 0.0000000000
81529  22.567  -13.912  -15.763 0.0000000000
80466  24.184  -14.462  -15.226 0.0000000000
81550  23.690  -13.424  -16.145 0.0000000000
83493  24.762  -12.189  -16.021 0.0000000000
83511  25.614  -10.922  -15.968 0.0000000000
143041  19.953  -1.244  -18.538 0.0000000000
142967  21.086  -0.721  -20.160 0.0000000000
163176  23.165  0.912  -20.528 0.0000000000
142965  24.333  3.992  -18.343 0.0000000000
142866  25.149  0.940  -16.506 0.0000000000
143307  25.608  4.907  -18.848 0.0000000000
142676  27.130  3.591  -18.879 0.0000000000
142681  27.404  3.834  -17.963 0.0000000000
163206  27.917  4.042  -17.076 0.0000000000
101549  27.089  6.646  -18.442 0.0000000000
102538  27.100  7.799  -18.526 0.0000000000
103593  26.617  10.184  -19.663 0.0000000000
104511  19.634  11.000  -19.899 0.0000000000
105394  22.295  11.008  -20.442 0.0000000000
105402  23.837  11.112  -21.442 0.0000000000
106249  21.051  12.794  -23.733 0.0000000000
89329  26.110  -4.950  -18.753 0.0000000000
88339  26.694  -6.199  -17.893 0.0000000000
89300  27.196  -5.653  -17.785 0.0000000000
89288  27.810  -5.208  -15.978 0.0000000000
142968  24.018  2.648  -17.734 0.0000000000
163151  23.645  3.750  -20.916 0.0000000000
98620  24.775  5.241  -21.273 0.0000000000
101587  25.608  6.964  -22.381 0.0000000000
80433  25.079  -14.150  -13.461 0.0000000000
142921  28.257  -0.687  -15.712 0.0000000000
143097  28.488  -1.836  -15.013 0.0000000000
85346  20.681  -8.622  -16.159 0.0000000000
86327  22.040  -8.871  -16.895 0.0000000000
87342  21.861  -7.110  -17.224 0.0000000000
88356  22.934  -5.855  -18.044 0.0000000000
153448  23.519  -5.093  -18.440 0.0000000000
90263  21.854  -3.736  -19.373 0.0000000000
172111  23.021  -3.921  -19.486 0.0000000000
90271  24.858  -4.281  -19.160 0.0000000000
142957  26.518  -3.153  -19.402 0.0000000000
150211  27.589  -2.143  -18.981 0.0000000000
142661  27.845  -1.121  -18.006 0.0000000000
142747  22.617  0.915  -20.157 0.0000000000
142964  24.123  1.620  -20.677 0.0000000000
163111  24.725  0.803  -17.186 0.0000000000
163247  25.833  2.722  -19.799 0.0000000000
163235  25.607  2.183  -20.060 0.0000000000
142602  26.977  1.148  -19.577 0.0000000000
142937  27.692  0.071  -18.184 0.0000000000
142991  27.914  -0.337  -16.958 0.0000000000
142956  28.341  0.325  -15.856 0.0000000000
145632  28.573  1.752  -15.282 0.0000000000
142942  28.582  5.203  -15.971 0.0000000000
170032  22.762  7.539  -21.718 0.0000000000
102579  24.186  8.145  -22.160 0.0000000000
102595  25.476  8.159  -23.122 0.0000000000
107960  22.240  14.203  -25.118 0.0000000000
106259  22.166  13.045  -25.367 0.0000000000
107124  22.796  13.453  -26.169 0.0000000000
105437  23.532  11.037  -26.183 0.0000000000
104572  25.302  10.783  -25.185 0.0000000000
104563  25.791  10.166  -24.103 0.0000000000
103633  26.919  9.470  -22.609 0.0000000000
104534  27.530  10.034  -21.821 0.0000000000
104522  26.978  10.457  -20.781 0.0000000000
157578  26.622  11.817  -19.918 0.0000000000
85343  23.981  -9.558  -17.309 0.0000000000
150856  24.702  -10.166  -17.190 0.0000000000
85330  25.968  -10.179  -16.347 0.0000000000
87325  26.602  -7.819  -17.065 0.0000000000
86301  27.042  -9.001  -15.504 0.0000000000
85331  20.446  -9.334  -15.845 0.0000000000
84390  20.244  -10.131  -15.521 0.0000000000
83494  20.984  -10.827  -15.810 0.0000000000
84409  21.666  -10.245  -16.242 0.0000000000
100537  26.709  6.400  -21.250 0.0000000000
101574  27.225  7.120  -21.147 0.0000000000
102565  27.323  7.954  -20.953 0.0000000000
102578  27.118  7.892  -21.677 0.0000000000
108761  23.559  15.749  -21.309 0.0000000000
142668  27.811  -2.400  -16.462 0.0000000000
79468  22.153  -15.218  -15.312 0.0000000000
79450  22.660  -15.939  -15.148 0.0000000000
79449  23.360  -15.651  -15.016 0.0000000000
79448  24.047  -15.225  -14.782 0.0000000000
83457  25.723  -12.333  -14.071 0.0000000000
83456  26.113  -11.478  -14.042 0.0000000000
84357  26.709  -10.734  -13.555 0.0000000000
90241  20.634  -4.430  -17.309 0.0000000000
142938  23.272  -0.421  -21.330 0.0000000000
163208  24.944  0.569  -21.579 0.0000000000
142979  25.486  -0.224  -21.119 0.0000000000
163097  24.876  1.207  -17.279 0.0000000000
142628  27.042  2.916  -18.174 0.0000000000
142629  27.549  2.387  -17.512 0.0000000000
142955  27.764  2.779  -17.176 0.0000000000
152615  27.339  9.762  -18.024 0.0000000000
103566  27.597  9.365  -17.296 0.0000000000
145754  21.647  10.720  -23.228 0.0000000000
103621  22.207  9.913  -22.506 0.0000000000
104565  22.679  11.036  -23.677 0.0000000000
104547  24.082  10.482  -23.361 0.0000000000
157363  26.487  12.948  -23.906 0.0000000000
88354  25.114  -5.695  -18.143 0.0000000000
155494  25.509  -6.436  -17.814 0.0000000000
162243  28.072  -6.514  -13.815 0.0000000000
88293  27.803  -6.684  -14.485 0.0000000000
82578  21.042  -12.234  -15.551 0.0000000000
156229  20.683  -12.771  -15.295 0.0000000000
145958  21.365  -12.935  -15.583 0.0000000000
81530  21.730  -13.567  -15.554 0.0000000000
82576  22.203  -13.091  -15.876 0.0000000000
81551  23.020  -13.307  -16.154 0.0000000000
82599  22.710  -12.459  -16.245 0.0000000000
83513  23.729  -11.498  -16.727 0.0000000000
82598  23.541  -12.161  -16.473 0.0000000000
147482  24.276  -11.842  -16.504 0.0000000000
83512  24.985  -11.407  -16.372 0.0000000000
163265  20.011  0.115  -18.898 0.0000000000
142741  20.522  -0.498  -19.176 0.0000000000
143299  21.256  0.107  -19.797 0.0000000000
142735  21.886  0.253  -20.544 0.0000000000
142899  21.935  0.585  -19.753 0.0000000000
163154  24.972  5.158  -19.443 0.0000000000
163103  24.261  4.653  -18.683 0.0000000000
163162  25.614  4.682  -20.669 0.0000000000
162071  26.917  5.040  -19.529 0.0000000000
99560  26.900  4.588  -19.303 0.0000000000
170071  26.987  4.817  -18.907 0.0000000000
163107  27.276  4.104  -18.268 0.0000000000
142692  27.211  4.635  -18.412 0.0000000000
142693  27.477  5.424  -17.743 0.0000000000
100506  27.085  5.491  -18.501 0.0000000000
102554  26.867  8.264  -19.961 0.0000000000
102539  26.748  7.763  -19.401 0.0000000000
103594  26.647  9.236  -19.681 0.0000000000
103581  26.664  8.628  -19.070 0.0000000000
106223  21.883  12.822  -20.037 0.0000000000
105386  20.746  12.124  -19.657 0.0000000000
105395  20.853  11.361  -20.214 0.0000000000
106233  22.789  11.787  -20.430 0.0000000000
107102  23.957  12.772  -21.808 0.0000000000
106231  23.986  11.919  -21.354 0.0000000000
106242  23.796  12.167  -22.132 0.0000000000
106243  21.450  12.190  -22.655 0.0000000000
162643  23.209  12.847  -22.963 0.0000000000
171793  27.144  -4.588  -18.632 0.0000000000
89311  26.877  -5.191  -18.443 0.0000000000
90250  27.392  -4.683  -18.099 0.0000000000
90228  27.771  -4.270  -16.051 0.0000000000
90215  28.065  -4.673  -15.219 0.0000000000
89277  28.045  -5.517  -15.130 0.0000000000
163143  22.534  4.342  -18.508 0.0000000000
142855  23.431  4.412  -18.580 0.0000000000
163128  22.793  3.926  -20.405 0.0000000000
99602  23.409  5.811  -21.024 0.0000000000
98621  24.068  5.314  -20.968 0.0000000000
173328  24.460  6.223  -21.532 0.0000000000
100538  25.074  6.369  -21.961 0.0000000000
81527  24.325  -13.711  -15.512 0.0000000000
81509  24.585  -13.948  -14.840 0.0000000000
80448  24.978  -13.704  -14.168 0.0000000000
81485  25.523  -13.779  -12.829 0.0000000000
142644  28.620  -0.407  -14.826 0.0000000000
87327  19.903  -7.296  -16.174 0.0000000000
87326  20.583  -7.436  -16.454 0.0000000000
169550  21.252  -7.654  -16.729 0.0000000000
88327  21.043  -6.871  -16.854 0.0000000000
89312  22.032  -5.399  -17.991 0.0000000000
88343  22.177  -6.309  -17.655 0.0000000000
91234  20.844  -2.685  -19.562 0.0000000000
91226  21.146  -3.562  -19.213 0.0000000000
91233  21.447  -2.879  -19.813 0.0000000000
142723  23.539  -3.025  -19.893 0.0000000000
170184  23.076  -3.529  -19.770 0.0000000000
142722  24.311  -3.482  -19.549 0.0000000000
90272  23.790  -3.922  -19.387 0.0000000000
144458  25.164  -3.828  -19.383 0.0000000000
167758  25.849  -3.947  -19.358 0.0000000000
142715  25.603  -2.857  -19.615 0.0000000000
142699  26.493  -0.453  -20.475 0.0000000000
143138  26.988  -1.869  -19.644 0.0000000000
142698  27.366  -1.115  -19.501 0.0000000000
142962  27.817  -1.688  -18.553 0.0000000000
143036  22.536  1.717  -17.473 0.0000000000
163112  23.933  -0.137  -17.394 0.0000000000
164656  25.960  2.457  -18.657 0.0000000000
163194  25.053  1.136  -17.143 0.0000000000
163093  25.024  2.128  -20.508 0.0000000000
142834  26.337  1.993  -19.251 0.0000000000
142961  27.445  1.242  -18.239 0.0000000000
163225  27.956  0.563  -16.899 0.0000000000
143013  28.308  1.105  -16.128 0.0000000000
143584  28.216  2.277  -16.268 0.0000000000
142636  28.689  2.486  -15.114 0.0000000000
142673  28.701  3.625  -15.126 0.0000000000
142667  28.118  5.887  -17.068 0.0000000000
142857  28.291  5.159  -16.807 0.0000000000
163239  27.859  6.807  -17.026 0.0000000000
144148  20.286  10.083  -20.592 0.0000000000
103607  20.899  9.463  -20.938 0.0000000000
102566  20.536  8.659  -21.068 0.0000000000
102582  21.239  8.297  -21.464 0.0000000000
101590  21.193  7.309  -21.317 0.0000000000
159843  21.968  7.887  -21.762 0.0000000000
103634  24.546  9.432  -23.090 0.0000000000
102596  24.802  8.400  -23.019 0.0000000000
102611  25.472  8.813  -23.415 0.0000000000
108773  23.151  15.472  -24.226 0.0000000000
107116  21.662  13.531  -24.744 0.0000000000
147558  22.295  14.031  -25.618 0.0000000000
107131  25.171  12.709  -25.945 0.0000000000
107123  23.777  13.679  -26.138 0.0000000000
107132  23.984  12.645  -26.494 0.0000000000
106269  23.030  12.467  -26.315 0.0000000000
105446  23.966  11.461  -26.645 0.0000000000
104573  24.443  10.642  -25.856 0.0000000000
105436  25.166  11.059  -26.295 0.0000000000
105423  26.201  11.443  -24.055 0.0000000000
104571  25.830  10.925  -24.404 0.0000000000
103642  26.497  9.995  -23.225 0.0000000000
104546  27.171  10.432  -22.605 0.0000000000
103620  27.417  9.310  -21.827 0.0000000000
106230  26.459  12.378  -21.483 0.0000000000
106222  26.452  11.731  -20.803 0.0000000000
105385  26.593  11.098  -19.862 0.0000000000
86342  22.697  -8.391  -17.255 0.0000000000
85356  22.940  -9.246  -17.185 0.0000000000
86341  23.602  -8.639  -17.332 0.0000000000
157208  25.228  -8.274  -17.308 0.0000000000
85342  25.006  -9.295  -17.241 0.0000000000
85341  25.560  -9.810  -16.969 0.0000000000
85340  26.256  -9.431  -16.679 0.0000000000
88325  27.242  -6.518  -17.127 0.0000000000
88326  26.654  -6.978  -17.406 0.0000000000
87324  27.103  -7.370  -16.748 0.0000000000
86300  27.363  -8.452  -14.678 0.0000000000
86314  27.275  -8.179  -15.437 0.0000000000
85316  26.657  -9.768  -14.937 0.0000000000
149090  21.437  -11.656  -15.849 0.0000000000
82600  22.134  -11.821  -16.152 0.0000000000
84407  23.467  -10.865  -16.880 0.0000000000
99583  25.870  5.035  -20.853 0.0000000000
99582  26.446  4.794  -20.416 0.0000000000
100514  26.830  5.325  -20.126 0.0000000000
157979  26.929  6.254  -20.065 0.0000000000
107938  22.579  14.489  -20.347 0.0000000000
107098  22.900  12.954  -20.602 0.0000000000
153466  23.287  13.860  -21.016 0.0000000000
107947  23.901  13.822  -21.744 0.0000000000
107954  23.758  14.302  -22.585 0.0000000000
91225  28.016  -2.898  -18.306 0.0000000000
157502  27.820  -3.866  -17.782 0.0000000000
91212  27.868  -3.117  -17.151 0.0000000000
91195  27.768  -3.374  -16.140 0.0000000000
99585  22.444  5.708  -20.909 0.0000000000
99603  22.774  6.306  -21.234 0.0000000000
80451  20.760  -14.443  -15.037 0.0000000000
159197  20.352  -14.971  -14.613 0.0000000000
80450  21.200  -15.137  -15.047 0.0000000000
79452  20.790  -15.773  -14.625 0.0000000000
78418  23.528  -16.715  -13.876 0.0000000000
78417  24.163  -16.237  -13.579 0.0000000000
159883  24.631  -15.789  -13.155 0.0000000000
82574  25.125  -12.438  -15.337 0.0000000000
82556  25.432  -13.034  -14.152 0.0000000000
166256  25.392  -12.607  -14.675 0.0000000000
171579  20.175  -6.153  -16.585 0.0000000000
88345  20.765  -6.111  -16.987 0.0000000000
89301  20.418  -5.429  -16.879 0.0000000000
89313  21.219  -5.137  -17.663 0.0000000000
89324  21.816  -4.369  -18.673 0.0000000000
142845  21.694  -0.791  -20.737 0.0000000000
91240  21.857  -2.163  -20.276 0.0000000000
163223  22.510  -1.187  -20.876 0.0000000000
142725  23.419  -1.686  -20.556 0.0000000000
142724  24.208  -2.201  -20.057 0.0000000000
142716  25.101  -1.597  -20.255 0.0000000000
142690  27.101  0.043  -19.904 0.0000000000
142663  26.041  2.988  -19.167 0.0000000000
163165  26.090  2.968  -18.506 0.0000000000
163098  26.721  2.400  -18.401 0.0000000000
163113  26.731  1.965  -18.974 0.0000000000
163210  28.312  2.853  -16.149 0.0000000000
143091  27.545  8.296  -17.567 0.0000000000
142992  27.718  7.720  -16.854 0.0000000000
142697  27.675  8.659  -16.615 0.0000000000
104535  22.445  10.359  -21.636 0.0000000000
103606  21.564  9.773  -21.579 0.0000000000
104536  21.874  10.116  -21.998 0.0000000000
102598  22.373  9.219  -22.426 0.0000000000
103635  23.131  9.768  -22.577 0.0000000000
106258  25.803  11.875  -25.775 0.0000000000
153158  26.291  12.118  -24.326 0.0000000000
105408  26.956  11.812  -23.339 0.0000000000
105401  27.216  11.326  -22.651 0.0000000000
106238  27.020  12.135  -22.564 0.0000000000
88342  23.639  -6.649  -17.692 0.0000000000
168365  24.168  -7.253  -17.558 0.0000000000
87339  24.953  -7.287  -17.503 0.0000000000
86340  26.067  -8.114  -17.260 0.0000000000
147895  27.809  -6.106  -15.855 0.0000000000
88315  27.516  -6.798  -16.254 0.0000000000
88306  27.662  -6.810  -15.346 0.0000000000
87304  27.520  -7.551  -14.785 0.0000000000
80467  23.227  -14.459  -15.712 0.0000000000
79466  23.612  -14.845  -15.387 0.0000000000
165360  23.344  -13.876  -15.992 0.0000000000
81528  23.829  -14.075  -15.824 0.0000000000
81549  24.110  -13.447  -16.032 0.0000000000
82597  24.104  -12.749  -16.285 0.0000000000
82575  24.542  -12.950  -15.708 0.0000000000
83492  25.360  -11.698  -15.658 0.0000000000
143099  20.463  -1.814  -19.386 0.0000000000
142752  24.768  3.883  -18.143 0.0000000000
142654  25.281  3.931  -17.998 0.0000000000
143067  26.664  4.226  -19.783 0.0000000000
142720  26.754  4.224  -19.305 0.0000000000
142713  26.781  3.112  -18.981 0.0000000000
142853  27.311  3.441  -17.971 0.0000000000
142833  27.786  4.347  -17.332 0.0000000000
142694  27.485  6.280  -17.661 0.0000000000
101550  26.728  6.932  -19.291 0.0000000000
163889  26.749  9.723  -18.837 0.0000000000
104524  21.414  10.344  -20.650 0.0000000000
106232  23.732  11.735  -20.828 0.0000000000
146936  23.416  10.919  -20.726 0.0000000000
105403  23.674  10.780  -21.168 0.0000000000
105409  22.378  11.402  -22.453 0.0000000000
105411  20.956  11.122  -23.113 0.0000000000
105412  20.705  11.672  -23.650 0.0000000000
89320  26.048  -5.303  -18.551 0.0000000000
88353  25.903  -5.763  -18.290 0.0000000000
89319  26.386  -5.315  -18.525 0.0000000000
172799  26.650  -5.649  -18.277 0.0000000000
167115  27.565  -5.807  -16.719 0.0000000000
90240  27.521  -4.775  -16.994 0.0000000000
142739  23.835  3.682  -18.173 0.0000000000
142865  23.991  4.316  -20.670 0.0000000000
142871  24.811  3.958  -20.996 0.0000000000
142730  23.354  4.084  -20.722 0.0000000000
143056  24.401  3.840  -21.016 0.0000000000
98601  25.204  4.575  -21.111 0.0000000000
149123  25.994  6.495  -21.824 0.0000000000
80449  24.627  -14.618  -14.312 0.0000000000
81495  25.430  -13.442  -13.502 0.0000000000
163205  28.610  -1.174  -14.669 0.0000000000
85345  21.315  -9.305  -16.332 0.0000000000
86328  21.325  -8.421  -16.573 0.0000000000
86343  21.919  -8.041  -17.022 0.0000000000
87341  22.498  -7.661  -17.323 0.0000000000
143677  22.737  -6.904  -17.546 0.0000000000
88355  24.068  -5.736  -18.065 0.0000000000
89322  24.423  -5.012  -18.496 0.0000000000
148240  20.574  -3.396  -17.682 0.0000000000
90273  22.372  -3.399  -19.781 0.0000000000
165422  22.530  -4.125  -19.224 0.0000000000
90262  23.484  -4.369  -18.960 0.0000000000
90261  24.652  -4.534  -18.897 0.0000000000
90260  25.564  -4.804  -18.777 0.0000000000
90270  25.662  -4.520  -19.067 0.0000000000
90269  26.282  -4.419  -19.113 0.0000000000
90268  27.022  -4.080  -19.003 0.0000000000
142707  27.445  -3.034  -19.002 0.0000000000
143000  27.840  -1.288  -17.071 0.0000000000
166114  20.954  0.640  -19.219 0.0000000000
163246  24.512  1.287  -20.949 0.0000000000
163089  24.317  0.667  -17.410 0.0000000000
163108  25.226  1.246  -20.806 0.0000000000
163209  26.300  0.884  -20.491 0.0000000000
170206  27.229  1.269  -18.924 0.0000000000
142641  28.538  1.208  -15.399 0.0000000000
163179  28.893  1.135  -14.553 0.0000000000
163248  27.990  3.635  -16.890 0.0000000000
142949  28.286  4.008  -16.391 0.0000000000
163188  28.538  6.066  -16.226 0.0000000000
143047  28.648  4.203  -14.979 0.0000000000
100540  22.110  6.915  -21.478 0.0000000000
101589  23.216  6.906  -21.514 0.0000000000
102580  22.788  8.343  -22.136 0.0000000000
159181  23.717  7.548  -21.753 0.0000000000
101601  25.016  7.633  -22.860 0.0000000000
102594  26.248  7.791  -22.543 0.0000000000
108768  23.583  15.388  -22.637 0.0000000000
144110  23.157  14.671  -23.894 0.0000000000
107110  23.001  13.696  -23.666 0.0000000000
107117  21.087  12.656  -24.347 0.0000000000
105439  21.474  11.879  -24.437 0.0000000000
145029  22.606  14.109  -26.262 0.0000000000
105447  22.714  11.836  -26.043 0.0000000000
105438  22.515  11.596  -25.194 0.0000000000
104574  23.144  10.891  -25.233 0.0000000000
104564  25.092  10.278  -24.699 0.0000000000
103643  26.056  9.345  -23.422 0.0000000000
163359  26.245  8.628  -22.993 0.0000000000
143805  27.008  8.629  -22.202 0.0000000000
103605  27.376  9.516  -21.169 0.0000000000
105392  27.227  10.926  -21.809 0.0000000000
147109  26.867  9.657  -20.338 0.0000000000
104501  26.741  10.751  -19.026 0.0000000000
107095  26.862  13.260  -20.610 0.0000000000
107086  26.716  12.441  -20.304 0.0000000000
105384  26.900  11.609  -19.195 0.0000000000
105376  27.375  11.342  -18.484 0.0000000000
85344  22.286  -9.732  -16.693 0.0000000000
152363  23.202  -10.096  -17.075 0.0000000000
170016  23.967  -10.398  -17.241 0.0000000000
166331  24.446  -8.778  -17.312 0.0000000000
84405  25.236  -10.616  -16.702 0.0000000000
84388  26.175  -10.387  -15.482 0.0000000000
88340  26.169  -6.487  -17.848 0.0000000000
87337  26.244  -7.348  -17.436 0.0000000000
87315  26.995  -8.282  -16.347 0.0000000000
86325  26.472  -8.665  -16.875 0.0000000000
85329  26.568  -9.689  -15.953 0.0000000000
84371  26.361  -10.555  -14.491 0.0000000000
88352  26.287  -5.738  -18.299 0.0000000000
90259  26.593  -4.846  -18.776 0.0000000000
98602  24.584  4.843  -21.060 0.0000000000
98603  22.095  5.076  -20.596 0.0000000000
99601  24.967  5.738  -21.584 0.0000000000
100522  26.552  5.584  -20.727 0.0000000000
100539  23.740  6.344  -21.305 0.0000000000
101588  24.630  7.164  -22.238 0.0000000000
103622  21.793  9.482  -22.277 0.0000000000
104549  21.173  11.307  -23.575 0.0000000000
105393  24.033  11.124  -20.934 0.0000000000
105425  20.858  11.778  -23.977 0.0000000000
106221  27.207  12.380  -19.466 0.0000000000
106244  20.502  11.935  -23.450 0.0000000000
106250  20.704  12.017  -23.900 0.0000000000
106260  21.803  12.210  -24.845 0.0000000000
106261  20.867  12.046  -24.190 0.0000000000
107087  21.954  13.860  -19.977 0.0000000000
142721  25.162  3.963  -20.957 0.0000000000
142731  21.342  -2.317  -20.126 0.0000000000
142749  26.148  4.205  -17.976 0.0000000000
142832  23.176  5.028  -19.458 0.0000000000
142900  28.287  4.519  -16.593 0.0000000000
142929  28.241  6.551  -16.568 0.0000000000
143008  24.048  4.611  -20.876 0.0000000000
143043  27.257  3.031  -19.093 0.0000000000
143045  27.687  4.878  -17.525 0.0000000000
143057  26.937  4.465  -18.892 0.0000000000
143355  24.715  4.229  -21.070 0.0000000000
150239  26.744  -9.069  -16.332 0.0000000000
161745  25.893  4.261  -20.673 0.0000000000
162037  24.265  5.833  -21.269 0.0000000000
162236  22.444  14.697  -25.234 0.0000000000
163122  28.390  3.475  -16.096 0.0000000000
165988  25.307  5.239  -21.281 0.0000000000
170924  22.558  -14.648  -15.548 0.0000000000
171003  22.660  13.825  -20.514 0.0000000000
171834  23.437  -12.847  -16.314 0.0000000000
171932  20.809  -8.028  -16.388 0.0000000000
173695  24.348  10.900  -26.463 0.0000000000
