#!ascii label  , from subject sub-v2s18x29509_ses-1 vox2ras=TkReg
900
42747  -16.929  -42.877  68.111 0.0000000000
58768  -44.684  -27.161  65.976 0.0000000000
64616  -46.966  -21.910  60.510 0.0000000000
65646  -55.330  -21.432  55.505 0.0000000000
54461  -43.243  -31.946  66.075 0.0000000000
63541  -51.725  -23.471  58.610 0.0000000000
157266  -53.119  -15.185  49.940 0.0000000000
75850  -57.576  -11.819  49.124 0.0000000000
158245  -48.415  -27.995  65.344 0.0000000000
61116  -46.548  -25.852  60.818 0.0000000000
64534  -44.335  -22.533  64.295 0.0000000000
44874  -18.089  -41.319  71.729 0.0000000000
45921  -22.386  -40.452  71.695 0.0000000000
45940  -27.391  -39.982  70.939 0.0000000000
49106  -31.353  -36.253  70.209 0.0000000000
138690  -36.764  -34.790  70.385 0.0000000000
51263  -42.335  -34.241  69.696 0.0000000000
53377  -45.643  -31.682  67.247 0.0000000000
58897  -52.140  -27.070  58.566 0.0000000000
74771  -59.429  -11.503  48.131 0.0000000000
58737  -46.714  -27.151  67.251 0.0000000000
61075  -47.126  -24.774  66.040 0.0000000000
154604  -44.086  -25.130  65.080 0.0000000000
44911  -18.282  -40.360  68.861 0.0000000000
44877  -20.333  -40.873  71.530 0.0000000000
52315  -37.773  -34.243  68.412 0.0000000000
50222  -40.242  -35.307  69.638 0.0000000000
155881  -40.343  -33.321  68.473 0.0000000000
55507  -44.417  -29.783  66.605 0.0000000000
55490  -43.806  -30.834  68.460 0.0000000000
56575  -45.197  -29.046  67.938 0.0000000000
55508  -47.340  -30.400  66.221 0.0000000000
161475  -48.003  -22.513  62.825 0.0000000000
61132  -49.553  -25.657  59.734 0.0000000000
143593  -50.914  -23.649  61.749 0.0000000000
64678  -53.903  -22.598  56.754 0.0000000000
61146  -54.979  -25.837  58.084 0.0000000000
61191  -55.927  -24.860  55.757 0.0000000000
63614  -55.933  -22.927  54.241 0.0000000000
71650  -55.866  -15.076  51.791 0.0000000000
69608  -54.643  -16.956  51.920 0.0000000000
52332  -41.244  -33.261  66.324 0.0000000000
64710  -51.676  -22.718  53.478 0.0000000000
73713  -54.753  -13.366  49.788 0.0000000000
72698  -57.051  -14.215  50.539 0.0000000000
73776  -57.345  -13.003  44.804 0.0000000000
56639  -48.536  -30.156  62.088 0.0000000000
59949  -46.982  -26.769  63.178 0.0000000000
62307  -46.229  -23.755  63.448 0.0000000000
42733  -17.961  -42.497  70.975 0.0000000000
146778  -24.604  -41.415  69.118 0.0000000000
44882  -24.983  -40.951  71.672 0.0000000000
139784  -27.176  -41.341  69.941 0.0000000000
44914  -29.885  -40.406  69.158 0.0000000000
162943  -31.889  -39.655  68.638 0.0000000000
49157  -33.352  -36.945  67.753 0.0000000000
50206  -34.285  -35.119  70.914 0.0000000000
48058  -39.598  -36.944  67.928 0.0000000000
54440  -42.055  -31.784  68.629 0.0000000000
141518  -44.195  -33.160  68.598 0.0000000000
51327  -46.084  -34.820  65.605 0.0000000000
52348  -47.692  -33.140  65.273 0.0000000000
54474  -49.395  -31.365  63.959 0.0000000000
61135  -53.470  -25.591  59.686 0.0000000000
67534  -54.516  -19.103  52.327 0.0000000000
66582  -56.077  -19.929  53.808 0.0000000000
41765  -16.326  -43.296  69.827 0.0000000000
59904  -45.684  -26.988  67.013 0.0000000000
59914  -45.674  -25.916  66.589 0.0000000000
59926  -44.613  -26.191  65.854 0.0000000000
51294  -38.126  -34.571  67.532 0.0000000000
52316  -38.702  -34.089  68.390 0.0000000000
52330  -39.841  -33.995  67.151 0.0000000000
56603  -44.782  -29.288  65.858 0.0000000000
151766  -44.540  -29.151  67.968 0.0000000000
57688  -44.852  -28.446  67.354 0.0000000000
57665  -45.699  -28.320  67.807 0.0000000000
63487  -49.584  -22.694  62.542 0.0000000000
65586  -49.349  -21.807  62.085 0.0000000000
64692  -54.836  -21.965  56.284 0.0000000000
64667  -55.429  -22.757  56.920 0.0000000000
63582  -56.313  -22.589  55.602 0.0000000000
62416  -56.037  -24.144  55.229 0.0000000000
64703  -56.578  -22.008  54.922 0.0000000000
146436  -56.147  -16.160  50.516 0.0000000000
70651  -56.247  -16.303  51.319 0.0000000000
69638  -55.014  -17.682  49.451 0.0000000000
73732  -54.438  -13.338  47.289 0.0000000000
159098  -55.977  -12.569  49.626 0.0000000000
73704  -56.333  -13.373  50.839 0.0000000000
73706  -57.288  -13.286  50.090 0.0000000000
146122  -57.133  -14.184  48.788 0.0000000000
144024  -58.250  -12.935  49.099 0.0000000000
74780  -58.731  -12.591  46.620 0.0000000000
143817  -48.773  -29.598  63.980 0.0000000000
57731  -47.807  -28.387  63.225 0.0000000000
58785  -48.367  -27.757  64.888 0.0000000000
63438  -45.563  -23.404  65.724 0.0000000000
62290  -46.377  -23.620  65.513 0.0000000000
64536  -45.532  -22.957  65.018 0.0000000000
65537  -46.005  -21.427  63.649 0.0000000000
65567  -44.397  -21.838  62.991 0.0000000000
42741  -18.554  -42.427  70.232 0.0000000000
42725  -19.217  -41.635  71.516 0.0000000000
44878  -21.341  -40.823  71.483 0.0000000000
45957  -27.225  -39.296  70.129 0.0000000000
153742  -26.379  -40.962  71.687 0.0000000000
43811  -26.173  -41.487  71.215 0.0000000000
43797  -27.113  -41.183  71.219 0.0000000000
43844  -28.450  -40.963  69.503 0.0000000000
44894  -28.470  -40.620  70.420 0.0000000000
48031  -31.611  -37.482  69.574 0.0000000000
48040  -32.149  -37.636  68.678 0.0000000000
49139  -32.292  -36.553  69.688 0.0000000000
144817  -35.762  -33.909  69.403 0.0000000000
52299  -33.795  -33.951  69.580 0.0000000000
50196  -35.618  -34.598  70.953 0.0000000000
49125  -35.490  -36.250  69.791 0.0000000000
49126  -37.187  -36.247  69.655 0.0000000000
49161  -37.977  -36.669  68.361 0.0000000000
49127  -37.969  -36.149  69.794 0.0000000000
50223  -41.110  -35.246  69.567 0.0000000000
49147  -40.885  -36.079  68.848 0.0000000000
49148  -41.543  -35.941  68.605 0.0000000000
50244  -43.101  -34.847  67.839 0.0000000000
53384  -41.710  -32.623  66.874 0.0000000000
53374  -42.100  -31.880  67.466 0.0000000000
54444  -44.665  -31.400  68.302 0.0000000000
54443  -44.059  -31.655  68.814 0.0000000000
52319  -44.619  -32.877  67.709 0.0000000000
52333  -44.707  -33.464  67.028 0.0000000000
52334  -45.322  -33.181  66.714 0.0000000000
53387  -46.382  -32.212  66.496 0.0000000000
56593  -48.159  -28.665  65.981 0.0000000000
55518  -48.459  -30.620  64.978 0.0000000000
55527  -48.787  -30.366  64.494 0.0000000000
55548  -49.472  -31.170  63.167 0.0000000000
44889  -17.138  -41.145  70.383 0.0000000000
43786  -17.263  -41.733  71.965 0.0000000000
42722  -16.760  -42.340  72.148 0.0000000000
59969  -46.494  -26.646  60.698 0.0000000000
59986  -47.032  -26.589  59.473 0.0000000000
162649  -51.098  -26.425  58.988 0.0000000000
63540  -50.734  -23.477  58.700 0.0000000000
145180  -51.178  -22.677  60.260 0.0000000000
64641  -52.746  -23.278  59.519 0.0000000000
60046  -55.869  -27.612  56.794 0.0000000000
157875  -55.058  -27.769  57.725 0.0000000000
69610  -56.233  -17.981  52.321 0.0000000000
68590  -54.302  -17.791  51.879 0.0000000000
68577  -56.075  -18.586  52.738 0.0000000000
67522  -55.098  -19.402  53.089 0.0000000000
66589  -56.477  -19.771  52.952 0.0000000000
65675  -56.378  -20.969  52.857 0.0000000000
75858  -56.514  -11.672  47.119 0.0000000000
144402  -58.687  -11.415  48.666 0.0000000000
75871  -58.313  -10.695  47.425 0.0000000000
137655  -59.008  -10.407  46.958 0.0000000000
57690  -48.428  -27.717  65.877 0.0000000000
144358  -48.312  -26.561  65.665 0.0000000000
59916  -47.183  -25.918  66.582 0.0000000000
62256  -45.740  -24.190  66.368 0.0000000000
62271  -44.230  -23.767  65.216 0.0000000000
44891  -18.575  -40.831  71.365 0.0000000000
44875  -18.855  -41.162  71.791 0.0000000000
45934  -21.895  -39.834  71.385 0.0000000000
52287  -37.201  -34.356  69.762 0.0000000000
50220  -39.003  -35.449  69.772 0.0000000000
52288  -38.832  -34.230  69.402 0.0000000000
52279  -40.139  -34.212  69.610 0.0000000000
52291  -41.467  -33.681  69.648 0.0000000000
55515  -44.370  -30.733  66.066 0.0000000000
54449  -43.207  -30.677  67.747 0.0000000000
55506  -44.002  -30.197  67.358 0.0000000000
56558  -44.480  -29.828  67.896 0.0000000000
55500  -45.454  -30.074  67.852 0.0000000000
146234  -46.421  -31.414  66.736 0.0000000000
56576  -46.200  -29.497  67.673 0.0000000000
57667  -47.202  -28.280  67.293 0.0000000000
44910  -17.499  -40.697  68.524 0.0000000000
62324  -47.083  -24.389  61.375 0.0000000000
61118  -48.176  -25.231  60.271 0.0000000000
62338  -48.843  -24.680  60.898 0.0000000000
61120  -50.507  -25.030  60.672 0.0000000000
61134  -51.443  -25.717  60.035 0.0000000000
63556  -52.579  -23.597  57.223 0.0000000000
161132  -54.065  -23.281  58.559 0.0000000000
64655  -54.815  -23.148  57.774 0.0000000000
147884  -55.640  -24.704  57.168 0.0000000000
71657  -54.553  -14.807  51.510 0.0000000000
70642  -54.158  -16.352  51.642 0.0000000000
70643  -55.363  -16.249  52.017 0.0000000000
160407  -56.380  -17.642  51.979 0.0000000000
135886  -44.715  -28.306  64.263 0.0000000000
56613  -44.955  -29.633  64.800 0.0000000000
64637  -48.303  -22.553  59.938 0.0000000000
63566  -50.828  -24.148  57.099 0.0000000000
63580  -51.762  -23.895  55.909 0.0000000000
64690  -52.831  -22.761  55.204 0.0000000000
64702  -53.696  -22.075  54.852 0.0000000000
72696  -53.557  -14.522  49.975 0.0000000000
72689  -55.086  -14.207  51.541 0.0000000000
71659  -56.617  -14.724  51.122 0.0000000000
71666  -56.197  -15.600  49.804 0.0000000000
73735  -58.949  -12.534  48.248 0.0000000000
73748  -58.020  -13.170  46.876 0.0000000000
56638  -47.747  -29.582  61.419 0.0000000000
58840  -47.180  -28.089  62.138 0.0000000000
59948  -46.437  -26.174  62.356 0.0000000000
59936  -47.935  -26.004  65.264 0.0000000000
61096  -46.355  -24.736  63.309 0.0000000000
62315  -46.370  -24.251  62.511 0.0000000000
64580  -46.709  -22.299  63.360 0.0000000000
66490  -46.987  -20.742  62.997 0.0000000000
136209  -44.065  -26.052  63.247 0.0000000000
142028  -43.840  -24.670  62.750 0.0000000000
63482  -43.598  -22.395  61.983 0.0000000000
41771  -17.048  -43.046  69.253 0.0000000000
42749  -18.243  -42.379  68.868 0.0000000000
43872  -24.940  -40.972  67.382 0.0000000000
45966  -22.246  -39.324  69.364 0.0000000000
45952  -22.650  -39.660  70.467 0.0000000000
44881  -23.922  -40.985  71.676 0.0000000000
43841  -25.675  -41.354  69.527 0.0000000000
137837  -30.758  -40.395  68.284 0.0000000000
44917  -32.064  -40.482  67.970 0.0000000000
50219  -31.136  -35.425  69.860 0.0000000000
146053  -32.929  -34.210  69.693 0.0000000000
50204  -32.789  -35.170  70.508 0.0000000000
49123  -33.390  -36.124  69.848 0.0000000000
49141  -34.385  -36.629  68.292 0.0000000000
140471  -39.450  -36.235  69.043 0.0000000000
52331  -40.555  -33.609  66.726 0.0000000000
53365  -41.624  -32.499  69.054 0.0000000000
52292  -42.612  -33.417  69.900 0.0000000000
54442  -43.423  -31.411  69.099 0.0000000000
52294  -43.558  -32.385  69.913 0.0000000000
52306  -43.570  -33.659  69.324 0.0000000000
51311  -43.785  -34.400  67.192 0.0000000000
50260  -44.187  -34.986  66.141 0.0000000000
51359  -48.095  -34.486  64.006 0.0000000000
144038  -47.648  -31.685  65.576 0.0000000000
53399  -48.760  -32.273  64.385 0.0000000000
51360  -48.689  -33.047  63.714 0.0000000000
53427  -49.332  -32.116  62.750 0.0000000000
41759  -16.375  -43.024  71.237 0.0000000000
64598  -50.659  -22.495  61.424 0.0000000000
62329  -52.097  -24.307  61.104 0.0000000000
59991  -52.962  -26.302  59.668 0.0000000000
150025  -54.321  -25.009  59.185 0.0000000000
58876  -53.875  -26.908  59.055 0.0000000000
57799  -53.883  -28.513  57.759 0.0000000000
64720  -52.249  -22.110  52.893 0.0000000000
65655  -53.943  -21.371  54.278 0.0000000000
69623  -53.495  -17.300  51.215 0.0000000000
68589  -53.235  -18.365  51.182 0.0000000000
66587  -53.899  -20.004  52.358 0.0000000000
66580  -54.392  -20.251  53.324 0.0000000000
66574  -56.211  -20.568  54.315 0.0000000000
64713  -56.387  -22.041  53.877 0.0000000000
41770  -16.273  -43.290  68.686 0.0000000000
58751  -45.050  -27.556  66.804 0.0000000000
135227  -45.087  -26.587  66.450 0.0000000000
51323  -37.848  -35.113  65.766 0.0000000000
52329  -39.019  -34.350  67.431 0.0000000000
51309  -39.299  -34.664  66.403 0.0000000000
57705  -44.777  -28.225  66.254 0.0000000000
58735  -45.431  -28.034  67.422 0.0000000000
65602  -47.499  -21.441  61.287 0.0000000000
65585  -48.451  -21.500  62.331 0.0000000000
157160  -48.282  -21.589  61.323 0.0000000000
65645  -54.558  -21.692  55.386 0.0000000000
65637  -55.598  -21.808  56.074 0.0000000000
65638  -56.075  -21.823  55.816 0.0000000000
64693  -56.404  -21.883  55.387 0.0000000000
65648  -56.305  -21.497  55.163 0.0000000000
70657  -55.605  -16.382  49.535 0.0000000000
139142  -55.809  -16.982  50.301 0.0000000000
74764  -56.672  -12.226  49.385 0.0000000000
74747  -56.848  -12.945  50.293 0.0000000000
74755  -57.240  -12.373  49.629 0.0000000000
73715  -57.782  -12.885  49.431 0.0000000000
74756  -57.905  -12.337  49.275 0.0000000000
57719  -48.426  -28.718  64.760 0.0000000000
57732  -48.329  -28.543  64.127 0.0000000000
63437  -44.818  -23.302  65.502 0.0000000000
148733  -45.109  -22.782  64.996 0.0000000000
64548  -44.781  -22.097  64.242 0.0000000000
64563  -44.384  -22.074  63.665 0.0000000000
43787  -17.848  -41.502  71.726 0.0000000000
158478  -18.483  -41.265  71.728 0.0000000000
45920  -21.643  -40.298  71.741 0.0000000000
43791  -22.106  -41.134  71.418 0.0000000000
45939  -26.640  -39.871  71.024 0.0000000000
44885  -27.355  -40.608  71.166 0.0000000000
44884  -26.921  -40.972  71.475 0.0000000000
44893  -27.662  -40.873  70.985 0.0000000000
43813  -27.960  -41.056  70.627 0.0000000000
45941  -28.116  -40.278  70.656 0.0000000000
48024  -30.740  -37.033  70.039 0.0000000000
49121  -31.288  -37.258  70.043 0.0000000000
49122  -31.895  -36.504  70.203 0.0000000000
52277  -36.401  -34.474  70.406 0.0000000000
52276  -35.719  -34.208  70.851 0.0000000000
50208  -36.293  -35.022  70.654 0.0000000000
142418  -36.100  -35.552  70.486 0.0000000000
49111  -37.006  -35.748  70.132 0.0000000000
49144  -38.033  -36.468  69.236 0.0000000000
49112  -37.824  -35.814  70.030 0.0000000000
50224  -41.932  -35.046  69.475 0.0000000000
50230  -41.406  -35.633  69.206 0.0000000000
50231  -42.133  -35.392  68.981 0.0000000000
50243  -42.216  -35.573  68.004 0.0000000000
50232  -42.757  -35.013  68.741 0.0000000000
53385  -42.435  -32.267  66.458 0.0000000000
54454  -42.802  -31.427  67.066 0.0000000000
54450  -45.239  -31.100  67.859 0.0000000000
53376  -44.825  -32.035  67.951 0.0000000000
53386  -45.368  -32.433  67.053 0.0000000000
52335  -46.187  -32.979  66.341 0.0000000000
57706  -48.376  -28.727  65.335 0.0000000000
56604  -48.340  -29.658  65.291 0.0000000000
56614  -48.598  -29.600  64.610 0.0000000000
44873  -17.432  -41.284  71.463 0.0000000000
59985  -46.623  -26.832  60.093 0.0000000000
59970  -46.766  -26.148  60.131 0.0000000000
60011  -51.794  -26.493  59.063 0.0000000000
58896  -51.048  -26.811  58.383 0.0000000000
58919  -51.479  -27.478  57.775 0.0000000000
57798  -52.913  -28.325  57.576 0.0000000000
64652  -52.092  -23.168  59.400 0.0000000000
70655  -52.610  -16.453  49.943 0.0000000000
68593  -56.331  -18.616  52.246 0.0000000000
69594  -55.840  -18.114  52.560 0.0000000000
68567  -56.183  -18.997  52.974 0.0000000000
58738  -47.334  -27.475  67.078 0.0000000000
58752  -48.049  -27.023  66.347 0.0000000000
59907  -47.326  -26.674  66.815 0.0000000000
149291  -44.997  -25.703  66.299 0.0000000000
61063  -45.312  -24.909  66.447 0.0000000000
61074  -44.563  -25.033  65.927 0.0000000000
62272  -44.602  -24.008  65.954 0.0000000000
61073  -44.206  -24.468  65.424 0.0000000000
44901  -18.401  -40.534  70.162 0.0000000000
45950  -21.123  -39.685  70.768 0.0000000000
51293  -37.185  -34.471  67.578 0.0000000000
52314  -36.859  -34.104  68.414 0.0000000000
52301  -36.596  -34.008  69.260 0.0000000000
52302  -37.487  -34.151  69.107 0.0000000000
150990  -38.071  -34.354  69.391 0.0000000000
52303  -38.368  -34.102  69.008 0.0000000000
52317  -39.621  -33.659  68.244 0.0000000000
52304  -39.192  -33.800  68.986 0.0000000000
52305  -39.993  -33.496  69.013 0.0000000000
52290  -40.642  -33.703  69.412 0.0000000000
53364  -40.861  -33.177  68.976 0.0000000000
56574  -44.333  -29.043  68.082 0.0000000000
56559  -44.789  -29.564  68.007 0.0000000000
55501  -46.241  -30.234  67.434 0.0000000000
146080  -46.559  -27.872  67.585 0.0000000000
57689  -47.917  -27.964  66.566 0.0000000000
44900  -17.675  -40.763  69.625 0.0000000000
148233  -47.706  -23.241  62.346 0.0000000000
62325  -48.161  -24.233  61.368 0.0000000000
63499  -48.551  -23.581  62.002 0.0000000000
63501  -50.336  -23.133  62.289 0.0000000000
62327  -50.303  -23.813  61.806 0.0000000000
62340  -50.962  -24.513  61.242 0.0000000000
61121  -51.260  -25.248  60.576 0.0000000000
63557  -53.423  -23.178  57.267 0.0000000000
64654  -54.299  -23.101  58.104 0.0000000000
148785  -54.762  -22.815  57.553 0.0000000000
63569  -55.991  -23.191  56.418 0.0000000000
62373  -55.533  -23.716  57.122 0.0000000000
62387  -55.829  -24.247  56.553 0.0000000000
61177  -55.861  -25.792  56.230 0.0000000000
61190  -55.660  -25.025  55.312 0.0000000000
71649  -55.215  -14.868  51.881 0.0000000000
71648  -54.606  -15.480  51.762 0.0000000000
147998  -55.430  -15.477  51.929 0.0000000000
68592  -56.385  -18.154  51.849 0.0000000000
160346  -44.907  -29.073  64.288 0.0000000000
63579  -50.934  -24.324  56.018 0.0000000000
63611  -51.116  -23.304  53.983 0.0000000000
64700  -52.008  -22.977  54.378 0.0000000000
64701  -52.809  -22.434  54.479 0.0000000000
73722  -54.375  -13.456  48.464 0.0000000000
73712  -53.904  -13.925  49.341 0.0000000000
161332  -53.362  -14.434  49.058 0.0000000000
72697  -54.398  -13.948  50.462 0.0000000000
73703  -55.390  -13.528  50.950 0.0000000000
72691  -56.654  -13.983  51.134 0.0000000000
71667  -56.685  -14.954  50.507 0.0000000000
71673  -55.792  -15.374  48.652 0.0000000000
71674  -56.665  -14.798  49.494 0.0000000000
72717  -57.733  -13.665  48.265 0.0000000000
75861  -59.075  -11.315  48.369 0.0000000000
74770  -59.243  -11.881  48.464 0.0000000000
55559  -49.020  -30.938  61.762 0.0000000000
56648  -48.314  -30.422  61.131 0.0000000000
149621  -47.294  -27.578  62.962 0.0000000000
58820  -46.675  -27.102  62.258 0.0000000000
59927  -47.774  -25.864  65.876 0.0000000000
61087  -47.404  -25.006  65.533 0.0000000000
137937  -46.129  -23.308  64.471 0.0000000000
61086  -46.559  -24.173  64.640 0.0000000000
63484  -46.498  -23.334  62.832 0.0000000000
63469  -46.170  -22.822  63.744 0.0000000000
65569  -45.484  -21.016  63.102 0.0000000000
65550  -46.652  -20.926  63.271 0.0000000000
42740  -17.813  -42.785  69.797 0.0000000000
42742  -19.409  -42.095  70.680 0.0000000000
44876  -19.535  -41.025  71.755 0.0000000000
43789  -19.726  -41.242  71.615 0.0000000000
136935  -23.570  -41.519  68.677 0.0000000000
144985  -24.155  -41.293  68.024 0.0000000000
43871  -24.240  -41.104  67.194 0.0000000000
43857  -24.658  -41.199  67.929 0.0000000000
43794  -24.858  -41.168  71.480 0.0000000000
161187  -25.420  -41.072  71.666 0.0000000000
43827  -26.420  -41.450  70.286 0.0000000000
160911  -25.716  -41.554  70.743 0.0000000000
43842  -26.618  -41.189  69.236 0.0000000000
146426  -26.013  -41.030  68.537 0.0000000000
43859  -26.771  -40.799  68.154 0.0000000000
43830  -28.991  -40.704  69.759 0.0000000000
44912  -28.399  -40.719  68.564 0.0000000000
44913  -29.182  -40.603  68.909 0.0000000000
152368  -29.945  -40.398  68.410 0.0000000000
45959  -31.225  -39.450  69.269 0.0000000000
44904  -30.587  -40.021  69.364 0.0000000000
44916  -31.561  -40.137  68.545 0.0000000000
46976  -32.163  -39.164  68.365 0.0000000000
48041  -32.666  -37.358  67.903 0.0000000000
48052  -32.391  -38.183  67.704 0.0000000000
48053  -32.834  -37.690  67.036 0.0000000000
146207  -33.279  -37.797  66.328 0.0000000000
52283  -33.937  -34.030  70.598 0.0000000000
51261  -33.327  -34.261  70.391 0.0000000000
51260  -32.601  -34.586  70.138 0.0000000000
49108  -33.539  -35.407  70.609 0.0000000000
49109  -34.437  -35.869  70.570 0.0000000000
49143  -36.293  -36.427  69.270 0.0000000000
49142  -35.363  -36.500  68.795 0.0000000000
49159  -35.185  -36.774  67.793 0.0000000000
48057  -38.819  -36.906  67.934 0.0000000000
48073  -38.511  -37.275  66.735 0.0000000000
50221  -39.591  -35.522  69.574 0.0000000000
49128  -39.201  -35.914  69.401 0.0000000000
49129  -39.882  -35.833  69.308 0.0000000000
53373  -41.495  -32.360  67.953 0.0000000000
156139  -42.159  -32.620  69.657 0.0000000000
53366  -42.393  -32.037  69.554 0.0000000000
55499  -43.774  -30.374  67.985 0.0000000000
55489  -43.108  -30.840  68.437 0.0000000000
53367  -44.040  -32.326  69.322 0.0000000000
54435  -43.642  -31.985  69.621 0.0000000000
52307  -43.930  -33.023  69.343 0.0000000000
52293  -43.339  -33.151  69.866 0.0000000000
51280  -43.851  -33.632  68.776 0.0000000000
51295  -43.652  -34.139  68.155 0.0000000000
51313  -45.320  -34.063  66.289 0.0000000000
51312  -44.517  -34.168  66.668 0.0000000000
50261  -45.175  -34.987  65.903 0.0000000000
52347  -46.881  -33.550  65.592 0.0000000000
51330  -48.068  -33.689  64.722 0.0000000000
54456  -46.630  -30.682  66.824 0.0000000000
54457  -47.138  -31.162  66.191 0.0000000000
141467  -49.014  -31.098  64.363 0.0000000000
54465  -48.495  -31.541  64.836 0.0000000000
54473  -49.151  -31.756  64.174 0.0000000000
52359  -48.840  -32.707  64.049 0.0000000000
53417  -49.170  -32.352  63.714 0.0000000000
148004  -49.162  -32.477  63.254 0.0000000000
53418  -49.403  -32.043  63.361 0.0000000000
55547  -49.218  -30.707  62.674 0.0000000000
153231  -49.360  -31.371  62.430 0.0000000000
42732  -17.212  -42.563  71.392 0.0000000000
41766  -17.201  -43.005  70.475 0.0000000000
61131  -48.605  -25.619  59.707 0.0000000000
59987  -47.938  -26.087  59.147 0.0000000000
144227  -48.947  -25.911  59.086 0.0000000000
64638  -49.197  -22.624  59.944 0.0000000000
64619  -49.895  -22.354  60.584 0.0000000000
62341  -52.778  -24.413  60.496 0.0000000000
63511  -52.262  -23.628  60.992 0.0000000000
152284  -52.414  -24.892  60.628 0.0000000000
59972  -52.615  -25.748  59.977 0.0000000000
59973  -53.124  -25.872  59.788 0.0000000000
150722  -54.800  -24.698  58.444 0.0000000000
63527  -54.219  -23.765  58.992 0.0000000000
61145  -54.387  -25.648  58.938 0.0000000000
58899  -54.464  -27.359  58.289 0.0000000000
57800  -54.791  -28.756  57.644 0.0000000000
57783  -54.084  -27.812  58.349 0.0000000000
56673  -54.555  -29.451  57.373 0.0000000000
65662  -53.131  -21.601  53.383 0.0000000000
65663  -53.918  -20.928  53.603 0.0000000000
70650  -53.235  -16.487  50.773 0.0000000000
142252  -53.925  -18.759  51.779 0.0000000000
67532  -52.976  -19.414  51.281 0.0000000000
66596  -53.253  -20.054  51.699 0.0000000000
67533  -53.685  -19.509  51.835 0.0000000000
67512  -55.874  -19.447  53.488 0.0000000000
66581  -55.327  -19.919  53.773 0.0000000000
66573  -55.551  -20.407  54.356 0.0000000000
66575  -56.506  -20.863  54.297 0.0000000000
151667  -56.456  -20.421  53.861 0.0000000000
142747  -46.308  -26.935  67.154 0.0000000000
59905  -46.232  -26.433  66.836 0.0000000000
61085  -44.219  -25.891  65.088 0.0000000000
157787  -44.057  -29.201  67.733 0.0000000000
56590  -44.466  -28.897  67.191 0.0000000000
57664  -44.811  -28.777  67.839 0.0000000000
58736  -46.096  -27.537  67.514 0.0000000000
65552  -47.742  -21.398  62.793 0.0000000000
63486  -48.789  -22.921  62.672 0.0000000000
64566  -48.505  -21.781  62.701 0.0000000000
64583  -49.291  -22.241  62.559 0.0000000000
63488  -50.071  -22.651  62.309 0.0000000000
136053  -54.810  -22.434  57.078 0.0000000000
64679  -55.147  -22.083  56.569 0.0000000000
64668  -56.012  -22.406  56.262 0.0000000000
62401  -56.092  -23.789  55.800 0.0000000000
63599  -56.396  -22.986  55.058 0.0000000000
63615  -56.506  -22.205  54.573 0.0000000000
70645  -56.275  -15.351  51.398 0.0000000000
74763  -55.219  -12.839  49.164 0.0000000000
73714  -55.690  -12.970  50.200 0.0000000000
73705  -56.907  -13.424  50.538 0.0000000000
72692  -57.078  -13.720  50.525 0.0000000000
158256  -57.296  -14.064  49.632 0.0000000000
72699  -57.489  -13.509  49.795 0.0000000000
72706  -57.770  -13.544  49.071 0.0000000000
73723  -58.424  -13.027  48.618 0.0000000000
74782  -59.602  -11.518  47.493 0.0000000000
74781  -59.368  -12.118  47.742 0.0000000000
148514  -59.438  -12.009  46.955 0.0000000000
74792  -59.129  -12.098  46.067 0.0000000000
56630  -48.824  -29.911  63.070 0.0000000000
156597  -48.391  -29.162  63.416 0.0000000000
58802  -47.837  -27.477  64.016 0.0000000000
62273  -46.592  -23.973  65.998 0.0000000000
62274  -46.926  -24.184  65.801 0.0000000000
63454  -45.837  -22.957  64.741 0.0000000000
135753  -46.131  -21.832  63.736 0.0000000000
64550  -45.633  -22.303  64.204 0.0000000000
65536  -45.434  -21.479  63.672 0.0000000000
141415  -44.815  -21.355  62.604 0.0000000000
161560  -18.205  -42.022  71.447 0.0000000000
42734  -18.672  -42.115  71.220 0.0000000000
43825  -24.405  -41.506  70.405 0.0000000000
43795  -25.693  -41.260  71.551 0.0000000000
43796  -26.360  -41.181  71.549 0.0000000000
160612  -26.639  -41.338  71.260 0.0000000000
43843  -27.594  -41.059  69.114 0.0000000000
43828  -27.892  -41.267  70.128 0.0000000000
43829  -28.455  -41.026  70.172 0.0000000000
44902  -29.341  -40.463  69.976 0.0000000000
46965  -31.733  -38.720  69.002 0.0000000000
49140  -32.786  -36.694  68.669 0.0000000000
51276  -35.055  -34.106  68.445 0.0000000000
51275  -34.370  -33.997  68.723 0.0000000000
52300  -34.911  -33.876  69.355 0.0000000000
52275  -35.039  -34.043  71.036 0.0000000000
50195  -34.932  -34.731  71.059 0.0000000000
162311  -34.967  -36.112  70.204 0.0000000000
49162  -38.691  -36.579  68.808 0.0000000000
49130  -40.644  -35.765  69.322 0.0000000000
50258  -42.680  -35.514  67.043 0.0000000000
53395  -41.964  -32.937  65.933 0.0000000000
55491  -44.438  -30.766  68.243 0.0000000000
53368  -44.423  -32.124  68.700 0.0000000000
53375  -44.351  -32.643  68.705 0.0000000000
51296  -44.148  -33.606  67.781 0.0000000000
51314  -46.084  -33.815  65.929 0.0000000000
52336  -46.845  -32.806  65.863 0.0000000000
56592  -47.626  -29.514  66.248 0.0000000000
55517  -47.945  -30.191  65.611 0.0000000000
55528  -49.273  -30.847  64.108 0.0000000000
54484  -49.456  -31.543  63.511 0.0000000000
56615  -49.116  -30.346  64.072 0.0000000000
55537  -49.237  -30.515  63.507 0.0000000000
43819  -16.338  -41.413  69.834 0.0000000000
43803  -16.651  -41.630  71.244 0.0000000000
151732  -16.594  -41.951  72.333 0.0000000000
42723  -17.678  -42.016  71.720 0.0000000000
59988  -50.008  -25.973  59.316 0.0000000000
60009  -49.343  -26.322  58.538 0.0000000000
60010  -50.424  -26.371  58.817 0.0000000000
63524  -50.310  -23.141  59.379 0.0000000000
64639  -50.570  -22.689  60.067 0.0000000000
63525  -51.249  -22.996  59.543 0.0000000000
64640  -51.867  -22.827  60.049 0.0000000000
62348  -53.449  -24.887  59.874 0.0000000000
60029  -55.729  -27.096  57.090 0.0000000000
60028  -55.368  -26.651  57.503 0.0000000000
69609  -55.590  -17.364  52.267 0.0000000000
68591  -55.013  -18.205  52.407 0.0000000000
68576  -55.568  -18.707  52.732 0.0000000000
67523  -55.959  -19.016  53.132 0.0000000000
67513  -56.167  -19.401  53.289 0.0000000000
66583  -56.382  -19.860  53.376 0.0000000000
65676  -56.501  -20.475  53.366 0.0000000000
74769  -56.848  -11.750  48.466 0.0000000000
75851  -58.357  -11.648  48.932 0.0000000000
147799  -58.019  -11.385  48.711 0.0000000000
75860  -58.595  -11.051  48.321 0.0000000000
145666  -58.716  -10.410  46.925 0.0000000000
76967  -59.010  -10.736  47.787 0.0000000000
76976  -59.234  -10.613  47.124 0.0000000000
58770  -48.476  -27.223  65.513 0.0000000000
155060  -48.428  -26.924  65.834 0.0000000000
58769  -48.197  -26.505  65.906 0.0000000000
61066  -47.368  -25.546  66.229 0.0000000000
59915  -46.580  -25.769  66.635 0.0000000000
61065  -46.941  -25.114  66.383 0.0000000000
135778  -46.505  -24.324  66.193 0.0000000000
63425  -45.341  -23.758  66.159 0.0000000000
63436  -44.294  -23.061  64.824 0.0000000000
44892  -19.314  -40.787  71.515 0.0000000000
45932  -20.170  -40.550  71.456 0.0000000000
45933  -20.773  -40.032  71.428 0.0000000000
153247  -21.233  -39.969  71.594 0.0000000000
50202  -31.060  -35.780  70.057 0.0000000000
51277  -35.903  -33.987  68.454 0.0000000000
160564  -37.250  -34.645  70.102 0.0000000000
51250  -37.800  -34.903  70.183 0.0000000000
51251  -38.830  -34.855  70.020 0.0000000000
51252  -39.579  -34.529  69.723 0.0000000000
52289  -39.663  -34.036  69.435 0.0000000000
50211  -40.138  -34.666  69.737 0.0000000000
52280  -40.748  -34.208  69.674 0.0000000000
51262  -41.489  -34.420  69.719 0.0000000000
136513  -41.989  -33.688  69.825 0.0000000000
54455  -43.639  -31.076  66.646 0.0000000000
56573  -44.142  -29.439  67.973 0.0000000000
56557  -44.186  -30.273  67.982 0.0000000000
55492  -44.847  -30.405  68.023 0.0000000000
54451  -45.974  -30.895  67.420 0.0000000000
56591  -46.898  -29.932  67.012 0.0000000000
57666  -46.329  -28.654  67.745 0.0000000000
56577  -47.055  -29.097  67.266 0.0000000000
140533  -47.645  -28.700  66.685 0.0000000000
44899  -16.911  -40.979  69.173 0.0000000000
44890  -17.855  -40.879  70.968 0.0000000000
62336  -46.754  -25.082  61.024 0.0000000000
61117  -47.123  -25.438  60.386 0.0000000000
62337  -47.614  -24.797  60.792 0.0000000000
61119  -49.504  -25.216  60.358 0.0000000000
62326  -49.335  -24.024  61.602 0.0000000000
62339  -49.978  -24.552  61.102 0.0000000000
61133  -50.512  -25.597  60.062 0.0000000000
59989  -51.095  -26.104  59.500 0.0000000000
63542  -52.464  -23.536  58.034 0.0000000000
64653  -52.750  -23.323  58.819 0.0000000000
64664  -53.404  -23.295  58.004 0.0000000000
63543  -54.660  -23.618  58.269 0.0000000000
62361  -54.860  -23.937  58.222 0.0000000000
64656  -55.150  -23.023  57.400 0.0000000000
154781  -55.396  -24.242  57.472 0.0000000000
62372  -55.318  -24.833  57.723 0.0000000000
143243  -55.809  -26.476  56.751 0.0000000000
71656  -53.735  -15.114  50.855 0.0000000000
70656  -53.075  -15.772  50.342 0.0000000000
141046  -53.719  -15.833  51.123 0.0000000000
70644  -55.952  -15.887  51.729 0.0000000000
145837  -56.140  -16.981  51.873 0.0000000000
58783  -44.659  -27.745  65.121 0.0000000000
135766  -44.463  -27.407  64.174 0.0000000000
53397  -43.527  -32.377  65.186 0.0000000000
54463  -44.593  -31.097  65.087 0.0000000000
55516  -44.766  -30.257  65.458 0.0000000000
57718  -44.880  -28.754  65.079 0.0000000000
64635  -46.463  -22.441  59.792 0.0000000000
64617  -47.896  -22.030  60.640 0.0000000000
63522  -47.769  -23.161  59.262 0.0000000000
63523  -48.643  -23.157  59.299 0.0000000000
63554  -50.271  -23.872  57.912 0.0000000000
151075  -51.032  -23.740  58.003 0.0000000000
63555  -51.728  -23.780  57.608 0.0000000000
63567  -51.688  -23.973  56.709 0.0000000000
158417  -52.289  -23.685  56.465 0.0000000000
63568  -52.990  -23.341  56.601 0.0000000000
63581  -52.499  -23.390  55.869 0.0000000000
64677  -53.216  -22.891  56.023 0.0000000000
64691  -53.866  -22.275  55.779 0.0000000000
161676  -54.302  -21.553  54.853 0.0000000000
71665  -52.974  -14.956  49.217 0.0000000000
72688  -54.201  -14.490  50.911 0.0000000000
72684  -55.712  -14.454  51.790 0.0000000000
72690  -55.987  -13.914  51.605 0.0000000000
71651  -56.233  -14.533  51.579 0.0000000000
71658  -56.479  -15.532  50.939 0.0000000000
72705  -56.263  -14.778  48.228 0.0000000000
73724  -58.852  -12.369  48.758 0.0000000000
73734  -58.314  -13.183  47.840 0.0000000000
157908  -58.750  -12.756  47.496 0.0000000000
56629  -47.924  -29.198  62.447 0.0000000000
156517  -47.335  -28.788  61.569 0.0000000000
57752  -46.890  -28.088  61.102 0.0000000000
58839  -46.591  -27.323  61.371 0.0000000000
59959  -46.421  -26.448  61.491 0.0000000000
61109  -46.427  -25.576  61.604 0.0000000000
58784  -48.349  -26.814  65.025 0.0000000000
59942  -47.598  -26.331  64.216 0.0000000000
61097  -47.109  -25.288  64.366 0.0000000000
59941  -46.604  -25.769  63.248 0.0000000000
61104  -46.347  -25.220  62.409 0.0000000000
62323  -46.518  -24.715  61.753 0.0000000000
63498  -46.746  -23.777  62.010 0.0000000000
63485  -47.008  -22.870  62.668 0.0000000000
64564  -46.965  -21.297  63.283 0.0000000000
64581  -47.599  -21.946  63.150 0.0000000000
65601  -46.588  -21.341  61.260 0.0000000000
59935  -44.420  -26.818  65.067 0.0000000000
154210  -43.991  -25.582  64.246 0.0000000000
61095  -43.903  -25.139  63.402 0.0000000000
62306  -43.837  -24.192  63.545 0.0000000000
144731  -43.850  -23.288  63.576 0.0000000000
154012  -43.767  -22.818  62.849 0.0000000000
154683  -44.072  -22.090  62.346 0.0000000000
42748  -17.534  -42.658  68.767 0.0000000000
43788  -19.003  -41.208  71.770 0.0000000000
45951  -21.828  -39.505  70.271 0.0000000000
45935  -22.672  -39.987  71.545 0.0000000000
45922  -23.152  -40.605  71.607 0.0000000000
43826  -25.072  -41.509  70.507 0.0000000000
43810  -25.375  -41.470  71.210 0.0000000000
43858  -25.275  -41.155  68.304 0.0000000000
44895  -29.145  -40.344  70.200 0.0000000000
144664  -30.069  -40.242  69.544 0.0000000000
44915  -30.743  -40.231  68.787 0.0000000000
48068  -32.616  -38.576  67.124 0.0000000000
50203  -31.760  -35.415  70.251 0.0000000000
51274  -32.997  -34.112  68.864 0.0000000000
51259  -31.805  -34.954  70.002 0.0000000000
49107  -32.140  -35.803  70.396 0.0000000000
143068  -32.686  -35.826  70.319 0.0000000000
150152  -33.600  -36.496  68.743 0.0000000000
49124  -34.503  -36.295  69.483 0.0000000000
49158  -34.281  -36.939  67.449 0.0000000000
141238  -38.518  -35.920  69.721 0.0000000000
49145  -38.762  -36.285  69.264 0.0000000000
48042  -39.199  -36.586  68.691 0.0000000000
49146  -40.155  -36.141  68.949 0.0000000000
48043  -39.795  -36.553  68.534 0.0000000000
52318  -40.366  -33.349  67.740 0.0000000000
53383  -41.057  -33.019  67.337 0.0000000000
53372  -40.955  -32.924  68.297 0.0000000000
53358  -41.578  -33.151  69.386 0.0000000000
152522  -42.129  -33.097  69.776 0.0000000000
54448  -42.532  -31.101  68.155 0.0000000000
54441  -42.709  -31.428  69.026 0.0000000000
54434  -43.127  -31.906  69.774 0.0000000000
53359  -42.763  -32.559  69.960 0.0000000000
51264  -43.047  -33.960  69.548 0.0000000000
51279  -43.348  -34.367  68.918 0.0000000000
50259  -43.362  -35.166  66.630 0.0000000000
151903  -46.959  -31.768  66.158 0.0000000000
53388  -47.267  -32.313  65.721 0.0000000000
54464  -47.844  -30.928  65.542 0.0000000000
53398  -48.153  -32.353  65.094 0.0000000000
53440  -48.466  -32.371  61.857 0.0000000000
54496  -49.468  -31.707  62.944 0.0000000000
154077  -49.326  -31.832  62.360 0.0000000000
61130  -47.531  -25.768  59.759 0.0000000000
64618  -48.943  -21.954  60.781 0.0000000000
65587  -50.035  -22.194  61.787 0.0000000000
63502  -50.790  -22.999  62.060 0.0000000000
64620  -50.683  -22.477  60.759 0.0000000000
63503  -51.496  -23.506  61.484 0.0000000000
62328  -51.479  -24.210  61.359 0.0000000000
59971  -51.988  -25.538  60.288 0.0000000000
59990  -52.150  -26.093  59.694 0.0000000000
60012  -52.755  -26.830  59.287 0.0000000000
64642  -53.692  -23.466  59.063 0.0000000000
62349  -54.022  -24.503  59.378 0.0000000000
151817  -53.857  -25.208  59.514 0.0000000000
59993  -54.005  -26.213  59.216 0.0000000000
59992  -53.531  -26.212  59.470 0.0000000000
58875  -53.331  -26.731  59.376 0.0000000000
57782  -53.333  -27.781  58.334 0.0000000000
64711  -52.497  -22.336  53.793 0.0000000000
65654  -53.200  -21.998  54.145 0.0000000000
65656  -54.920  -21.048  54.839 0.0000000000
69622  -52.678  -17.165  50.307 0.0000000000
151066  -52.593  -17.973  50.506 0.0000000000
66586  -53.055  -20.673  51.983 0.0000000000
65673  -53.522  -20.861  52.769 0.0000000000
65664  -54.674  -20.553  54.131 0.0000000000
66566  -55.839  -20.899  54.912 0.0000000000
66567  -56.300  -21.068  54.765 0.0000000000
64714  -56.553  -21.555  54.345 0.0000000000
65665  -56.560  -21.230  53.655 0.0000000000
64712  -55.491  -22.546  53.385 0.0000000000
43812  -27.093  -41.377  70.770 0.0000000000
43814  -28.676  -40.763  70.239 0.0000000000
44883  -25.816  -41.042  71.771 0.0000000000
45926  -26.792  -40.564  71.426 0.0000000000
50194  -34.250  -34.510  71.022 0.0000000000
50205  -33.688  -34.732  70.797 0.0000000000
50207  -35.539  -35.223  70.840 0.0000000000
50209  -37.330  -35.301  70.288 0.0000000000
50210  -39.569  -35.044  69.864 0.0000000000
50212  -40.725  -34.775  69.721 0.0000000000
51245  -32.408  -34.912  70.319 0.0000000000
51246  -33.142  -34.604  70.583 0.0000000000
51247  -33.907  -34.304  70.908 0.0000000000
51248  -34.626  -34.247  71.076 0.0000000000
51249  -35.336  -34.274  71.048 0.0000000000
51278  -42.671  -34.747  69.254 0.0000000000
52274  -34.391  -34.067  70.996 0.0000000000
52278  -38.227  -34.597  69.797 0.0000000000
52284  -34.568  -33.913  70.392 0.0000000000
52285  -35.416  -33.921  70.349 0.0000000000
52286  -36.215  -34.126  70.160 0.0000000000
53409  -49.371  -31.852  63.826 0.0000000000
53426  -48.957  -32.483  62.572 0.0000000000
55538  -49.438  -30.988  63.751 0.0000000000
57784  -54.906  -28.219  57.746 0.0000000000
57785  -55.710  -28.599  57.369 0.0000000000
57797  -51.895  -28.142  57.291 0.0000000000
58898  -53.390  -27.272  58.986 0.0000000000
58920  -52.487  -27.628  58.023 0.0000000000
59906  -46.753  -26.477  66.922 0.0000000000
59917  -47.725  -26.218  66.275 0.0000000000
60014  -54.896  -26.935  57.932 0.0000000000
61064  -46.198  -24.986  66.446 0.0000000000
61084  -43.933  -24.575  64.496 0.0000000000
61110  -51.843  -24.897  60.859 0.0000000000
61122  -52.373  -25.313  60.388 0.0000000000
61123  -52.939  -25.308  60.172 0.0000000000
61136  -53.932  -25.691  59.382 0.0000000000
61153  -55.640  -25.852  57.286 0.0000000000
61162  -55.845  -25.349  56.679 0.0000000000
62255  -45.040  -24.258  66.395 0.0000000000
62257  -46.050  -23.806  66.115 0.0000000000
62289  -43.955  -23.608  64.368 0.0000000000
62360  -54.536  -24.199  58.811 0.0000000000
63439  -46.070  -23.563  65.700 0.0000000000
63453  -44.021  -22.925  64.229 0.0000000000
63500  -49.649  -23.316  62.321 0.0000000000
63512  -52.786  -23.633  60.373 0.0000000000
63526  -53.458  -23.941  59.776 0.0000000000
63544  -54.977  -23.428  57.765 0.0000000000
63558  -55.299  -23.230  57.353 0.0000000000
63559  -55.678  -23.195  56.867 0.0000000000
64535  -44.632  -22.761  64.795 0.0000000000
64549  -45.361  -22.155  64.277 0.0000000000
64565  -47.864  -21.508  62.859 0.0000000000
64579  -44.089  -22.275  62.918 0.0000000000
64582  -48.713  -22.166  62.867 0.0000000000
64584  -50.441  -22.568  61.997 0.0000000000
64599  -51.115  -22.849  61.583 0.0000000000
64600  -51.776  -23.039  61.162 0.0000000000
64621  -51.403  -22.714  60.850 0.0000000000
64622  -52.261  -23.096  60.420 0.0000000000
64623  -52.977  -23.384  59.835 0.0000000000
64643  -54.367  -23.388  58.415 0.0000000000
64665  -54.242  -22.813  57.576 0.0000000000
64666  -55.140  -22.653  57.135 0.0000000000
64680  -55.588  -22.274  56.475 0.0000000000
64689  -51.927  -23.455  55.176 0.0000000000
65548  -44.816  -21.579  63.463 0.0000000000
65549  -46.092  -20.979  63.411 0.0000000000
65551  -47.285  -20.918  62.945 0.0000000000
65568  -44.736  -21.442  62.957 0.0000000000
65572  -48.944  -21.805  62.499 0.0000000000
65573  -49.788  -22.185  62.152 0.0000000000
65603  -48.849  -21.574  61.719 0.0000000000
65604  -49.611  -21.937  61.408 0.0000000000
65605  -50.208  -22.240  61.239 0.0000000000
65647  -56.019  -21.391  55.392 0.0000000000
65657  -56.493  -21.387  54.661 0.0000000000
65666  -56.630  -20.931  54.080 0.0000000000
66503  -46.862  -20.685  62.958 0.0000000000
67514  -56.326  -19.323  52.974 0.0000000000
73716  -58.508  -12.316  48.991 0.0000000000
74748  -57.306  -12.864  49.909 0.0000000000
74754  -56.482  -12.708  50.114 0.0000000000
75842  -57.950  -11.932  49.194 0.0000000000
75843  -58.460  -11.894  48.995 0.0000000000
75852  -58.851  -11.775  48.757 0.0000000000
76968  -59.368  -11.093  47.726 0.0000000000
136798  -55.938  -24.828  56.181 0.0000000000
138191  -38.237  -35.423  70.066 0.0000000000
142245  -47.954  -21.209  61.947 0.0000000000
145025  -55.148  -23.917  57.768 0.0000000000
145629  -35.915  -34.472  70.805 0.0000000000
151254  -44.015  -22.589  63.645 0.0000000000
152666  -52.910  -27.384  58.821 0.0000000000
153440  -47.499  -23.837  61.728 0.0000000000
153522  -39.102  -34.464  69.681 0.0000000000
155526  -34.908  -35.453  70.865 0.0000000000
156363  -53.620  -23.330  58.724 0.0000000000
157315  -35.410  -33.928  68.857 0.0000000000
159800  -46.482  -21.189  63.463 0.0000000000
160432  -28.873  -40.568  70.211 0.0000000000
161082  -49.171  -32.214  63.998 0.0000000000
