#!ascii label  , from subject sub-v2s18x29509_ses-1 vox2ras=TkReg
406
84859  -27.522  -2.848  -20.297 0.0000000000
79913  -24.558  -8.080  -16.433 0.0000000000
81959  -31.717  -7.094  -19.355 0.0000000000
76622  -27.782  -11.653  -15.655 0.0000000000
96710  -27.807  8.225  -16.781 0.0000000000
92889  -28.686  4.256  -17.654 0.0000000000
147342  -22.683  1.109  -17.788 0.0000000000
72405  -26.152  -15.126  -13.963 0.0000000000
78855  -26.190  -9.410  -16.605 0.0000000000
76609  -24.808  -11.287  -14.565 0.0000000000
94834  -28.010  6.299  -16.934 0.0000000000
92923  -23.775  4.962  -19.644 0.0000000000
84832  -24.256  -3.605  -18.193 0.0000000000
87930  -21.745  -0.689  -16.403 0.0000000000
146377  -25.123  -1.366  -19.709 0.0000000000
141921  -27.107  0.379  -20.157 0.0000000000
87983  -29.269  -0.915  -21.137 0.0000000000
85885  -31.734  -3.036  -20.917 0.0000000000
81938  -23.586  -6.182  -16.307 0.0000000000
82902  -26.294  -5.432  -18.535 0.0000000000
83899  -29.544  -5.414  -20.245 0.0000000000
80939  -27.868  -7.339  -18.545 0.0000000000
78879  -29.552  -9.554  -17.466 0.0000000000
76623  -30.709  -11.199  -16.170 0.0000000000
147613  -21.467  3.383  -17.018 0.0000000000
91924  -24.993  2.893  -20.435 0.0000000000
90955  -29.975  2.645  -18.537 0.0000000000
74411  -23.940  -13.327  -13.175 0.0000000000
74425  -26.554  -13.375  -14.551 0.0000000000
77678  -24.282  -10.491  -14.663 0.0000000000
76601  -23.039  -11.146  -13.618 0.0000000000
94873  -23.147  6.806  -19.270 0.0000000000
93880  -22.328  5.828  -18.700 0.0000000000
83895  -25.591  -3.529  -19.204 0.0000000000
85847  -24.859  -2.655  -19.125 0.0000000000
85864  -26.096  -2.288  -20.030 0.0000000000
86926  -27.265  -1.382  -20.909 0.0000000000
149779  -28.408  -1.873  -21.171 0.0000000000
85883  -29.911  -1.857  -20.604 0.0000000000
85865  -29.177  -3.265  -19.459 0.0000000000
81929  -24.039  -6.753  -16.177 0.0000000000
82890  -24.711  -5.672  -17.555 0.0000000000
81940  -24.816  -6.612  -17.194 0.0000000000
81955  -27.485  -6.661  -18.696 0.0000000000
80923  -26.492  -7.683  -17.630 0.0000000000
77711  -26.630  -9.939  -16.076 0.0000000000
78877  -27.552  -9.121  -17.229 0.0000000000
144050  -28.603  -10.353  -16.618 0.0000000000
77733  -30.644  -10.266  -17.180 0.0000000000
76640  -29.879  -11.714  -16.598 0.0000000000
95753  -25.949  8.198  -16.931 0.0000000000
147276  -24.870  8.804  -16.572 0.0000000000
96709  -26.729  8.807  -16.754 0.0000000000
98708  -28.859  10.338  -17.060 0.0000000000
96717  -30.061  8.752  -17.090 0.0000000000
93863  -28.839  5.104  -17.477 0.0000000000
88925  -22.398  0.247  -17.198 0.0000000000
149399  -21.407  1.259  -16.010 0.0000000000
90934  -22.140  2.134  -17.486 0.0000000000
90965  -23.122  2.875  -18.668 0.0000000000
90950  -23.363  2.054  -19.225 0.0000000000
88942  -28.826  -0.401  -18.996 0.0000000000
89977  -28.129  1.163  -18.603 0.0000000000
89989  -30.093  1.163  -19.518 0.0000000000
81969  -30.533  -6.452  -19.847 0.0000000000
83901  -31.626  -4.943  -20.042 0.0000000000
72394  -24.467  -15.353  -12.834 0.0000000000
73380  -25.231  -14.379  -13.875 0.0000000000
74424  -25.525  -13.591  -14.286 0.0000000000
73388  -26.262  -14.332  -14.331 0.0000000000
78838  -23.705  -8.638  -15.355 0.0000000000
79914  -25.326  -8.530  -16.659 0.0000000000
77691  -24.560  -9.763  -15.268 0.0000000000
77679  -25.199  -10.504  -15.003 0.0000000000
76610  -25.805  -11.336  -14.784 0.0000000000
95764  -25.602  7.524  -17.398 0.0000000000
155982  -27.471  7.146  -16.883 0.0000000000
94832  -25.354  6.877  -17.852 0.0000000000
93883  -25.649  5.112  -18.050 0.0000000000
92907  -26.005  4.264  -18.490 0.0000000000
84819  -23.163  -3.909  -17.026 0.0000000000
142266  -23.064  -2.211  -17.429 0.0000000000
144486  -23.673  -1.197  -18.408 0.0000000000
87962  -24.138  -0.171  -19.331 0.0000000000
89986  -24.260  1.311  -20.178 0.0000000000
142846  -26.104  -0.288  -20.559 0.0000000000
88985  -28.159  -0.786  -21.009 0.0000000000
88986  -30.172  -0.242  -20.311 0.0000000000
150631  -30.127  -0.775  -20.539 0.0000000000
71367  -27.380  -16.895  -13.769 0.0000000000
151129  -28.098  -15.889  -14.313 0.0000000000
83872  -24.082  -4.721  -17.648 0.0000000000
83884  -24.975  -4.124  -18.586 0.0000000000
83896  -26.552  -3.919  -19.511 0.0000000000
84849  -29.281  -4.214  -19.525 0.0000000000
82912  -27.930  -5.426  -19.510 0.0000000000
156796  -28.991  -6.644  -20.051 0.0000000000
147702  -30.191  -7.320  -19.052 0.0000000000
79927  -26.761  -8.509  -17.372 0.0000000000
79943  -28.724  -8.134  -18.378 0.0000000000
79930  -30.421  -8.052  -18.563 0.0000000000
78881  -31.411  -9.319  -17.491 0.0000000000
78858  -31.532  -9.498  -16.740 0.0000000000
95767  -30.110  7.101  -17.357 0.0000000000
91885  -22.100  4.120  -18.052 0.0000000000
92928  -24.135  4.029  -19.854 0.0000000000
91905  -26.365  3.504  -18.743 0.0000000000
90981  -25.813  1.803  -20.298 0.0000000000
137613  -27.850  2.280  -18.523 0.0000000000
91887  -29.189  3.440  -17.832 0.0000000000
84850  -30.828  -4.572  -20.365 0.0000000000
83910  -32.287  -3.867  -20.858 0.0000000000
161881  -22.596  -12.299  -12.921 0.0000000000
75483  -24.160  -12.695  -13.630 0.0000000000
153479  -25.737  -12.843  -14.401 0.0000000000
75495  -27.150  -12.725  -14.935 0.0000000000
73390  -28.320  -14.883  -14.820 0.0000000000
74436  -28.797  -13.665  -15.426 0.0000000000
75523  -29.115  -12.632  -16.028 0.0000000000
92886  -21.559  5.130  -16.902 0.0000000000
84846  -26.182  -2.980  -19.756 0.0000000000
84845  -25.472  -2.733  -19.509 0.0000000000
84858  -26.798  -2.535  -20.258 0.0000000000
85881  -27.581  -2.037  -20.780 0.0000000000
84860  -28.225  -2.627  -20.370 0.0000000000
85882  -29.030  -2.132  -20.534 0.0000000000
80910  -23.982  -7.840  -15.840 0.0000000000
162677  -23.883  -7.252  -15.740 0.0000000000
80911  -24.276  -7.389  -16.277 0.0000000000
80921  -24.770  -7.381  -16.768 0.0000000000
80922  -25.542  -7.311  -17.352 0.0000000000
79925  -25.207  -7.912  -16.810 0.0000000000
77693  -27.215  -10.753  -15.688 0.0000000000
77712  -27.574  -10.173  -16.218 0.0000000000
76638  -28.233  -11.112  -16.116 0.0000000000
147044  -29.108  -11.239  -16.555 0.0000000000
160120  -28.354  -11.824  -16.001 0.0000000000
151883  -27.676  9.213  -16.694 0.0000000000
162366  -29.383  8.627  -16.836 0.0000000000
154295  -28.827  8.190  -16.743 0.0000000000
137922  -29.650  5.447  -17.685 0.0000000000
93884  -30.210  4.985  -18.192 0.0000000000
142559  -29.660  4.370  -17.825 0.0000000000
159589  -22.826  0.378  -17.770 0.0000000000
88924  -22.022  1.191  -16.898 0.0000000000
89959  -21.629  1.923  -16.778 0.0000000000
143677  -22.895  2.034  -18.259 0.0000000000
88964  -29.948  0.237  -19.730 0.0000000000
89988  -29.330  0.482  -18.505 0.0000000000
141288  -31.145  -7.111  -19.503 0.0000000000
81970  -31.404  -6.532  -19.573 0.0000000000
81960  -32.122  -6.470  -19.125 0.0000000000
72396  -26.219  -16.005  -13.556 0.0000000000
71365  -25.191  -16.120  -12.888 0.0000000000
72395  -25.300  -15.277  -13.400 0.0000000000
73379  -24.474  -14.653  -13.212 0.0000000000
78824  -23.804  -9.293  -15.112 0.0000000000
78839  -24.277  -9.048  -15.766 0.0000000000
76608  -23.823  -11.281  -14.286 0.0000000000
76621  -26.161  -10.460  -15.418 0.0000000000
94858  -24.290  7.097  -18.431 0.0000000000
93903  -23.638  5.852  -19.391 0.0000000000
93881  -24.064  6.319  -19.039 0.0000000000
93882  -24.859  5.480  -18.789 0.0000000000
92906  -25.158  4.688  -19.041 0.0000000000
84820  -23.664  -3.760  -17.549 0.0000000000
85833  -23.766  -2.949  -17.764 0.0000000000
86898  -24.962  -1.968  -19.425 0.0000000000
86897  -24.424  -1.976  -18.733 0.0000000000
87953  -24.429  -1.095  -19.183 0.0000000000
87952  -23.658  -0.307  -18.714 0.0000000000
87963  -24.886  -0.467  -19.808 0.0000000000
87964  -25.546  -1.152  -20.147 0.0000000000
87982  -28.617  -1.015  -21.415 0.0000000000
87981  -27.817  -1.045  -21.139 0.0000000000
87954  -28.914  -0.602  -20.795 0.0000000000
85884  -30.985  -2.538  -20.780 0.0000000000
153878  -30.607  -1.870  -20.667 0.0000000000
85886  -31.955  -2.327  -20.620 0.0000000000
70403  -27.927  -17.298  -13.406 0.0000000000
82879  -23.055  -5.646  -16.329 0.0000000000
83858  -23.188  -5.047  -16.744 0.0000000000
82888  -23.688  -5.384  -16.989 0.0000000000
82901  -25.299  -5.082  -18.182 0.0000000000
82900  -24.527  -4.776  -17.934 0.0000000000
83885  -25.926  -4.443  -18.801 0.0000000000
82911  -27.009  -4.890  -19.117 0.0000000000
82903  -27.339  -5.785  -18.927 0.0000000000
81956  -28.482  -6.930  -19.309 0.0000000000
81957  -29.411  -7.054  -19.497 0.0000000000
80940  -28.690  -7.493  -18.854 0.0000000000
78854  -25.534  -9.140  -16.465 0.0000000000
78875  -26.021  -8.881  -16.871 0.0000000000
78876  -26.596  -9.132  -16.978 0.0000000000
78878  -28.593  -9.573  -17.076 0.0000000000
79929  -28.771  -8.906  -17.853 0.0000000000
79944  -29.476  -8.315  -18.331 0.0000000000
146549  -29.969  -8.815  -17.879 0.0000000000
79931  -30.978  -8.914  -17.984 0.0000000000
78880  -30.475  -9.605  -17.539 0.0000000000
77714  -30.638  -10.772  -16.755 0.0000000000
77715  -31.054  -9.990  -17.115 0.0000000000
141337  -31.064  -10.248  -16.305 0.0000000000
146348  -31.254  -10.037  -15.414 0.0000000000
155195  -28.525  6.708  -16.808 0.0000000000
149699  -28.657  7.453  -16.728 0.0000000000
95766  -29.389  6.850  -16.936 0.0000000000
86873  -21.958  -1.491  -16.610 0.0000000000
91853  -21.031  3.451  -16.284 0.0000000000
91876  -21.247  4.035  -16.568 0.0000000000
91884  -21.677  4.154  -17.314 0.0000000000
90966  -23.609  2.967  -19.647 0.0000000000
91915  -23.560  3.880  -19.599 0.0000000000
91923  -24.608  3.387  -20.105 0.0000000000
91904  -25.493  3.828  -19.266 0.0000000000
91918  -25.872  3.034  -19.478 0.0000000000
158656  -26.011  0.432  -20.454 0.0000000000
89998  -24.960  1.347  -20.459 0.0000000000
89987  -26.593  1.400  -19.903 0.0000000000
90953  -28.829  1.463  -17.945 0.0000000000
90954  -29.297  2.308  -18.024 0.0000000000
90935  -28.530  2.758  -18.062 0.0000000000
91908  -30.357  3.293  -18.897 0.0000000000
159431  -30.037  -4.873  -20.073 0.0000000000
83909  -31.730  -4.194  -20.738 0.0000000000
73378  -23.777  -14.031  -12.860 0.0000000000
74402  -23.045  -13.374  -12.727 0.0000000000
75482  -23.156  -12.606  -13.146 0.0000000000
75494  -26.261  -12.313  -14.639 0.0000000000
136362  -28.319  -15.411  -14.509 0.0000000000
162844  -29.144  -13.365  -15.548 0.0000000000
138405  -23.910  -9.869  -14.726 0.0000000000
77677  -23.352  -10.368  -14.260 0.0000000000
94855  -22.263  6.841  -18.872 0.0000000000
93901  -22.725  5.761  -19.305 0.0000000000
84834  -24.977  -3.339  -18.930 0.0000000000
84833  -24.725  -3.255  -18.758 0.0000000000
84844  -25.030  -2.880  -19.219 0.0000000000
85862  -25.278  -2.406  -19.510 0.0000000000
86911  -25.481  -1.825  -19.819 0.0000000000
86925  -26.439  -1.392  -20.623 0.0000000000
85880  -26.671  -1.867  -20.515 0.0000000000
86927  -28.237  -1.392  -21.330 0.0000000000
86928  -28.963  -1.365  -21.352 0.0000000000
86929  -29.927  -1.331  -20.744 0.0000000000
85866  -30.031  -2.916  -19.816 0.0000000000
81928  -23.484  -6.824  -15.609 0.0000000000
81939  -24.182  -6.116  -16.903 0.0000000000
81953  -25.622  -6.203  -17.895 0.0000000000
81954  -26.615  -6.228  -18.441 0.0000000000
80938  -26.449  -6.910  -18.014 0.0000000000
150602  -27.113  -7.280  -18.144 0.0000000000
78856  -26.968  -9.554  -16.653 0.0000000000
78857  -27.842  -9.707  -16.680 0.0000000000
77731  -29.322  -10.130  -17.087 0.0000000000
77732  -30.108  -10.330  -17.277 0.0000000000
77713  -29.645  -10.843  -16.888 0.0000000000
76650  -30.279  -10.981  -16.865 0.0000000000
76641  -30.371  -11.559  -16.471 0.0000000000
134767  -24.496  8.190  -17.142 0.0000000000
159657  -25.909  8.809  -16.734 0.0000000000
97724  -27.700  9.995  -16.590 0.0000000000
97735  -30.562  9.799  -18.079 0.0000000000
93862  -27.979  5.618  -17.198 0.0000000000
94835  -28.937  6.018  -17.135 0.0000000000
150365  -20.781  0.831  -15.544 0.0000000000
89940  -21.012  1.768  -15.918 0.0000000000
89941  -21.245  2.240  -16.380 0.0000000000
151376  -21.558  2.647  -16.988 0.0000000000
142310  -21.960  3.223  -17.613 0.0000000000
90949  -22.543  2.753  -18.047 0.0000000000
90978  -24.048  2.635  -20.233 0.0000000000
88941  -28.207  0.093  -19.031 0.0000000000
88961  -27.398  1.076  -19.495 0.0000000000
89978  -28.990  0.319  -18.292 0.0000000000
139149  -29.114  1.074  -18.018 0.0000000000
90969  -29.715  1.697  -18.637 0.0000000000
82914  -29.801  -5.997  -20.430 0.0000000000
138700  -30.287  -5.335  -20.259 0.0000000000
82915  -30.849  -5.722  -19.938 0.0000000000
82916  -31.793  -5.706  -19.555 0.0000000000
148613  -24.425  -14.000  -13.421 0.0000000000
74412  -24.708  -13.500  -13.839 0.0000000000
73389  -27.351  -14.427  -14.700 0.0000000000
79900  -23.679  -8.114  -15.446 0.0000000000
78853  -24.767  -8.790  -16.289 0.0000000000
78840  -25.046  -9.386  -16.010 0.0000000000
77692  -25.388  -9.925  -15.535 0.0000000000
77710  -25.819  -9.665  -16.093 0.0000000000
75506  -26.866  -11.603  -15.145 0.0000000000
155306  -23.440  8.374  -17.805 0.0000000000
95765  -26.486  7.550  -17.123 0.0000000000
94833  -26.370  6.902  -17.326 0.0000000000
139679  -27.130  6.212  -17.175 0.0000000000
93860  -25.035  6.112  -18.259 0.0000000000
93861  -26.035  5.909  -17.529 0.0000000000
155827  -27.013  5.415  -17.452 0.0000000000
92888  -26.727  4.658  -17.823 0.0000000000
92908  -27.656  4.118  -17.891 0.0000000000
153841  -22.535  -1.594  -17.137 0.0000000000
85846  -24.363  -2.795  -18.452 0.0000000000
86888  -23.731  -2.090  -18.077 0.0000000000
87931  -22.410  -0.764  -17.068 0.0000000000
153666  -23.058  -0.339  -17.838 0.0000000000
88940  -23.221  0.447  -18.286 0.0000000000
89976  -23.284  1.243  -18.673 0.0000000000
88960  -24.227  0.506  -19.728 0.0000000000
88982  -24.896  0.492  -20.174 0.0000000000
156491  -26.561  -0.069  -20.548 0.0000000000
87980  -26.790  -0.843  -20.811 0.0000000000
88984  -27.359  -0.549  -20.759 0.0000000000
88962  -28.028  -0.394  -20.122 0.0000000000
88963  -29.331  -0.305  -19.141 0.0000000000
87984  -30.885  -0.419  -20.500 0.0000000000
80943  -31.484  -7.558  -19.148 0.0000000000
154304  -26.672  -16.734  -13.655 0.0000000000
71366  -26.957  -16.414  -14.061 0.0000000000
72406  -26.915  -15.794  -14.260 0.0000000000
138053  -23.552  -4.558  -17.261 0.0000000000
83882  -24.072  -4.197  -17.827 0.0000000000
82889  -24.185  -5.322  -17.411 0.0000000000
83883  -24.468  -4.019  -18.344 0.0000000000
84847  -27.100  -3.392  -19.966 0.0000000000
84848  -28.097  -3.803  -19.917 0.0000000000
83897  -27.816  -4.574  -19.680 0.0000000000
83898  -28.788  -5.142  -19.874 0.0000000000
159231  -29.240  -5.827  -20.316 0.0000000000
81966  -28.383  -6.218  -19.641 0.0000000000
81967  -29.155  -6.204  -20.284 0.0000000000
81968  -29.624  -6.504  -20.114 0.0000000000
81958  -30.359  -6.920  -19.509 0.0000000000
80942  -30.935  -7.610  -19.250 0.0000000000
79926  -25.874  -8.186  -17.095 0.0000000000
80924  -27.361  -7.814  -17.900 0.0000000000
79928  -27.845  -8.397  -17.839 0.0000000000
79942  -28.096  -7.835  -18.299 0.0000000000
80941  -29.531  -7.644  -18.761 0.0000000000
80925  -31.203  -8.146  -18.677 0.0000000000
79932  -31.539  -8.608  -17.938 0.0000000000
152510  -30.996  -9.636  -17.467 0.0000000000
148036  -29.677  7.803  -16.855 0.0000000000
92905  -22.502  4.706  -18.896 0.0000000000
140160  -23.180  5.145  -19.610 0.0000000000
91903  -22.546  3.574  -18.377 0.0000000000
92921  -23.048  4.676  -19.517 0.0000000000
91916  -24.628  4.176  -19.674 0.0000000000
137056  -26.850  3.989  -18.288 0.0000000000
140622  -24.408  2.076  -20.426 0.0000000000
90967  -25.439  2.609  -20.247 0.0000000000
90952  -27.174  1.899  -19.307 0.0000000000
90968  -26.252  2.264  -19.751 0.0000000000
90951  -26.777  2.720  -18.968 0.0000000000
91906  -27.464  3.317  -18.342 0.0000000000
91886  -28.348  3.600  -17.886 0.0000000000
92909  -30.295  4.111  -18.443 0.0000000000
156673  -30.027  -3.792  -19.570 0.0000000000
84861  -31.325  -3.617  -20.755 0.0000000000
84862  -31.994  -3.647  -21.065 0.0000000000
148549  -22.736  -11.879  -13.199 0.0000000000
75491  -23.485  -11.968  -13.742 0.0000000000
75492  -24.393  -12.041  -14.179 0.0000000000
74423  -24.964  -12.828  -14.183 0.0000000000
75493  -25.354  -12.104  -14.417 0.0000000000
75507  -27.648  -12.346  -15.415 0.0000000000
156977  -26.857  -15.062  -14.431 0.0000000000
73400  -28.256  -14.101  -15.145 0.0000000000
74426  -27.479  -13.582  -14.929 0.0000000000
74435  -28.069  -13.193  -15.437 0.0000000000
75508  -28.416  -12.426  -15.819 0.0000000000
75524  -29.730  -12.416  -16.217 0.0000000000
72407  -27.663  -15.447  -14.531 0.0000000000
76639  -29.027  -12.018  -16.316 0.0000000000
79901  -24.124  -8.415  -15.915 0.0000000000
82913  -28.689  -5.658  -19.946 0.0000000000
83900  -31.009  -4.893  -20.258 0.0000000000
85863  -25.720  -2.106  -19.871 0.0000000000
85879  -26.122  -1.839  -20.292 0.0000000000
86887  -23.090  -1.340  -17.643 0.0000000000
86912  -25.893  -1.577  -20.281 0.0000000000
87978  -25.561  -0.339  -20.293 0.0000000000
87979  -26.039  -0.975  -20.628 0.0000000000
88959  -23.648  0.492  -19.109 0.0000000000
88983  -25.556  0.482  -20.360 0.0000000000
89985  -23.700  1.279  -19.606 0.0000000000
89997  -23.789  2.036  -20.077 0.0000000000
89999  -25.593  1.233  -20.400 0.0000000000
90000  -26.233  0.869  -20.326 0.0000000000
90920  -21.038  2.609  -16.250 0.0000000000
90979  -24.558  2.784  -20.359 0.0000000000
90980  -25.103  2.194  -20.545 0.0000000000
91907  -29.869  3.369  -18.177 0.0000000000
91914  -23.104  3.801  -19.134 0.0000000000
91917  -25.129  3.331  -20.063 0.0000000000
91922  -24.043  3.430  -20.051 0.0000000000
92887  -22.076  5.225  -17.823 0.0000000000
92922  -23.655  4.366  -19.659 0.0000000000
93902  -23.122  5.922  -19.439 0.0000000000
93904  -24.354  5.251  -19.386 0.0000000000
94872  -22.635  6.894  -19.138 0.0000000000
95754  -26.896  7.985  -16.923 0.0000000000
95768  -30.410  7.266  -18.034 0.0000000000
135457  -27.840  4.845  -17.505 0.0000000000
150969  -24.413  -6.854  -16.636 0.0000000000
155193  -28.828  -13.076  -15.702 0.0000000000
159513  -29.639  -0.615  -20.541 0.0000000000
161194  -26.287  5.231  -17.610 0.0000000000
