#!ascii label  , from subject sub-v2s18x29509_ses-1 vox2ras=TkReg
2162
41203  42.328  -46.048  -10.224 0.6000000238
40068  41.882  -46.968  -9.260 0.5000000000
43268  40.877  -44.397  -8.918 0.6999999881
43269  40.613  -44.393  -8.965 0.6000000238
42221  40.511  -44.976  -9.320 0.6000000238
42205  39.786  -44.837  -8.818 0.6000000238
41189  41.588  -45.424  -9.316 0.6999999881
42203  41.391  -45.029  -9.468 0.6000000238
42239  41.563  -45.514  -10.102 0.5000000000
41205  41.058  -45.866  -10.285 0.5000000000
40085  40.397  -46.787  -9.849 0.5000000000
41191  39.555  -46.006  -8.895 0.6000000238
42206  38.875  -44.846  -8.258 0.6000000238
40069  41.548  -46.252  -8.873 0.5000000000
40084  42.464  -46.577  -9.976 0.5000000000
41221  42.030  -45.897  -10.390 0.6000000238
41178  38.353  -45.993  -7.919 0.6000000238
37859  42.450  -49.365  -9.369 0.5000000000
36693  42.423  -50.054  -8.597 0.5000000000
46554  38.986  -41.752  -7.421 0.6000000238
147973  38.828  -42.547  -7.795 0.6999999881
161061  39.805  -43.450  -7.354 0.6000000238
149481  40.176  -43.619  -7.993 0.6999999881
144350  39.259  -42.638  -7.777 0.6000000238
44376  38.950  -43.021  -8.059 0.6000000238
43254  39.073  -43.761  -8.187 0.6000000238
42191  40.738  -44.554  -8.406 0.6000000238
42204  41.238  -44.701  -9.091 0.6999999881
43255  37.913  -44.104  -7.653 0.6000000238
40060  40.751  -46.824  -7.870 0.5000000000
41177  40.495  -45.756  -7.701 0.5000000000
42194  37.512  -45.079  -7.743 0.6000000238
38958  41.645  -48.280  -8.687 0.5000000000
38950  41.151  -48.408  -7.896 0.5000000000
42208  36.663  -45.208  -8.101 0.6000000238
43280  35.646  -44.296  -9.178 0.6999999881
162436  36.538  -45.989  -8.281 0.6000000238
42222  35.616  -45.133  -9.493 0.6999999881
41194  36.092  -46.467  -8.841 0.6000000238
41208  35.636  -46.174  -9.872 0.6000000238
140869  35.648  -46.373  -11.143 0.6000000238
139922  35.828  -47.144  -9.646 0.6000000238
43329  35.622  -45.193  -14.459 0.5000000000
45585  36.008  -43.559  -15.197 0.6999999881
43330  35.211  -45.283  -13.860 0.6000000238
45569  36.317  -42.598  -15.146 0.8000000119
149654  34.685  -44.518  -12.752 0.6999999881
47656  38.676  -41.106  -7.033 0.6000000238
46555  37.589  -41.098  -7.342 0.6999999881
164051  39.502  -42.420  -6.938 0.6999999881
44360  39.590  -42.897  -7.550 0.6999999881
46546  39.221  -41.655  -7.122 0.6000000238
44377  37.747  -43.189  -7.596 0.6999999881
45499  37.146  -41.924  -7.541 0.6999999881
42175  39.951  -44.154  -7.338 0.6000000238
44361  39.271  -43.211  -6.587 0.6000000238
46556  36.777  -41.192  -7.720 0.8000000119
161552  39.034  -45.659  -5.784 0.5000000000
42161  39.407  -44.955  -6.439 0.5000000000
45509  36.414  -42.586  -7.965 0.8000000119
44378  36.733  -43.457  -7.891 0.6000000238
40047  39.577  -46.828  -6.247 0.5000000000
160042  39.887  -46.121  -6.953 0.5000000000
45515  36.029  -41.976  -8.657 0.8000000119
43271  36.622  -44.340  -8.080 0.6000000238
37838  41.527  -49.119  -7.837 0.5000000000
44390  35.716  -43.548  -9.001 0.8000000119
45516  35.666  -43.203  -9.758 0.8000000119
44389  36.077  -43.947  -8.471 0.6999999881
45544  36.304  -42.667  -11.426 0.6999999881
44407  35.856  -43.033  -10.779 0.6999999881
44423  36.388  -44.058  -12.252 0.6999999881
156090  36.210  -43.324  -11.627 0.6999999881
43294  35.565  -44.552  -10.103 0.6999999881
44434  36.825  -44.087  -12.871 0.6000000238
42252  35.875  -45.935  -11.968 0.6000000238
43308  35.782  -44.782  -11.117 0.6000000238
44448  37.665  -44.065  -14.173 0.6999999881
42251  36.146  -45.818  -12.850 0.6999999881
43307  36.179  -44.995  -12.168 0.6000000238
43340  37.154  -44.877  -15.214 0.6999999881
140013  36.203  -45.682  -13.891 0.6000000238
44463  35.664  -44.428  -14.863 0.8000000119
43341  36.678  -44.765  -15.373 0.8000000119
42278  36.054  -45.480  -14.378 0.6000000238
45595  37.485  -43.321  -16.347 0.8999999762
45556  35.351  -42.556  -13.285 0.6999999881
46655  36.970  -42.487  -15.704 0.8000000119
44436  34.750  -43.620  -12.724 0.6999999881
48699  38.053  -39.659  -6.696 0.6000000238
48711  37.370  -39.695  -7.364 0.6999999881
49756  37.419  -38.282  -7.644 0.6999999881
47644  38.504  -40.377  -6.506 0.6000000238
48720  36.923  -39.093  -7.909 0.6000000238
47602  38.393  -40.482  -4.737 0.4000000060
46530  38.786  -41.040  -5.783 0.6000000238
143885  38.906  -41.043  -6.560 0.6000000238
48712  36.805  -39.888  -7.872 0.6999999881
45469  38.633  -41.922  -5.680 0.6000000238
47667  36.536  -40.497  -8.129 0.8000000119
43215  38.031  -44.274  -4.337 0.4000000060
43228  38.593  -44.192  -5.559 0.5000000000
43240  39.354  -44.116  -6.538 0.6000000238
47674  36.300  -40.497  -9.005 0.8000000119
41138  38.588  -45.831  -4.844 0.5000000000
46571  36.084  -41.300  -9.413 0.8000000119
40046  40.083  -47.644  -6.218 0.4000000060
46583  36.241  -41.506  -10.458 0.8000000119
38937  40.672  -48.194  -6.621 0.5000000000
46600  36.777  -41.861  -11.584 0.8000000119
45553  38.259  -42.045  -13.095 0.8000000119
45555  36.682  -43.089  -12.237 0.6999999881
143303  36.134  -42.223  -10.828 0.8000000119
45568  37.998  -43.072  -13.534 0.8000000119
45554  37.453  -42.477  -12.632 0.6999999881
45584  39.117  -43.645  -15.154 0.8999999762
44447  38.347  -43.770  -14.653 0.8999999762
44462  37.723  -44.457  -15.347 0.8999999762
44449  37.085  -44.605  -13.717 0.6999999881
43327  37.176  -44.956  -14.686 0.6000000238
153028  37.382  -43.874  -16.283 0.8999999762
47729  36.780  -41.110  -14.031 0.8000000119
143366  35.604  -41.067  -12.609 0.8000000119
46624  36.268  -41.877  -14.164 0.8000000119
46625  35.760  -41.881  -13.349 0.8000000119
46640  37.350  -41.624  -15.305 0.8000000119
45570  35.682  -42.784  -14.227 0.6999999881
49755  37.917  -38.165  -6.833 0.6999999881
50809  37.502  -37.753  -8.141 0.6000000238
49745  38.275  -38.940  -6.284 0.6000000238
50800  38.318  -37.280  -6.598 0.5000000000
49765  37.141  -38.329  -8.449 0.6999999881
49718  38.627  -38.552  -4.513 0.4000000060
49733  38.494  -38.699  -5.377 0.5000000000
48698  38.496  -39.725  -6.162 0.6000000238
48728  36.827  -39.061  -8.899 0.6999999881
148214  38.413  -39.722  -4.096 0.5000000000
48729  36.599  -39.805  -9.460 0.6999999881
144655  38.310  -41.240  -3.297 0.5000000000
45457  38.161  -42.306  -4.516 0.6000000238
45419  38.283  -42.906  -2.740 0.4000000060
45438  38.074  -42.666  -3.550 0.4000000060
164477  37.914  -39.648  -11.334 0.8000000119
48742  36.888  -39.880  -10.386 0.8000000119
43196  38.001  -44.809  -3.242 0.4000000060
47699  37.361  -40.808  -11.530 0.8000000119
47700  36.632  -41.002  -10.938 0.8000000119
47685  36.400  -40.588  -10.088 0.8000000119
40034  39.618  -47.309  -5.412 0.3000000119
46609  39.421  -41.046  -13.225 0.8000000119
47713  39.460  -40.375  -12.748 0.8000000119
46611  37.735  -41.446  -12.316 0.8000000119
46622  39.820  -41.628  -13.813 0.8000000119
46610  38.671  -41.058  -12.736 0.8000000119
46637  41.573  -42.465  -15.242 0.8999999762
45566  39.509  -42.659  -14.375 0.8999999762
149020  40.851  -43.282  -15.803 0.8999999762
45583  40.002  -43.622  -15.616 0.8999999762
45593  40.745  -43.399  -16.670 0.8999999762
44459  40.079  -44.208  -16.471 0.8999999762
44467  39.666  -44.018  -16.708 0.8999999762
47715  36.746  -40.231  -13.310 0.8000000119
46601  34.912  -41.043  -11.797 0.8000000119
45594  38.333  -43.377  -16.549 0.8999999762
46653  38.560  -42.457  -16.244 0.8999999762
47746  37.175  -41.118  -14.654 0.8000000119
47762  38.039  -41.481  -15.597 0.8000000119
164576  38.185  -36.933  -7.429 0.6000000238
51987  38.335  -36.328  -7.870 0.6000000238
51962  38.684  -36.463  -5.934 0.6000000238
50773  39.338  -37.173  -3.698 0.4000000060
50774  38.853  -37.275  -4.658 0.4000000060
154227  38.626  -37.974  -5.046 0.4000000060
140737  38.405  -38.076  -5.964 0.5000000000
50819  37.515  -37.651  -8.885 0.6999999881
159960  38.858  -38.542  -3.699 0.4000000060
49773  37.277  -38.372  -9.383 0.6999999881
48619  39.470  -39.135  -2.667 0.5000000000
48644  38.826  -39.244  -3.303 0.4000000060
49787  37.744  -38.581  -10.358 0.6999999881
139021  39.919  -39.909  -2.316 0.5000000000
49797  39.078  -38.890  -11.554 0.8000000119
158461  37.514  -39.402  -10.725 0.8000000119
48784  40.896  -39.988  -13.201 0.8000000119
48768  38.702  -40.209  -12.254 0.8000000119
46620  41.265  -41.442  -14.333 0.8000000119
46639  40.325  -42.498  -14.672 0.8999999762
46636  42.434  -42.583  -15.661 0.8999999762
45599  40.749  -43.533  -16.744 0.8999999762
46661  40.595  -42.829  -16.797 1.0000000000
48787  37.370  -39.844  -13.566 0.8000000119
150715  39.534  -42.635  -16.411 1.0000000000
47728  37.311  -40.491  -14.054 0.8000000119
160175  40.155  -42.082  -16.291 1.0000000000
143967  38.356  -40.757  -15.281 0.8000000119
47744  38.953  -40.486  -15.332 0.8000000119
53168  38.648  -35.633  -7.440 0.6000000238
53175  38.615  -35.674  -8.326 0.6000000238
53161  39.313  -35.009  -5.922 0.6000000238
53183  38.840  -35.731  -9.282 0.6999999881
51929  39.717  -36.335  -3.742 0.4000000060
146384  39.194  -36.591  -4.446 0.4000000060
51945  39.067  -36.152  -5.113 0.4000000060
50758  39.829  -37.555  -2.891 0.4000000060
50830  37.892  -37.711  -9.791 0.6999999881
49678  40.277  -38.986  -2.345 0.5000000000
51900  40.841  -36.697  -2.795 0.4000000060
50844  38.353  -38.085  -10.510 0.8000000119
48767  39.451  -39.584  -12.245 0.8000000119
164383  39.750  -37.841  -11.270 0.8000000119
48783  41.743  -39.880  -13.486 0.8000000119
47712  40.151  -39.902  -12.782 0.8000000119
47725  42.247  -40.554  -14.124 0.8000000119
146981  40.918  -40.788  -13.701 0.8000000119
47742  41.996  -41.523  -14.561 0.8999999762
45581  42.375  -43.228  -16.901 0.8999999762
47756  44.148  -41.950  -15.721 0.8999999762
45598  42.294  -43.129  -17.128 1.0000000000
149338  42.185  -42.954  -17.261 1.0000000000
46651  41.682  -42.242  -16.784 1.0000000000
48802  38.453  -40.123  -14.729 0.8000000119
47716  36.029  -40.274  -12.636 0.8000000119
47759  41.040  -41.018  -16.154 1.0000000000
47743  39.690  -40.257  -15.371 0.8000000119
47760  40.287  -41.125  -15.890 0.8000000119
143283  39.729  -34.286  -5.802 0.6000000238
53162  38.787  -35.664  -6.489 0.6000000238
53174  38.936  -35.044  -7.908 0.6000000238
52004  39.046  -36.214  -10.027 0.6999999881
53197  39.567  -35.719  -10.102 0.6999999881
53103  40.070  -35.653  -3.866 0.4000000060
53129  39.850  -35.297  -4.460 0.5000000000
53144  39.409  -35.455  -5.086 0.5000000000
52021  38.876  -36.841  -10.238 0.8000000119
52020  39.686  -36.576  -10.653 0.8000000119
51928  40.434  -36.148  -3.312 0.4000000060
50842  39.386  -37.380  -10.780 0.8000000119
51926  42.288  -36.384  -2.938 0.4000000060
53101  42.040  -35.540  -3.347 0.4000000060
49795  40.473  -38.680  -12.174 0.8000000119
48752  39.838  -38.983  -12.010 0.8000000119
48765  40.797  -39.305  -12.681 0.8000000119
46635  43.330  -42.210  -15.590 0.8999999762
47740  43.580  -41.168  -14.987 0.8000000119
45591  43.915  -43.009  -17.061 1.0000000000
45597  44.110  -42.845  -17.435 1.0000000000
46648  45.214  -42.195  -17.157 1.0000000000
46659  43.028  -42.872  -17.250 1.0000000000
48814  41.297  -39.957  -15.538 1.0000000000
139739  39.973  -39.488  -14.831 0.8999999762
49827  37.796  -39.256  -13.395 0.8000000119
49826  38.314  -38.567  -13.146 0.8999999762
48800  40.791  -39.338  -14.888 1.0000000000
48785  39.533  -39.008  -14.164 1.0000000000
48813  42.971  -39.049  -16.039 1.0000000000
49862  43.849  -38.881  -16.751 1.0000000000
49852  42.254  -38.638  -15.337 1.0000000000
49839  42.488  -37.879  -15.111 1.0000000000
50917  43.854  -37.991  -17.138 1.0000000000
49851  43.401  -37.959  -16.157 1.0000000000
54403  39.843  -33.923  -7.843 0.6999999881
54411  39.435  -34.637  -8.331 0.6999999881
54410  40.040  -34.201  -8.739 0.6999999881
54392  39.938  -33.724  -6.325 0.6000000238
146308  40.006  -33.549  -7.097 0.6000000238
53182  39.634  -35.005  -9.272 0.6999999881
54377  40.271  -33.918  -5.466 0.6000000238
53127  41.340  -34.580  -4.131 0.5000000000
162938  40.727  -35.372  -10.788 0.8000000119
53126  42.599  -35.216  -3.852 0.4000000060
50841  40.072  -37.294  -11.228 0.8000000119
145794  41.002  -38.001  -12.097 0.8000000119
49807  41.296  -38.711  -12.626 0.8000000119
49822  42.820  -38.822  -13.559 0.8000000119
49823  41.958  -39.013  -13.198 0.8000000119
48799  43.000  -40.409  -14.361 0.6999999881
48781  43.207  -39.498  -14.148 0.8000000119
47739  44.416  -40.860  -15.342 0.8999999762
48797  44.722  -39.627  -15.102 0.8000000119
47755  44.922  -41.643  -16.171 0.8999999762
48812  45.365  -40.647  -15.898 1.0000000000
48823  46.272  -40.610  -16.806 1.0000000000
46663  44.621  -42.542  -17.682 1.0000000000
47766  45.987  -41.606  -17.757 1.0000000000
48826  47.052  -40.225  -18.552 1.0000000000
47773  44.781  -42.171  -17.918 1.0000000000
160065  46.724  -40.391  -18.834 1.0000000000
48828  45.416  -41.489  -18.189 1.0000000000
49865  45.635  -39.618  -18.848 1.0000000000
138795  44.299  -39.849  -17.367 1.0000000000
49841  40.351  -38.773  -14.350 1.0000000000
49825  39.116  -38.453  -13.481 1.0000000000
49861  44.552  -39.132  -17.767 1.0000000000
146174  41.083  -38.665  -14.541 1.0000000000
50900  40.908  -37.976  -14.007 1.0000000000
50898  42.349  -37.262  -14.805 1.0000000000
50909  43.381  -37.248  -16.300 1.0000000000
50910  43.025  -37.264  -15.530 1.0000000000
55582  40.394  -33.592  -8.338 0.6999999881
54420  40.392  -34.422  -9.606 0.6999999881
55546  41.525  -33.091  -5.761 0.5000000000
55575  40.551  -33.168  -7.589 0.6999999881
53196  40.210  -35.165  -10.219 0.6999999881
55547  40.670  -33.306  -5.920 0.6000000238
54359  41.426  -34.041  -4.640 0.5000000000
54376  41.051  -33.639  -5.206 0.5000000000
52034  41.091  -36.749  -11.576 0.8000000119
50852  41.494  -37.253  -12.011 0.8000000119
50864  42.234  -37.345  -12.488 0.6999999881
49806  42.437  -38.153  -12.921 0.8000000119
49821  43.608  -38.596  -14.086 0.8000000119
49838  43.906  -39.242  -14.518 0.6999999881
48811  45.742  -39.549  -15.749 0.8999999762
50908  46.386  -37.631  -15.202 0.8000000119
52084  46.438  -36.973  -15.343 0.8000000119
148106  45.787  -35.993  -15.981 0.8000000119
48810  46.363  -39.537  -16.406 0.8999999762
49850  46.175  -38.555  -15.612 0.8000000119
52093  46.439  -37.685  -16.388 0.8000000119
48822  46.823  -40.033  -17.407 1.0000000000
49849  46.652  -39.105  -16.765 0.8999999762
144058  46.540  -37.713  -17.710 0.8999999762
53282  45.985  -35.701  -17.373 0.8000000119
50916  46.767  -38.698  -17.621 0.8999999762
49864  47.219  -39.451  -18.941 1.0000000000
48827  46.157  -40.584  -18.679 1.0000000000
149396  45.128  -40.355  -18.160 1.0000000000
49868  46.384  -39.078  -19.698 1.0000000000
160268  44.793  -38.451  -18.699 1.0000000000
52077  42.078  -36.486  -14.586 1.0000000000
50926  45.707  -38.055  -19.695 1.0000000000
50921  43.804  -37.619  -18.011 1.0000000000
52076  42.650  -36.620  -15.197 1.0000000000
141280  45.068  -37.216  -19.507 1.0000000000
50927  44.325  -37.428  -18.938 1.0000000000
52095  42.952  -36.407  -17.096 1.0000000000
139530  41.813  -32.309  -7.199 0.6999999881
56659  41.306  -32.606  -7.758 0.6999999881
55581  40.972  -33.077  -8.427 0.6999999881
55588  41.416  -33.098  -9.273 0.6999999881
54419  41.058  -33.861  -9.894 0.6999999881
56644  42.551  -32.362  -6.666 0.6000000238
54432  41.580  -34.255  -10.627 0.6999999881
55545  42.359  -33.294  -5.557 0.5000000000
53215  41.322  -35.100  -11.059 0.6999999881
55544  43.220  -33.699  -5.581 0.5000000000
147581  41.823  -35.606  -11.569 0.8000000119
52032  42.297  -36.075  -12.042 0.6999999881
50863  43.073  -37.230  -12.916 0.6999999881
52043  42.712  -36.590  -12.470 0.6999999881
50881  43.355  -37.908  -13.479 0.6999999881
49820  44.290  -37.785  -14.033 0.6999999881
49836  45.541  -38.554  -14.997 0.6999999881
49837  44.507  -38.544  -14.557 0.6999999881
52075  46.352  -36.922  -14.267 0.8000000119
160193  45.364  -35.122  -14.628 0.8000000119
54503  45.173  -34.479  -15.224 0.8000000119
53274  45.500  -35.401  -15.187 0.8000000119
148481  45.427  -33.894  -16.174 0.8000000119
54513  45.534  -34.868  -16.398 0.8000000119
52097  46.687  -37.293  -18.540 1.0000000000
54520  46.216  -34.786  -17.792 0.8000000119
53289  46.636  -36.412  -18.634 1.0000000000
155424  46.587  -35.524  -18.592 0.8000000119
49866  47.081  -39.760  -19.380 1.0000000000
50920  47.138  -38.317  -19.233 1.0000000000
153985  47.040  -39.275  -19.769 1.0000000000
50925  47.082  -38.425  -20.137 1.0000000000
52108  46.742  -36.674  -20.402 1.0000000000
53262  42.347  -35.895  -15.255 1.0000000000
53263  41.764  -35.695  -14.354 1.0000000000
52103  45.336  -36.600  -19.725 1.0000000000
52104  43.983  -36.518  -19.063 1.0000000000
52098  43.302  -36.852  -18.242 1.0000000000
152973  42.515  -35.865  -16.315 1.0000000000
53296  43.157  -35.911  -19.064 1.0000000000
164617  41.933  -32.228  -7.913 0.6999999881
56683  41.984  -32.535  -9.121 0.6999999881
55601  41.792  -33.396  -10.123 0.6000000238
54431  42.544  -33.791  -10.810 0.6000000238
54450  42.128  -34.735  -11.291 0.6000000238
53214  42.674  -35.290  -11.795 0.6999999881
52042  43.661  -36.305  -12.854 0.6999999881
53230  43.162  -35.768  -12.331 0.6999999881
50880  44.226  -36.965  -13.458 0.6999999881
52061  45.634  -36.587  -13.528 0.6999999881
54490  45.375  -34.901  -13.924 0.8000000119
50878  46.036  -37.093  -13.923 0.6999999881
53261  46.236  -36.222  -13.731 0.8000000119
55672  45.183  -33.349  -15.554 0.8000000119
56777  45.818  -33.049  -16.513 0.8000000119
155360  46.405  -33.310  -17.364 0.8000000119
54519  47.029  -34.877  -19.463 0.8000000119
55687  46.610  -33.903  -18.162 0.8000000119
160506  47.504  -36.928  -20.270 1.0000000000
53294  47.391  -35.838  -20.329 1.0000000000
146747  47.023  -33.771  -19.110 0.6999999881
53300  47.310  -35.948  -20.443 1.0000000000
55696  47.179  -34.006  -20.053 0.8999999762
53301  46.949  -35.915  -20.560 1.0000000000
53302  45.912  -36.001  -20.122 1.0000000000
55705  46.444  -34.303  -20.360 1.0000000000
54476  41.451  -34.872  -14.133 1.0000000000
53295  44.565  -35.787  -19.391 1.0000000000
54526  44.437  -34.993  -19.231 1.0000000000
53283  42.139  -35.860  -17.624 1.0000000000
53275  41.956  -35.259  -15.723 1.0000000000
154406  41.809  -35.219  -14.856 1.0000000000
52099  42.730  -36.067  -18.737 1.0000000000
55587  42.015  -32.847  -9.663 0.6999999881
53229  43.676  -34.962  -12.092 0.6000000238
152614  44.290  -35.448  -12.569 0.6999999881
53246  45.994  -35.766  -13.201 0.6999999881
53228  45.720  -35.167  -12.481 0.6999999881
164815  46.206  -36.013  -13.423 0.6999999881
54474  45.927  -34.973  -12.793 0.8000000119
55656  44.885  -33.836  -14.511 0.6999999881
142062  44.869  -32.785  -14.878 0.6999999881
57943  46.197  -32.041  -16.472 0.6999999881
55682  46.455  -32.745  -17.147 0.6999999881
56785  46.863  -33.081  -18.167 0.6999999881
56794  47.588  -32.616  -19.691 0.8000000119
57962  47.440  -32.379  -18.753 0.6999999881
138267  46.941  -34.317  -20.376 0.8999999762
139011  46.727  -33.493  -20.362 1.0000000000
54491  41.439  -34.525  -15.064 1.0000000000
55706  45.294  -34.293  -19.618 1.0000000000
53284  41.732  -35.431  -17.046 1.0000000000
53297  42.231  -35.507  -18.689 1.0000000000
56682  42.583  -32.447  -9.488 0.6000000238
142761  43.280  -33.230  -10.581 0.6000000238
54430  43.715  -33.762  -11.141 0.6000000238
53213  43.140  -34.488  -11.477 0.6000000238
55616  44.956  -33.774  -11.330 0.6000000238
54448  45.350  -34.257  -11.845 0.6000000238
54463  45.603  -34.681  -12.160 0.6000000238
53227  45.596  -34.943  -12.362 0.6000000238
55642  45.131  -33.718  -12.955 0.6999999881
56749  44.696  -32.293  -14.163 0.6999999881
139472  45.709  -31.487  -15.628 0.6999999881
57924  46.207  -31.032  -16.161 0.6999999881
152072  46.569  -31.308  -17.051 0.6999999881
59100  47.063  -30.688  -17.512 0.6999999881
68466  49.341  -21.192  -12.191 0.3000000119
57952  47.802  -31.398  -19.093 0.6999999881
57953  47.227  -31.532  -17.950 0.6999999881
69576  49.539  -20.623  -12.686 0.3000000119
57961  48.022  -31.977  -19.927 0.8000000119
53249  35.509  -35.191  -13.238 0.8999999762
55704  47.099  -33.345  -20.287 1.0000000000
162648  38.728  -34.430  -12.582 1.0000000000
54492  40.908  -34.075  -13.974 1.0000000000
54478  39.933  -33.906  -12.890 1.0000000000
55698  44.959  -33.521  -19.088 1.0000000000
55690  42.459  -34.342  -18.416 1.0000000000
158061  43.079  -35.087  -18.791 1.0000000000
53291  41.367  -35.460  -18.117 1.0000000000
54504  41.416  -34.804  -16.442 1.0000000000
54527  41.718  -35.095  -18.759 1.0000000000
56693  43.524  -32.551  -10.035 0.6000000238
55599  44.366  -33.217  -10.721 0.6000000238
56691  45.689  -32.646  -10.436 0.6000000238
56704  45.683  -33.051  -10.902 0.6000000238
57874  45.890  -32.392  -10.590 0.6000000238
56705  45.447  -32.758  -11.381 0.6999999881
56723  44.690  -32.234  -12.452 0.6999999881
56722  45.566  -33.663  -11.449 0.6000000238
56738  44.738  -32.900  -13.017 0.6999999881
62165  49.118  -27.370  -10.716 0.3000000119
62166  48.222  -27.006  -10.398 0.3000000119
56748  45.158  -31.848  -14.995 0.6999999881
59072  45.792  -30.646  -15.470 0.6999999881
67362  48.305  -22.501  -11.680 0.3000000119
67378  48.186  -22.002  -12.602 0.4000000060
68467  48.719  -21.393  -12.453 0.4000000060
67391  48.092  -22.071  -13.851 0.4000000060
53250  34.920  -35.318  -13.789 0.6999999881
53266  34.089  -35.402  -15.270 0.6999999881
152815  49.116  -20.763  -16.487 0.3000000119
68481  48.970  -20.874  -12.853 0.3000000119
59110  48.223  -30.475  -19.257 0.6999999881
147997  36.891  -34.145  -13.639 0.8999999762
150384  49.140  -20.552  -15.776 0.3000000119
68496  48.563  -21.546  -14.451 0.3000000119
55707  47.976  -31.980  -20.716 0.8000000119
68495  48.886  -20.864  -15.006 0.3000000119
56805  47.214  -32.514  -20.476 0.8000000119
57971  45.819  -31.834  -19.836 1.0000000000
55658  40.391  -33.454  -14.342 1.0000000000
55688  44.245  -33.531  -18.353 1.0000000000
141809  40.767  -34.620  -17.302 1.0000000000
54505  41.007  -34.053  -16.062 1.0000000000
55689  43.477  -33.940  -18.252 1.0000000000
54521  40.660  -35.033  -18.563 1.0000000000
55699  41.308  -34.606  -18.771 1.0000000000
54528  40.688  -34.889  -18.740 1.0000000000
56797  41.042  -33.912  -18.683 1.0000000000
157535  45.193  -31.707  -11.155 0.6999999881
59024  44.683  -30.609  -11.399 0.6999999881
152125  48.455  -27.982  -10.540 0.3000000119
61136  47.491  -28.209  -10.280 0.4000000060
59035  44.480  -30.653  -12.558 0.6999999881
157630  44.636  -30.816  -13.631 0.6999999881
57910  44.855  -31.385  -14.330 0.6999999881
62167  47.204  -27.201  -10.293 0.4000000060
59053  45.469  -30.297  -14.793 0.6999999881
63224  47.642  -26.398  -10.436 0.3000000119
156620  46.918  -26.570  -10.473 0.5000000000
60153  45.856  -29.838  -15.310 0.6999999881
64282  47.181  -25.923  -10.670 0.5000000000
59071  46.265  -30.181  -15.928 0.6999999881
146919  47.635  -23.974  -11.672 0.4000000060
64316  46.751  -24.926  -12.830 0.6000000238
164255  47.238  -23.891  -13.017 0.5000000000
59090  46.536  -30.429  -16.742 0.6999999881
66312  47.919  -23.252  -11.641 0.3000000119
66396  48.386  -23.447  -18.276 0.4000000060
66350  47.537  -23.656  -14.592 0.4000000060
157212  47.558  -30.850  -18.311 0.6999999881
141532  33.491  -35.746  -15.689 0.6999999881
67435  48.811  -22.456  -18.008 0.4000000060
67392  47.783  -22.593  -13.322 0.4000000060
67403  47.733  -22.804  -14.299 0.4000000060
52087  33.211  -36.669  -15.964 0.6000000238
68520  49.228  -21.659  -17.048 0.3000000119
67428  49.272  -22.558  -17.578 0.3000000119
67434  49.308  -22.791  -17.994 0.4000000060
67402  48.324  -22.298  -14.989 0.4000000060
66363  48.166  -23.109  -15.436 0.4000000060
57968  49.033  -31.155  -21.211 0.6999999881
59109  49.064  -30.020  -20.272 0.6999999881
53264  35.442  -34.836  -13.973 0.6999999881
66368  49.410  -23.151  -18.039 0.4000000060
65376  47.932  -24.031  -15.844 0.4000000060
59122  48.499  -31.066  -21.293 0.8000000119
68507  49.106  -21.267  -16.210 0.3000000119
67416  48.861  -22.564  -16.217 0.3000000119
140802  48.868  -23.351  -16.791 0.4000000060
59119  47.420  -30.780  -20.746 0.8000000119
55659  39.807  -33.123  -13.975 1.0000000000
59120  46.233  -30.928  -19.982 0.8999999762
57963  45.290  -31.996  -18.625 1.0000000000
54515  40.244  -34.781  -18.395 1.0000000000
56788  42.087  -33.528  -17.883 1.0000000000
56787  43.062  -33.372  -17.552 1.0000000000
56786  43.909  -33.105  -17.705 1.0000000000
55701  39.521  -34.438  -19.115 1.0000000000
55691  39.571  -34.452  -18.894 1.0000000000
56798  40.019  -33.862  -19.258 1.0000000000
55702  39.240  -33.828  -19.169 1.0000000000
59010  45.478  -31.142  -10.506 0.6000000238
60093  45.594  -29.132  -10.029 0.6000000238
162324  45.220  -29.459  -10.488 0.6000000238
60105  44.817  -29.429  -11.255 0.6999999881
145812  45.984  -28.658  -9.923 0.5000000000
162573  45.698  -28.643  -10.180 0.6000000238
60113  44.560  -29.772  -12.272 0.6999999881
61137  46.508  -27.982  -10.234 0.5000000000
62168  46.282  -27.133  -10.515 0.4000000060
60125  44.663  -29.957  -13.260 0.6999999881
59046  45.071  -30.080  -14.090 0.6999999881
62169  45.674  -27.404  -10.906 0.6000000238
60124  45.132  -29.352  -13.671 0.6999999881
63232  45.891  -26.755  -11.208 0.6000000238
60135  45.551  -29.427  -14.544 0.6999999881
64294  46.772  -25.634  -11.243 0.6000000238
64304  46.518  -25.394  -12.099 0.6000000238
61198  46.024  -29.067  -15.221 0.6999999881
160890  46.355  -28.884  -15.628 0.6999999881
65335  46.823  -24.791  -12.088 0.5000000000
141754  46.723  -25.323  -13.765 0.6000000238
63271  46.495  -26.773  -14.562 0.6000000238
61212  46.718  -28.742  -16.212 0.6000000238
155957  46.542  -24.571  -17.353 0.4000000060
142675  47.470  -23.388  -13.411 0.4000000060
65349  47.122  -24.369  -13.717 0.4000000060
64330  46.841  -25.903  -14.621 0.5000000000
62224  46.723  -27.328  -15.396 0.6000000238
60170  47.318  -29.016  -17.063 0.6999999881
66385  46.747  -23.383  -17.457 0.4000000060
64329  47.181  -25.090  -14.653 0.5000000000
60182  47.768  -29.216  -18.066 0.6999999881
66394  49.213  -23.200  -18.250 0.4000000060
65415  48.120  -24.290  -18.344 0.5000000000
65362  47.417  -24.407  -14.832 0.4000000060
60190  48.431  -29.493  -19.164 0.6999999881
54493  35.215  -34.493  -14.405 0.8999999762
54494  34.431  -34.698  -14.884 0.6999999881
67429  49.315  -22.869  -17.420 0.4000000060
65388  48.775  -24.122  -17.357 0.4000000060
60198  48.397  -30.255  -21.215 0.6999999881
155602  49.202  -30.277  -21.125 0.6999999881
66369  49.353  -23.498  -17.924 0.4000000060
55646  38.221  -33.230  -13.873 0.8999999762
59112  45.616  -31.067  -19.019 0.8999999762
56739  39.116  -32.932  -13.830 0.8999999762
55683  40.132  -33.991  -17.471 1.0000000000
56750  39.944  -33.001  -14.709 1.0000000000
57955  44.558  -32.155  -17.520 1.0000000000
140897  40.331  -33.370  -15.614 1.0000000000
56779  42.722  -32.664  -16.845 1.0000000000
55673  39.675  -33.053  -16.775 1.0000000000
154701  39.181  -32.393  -15.960 1.0000000000
56767  41.980  -32.543  -16.870 1.0000000000
147916  40.464  -30.940  -16.819 0.8999999762
57928  40.912  -31.421  -15.949 1.0000000000
56780  41.274  -32.389  -17.519 1.0000000000
56800  38.919  -33.076  -19.061 1.0000000000
56791  38.891  -33.128  -18.653 1.0000000000
57948  40.793  -31.799  -17.583 1.0000000000
57965  39.410  -32.099  -19.165 1.0000000000
57967  38.525  -31.534  -18.922 0.8999999762
59093  40.048  -30.340  -17.627 1.0000000000
59113  39.077  -31.149  -19.180 0.8999999762
60104  45.322  -28.736  -10.638 0.6000000238
61149  44.981  -28.621  -11.461 0.6999999881
61171  44.723  -29.281  -12.937 0.6999999881
62176  45.413  -27.316  -11.819 0.6999999881
152896  45.551  -28.019  -13.854 0.6999999881
63243  45.757  -26.569  -12.132 0.6000000238
164524  45.569  -26.992  -12.690 0.6000000238
61186  45.833  -28.540  -14.625 0.6999999881
62196  45.856  -27.087  -13.645 0.6999999881
62210  46.156  -27.673  -14.587 0.6000000238
61185  46.409  -28.301  -15.390 0.6000000238
62237  47.095  -27.845  -16.160 0.6000000238
146426  46.297  -24.197  -16.492 0.3000000119
63242  46.145  -26.017  -12.603 0.6000000238
63256  46.372  -26.186  -13.628 0.6000000238
61211  47.544  -28.221  -16.941 0.6000000238
65390  46.407  -24.732  -17.093 0.4000000060
64342  45.853  -25.029  -16.308 0.4000000060
63270  47.082  -26.480  -15.426 0.6000000238
62223  47.461  -26.997  -16.222 0.6000000238
63283  47.605  -26.244  -16.310 0.5000000000
64356  48.077  -25.625  -17.033 0.4000000060
61224  47.966  -28.368  -17.930 0.6000000238
64370  47.023  -25.608  -18.023 0.5000000000
64355  48.756  -24.943  -17.902 0.4000000060
65389  48.025  -24.851  -16.516 0.4000000060
61228  48.539  -28.536  -18.971 0.6000000238
143248  48.619  -24.988  -18.632 0.5000000000
65404  49.030  -24.238  -18.312 0.4000000060
60195  48.130  -29.547  -20.938 0.6000000238
65414  48.964  -24.576  -18.465 0.4000000060
64369  48.673  -25.106  -18.609 0.4000000060
55660  36.568  -33.712  -14.109 0.8999999762
160087  46.003  -30.318  -19.208 0.8999999762
59111  46.653  -29.987  -19.904 0.8000000119
56742  36.977  -33.184  -14.205 0.8999999762
56740  38.478  -32.517  -14.290 0.8999999762
56752  38.588  -31.933  -15.132 0.8999999762
56751  39.335  -32.560  -14.672 0.8999999762
56778  43.526  -32.533  -17.028 1.0000000000
57947  41.404  -31.972  -16.448 1.0000000000
56781  39.000  -32.723  -17.517 1.0000000000
56782  38.576  -32.258  -17.944 0.8999999762
143203  39.753  -29.747  -18.110 1.0000000000
137702  39.023  -30.083  -19.235 1.0000000000
59114  38.394  -30.592  -19.087 0.8999999762
162514  39.030  -29.335  -19.207 1.0000000000
61232  38.564  -28.814  -19.275 0.8999999762
62183  45.333  -27.654  -12.877 0.6999999881
158755  46.060  -23.612  -15.669 0.3000000119
65377  45.851  -24.393  -15.759 0.3000000119
65378  45.302  -24.894  -15.259 0.3000000119
62236  47.780  -27.405  -17.084 0.6000000238
64357  46.231  -25.440  -17.143 0.5000000000
63284  45.509  -25.919  -16.555 0.4000000060
63299  48.164  -26.471  -17.448 0.5000000000
62250  48.413  -27.085  -18.233 0.5000000000
61223  48.506  -27.713  -18.708 0.5000000000
65406  46.534  -25.194  -17.439 0.5000000000
63298  48.766  -25.652  -18.238 0.5000000000
62255  48.549  -27.079  -19.007 0.5000000000
63311  46.591  -26.328  -18.107 0.5000000000
63315  48.444  -26.348  -18.842 0.5000000000
61234  48.838  -28.922  -20.126 0.6000000238
63316  47.386  -26.148  -18.570 0.5000000000
163296  48.618  -25.652  -18.878 0.5000000000
60191  46.833  -29.089  -19.746 0.6999999881
62251  46.479  -27.015  -18.413 0.5000000000
153144  47.268  -26.766  -18.790 0.5000000000
60192  46.184  -29.558  -18.985 0.6000000238
59101  45.630  -30.250  -18.210 0.8999999762
164522  44.648  -31.300  -17.177 0.8999999762
57954  45.239  -31.264  -17.868 0.8999999762
59092  43.683  -31.248  -16.060 0.8999999762
59076  40.563  -30.802  -15.425 0.8999999762
57927  41.473  -31.678  -15.462 0.8999999762
163409  41.915  -32.155  -15.853 0.8999999762
57945  43.164  -32.115  -16.257 1.0000000000
57949  38.229  -31.545  -17.192 0.8999999762
56769  38.645  -31.961  -16.619 0.8999999762
57957  38.303  -31.629  -18.255 0.8999999762
141459  39.541  -28.953  -17.798 0.6999999881
59094  37.849  -31.032  -17.532 0.8999999762
59115  37.718  -29.993  -18.810 0.8999999762
59104  37.964  -30.872  -18.547 0.8999999762
66351  45.573  -23.495  -14.577 0.3000000119
65363  45.454  -24.197  -14.991 0.3000000119
157236  45.140  -24.702  -14.480 0.4000000060
65351  44.853  -24.764  -13.658 0.3000000119
64331  44.823  -25.404  -14.389 0.3000000119
64343  45.127  -25.653  -15.502 0.4000000060
158585  48.100  -27.747  -17.774 0.6000000238
63300  45.692  -26.396  -17.031 0.5000000000
62239  45.214  -26.792  -16.356 0.4000000060
62261  48.487  -27.370  -19.124 0.5000000000
61227  48.590  -28.078  -19.456 0.5000000000
151266  46.099  -27.335  -17.903 0.5000000000
156877  48.311  -26.300  -18.993 0.5000000000
142648  48.476  -28.188  -19.591 0.5000000000
62256  47.088  -27.507  -19.166 0.5000000000
62263  47.792  -28.140  -19.728 0.5000000000
62257  46.437  -27.779  -18.767 0.5000000000
61229  46.909  -28.277  -19.544 0.5000000000
61225  45.970  -28.284  -17.994 0.5000000000
60172  45.400  -28.893  -17.218 0.6000000238
60154  44.371  -29.251  -15.857 0.6999999881
154350  44.755  -30.198  -16.731 0.6999999881
59102  45.031  -30.599  -17.282 0.6999999881
59073  44.204  -30.248  -16.019 0.6999999881
59074  43.344  -30.772  -15.348 0.8000000119
59091  44.399  -30.872  -16.642 0.8000000119
57929  38.243  -31.401  -15.901 0.8999999762
57911  41.611  -31.302  -14.743 0.8999999762
57925  42.854  -31.643  -15.568 0.8999999762
59077  39.979  -30.255  -16.126 0.6999999881
59095  37.683  -30.559  -16.432 0.8999999762
59105  37.468  -30.135  -17.705 0.8999999762
151064  38.811  -28.007  -19.201 1.0000000000
65336  44.415  -24.761  -12.511 0.3000000119
64317  44.436  -25.463  -13.259 0.4000000060
65337  43.594  -25.181  -11.750 0.3000000119
142200  44.642  -26.248  -14.693 0.4000000060
64305  43.982  -25.538  -12.422 0.3000000119
62225  44.662  -27.323  -15.534 0.4000000060
63258  44.384  -26.164  -13.748 0.4000000060
63259  43.757  -26.856  -13.292 0.4000000060
62238  45.576  -27.058  -17.101 0.4000000060
63272  44.428  -27.027  -14.778 0.4000000060
62211  43.874  -27.395  -13.992 0.4000000060
148769  44.970  -27.742  -16.260 0.4000000060
61199  44.422  -28.047  -15.500 0.4000000060
141096  44.515  -28.491  -15.832 0.5000000000
61213  45.505  -27.975  -17.133 0.5000000000
59054  42.868  -30.302  -14.712 0.6000000238
59075  42.439  -31.162  -14.930 0.8000000119
57912  41.007  -31.243  -14.813 0.6999999881
60174  39.619  -29.692  -16.828 0.6999999881
60187  37.127  -29.282  -18.349 0.8999999762
60175  37.025  -29.213  -17.133 0.8999999762
62259  38.548  -27.111  -19.135 0.8999999762
157736  37.051  -27.878  -19.077 0.8000000119
61215  36.736  -28.515  -17.855 0.8000000119
63318  38.135  -26.360  -18.853 0.6999999881
64380  37.929  -25.753  -18.535 0.8000000119
65323  43.142  -24.810  -11.239 0.3000000119
63233  43.271  -26.038  -11.987 0.3000000119
63234  42.380  -26.179  -11.670 0.4000000060
62184  42.981  -27.225  -12.653 0.4000000060
63245  42.664  -26.750  -12.098 0.4000000060
62197  42.609  -27.872  -12.943 0.5000000000
61187  44.048  -27.927  -14.722 0.5000000000
61173  42.234  -28.567  -13.305 0.5000000000
61159  41.811  -28.077  -12.730 0.5000000000
61188  43.457  -28.681  -14.382 0.5000000000
60126  41.789  -29.310  -13.654 0.5000000000
61189  42.698  -29.002  -13.942 0.5000000000
60137  42.303  -29.800  -14.198 0.6000000238
59056  41.134  -30.910  -14.167 0.6999999881
59047  40.930  -30.222  -13.965 0.6999999881
60156  39.690  -29.543  -15.560 0.6999999881
61201  39.505  -28.721  -15.080 0.6999999881
61214  39.440  -28.111  -17.059 0.6999999881
147845  39.425  -28.014  -15.827 0.6999999881
62258  39.213  -27.609  -18.801 0.8000000119
63301  39.419  -26.472  -17.427 0.6999999881
66313  44.296  -23.360  -11.348 0.3000000119
66298  42.783  -23.375  -10.628 0.3000000119
65307  42.093  -23.999  -10.794 0.4000000060
65324  42.435  -24.809  -11.115 0.3000000119
64296  42.002  -25.530  -11.373 0.4000000060
63246  41.935  -26.857  -11.928 0.4000000060
62186  41.494  -27.473  -12.374 0.4000000060
144081  41.177  -26.843  -12.067 0.3000000119
61160  41.062  -28.162  -12.759 0.5000000000
61174  41.416  -28.725  -13.225 0.6000000238
144512  40.368  -26.713  -12.390 0.3000000119
62198  40.306  -28.102  -13.032 0.5000000000
62188  39.920  -27.350  -12.873 0.4000000060
60127  41.081  -29.497  -13.601 0.6999999881
60128  40.547  -29.431  -13.807 0.6999999881
61176  40.021  -28.719  -13.602 0.6000000238
60139  39.887  -29.328  -14.395 0.6999999881
59058  40.192  -30.129  -14.979 0.6999999881
60129  39.581  -28.435  -14.125 0.6999999881
62212  39.393  -27.899  -14.742 0.6000000238
65325  41.617  -24.800  -11.220 0.3000000119
64297  41.183  -25.515  -11.545 0.3000000119
63236  40.796  -26.160  -11.900 0.3000000119
65326  40.726  -24.782  -11.508 0.3000000119
64306  40.372  -25.474  -11.901 0.3000000119
153629  39.872  -23.873  -12.194 0.3000000119
156915  40.142  -26.046  -12.293 0.3000000119
162344  39.555  -25.659  -12.899 0.4000000060
159703  39.436  -27.749  -13.997 0.5000000000
63247  39.617  -26.349  -12.887 0.5000000000
64319  39.439  -25.619  -13.491 0.5000000000
137227  39.350  -26.370  -13.962 0.6000000238
151684  39.347  -26.408  -15.028 0.6000000238
162184  42.762  -21.929  -10.212 0.4000000060
67351  41.814  -22.576  -10.557 0.3000000119
66316  41.534  -23.317  -10.831 0.3000000119
67366  41.088  -22.636  -10.936 0.3000000119
152156  41.190  -24.063  -11.152 0.3000000119
67367  40.432  -22.577  -11.538 0.3000000119
153193  40.389  -24.010  -11.646 0.3000000119
66329  40.100  -23.259  -11.872 0.3000000119
66330  39.690  -23.250  -12.621 0.3000000119
65339  39.562  -24.118  -13.004 0.4000000060
151002  39.485  -23.262  -13.494 0.4000000060
64332  39.352  -25.461  -14.621 0.6000000238
65352  39.407  -24.774  -13.807 0.4000000060
66339  39.333  -23.920  -14.034 0.4000000060
65364  39.316  -24.420  -14.729 0.5000000000
64344  39.434  -25.723  -15.811 0.6000000238
65418  38.469  -24.770  -18.234 0.6999999881
64359  37.137  -25.925  -17.291 0.8000000119
68441  42.340  -21.084  -10.152 0.4000000060
68455  41.629  -21.113  -10.444 0.3000000119
153149  40.724  -21.996  -11.154 0.3000000119
68469  40.182  -21.690  -11.880 0.3000000119
67382  39.873  -22.500  -12.278 0.3000000119
67383  39.565  -22.535  -13.115 0.4000000060
67394  39.428  -22.628  -13.844 0.4000000060
67405  39.344  -22.280  -14.583 0.4000000060
162224  39.280  -23.695  -14.751 0.4000000060
65379  39.433  -24.836  -15.668 0.5000000000
148340  39.226  -23.045  -15.136 0.4000000060
155050  39.455  -25.918  -16.733 0.6000000238
65391  39.407  -24.359  -16.524 0.4000000060
64372  39.214  -25.160  -17.844 0.6999999881
65407  39.241  -24.407  -17.451 0.4000000060
151449  38.751  -22.897  -17.625 0.4000000060
144134  38.894  -23.749  -17.837 0.6000000238
66386  38.486  -23.220  -18.035 0.5000000000
65419  38.094  -24.155  -18.321 0.6000000238
144499  37.887  -24.979  -18.321 0.6999999881
65408  37.484  -24.228  -18.132 0.6999999881
70736  42.643  -19.800  -10.072 0.3000000119
69564  41.307  -20.318  -10.669 0.3000000119
69565  40.722  -20.099  -11.312 0.3000000119
69578  40.208  -20.672  -12.077 0.3000000119
69579  39.730  -20.866  -12.888 0.3000000119
68485  39.484  -21.177  -13.608 0.4000000060
157067  39.405  -21.500  -14.278 0.3000000119
69611  39.461  -20.665  -14.478 0.3000000119
68499  39.446  -21.440  -15.164 0.3000000119
69620  39.547  -20.594  -15.785 0.3000000119
150550  39.230  -23.044  -16.053 0.4000000060
67419  39.256  -22.222  -15.800 0.3000000119
143132  39.207  -20.884  -16.537 0.3000000119
67431  39.008  -22.554  -16.828 0.3000000119
69636  38.519  -20.789  -17.119 0.3000000119
67438  38.469  -22.127  -17.315 0.3000000119
68527  38.193  -21.427  -17.406 0.4000000060
153003  38.127  -22.250  -17.742 0.5000000000
66399  37.727  -23.478  -18.225 0.5000000000
66387  36.899  -23.424  -17.836 0.5000000000
70753  41.199  -19.477  -10.846 0.3000000119
144323  40.372  -19.734  -12.171 0.3000000119
69596  39.923  -20.069  -12.780 0.3000000119
69597  39.586  -20.344  -13.520 0.3000000119
149687  39.422  -19.815  -15.012 0.3000000119
158369  39.398  -19.785  -15.897 0.3000000119
69629  39.079  -20.094  -16.710 0.3000000119
69637  38.366  -20.050  -17.529 0.3000000119
68528  37.824  -21.286  -17.728 0.4000000060
67448  37.342  -22.651  -18.066 0.5000000000
145181  36.943  -21.758  -18.032 0.5000000000
67439  36.463  -22.391  -17.797 0.5000000000
71844  41.174  -18.626  -11.065 0.3000000119
71845  40.736  -18.379  -11.911 0.3000000119
70769  40.463  -18.975  -12.424 0.3000000119
151390  40.194  -18.858  -13.118 0.3000000119
70784  39.842  -19.531  -13.329 0.3000000119
70785  39.547  -19.724  -14.104 0.3000000119
70814  39.359  -19.088  -15.419 0.3000000119
70826  39.091  -19.202  -16.308 0.3000000119
144790  38.030  -20.685  -17.626 0.4000000060
68533  37.353  -20.963  -17.982 0.4000000060
68534  36.517  -20.948  -18.138 0.4000000060
69644  36.063  -20.304  -18.356 0.4000000060
68529  36.014  -21.593  -17.958 0.5000000000
68535  35.505  -20.904  -18.195 0.4000000060
72898  42.245  -17.558  -10.101 0.3000000119
72899  41.675  -18.083  -10.546 0.3000000119
71856  40.466  -18.242  -12.782 0.3000000119
71870  40.232  -18.186  -13.532 0.3000000119
71886  39.896  -18.220  -14.229 0.3000000119
70802  39.578  -19.023  -14.582 0.3000000119
71901  39.246  -18.384  -15.871 0.3000000119
70827  38.560  -19.319  -17.131 0.3000000119
71915  38.008  -18.498  -17.212 0.3000000119
70833  37.912  -19.316  -17.789 0.3000000119
69638  37.892  -20.061  -17.920 0.4000000060
70838  37.141  -19.594  -18.247 0.3000000119
73885  41.325  -16.826  -10.884 0.3000000119
72913  41.106  -17.672  -11.313 0.3000000119
73900  40.745  -16.251  -12.093 0.3000000119
72929  40.670  -17.557  -12.311 0.3000000119
72942  40.467  -17.496  -13.201 0.3000000119
72956  40.266  -17.498  -13.965 0.3000000119
149804  40.195  -16.820  -14.406 0.3000000119
72957  39.853  -17.543  -14.645 0.3000000119
72971  39.508  -17.580  -15.438 0.3000000119
73943  39.944  -16.166  -15.004 0.3000000119
71914  38.715  -18.476  -16.602 0.3000000119
157151  40.985  -16.168  -11.303 0.3000000119
73901  40.618  -16.720  -12.748 0.3000000119
140262  40.641  -15.885  -12.686 0.3000000119
159873  40.531  -16.187  -13.330 0.3000000119
73927  40.369  -15.995  -14.080 0.3000000119
149340  39.414  -16.750  -15.811 0.3000000119
72988  39.084  -17.626  -16.260 0.3000000119
73962  38.800  -16.837  -16.747 0.3000000119
158687  40.769  -15.585  -11.859 0.3000000119
75870  40.687  -14.165  -12.142 0.3000000119
146758  40.522  -14.875  -13.360 0.3000000119
75892  40.579  -14.305  -13.027 0.4000000060
146923  40.386  -15.112  -13.957 0.3000000119
74940  40.142  -15.317  -14.641 0.3000000119
74952  39.695  -15.337  -15.326 0.3000000119
76912  40.361  -13.786  -14.212 0.4000000060
76903  40.499  -13.724  -13.454 0.4000000060
75919  40.242  -14.543  -14.444 0.4000000060
76889  40.595  -13.603  -12.675 0.3000000119
145568  40.424  -13.052  -13.780 0.4000000060
47758  41.910  -40.897  -16.255 1.0000000000
47757  42.764  -40.463  -16.421 1.0000000000
48815  40.477  -40.099  -15.455 0.8999999762
61226  39.489  -28.105  -18.171 0.6999999881
63313  39.225  -26.717  -18.593 0.8000000119
63317  38.713  -26.218  -18.631 0.8000000119
149707  39.403  -25.704  -17.493 0.6999999881
44374  40.420  -44.121  -8.406 0.6000000238
43270  39.920  -44.041  -8.548 0.6000000238
153048  37.176  -42.717  -7.642 0.6000000238
142216  40.062  -46.904  -7.003 0.5000000000
146460  40.390  -47.586  -7.042 0.5000000000
144869  39.034  -41.481  -6.499 0.6000000238
44469  38.098  -44.163  -16.207 0.8999999762
47630  38.660  -40.260  -5.845 0.5000000000
42150  38.150  -45.341  -3.981 0.4000000060
44338  38.061  -43.208  -4.329 0.5000000000
160738  38.869  -46.621  -4.467 0.4000000060
136987  37.057  -39.148  -9.881 0.6999999881
46623  39.039  -41.789  -13.510 0.8999999762
51994  38.302  -36.344  -8.757 0.6999999881
47580  38.337  -40.513  -3.675 0.5000000000
46471  38.688  -41.412  -2.585 0.5000000000
49785  39.099  -38.104  -11.006 0.8000000119
41120  38.561  -46.309  -3.695 0.4000000060
50829  38.035  -37.034  -9.187 0.6999999881
49679  39.702  -38.342  -2.700 0.4000000060
47741  42.803  -41.443  -14.746 0.8000000119
48786  38.630  -39.320  -13.929 0.8000000119
53167  39.120  -34.901  -6.999 0.6000000238
53102  41.311  -35.227  -3.604 0.4000000060
50733  41.255  -37.522  -2.504 0.4000000060
50853  40.767  -37.340  -11.604 0.8000000119
47769  42.639  -42.115  -17.078 1.0000000000
54335  41.924  -34.912  -3.744 0.5000000000
54360  40.695  -34.251  -4.722 0.5000000000
49853  41.538  -39.058  -15.066 1.0000000000
55566  40.501  -33.143  -6.706 0.6999999881
47772  46.117  -41.259  -18.366 1.0000000000
155927  43.390  -41.228  -17.110 1.0000000000
52086  43.037  -36.538  -15.999 1.0000000000
50896  46.129  -37.650  -14.618 0.8000000119
52107  47.455  -36.544  -20.407 1.0000000000
147817  45.902  -33.905  -17.103 0.8000000119
52102  47.629  -37.080  -19.896 1.0000000000
50924  47.294  -37.726  -20.130 1.0000000000
54475  45.198  -34.220  -13.361 0.6999999881
55695  47.378  -33.023  -20.076 0.8000000119
55697  45.874  -33.502  -20.063 1.0000000000
138681  44.242  -34.242  -18.824 1.0000000000
56806  46.292  -32.658  -20.223 1.0000000000
55615  45.500  -33.632  -11.580 0.6000000238
55627  45.426  -33.777  -12.181 0.6999999881
65319  48.457  -24.132  -11.009 0.4000000060
54468  37.202  -34.682  -12.691 1.0000000000
55645  38.855  -33.463  -13.348 1.0000000000
66327  47.531  -23.604  -12.410 0.4000000060
56789  41.236  -33.177  -18.178 1.0000000000
65306  48.264  -24.882  -10.795 0.4000000060
65334  47.125  -24.255  -12.484 0.5000000000
65321  46.924  -25.076  -11.583 0.5000000000
66395  49.049  -23.840  -18.429 0.4000000060
66383  49.223  -23.702  -18.263 0.4000000060
57956  40.106  -32.115  -18.781 1.0000000000
64341  47.458  -25.591  -15.663 0.5000000000
138948  37.824  -28.086  -19.345 0.8000000119
63312  46.183  -26.504  -17.649 0.5000000000
62262  48.178  -27.233  -19.283 0.5000000000
61230  46.374  -28.625  -18.947 0.5000000000
60185  45.307  -29.780  -17.292 0.6999999881
60173  44.818  -29.496  -16.570 0.6000000238
61200  43.981  -28.801  -15.145 0.5000000000
60155  43.719  -29.802  -15.244 0.5000000000
61172  43.224  -28.188  -13.737 0.5000000000
62240  39.411  -27.283  -16.593 0.6999999881
63286  39.416  -26.509  -16.141 0.6999999881
64358  39.474  -25.156  -16.827 0.6000000238
41231  35.708  -46.943  -12.245 0.5000000000
42261  36.042  -45.984  -13.430 0.5000000000
36711  36.559  -50.695  -9.573 0.5000000000
40104  35.550  -47.950  -11.450 0.5000000000
37848  36.813  -49.207  -8.837 0.5000000000
40088  35.714  -47.867  -10.482 0.5000000000
38979  35.678  -48.554  -10.621 0.5000000000
37847  37.317  -49.768  -8.711 0.5000000000
38960  38.328  -48.474  -8.366 0.4000000060
40072  36.977  -47.657  -8.367 0.5000000000
153570  38.636  -47.714  -8.325 0.4000000060
41193  36.815  -46.664  -8.203 0.5000000000
40070  39.187  -47.232  -8.651 0.5000000000
141976  37.673  -46.668  -7.850 0.5000000000
50858  33.642  -37.635  -11.635 0.6999999881
49810  32.157  -38.084  -12.327 0.6999999881
50856  35.447  -37.456  -11.619 0.8000000119
50868  36.811  -38.078  -12.143 0.8000000119
49798  36.001  -38.195  -11.870 0.8000000119
50870  33.280  -37.087  -12.268 0.6999999881
50867  37.434  -37.506  -12.093 0.8999999762
50855  36.398  -37.273  -11.695 0.8999999762
49808  38.076  -37.965  -12.589 0.8999999762
50884  39.489  -37.637  -13.146 0.8999999762
52052  33.767  -36.448  -12.731 0.6000000238
50869  34.094  -36.930  -11.867 0.8000000119
52048  37.784  -36.752  -11.903 0.8999999762
50865  39.030  -37.015  -12.554 0.8999999762
50883  40.309  -37.386  -13.416 0.8999999762
50882  41.045  -37.105  -13.670 0.8999999762
56667  46.602  -31.879  -7.980 0.5000000000
56669  44.318  -31.659  -8.575 0.5000000000
56681  44.267  -31.958  -9.434 0.5000000000
57835  43.898  -31.690  -7.933 0.6000000238
56670  43.518  -31.703  -8.627 0.5000000000
141562  43.225  -32.022  -9.279 0.5000000000
56658  42.540  -31.986  -7.551 0.6000000238
52066  33.640  -36.161  -13.976 0.6000000238
52050  35.509  -36.146  -11.940 0.8999999762
52035  37.626  -36.063  -11.778 0.8999999762
52036  36.285  -36.387  -11.651 0.8999999762
52047  38.421  -36.355  -12.111 0.8999999762
52045  40.017  -35.953  -12.740 0.8999999762
52063  40.634  -36.374  -13.275 0.8999999762
57852  46.445  -31.766  -9.491 0.5000000000
57863  46.335  -31.847  -10.040 0.5000000000
57851  47.222  -31.539  -9.094 0.5000000000
146074  45.997  -32.212  -9.791 0.5000000000
147718  47.023  -31.734  -8.700 0.5000000000
56680  46.290  -31.770  -8.894 0.5000000000
53236  35.856  -35.481  -12.476 0.8999999762
53237  35.087  -35.672  -12.742 0.6999999881
53217  36.877  -35.894  -11.713 0.8999999762
53233  38.192  -35.558  -12.018 0.8999999762
53232  39.760  -35.237  -12.560 0.8999999762
53231  40.502  -35.362  -12.967 0.8999999762
58998  46.995  -30.437  -9.629 0.5000000000
142464  47.410  -31.103  -9.475 0.5000000000
57850  47.945  -31.367  -9.245 0.5000000000
54467  38.080  -34.816  -12.342 0.8999999762
142696  38.898  -35.154  -12.261 0.8999999762
54465  40.218  -34.535  -12.817 0.8999999762
59009  46.409  -30.912  -9.909 0.5000000000
60082  47.175  -29.623  -9.782 0.5000000000
60092  46.253  -29.584  -9.721 0.5000000000
58997  47.741  -30.490  -9.726 0.5000000000
139175  46.759  -28.813  -9.907 0.4000000060
55663  33.860  -34.006  -14.891 0.6000000238
55674  33.169  -34.121  -15.284 0.6000000238
55662  34.762  -33.737  -14.465 0.8000000119
140922  33.972  -33.213  -14.473 0.6999999881
56756  33.727  -32.436  -14.423 0.6999999881
56757  32.897  -32.161  -14.850 0.6999999881
56770  32.087  -32.027  -15.259 0.6999999881
138989  35.431  -32.894  -14.007 0.8000000119
55661  35.777  -33.790  -14.273 0.8000000119
56755  34.548  -32.699  -14.176 0.6999999881
57917  34.356  -31.858  -14.058 0.6999999881
57918  33.523  -31.526  -14.414 0.6999999881
148091  34.259  -31.006  -14.030 0.6999999881
59063  33.463  -30.636  -14.375 0.6999999881
57914  36.819  -31.397  -13.723 0.8000000119
59060  35.961  -30.808  -13.785 0.8000000119
56753  37.100  -32.423  -13.987 0.8000000119
60143  34.751  -29.617  -13.974 0.6999999881
59061  34.992  -30.486  -13.826 0.6999999881
155127  36.460  -30.002  -14.255 0.8000000119
57913  37.897  -31.482  -14.593 0.8000000119
60141  36.341  -29.296  -14.336 0.6999999881
60140  37.060  -29.597  -14.929 0.8000000119
61202  36.434  -28.042  -14.974 0.6000000238
57930  37.845  -30.939  -15.507 0.8000000119
59078  37.495  -30.322  -15.264 0.8000000119
147028  36.607  -27.849  -15.872 0.6000000238
62227  36.360  -27.310  -15.259 0.6000000238
63275  35.830  -26.680  -14.832 0.6000000238
60158  36.949  -29.031  -15.813 0.8000000119
62241  36.638  -27.202  -16.030 0.6000000238
143437  36.443  -26.593  -15.619 0.6000000238
60157  37.371  -29.768  -16.129 0.8000000119
63287  36.105  -25.940  -15.352 0.6000000238
155315  36.756  -28.464  -16.554 0.6999999881
63302  36.812  -26.670  -16.612 0.6000000238
64374  37.143  -25.081  -17.376 0.6999999881
162321  36.773  -25.351  -16.611 0.6000000238
64360  36.634  -25.912  -16.114 0.6000000238
65409  36.961  -24.345  -17.577 0.6000000238
62254  36.737  -27.627  -17.049 0.6999999881
63314  36.941  -26.894  -17.996 0.6999999881
38976  40.288  -47.838  -9.864 0.4000000060
40071  38.586  -46.790  -8.178 0.5000000000
38962  36.678  -48.549  -8.764 0.5000000000
40087  36.105  -48.061  -9.293 0.5000000000
155791  47.547  -29.034  -10.098 0.3000000119
56754  36.347  -33.099  -14.043 0.8000000119
37863  36.501  -49.857  -9.348 0.5000000000
37846  38.065  -49.366  -8.475 0.5000000000
52037  34.960  -36.840  -11.714 0.8000000119
140298  44.804  -31.707  -7.994 0.5000000000
57915  35.981  -31.999  -13.409 0.8000000119
57916  35.116  -31.377  -13.773 0.6999999881
156664  37.535  -30.841  -14.568 0.8000000119
60142  35.586  -29.186  -14.050 0.6999999881
148096  36.646  -28.779  -14.860 0.6999999881
53143  43.728  -35.120  -4.940 0.4000000060
53142  44.377  -35.196  -5.612 0.4000000060
54373  43.888  -34.439  -5.513 0.4000000060
55543  44.076  -33.721  -5.968 0.5000000000
53159  45.686  -35.413  -6.396 0.4000000060
51976  46.147  -36.199  -6.521 0.4000000060
55562  44.158  -33.027  -6.391 0.5000000000
56642  44.071  -32.468  -6.810 0.5000000000
146200  45.484  -34.015  -6.325 0.5000000000
54389  46.057  -34.612  -6.421 0.4000000060
54391  44.688  -34.436  -6.065 0.4000000060
51974  47.762  -35.897  -6.647 0.4000000060
53158  46.542  -35.332  -6.491 0.4000000060
54390  45.344  -34.777  -6.297 0.4000000060
160996  48.045  -36.865  -7.095 0.4000000060
56656  44.398  -32.058  -7.305 0.5000000000
55561  44.828  -33.504  -6.304 0.5000000000
53156  48.214  -35.294  -6.675 0.4000000060
53166  49.024  -35.412  -7.072 0.4000000060
50826  51.371  -37.080  -9.717 0.4000000060
51993  50.016  -36.701  -8.020 0.4000000060
51983  49.234  -36.374  -7.444 0.4000000060
49770  51.127  -37.847  -9.777 0.4000000060
50815  50.275  -37.299  -8.721 0.4000000060
56641  44.938  -32.661  -6.682 0.5000000000
144126  45.548  -33.259  -6.499 0.5000000000
55560  46.343  -33.656  -6.514 0.4000000060
53280  53.232  -35.803  -16.529 0.3000000119
54387  47.801  -34.479  -6.608 0.4000000060
53272  53.322  -36.007  -15.497 0.3000000119
53173  49.967  -35.616  -7.704 0.4000000060
52074  53.445  -37.081  -15.346 0.3000000119
155072  53.405  -37.072  -14.250 0.3000000119
50862  53.085  -37.023  -12.873 0.3000000119
52040  52.709  -36.867  -12.155 0.3000000119
52031  52.086  -36.837  -10.848 0.4000000060
52002  51.249  -36.316  -9.342 0.4000000060
162870  50.380  -36.125  -8.203 0.4000000060
152463  53.269  -37.620  -13.504 0.3000000119
50850  52.399  -37.692  -11.767 0.3000000119
50851  52.029  -37.585  -11.054 0.4000000060
56654  46.913  -32.497  -7.315 0.4000000060
55573  47.590  -33.091  -7.012 0.4000000060
54402  48.596  -34.511  -6.865 0.4000000060
55558  48.119  -33.756  -6.843 0.4000000060
53273  52.948  -35.126  -15.761 0.3000000119
54489  52.637  -34.451  -14.187 0.3000000119
53260  53.038  -35.279  -14.610 0.3000000119
53244  53.155  -35.798  -13.636 0.3000000119
53212  52.605  -35.396  -11.873 0.3000000119
53193  52.370  -35.441  -11.062 0.4000000060
152981  51.719  -35.823  -9.991 0.4000000060
53172  50.719  -35.580  -8.572 0.4000000060
53243  53.345  -36.285  -14.447 0.3000000119
52059  53.031  -36.289  -12.842 0.3000000119
52030  52.473  -36.257  -11.455 0.3000000119
156250  46.114  -32.201  -7.463 0.4000000060
136935  51.822  -33.201  -12.303 0.3000000119
56689  51.365  -32.702  -10.803 0.3000000119
55585  51.451  -33.699  -9.824 0.4000000060
148953  50.648  -33.065  -9.168 0.4000000060
55579  50.414  -33.604  -8.518 0.4000000060
55571  49.234  -33.455  -7.559 0.4000000060
55639  52.335  -33.755  -13.764 0.3000000119
55626  52.274  -33.839  -12.821 0.3000000119
54446  51.855  -34.087  -11.028 0.3000000119
54429  51.717  -34.232  -10.250 0.4000000060
54418  50.956  -34.530  -8.825 0.4000000060
54409  49.866  -33.789  -7.842 0.4000000060
54461  52.480  -34.625  -12.348 0.3000000119
54445  52.309  -34.695  -11.448 0.3000000119
54428  52.092  -34.814  -10.685 0.4000000060
54408  50.285  -34.580  -8.060 0.4000000060
150144  52.901  -35.066  -13.690 0.3000000119
53181  51.345  -35.306  -9.360 0.4000000060
57849  48.632  -31.454  -9.338 0.4000000060
147107  49.252  -31.628  -9.471 0.4000000060
57841  48.337  -31.828  -8.727 0.4000000060
137520  47.363  -32.038  -7.971 0.4000000060
56690  50.797  -32.054  -10.464 0.3000000119
56678  49.668  -32.130  -9.176 0.4000000060
56664  49.378  -32.470  -8.459 0.4000000060
56653  47.798  -32.538  -7.545 0.4000000060
56677  50.392  -32.426  -9.556 0.4000000060
55580  49.701  -33.086  -8.087 0.4000000060
56651  49.026  -32.755  -7.817 0.4000000060
60144  34.035  -29.026  -14.226 0.6000000238
59064  32.643  -30.050  -14.687 0.6000000238
62214  35.314  -27.227  -14.492 0.5000000000
158913  35.210  -27.945  -14.388 0.5000000000
63276  34.833  -26.597  -14.527 0.5000000000
63288  35.299  -25.916  -14.853 0.5000000000
64346  35.635  -25.448  -15.385 0.5000000000
65392  35.936  -24.376  -16.143 0.5000000000
66373  36.323  -23.839  -16.851 0.4000000060
74966  38.561  -15.198  -17.707 0.3000000119
75956  38.470  -14.418  -17.660 0.3000000119
75957  38.123  -14.622  -18.538 0.3000000119
75929  39.956  -14.720  -15.003 0.3000000119
75930  39.421  -14.499  -15.673 0.3000000119
75944  38.790  -14.663  -16.703 0.3000000119
76945  38.700  -13.761  -17.003 0.3000000119
151116  37.827  -13.594  -19.220 0.3000000119
152670  38.067  -12.814  -20.183 0.3000000119
77994  39.934  -13.020  -15.436 0.3000000119
76918  39.562  -13.678  -15.691 0.3000000119
76929  39.120  -13.928  -16.222 0.3000000119
78015  38.797  -12.912  -17.240 0.3000000119
76946  38.226  -13.537  -18.124 0.3000000119
78016  38.331  -12.604  -18.072 0.3000000119
76956  38.126  -12.632  -19.251 0.3000000119
78036  38.430  -12.194  -21.052 0.3000000119
78046  37.757  -11.864  -21.608 0.3000000119
141632  40.277  -13.043  -14.628 0.3000000119
78003  39.876  -12.275  -15.920 0.3000000119
78004  39.396  -13.111  -16.307 0.3000000119
145927  39.349  -12.269  -16.657 0.3000000119
79039  38.764  -12.069  -17.449 0.3000000119
146875  38.936  -11.151  -17.707 0.3000000119
79050  38.416  -11.859  -18.524 0.3000000119
159216  38.632  -11.802  -19.937 0.3000000119
79069  38.565  -11.721  -21.424 0.3000000119
77984  40.423  -12.285  -14.092 0.3000000119
79030  40.202  -11.490  -15.698 0.3000000119
79038  39.792  -11.591  -16.344 0.3000000119
79987  39.606  -10.977  -16.836 0.3000000119
143995  39.189  -10.270  -18.352 0.3000000119
79061  38.686  -10.996  -19.058 0.3000000119
145581  39.117  -10.118  -19.733 0.3000000119
159015  40.406  -11.308  -15.043 0.3000000119
79980  40.418  -10.623  -15.433 0.3000000119
141705  40.140  -10.870  -16.204 0.3000000119
79986  39.978  -10.173  -16.741 0.3000000119
81035  39.437  -9.285  -19.035 0.3000000119
159983  40.328  -10.190  -16.059 0.3000000119
81019  40.305  -9.472  -16.327 0.3000000119
163007  40.064  -9.526  -16.912 0.3000000119
81013  40.459  -9.736  -15.554 0.3000000119
142448  40.473  -8.989  -15.723 0.3000000119
142021  40.522  -9.148  -14.955 0.3000000119
50804  49.262  -37.105  -7.827 0.4000000060
53124  44.205  -35.883  -5.070 0.4000000060
51977  45.282  -36.115  -6.292 0.4000000060
50806  47.656  -37.398  -7.280 0.4000000060
51986  46.760  -36.661  -6.669 0.4000000060
49784  51.553  -38.171  -10.609 0.4000000060
159130  50.503  -37.753  -9.250 0.4000000060
50816  49.569  -37.515  -8.359 0.4000000060
50915  53.303  -37.688  -16.741 0.3000000119
50906  53.434  -38.167  -15.806 0.3000000119
50895  53.471  -37.859  -14.619 0.3000000119
49819  52.926  -38.510  -13.063 0.3000000119
143697  52.798  -37.701  -12.555 0.3000000119
52083  53.334  -36.695  -16.470 0.3000000119
141948  52.552  -34.457  -15.157 0.3000000119
141328  52.023  -33.069  -13.284 0.3000000119
55654  52.239  -33.724  -14.726 0.3000000119
58996  48.341  -30.959  -9.662 0.4000000060
57861  49.048  -31.077  -9.994 0.4000000060
57848  49.908  -31.640  -9.979 0.4000000060
56703  51.254  -32.045  -11.214 0.3000000119
56702  51.508  -32.566  -11.705 0.3000000119
59008  48.500  -30.408  -10.118 0.4000000060
57919  32.584  -31.156  -14.876 0.6000000238
79007  40.479  -11.668  -13.598 0.3000000119
79952  40.515  -10.932  -13.643 0.3000000119
139648  40.554  -10.158  -13.941 0.3000000119
142022  40.534  -9.351  -14.101 0.3000000119
53281  52.975  -35.057  -16.732 0.3000000119
164705  42.258  -34.394  -4.400 0.4000000060
55564  42.868  -32.919  -6.035 0.5000000000
56666  48.053  -32.148  -8.113 0.4000000060
77993  40.292  -12.153  -15.063 0.3000000119
80018  38.961  -11.028  -20.541 0.3000000119
79997  39.502  -10.446  -17.399 0.3000000119
81027  39.703  -9.591  -17.642 0.3000000119
82066  40.456  -8.448  -14.278 0.3000000119
53125  43.489  -35.831  -4.119 0.3000000119
51961  44.586  -36.658  -5.425 0.3000000119
45545  34.636  -42.847  -11.773 0.6000000238
46613  34.797  -41.993  -11.839 0.6999999881
149440  33.618  -43.010  -10.323 0.6999999881
145147  45.641  -36.849  -6.408 0.3000000119
42119  38.420  -45.243  -2.446 0.3000000119
44307  38.377  -43.690  -2.428 0.3000000119
47687  33.387  -40.534  -10.617 0.6999999881
50756  42.774  -37.157  -2.962 0.3000000119
46585  33.114  -41.273  -10.237 0.6999999881
45530  33.585  -42.178  -10.349 0.6999999881
50771  44.530  -37.409  -4.949 0.3000000119
46602  34.342  -42.095  -11.043 0.6999999881
50786  44.920  -37.407  -5.715 0.3000000119
49764  47.524  -38.780  -8.184 0.3000000119
49754  46.150  -38.234  -7.165 0.3000000119
50799  45.946  -37.533  -6.659 0.3000000119
48717  48.062  -39.231  -8.596 0.3000000119
155684  48.372  -38.436  -8.345 0.3000000119
49753  46.993  -38.275  -7.589 0.3000000119
45418  38.789  -42.303  -2.263 0.3000000119
49677  41.299  -38.777  -2.296 0.4000000060
47703  33.713  -39.805  -10.932 0.6999999881
50755  43.458  -37.611  -3.450 0.3000000119
159449  41.957  -38.150  -2.492 0.3000000119
47686  34.174  -40.662  -11.049 0.6999999881
46584  33.856  -41.333  -10.708 0.6999999881
49715  44.446  -38.324  -4.610 0.3000000119
164027  45.463  -38.613  -6.118 0.3000000119
48710  45.855  -38.959  -7.229 0.3000000119
50807  46.758  -37.406  -6.949 0.3000000119
157678  48.431  -40.267  -9.310 0.3000000119
47561  39.387  -40.789  -2.290 0.4000000060
48743  32.861  -39.791  -10.771 0.6999999881
48642  43.092  -39.737  -3.139 0.3000000119
49701  42.736  -38.227  -2.879 0.3000000119
163513  44.797  -38.987  -4.959 0.3000000119
49716  43.973  -38.578  -3.963 0.3000000119
47702  34.579  -40.040  -11.344 0.6999999881
48697  45.594  -39.244  -6.342 0.3000000119
47701  35.356  -40.232  -11.939 0.6999999881
49762  49.129  -38.216  -8.626 0.3000000119
50817  47.989  -37.957  -7.819 0.3000000119
48726  49.276  -39.948  -9.659 0.3000000119
49772  49.470  -38.900  -9.198 0.3000000119
48756  34.169  -39.135  -11.205 0.6999999881
158081  44.454  -39.557  -4.365 0.3000000119
164809  36.048  -38.944  -12.124 0.6999999881
47601  45.339  -40.308  -4.781 0.3000000119
48684  44.951  -39.798  -4.944 0.3000000119
48770  36.409  -39.529  -12.587 0.6999999881
48725  50.166  -39.319  -9.904 0.3000000119
156750  44.382  -40.115  -3.904 0.3000000119
49809  37.480  -38.526  -12.662 0.6999999881
49771  50.910  -38.758  -10.252 0.3000000119
59023  49.756  -30.277  -11.140 0.3000000119
43282  32.796  -44.561  -9.348 0.6999999881
43296  33.735  -44.434  -10.421 0.6000000238
43281  33.284  -44.373  -9.708 0.6000000238
44425  34.474  -43.885  -11.718 0.6000000238
147679  31.399  -41.890  -10.351 0.6999999881
47688  32.575  -40.554  -10.499 0.6999999881
152294  39.429  -42.207  -1.794 0.3000000119
47704  31.986  -39.955  -10.892 0.6999999881
47560  40.570  -40.795  -2.108 0.4000000060
48757  33.249  -38.953  -11.107 0.6999999881
48616  42.610  -40.109  -2.728 0.4000000060
49676  42.269  -39.185  -2.608 0.4000000060
49801  33.243  -38.205  -11.443 0.6999999881
48615  43.750  -40.123  -3.295 0.3000000119
138347  44.574  -40.091  -3.484 0.3000000119
51943  44.164  -36.631  -4.553 0.3000000119
136533  34.691  -38.544  -11.460 0.6999999881
45529  34.207  -42.928  -10.878 0.6000000238
47579  44.952  -40.290  -4.133 0.3000000119
47558  42.475  -40.500  -2.360 0.3000000119
136517  35.376  -48.226  -11.449 0.5000000000
141014  34.678  -46.876  -12.979 0.5000000000
40115  34.274  -48.081  -11.445 0.5000000000
42262  35.824  -46.506  -12.960 0.4000000060
35662  29.139  -52.155  -10.031 0.4000000060
33587  27.851  -53.730  -11.550 0.5000000000
41241  34.856  -47.219  -12.767 0.4000000060
41240  35.318  -47.154  -12.715 0.5000000000
42263  34.724  -46.309  -13.197 0.5000000000
31449  25.555  -55.410  -12.661 0.4000000060
31450  24.993  -55.991  -12.850 0.4000000060
34638  28.354  -52.665  -11.037 0.5000000000
43309  34.490  -45.215  -12.278 0.4000000060
31460  24.712  -55.079  -13.090 0.4000000060
30452  23.778  -56.801  -12.932 0.4000000060
33600  26.488  -53.632  -12.574 0.4000000060
148742  28.016  -52.025  -11.635 0.5000000000
33599  27.210  -53.414  -12.144 0.4000000060
36716  29.495  -50.611  -9.815 0.5000000000
40091  30.518  -47.769  -9.043 0.4000000060
43295  34.234  -44.525  -11.216 0.5000000000
42211  32.366  -46.074  -8.771 0.4000000060
40090  30.961  -46.982  -8.913 0.4000000060
141911  33.553  -45.159  -9.994 0.4000000060
146850  23.290  -56.188  -13.117 0.4000000060
32535  21.261  -54.228  -13.324 0.4000000060
34648  26.578  -52.817  -12.929 0.4000000060
34659  23.411  -52.507  -13.317 0.4000000060
156969  28.277  -51.435  -11.548 0.5000000000
35670  27.447  -52.088  -12.381 0.4000000060
35691  24.538  -51.655  -13.369 0.4000000060
36728  28.651  -51.067  -11.156 0.5000000000
150269  26.607  -49.824  -13.680 0.4000000060
37908  25.318  -50.273  -13.314 0.4000000060
141657  29.294  -49.899  -10.443 0.5000000000
40106  29.731  -47.368  -10.232 0.5000000000
40128  27.658  -47.594  -13.488 0.4000000060
40129  26.728  -47.601  -13.175 0.4000000060
38982  29.705  -48.609  -9.857 0.5000000000
139342  30.162  -47.144  -9.606 0.6000000238
41210  31.417  -46.169  -8.956 0.6000000238
139047  20.765  -55.090  -13.300 0.4000000060
145029  22.026  -53.595  -13.362 0.4000000060
137773  23.928  -55.073  -13.352 0.4000000060
149938  24.204  -52.245  -13.469 0.4000000060
35669  27.803  -51.292  -12.296 0.5000000000
35678  27.290  -51.524  -13.052 0.4000000060
34658  24.956  -52.341  -13.697 0.4000000060
36734  28.593  -50.395  -11.617 0.5000000000
151930  26.923  -50.383  -13.739 0.4000000060
36751  25.701  -50.875  -13.604 0.4000000060
37881  29.321  -49.034  -10.765 0.5000000000
41225  29.712  -46.612  -10.309 0.5000000000
141934  28.036  -46.258  -13.581 0.4000000060
42226  30.871  -45.484  -9.399 0.6000000238
43283  32.089  -44.186  -9.392 0.6000000238
32534  22.370  -54.395  -13.462 0.4000000060
33614  25.882  -53.069  -13.401 0.4000000060
151775  23.731  -53.888  -13.664 0.4000000060
146701  25.123  -52.960  -13.757 0.4000000060
151382  27.456  -49.859  -13.495 0.4000000060
39010  29.234  -48.330  -11.680 0.5000000000
152344  27.848  -49.143  -13.420 0.4000000060
39018  27.844  -48.477  -13.533 0.4000000060
146491  29.576  -47.252  -10.840 0.5000000000
41250  28.241  -46.979  -13.518 0.4000000060
45517  33.154  -42.811  -9.827 0.6000000238
44397  31.911  -43.402  -9.617 0.6000000238
43298  30.387  -44.671  -9.876 0.6000000238
31462  23.299  -55.460  -13.297 0.4000000060
33616  24.457  -53.564  -13.655 0.4000000060
148213  25.682  -52.343  -13.647 0.4000000060
36750  26.308  -51.073  -13.687 0.4000000060
37895  28.522  -49.671  -12.269 0.5000000000
36741  27.463  -50.667  -13.271 0.5000000000
37906  27.968  -49.815  -13.107 0.5000000000
37894  28.788  -48.466  -12.623 0.5000000000
37905  28.324  -48.374  -13.338 0.5000000000
41226  29.495  -46.729  -11.345 0.5000000000
145749  29.143  -47.791  -12.385 0.5000000000
41234  29.304  -46.971  -12.456 0.5000000000
40127  28.357  -47.683  -13.474 0.4000000060
42243  29.910  -45.624  -9.998 0.6000000238
41249  29.034  -46.087  -13.387 0.5000000000
156107  28.581  -46.415  -13.508 0.4000000060
45518  32.514  -42.744  -9.710 0.6000000238
43297  31.199  -44.014  -9.647 0.6000000238
43299  29.745  -45.025  -10.718 0.6000000238
42255  29.514  -46.099  -11.980 0.5000000000
41242  29.089  -46.766  -13.207 0.5000000000
149060  30.543  -43.915  -10.130 0.6000000238
43311  29.710  -44.592  -11.741 0.6000000238
144089  29.536  -45.367  -12.437 0.5000000000
44411  31.037  -43.342  -10.079 0.6000000238
147723  32.194  -42.090  -9.921 0.6000000238
48773  30.676  -39.878  -12.945 0.5000000000
48760  30.879  -39.824  -11.914 0.6000000238
46614  29.980  -41.570  -12.856 0.5000000000
47706  30.866  -40.406  -11.397 0.6000000238
148977  29.913  -41.791  -11.726 0.6000000238
45559  29.672  -43.154  -12.874 0.5000000000
44437  29.491  -43.886  -13.316 0.5000000000
44412  30.333  -43.463  -10.624 0.6000000238
44427  29.699  -43.864  -12.377 0.5000000000
43318  29.544  -44.621  -12.847 0.5000000000
43331  29.247  -44.543  -13.558 0.5000000000
43338  29.016  -44.396  -13.930 0.5000000000
48772  31.151  -39.217  -12.388 0.5000000000
49811  31.528  -38.561  -12.875 0.5000000000
49802  32.594  -38.467  -11.551 0.6000000238
48759  31.541  -39.457  -11.555 0.6000000238
45547  29.802  -43.114  -11.909 0.6000000238
46587  31.184  -41.013  -10.757 0.6000000238
46588  30.477  -41.764  -10.959 0.6000000238
42254  34.023  -46.609  -11.508 0.4000000060
42241  34.067  -45.467  -11.144 0.4000000060
44450  35.235  -44.438  -14.198 0.5000000000
42253  34.383  -46.358  -12.374 0.4000000060
45533  30.673  -42.636  -10.565 0.6000000238
39003  35.180  -48.121  -11.815 0.5000000000
38997  34.140  -48.439  -10.742 0.5000000000
39004  34.848  -48.219  -11.779 0.5000000000
41233  34.073  -47.418  -11.573 0.5000000000
35663  28.584  -51.884  -10.847 0.5000000000
150118  25.415  -54.674  -12.868 0.4000000060
32531  24.948  -54.212  -13.328 0.4000000060
36753  23.916  -50.977  -12.915 0.4000000060
139848  26.434  -49.072  -13.376 0.4000000060
33615  25.217  -53.541  -13.482 0.4000000060
140166  22.666  -55.098  -13.415 0.4000000060
44426  29.871  -43.716  -11.396 0.6000000238
34660  22.326  -52.374  -12.939 0.3000000119
37896  25.406  -48.818  -12.868 0.3000000119
159367  22.860  -51.892  -12.846 0.3000000119
39020  26.082  -48.124  -13.032 0.3000000119
36742  24.322  -50.219  -12.862 0.3000000119
37898  23.670  -49.395  -12.616 0.3000000119
31461  24.091  -55.884  -13.098 0.4000000060
31463  22.467  -55.907  -13.306 0.4000000060
32520  25.665  -53.958  -12.952 0.4000000060
32532  24.185  -54.390  -13.505 0.4000000060
32533  23.322  -54.578  -13.510 0.4000000060
33617  23.620  -53.257  -13.641 0.4000000060
33618  22.694  -53.057  -13.375 0.4000000060
33619  21.641  -52.852  -13.065 0.3000000119
34639  27.725  -52.843  -11.765 0.4000000060
34647  27.105  -52.740  -12.475 0.4000000060
34656  26.938  -52.130  -13.070 0.4000000060
34657  26.342  -52.237  -13.435 0.4000000060
35688  26.789  -51.377  -13.542 0.4000000060
35689  26.162  -51.738  -13.632 0.4000000060
35690  25.509  -51.599  -13.622 0.4000000060
35692  23.640  -51.742  -13.073 0.4000000060
36727  29.034  -50.509  -10.787 0.5000000000
36733  28.983  -49.772  -11.298 0.5000000000
36740  28.116  -50.464  -12.447 0.5000000000
36752  24.896  -50.939  -13.298 0.4000000060
37827  41.204  -48.730  -7.020 0.5000000000
37844  41.934  -49.283  -8.633 0.5000000000
37865  34.324  -49.139  -10.187 0.5000000000
37868  29.677  -49.539  -9.668 0.5000000000
37888  28.922  -49.059  -11.846 0.5000000000
37897  24.827  -49.514  -12.834 0.3000000119
37907  25.833  -49.655  -13.389 0.4000000060
38959  39.079  -48.159  -8.611 0.4000000060
38961  37.394  -48.681  -8.487 0.5000000000
38978  36.264  -49.032  -9.506 0.5000000000
38981  30.157  -48.339  -9.313 0.4000000060
38995  35.473  -48.744  -10.896 0.5000000000
39009  35.030  -47.962  -12.112 0.5000000000
39012  24.256  -48.666  -12.590 0.3000000119
39019  27.115  -48.441  -13.420 0.4000000060
40033  40.288  -47.837  -5.242 0.3000000119
40059  41.235  -47.514  -8.334 0.5000000000
40083  42.540  -46.703  -10.480 0.6000000238
40092  29.897  -47.854  -9.769 0.6000000238
40114  35.303  -47.792  -12.053 0.5000000000
40116  29.399  -47.529  -11.589 0.5000000000
40120  35.075  -47.598  -12.414 0.5000000000
40121  28.845  -47.568  -13.159 0.5000000000
40126  28.763  -46.949  -13.396 0.5000000000
41137  39.328  -47.137  -4.593 0.4000000060
41150  39.123  -46.529  -5.402 0.5000000000
41161  39.524  -45.764  -6.443 0.5000000000
41179  37.936  -45.613  -7.713 0.6000000238
41190  41.168  -45.415  -8.597 0.5000000000
41192  38.985  -45.720  -8.373 0.6000000238
41204  41.865  -45.451  -9.894 0.6000000238
41206  40.418  -45.871  -9.615 0.6000000238
41207  36.327  -47.202  -8.751 0.5000000000
41211  30.440  -46.329  -9.478 0.6000000238
41223  35.648  -47.201  -11.029 0.6000000238
41232  34.416  -47.136  -12.403 0.5000000000
41239  35.483  -46.282  -13.364 0.6000000238
41248  34.933  -46.744  -13.237 0.4000000060
41251  27.653  -46.775  -13.444 0.4000000060
41252  26.907  -46.853  -13.163 0.4000000060
42130  38.230  -45.631  -3.132 0.3000000119
42162  38.783  -45.002  -5.679 0.5000000000
42174  40.188  -44.918  -7.422 0.5000000000
42192  40.437  -44.050  -7.966 0.6000000238
42193  38.157  -44.739  -7.747 0.6000000238
42195  37.162  -44.581  -7.800 0.6000000238
42207  37.189  -45.915  -7.860 0.6000000238
42209  35.943  -45.631  -8.782 0.6000000238
42219  41.366  -45.094  -9.542 0.5000000000
42220  40.981  -45.229  -9.798 0.5000000000
42224  32.758  -45.383  -9.064 0.4000000060
42225  31.855  -45.420  -9.014 0.5000000000
42240  35.626  -45.471  -10.599 0.6000000238
42242  33.689  -46.073  -10.369 0.4000000060
42244  29.538  -45.888  -10.911 0.6000000238
42264  29.303  -45.333  -13.212 0.5000000000
42270  35.856  -45.819  -13.782 0.6000000238
42271  35.569  -45.709  -13.868 0.6000000238
42272  35.080  -46.078  -13.582 0.5000000000
42273  29.052  -45.146  -13.611 0.4000000060
42274  28.568  -45.624  -13.592 0.4000000060
43186  38.197  -44.403  -2.664 0.3000000119
43253  40.515  -44.121  -8.378 0.6999999881
43256  37.223  -43.974  -7.759 0.6000000238
43267  41.199  -44.684  -9.248 0.6000000238
43272  35.987  -44.766  -8.612 0.6999999881
43279  41.044  -44.638  -9.321 0.6000000238
43284  31.425  -44.755  -9.367 0.6000000238
43310  29.997  -44.188  -10.686 0.6000000238
43316  36.524  -45.138  -13.191 0.6999999881
43317  34.831  -45.409  -13.356 0.4000000060
43328  36.632  -45.314  -14.183 0.6000000238
43336  36.614  -45.172  -14.873 0.6999999881
43337  36.093  -45.099  -15.033 0.8000000119
43342  36.165  -44.401  -15.312 0.8000000119
44375  39.711  -43.380  -8.063 0.6000000238
44395  35.601  -43.877  -9.678 0.8000000119
44396  32.822  -43.636  -9.545 0.6000000238
44408  35.678  -43.877  -10.490 0.6999999881
44409  33.979  -43.703  -10.701 0.6000000238
44410  33.426  -43.605  -9.978 0.6000000238
44424  35.946  -43.973  -11.421 0.6999999881
44433  37.329  -43.556  -13.134 0.6999999881
44435  35.093  -43.461  -13.641 0.6999999881
44451  34.904  -44.459  -13.499 0.6999999881
44452  29.216  -43.782  -13.953 0.5000000000
44460  39.504  -44.091  -16.394 0.8999999762
44461  38.632  -44.225  -15.973 0.8999999762
44466  40.107  -43.788  -16.627 0.8999999762
44468  39.017  -44.084  -16.614 0.8999999762
44470  36.617  -44.023  -15.779 0.8000000119
44471  39.091  -44.020  -16.765 0.8999999762
44472  38.265  -43.907  -16.571 0.8999999762
45398  38.667  -43.071  -2.146 0.3000000119
45483  39.430  -42.205  -7.350 0.6999999881
45484  39.269  -41.980  -6.726 0.6000000238
45497  39.098  -42.158  -7.665 0.6000000238
45498  38.048  -42.234  -7.478 0.6999999881
45510  35.838  -42.784  -8.865 0.8000000119
45528  35.847  -42.250  -9.830 0.8000000119
45531  32.866  -42.024  -9.881 0.6000000238
45532  31.642  -42.659  -9.964 0.6000000238
45546  30.008  -42.447  -11.366 0.6000000238
45557  34.959  -42.733  -12.666 0.6999999881
45558  29.752  -42.390  -12.309 0.5000000000
45567  38.727  -42.774  -13.971 0.8999999762
45572  29.506  -43.125  -13.774 0.5000000000
45582  41.614  -43.214  -16.403 0.8999999762
45592  43.350  -42.997  -17.227 1.0000000000
45596  36.722  -43.302  -15.924 0.8999999762
45600  39.881  -43.826  -16.772 0.8999999762
46452  39.843  -41.834  -1.694 0.3000000119
46470  39.321  -41.656  -2.069 0.3000000119
46490  38.120  -41.793  -3.790 0.5000000000
46509  38.295  -41.435  -4.723 0.5000000000
46545  39.233  -41.987  -7.441 0.6000000238
46564  36.280  -41.205  -8.425 0.8000000119
46586  32.205  -41.318  -10.241 0.6999999881
46603  30.287  -41.088  -11.564 0.6000000238
46612  35.297  -41.904  -12.561 0.8000000119
46621  40.578  -41.448  -14.078 0.8000000119
46638  40.946  -42.213  -14.764 0.8999999762
46641  36.748  -41.769  -14.904 0.8000000119
46649  44.491  -42.485  -16.662 1.0000000000
46650  43.756  -42.722  -16.507 1.0000000000
46652  40.855  -42.206  -16.547 1.0000000000
46654  37.737  -42.420  -16.024 0.8000000119
46657  44.550  -42.625  -17.418 1.0000000000
46658  44.010  -42.798  -17.442 1.0000000000
46660  41.459  -43.164  -16.965 1.0000000000
46662  45.351  -42.067  -18.014 1.0000000000
47542  40.112  -41.312  -1.894 0.3000000119
47557  43.054  -40.282  -2.817 0.3000000119
47562  38.627  -40.609  -2.881 0.5000000000
47629  45.762  -40.429  -5.352 0.3000000119
47657  37.877  -40.365  -7.022 0.6999999881
47658  37.102  -40.446  -7.555 0.6999999881
47684  36.876  -40.444  -10.848 0.8000000119
47689  31.878  -40.614  -10.617 0.6000000238
47698  38.009  -40.166  -11.705 0.8000000119
47705  31.455  -40.365  -10.938 0.6000000238
47714  38.083  -40.705  -12.139 0.8000000119
47717  30.395  -40.513  -12.328 0.6000000238
47726  41.528  -40.651  -13.851 0.8000000119
47727  40.173  -40.668  -13.358 0.8000000119
47730  36.216  -41.075  -13.338 0.8000000119
47745  37.762  -40.717  -14.861 0.8000000119
47754  45.632  -41.405  -16.732 1.0000000000
47761  38.807  -41.458  -15.756 0.8000000119
47767  44.312  -41.155  -17.669 1.0000000000
47768  43.680  -42.309  -17.521 1.0000000000
47771  46.516  -40.840  -18.370 1.0000000000
48617  41.966  -40.054  -2.451 0.4000000060
48618  40.942  -39.931  -2.233 0.4000000060
48620  39.068  -39.905  -2.689 0.5000000000
48643  39.180  -38.623  -3.078 0.4000000060
48664  44.799  -40.159  -4.401 0.3000000119
48665  43.865  -39.689  -3.701 0.3000000119
48666  38.518  -39.197  -4.782 0.4000000060
48683  45.414  -39.924  -5.530 0.3000000119
48685  38.503  -39.412  -5.602 0.5000000000
48721  36.590  -39.798  -8.515 0.6999999881
48727  47.759  -40.044  -8.958 0.3000000119
48741  38.200  -39.086  -11.158 0.8000000119
48753  38.578  -39.593  -11.727 0.8000000119
48754  37.392  -40.046  -11.127 0.8000000119
48755  35.030  -39.381  -11.547 0.6999999881
48758  32.354  -39.229  -11.248 0.6999999881
48766  40.234  -39.350  -12.432 0.8000000119
48769  37.088  -39.364  -12.988 0.8000000119
48771  35.740  -39.526  -12.088 0.6999999881
48782  42.488  -39.711  -13.765 0.8000000119
48798  43.795  -40.144  -14.657 0.6999999881
48801  39.174  -39.719  -14.782 0.8000000119
48824  43.629  -40.014  -16.784 1.0000000000
49700  43.426  -38.821  -3.437 0.3000000119
49702  39.245  -37.992  -3.309 0.4000000060
49717  38.852  -37.895  -4.126 0.4000000060
49731  45.243  -38.955  -5.571 0.3000000119
49732  44.859  -38.172  -5.310 0.3000000119
49744  45.661  -38.275  -6.582 0.3000000119
49746  37.622  -38.938  -7.128 0.6999999881
49763  48.747  -38.850  -8.739 0.3000000119
49786  38.502  -38.540  -10.941 0.8000000119
49796  39.808  -38.434  -11.590 0.8000000119
49799  35.454  -38.778  -11.734 0.6999999881
49800  33.890  -38.328  -11.354 0.6999999881
49803  31.790  -38.753  -11.898 0.5000000000
49824  39.966  -38.246  -13.709 1.0000000000
49840  41.771  -38.122  -14.667 1.0000000000
49860  47.075  -39.600  -17.910 0.8999999762
49867  46.780  -39.862  -19.377 1.0000000000
50732  42.133  -37.299  -2.630 0.4000000060
50734  40.445  -38.028  -2.470 0.5000000000
50757  40.067  -36.826  -3.120 0.4000000060
50772  44.108  -37.493  -4.165 0.3000000119
50787  38.614  -37.314  -5.564 0.5000000000
50798  46.256  -36.947  -6.602 0.4000000060
50805  48.503  -37.108  -7.470 0.4000000060
50808  37.847  -37.571  -7.474 0.6000000238
50818  37.956  -37.084  -8.246 0.6999999881
50827  50.884  -37.148  -9.218 0.4000000060
50828  49.906  -38.028  -8.944 0.4000000060
50840  51.657  -37.361  -10.350 0.4000000060
50843  38.614  -37.507  -10.369 0.8000000119
50854  37.070  -36.604  -11.683 0.8999999762
50857  34.523  -37.647  -11.570 0.6999999881
50859  32.861  -37.739  -11.866 0.6999999881
50866  38.272  -37.262  -12.329 0.8999999762
50871  32.556  -37.388  -12.775 0.6999999881
50879  45.188  -37.241  -13.835 0.6999999881
50885  38.742  -37.845  -12.839 0.8999999762
50897  45.407  -37.755  -14.335 0.6999999881
50899  41.613  -37.243  -14.237 0.8999999762
50907  46.461  -38.308  -16.187 0.8000000119
50929  47.340  -37.323  -20.340 1.0000000000
50930  46.336  -37.469  -20.156 1.0000000000
51899  41.583  -36.730  -2.699 0.4000000060
51925  43.124  -36.560  -3.383 0.4000000060
51927  41.320  -35.987  -3.075 0.4000000060
51944  43.729  -36.779  -3.866 0.3000000119
51946  38.841  -36.759  -5.139 0.4000000060
51960  45.005  -36.754  -6.092 0.3000000119
51975  47.037  -36.007  -6.599 0.4000000060
51978  44.687  -36.000  -5.884 0.4000000060
51979  38.446  -36.372  -6.959 0.6000000238
51984  48.380  -36.245  -6.931 0.4000000060
51985  47.523  -36.658  -6.828 0.4000000060
52003  50.612  -36.540  -8.675 0.4000000060
52005  38.518  -36.505  -9.559 0.6999999881
52017  52.139  -36.083  -10.640 0.4000000060
52018  51.711  -36.593  -10.148 0.4000000060
52019  40.475  -36.631  -11.233 0.8000000119
52033  41.620  -36.421  -11.776 0.8000000119
52041  44.912  -35.978  -13.095 0.6999999881
52044  42.027  -36.749  -12.187 0.6999999881
52046  39.258  -36.033  -12.398 0.8999999762
52049  36.223  -35.814  -11.882 0.8999999762
52051  34.611  -36.311  -12.301 0.8999999762
52058  53.264  -36.663  -13.554 0.3000000119
52060  46.168  -36.402  -13.664 0.6999999881
52062  41.437  -36.419  -13.871 0.8999999762
52064  39.818  -36.773  -12.852 0.8999999762
52065  34.333  -35.850  -13.274 0.6999999881
52085  43.441  -37.060  -16.954 1.0000000000
52094  46.238  -36.783  -17.060 0.8999999762
52106  47.496  -36.489  -20.334 1.0000000000
53100  42.740  -35.867  -3.454 0.3000000119
53128  40.500  -34.976  -4.121 0.4000000060
53145  38.984  -35.741  -5.698 0.6000000238
53157  47.408  -35.245  -6.544 0.4000000060
53160  44.956  -35.344  -6.174 0.4000000060
53180  51.745  -35.026  -10.040 0.4000000060
53194  52.047  -35.455  -10.471 0.4000000060
53195  40.850  -34.684  -10.407 0.6999999881
53216  41.007  -35.950  -11.334 0.8000000119
53226  52.821  -35.387  -12.827 0.3000000119
53234  37.433  -35.357  -12.023 0.8999999762
53235  36.629  -35.322  -12.261 0.8999999762
53245  45.951  -35.218  -12.750 0.6000000238
53247  41.178  -35.544  -13.597 1.0000000000
53248  36.210  -34.788  -13.190 0.8999999762
53251  34.284  -35.576  -14.580 0.6999999881
53265  34.761  -35.082  -14.597 0.6999999881
53288  47.454  -36.114  -19.832 1.0000000000
53290  41.999  -35.676  -18.399 1.0000000000
53298  41.372  -35.203  -18.553 1.0000000000
54358  43.074  -34.960  -4.403 0.4000000060
54361  39.889  -34.669  -5.021 0.5000000000
54374  43.138  -34.411  -4.967 0.4000000060
54375  42.554  -33.872  -5.083 0.5000000000
54388  46.929  -34.493  -6.493 0.4000000060
54393  39.504  -34.388  -6.423 0.6000000238
54401  49.424  -34.439  -7.413 0.4000000060
54417  51.439  -34.412  -9.550 0.4000000060
54447  45.457  -34.326  -11.943 0.6000000238
54449  44.322  -34.334  -11.678 0.6000000238
54462  52.020  -33.976  -11.906 0.3000000119
54464  44.888  -34.765  -12.174 0.6999999881
54466  39.465  -34.483  -12.612 0.8999999762
54473  52.607  -34.515  -13.266 0.3000000119
54477  40.845  -34.699  -13.388 1.0000000000
54479  38.064  -33.980  -13.115 0.8999999762
54480  36.038  -34.313  -14.036 0.8999999762
54506  33.744  -34.905  -15.420 0.6000000238
54514  40.932  -35.173  -17.791 1.0000000000
54522  39.998  -34.785  -18.950 1.0000000000
54530  47.087  -35.129  -20.366 1.0000000000
54531  46.976  -35.150  -20.478 1.0000000000
54532  45.904  -35.191  -20.185 1.0000000000
55526  41.852  -33.651  -5.039 0.5000000000
55559  47.304  -33.724  -6.648 0.4000000060
55563  43.558  -33.208  -6.094 0.5000000000
55565  41.082  -32.645  -6.983 0.6999999881
55572  48.427  -33.116  -7.357 0.4000000060
55574  46.860  -33.086  -6.781 0.4000000060
55586  51.090  -33.666  -9.245 0.4000000060
55589  40.688  -33.689  -9.055 0.6999999881
55596  51.550  -33.479  -10.497 0.3000000119
55597  51.143  -32.960  -9.868 0.4000000060
55598  45.484  -33.271  -10.882 0.6000000238
55600  42.552  -32.978  -10.159 0.6000000238
55614  51.650  -33.346  -11.378 0.3000000119
55628  39.159  -33.880  -12.865 1.0000000000
55641  45.524  -34.438  -12.444 0.6000000238
55643  40.229  -33.628  -13.489 1.0000000000
55644  39.563  -33.460  -13.328 1.0000000000
55647  37.339  -33.508  -13.966 0.8999999762
55657  44.752  -33.281  -13.852 0.6999999881
55664  33.189  -33.156  -14.905 0.6999999881
55684  39.240  -33.676  -18.352 1.0000000000
55692  39.134  -33.927  -19.052 1.0000000000
55700  40.216  -34.650  -19.071 1.0000000000
56622  42.176  -32.749  -6.040 0.5000000000
56640  46.023  -32.740  -6.848 0.5000000000
56643  43.439  -32.614  -6.508 0.5000000000
56645  41.679  -32.604  -6.473 0.6000000238
56652  48.414  -32.537  -7.774 0.4000000060
56655  45.330  -32.140  -7.326 0.4000000060
56657  43.415  -31.999  -7.217 0.6000000238
56663  50.082  -32.745  -8.762 0.4000000060
56665  48.703  -32.267  -8.270 0.4000000060
56668  45.742  -31.777  -8.048 0.5000000000
56671  42.511  -32.025  -8.565 0.6999999881
56672  41.658  -32.553  -8.515 0.6999999881
56679  49.012  -31.920  -8.862 0.4000000060
56692  44.883  -32.665  -10.265 0.5000000000
56741  37.611  -32.931  -14.242 0.8999999762
56766  45.488  -32.383  -15.694 0.8000000119
56768  39.743  -32.788  -15.470 1.0000000000
56790  40.510  -32.750  -18.568 1.0000000000
56792  38.672  -32.361  -18.773 0.8999999762
56795  47.315  -33.178  -19.341 0.8000000119
56796  45.464  -32.720  -19.477 1.0000000000
56799  39.537  -33.030  -19.192 1.0000000000
56804  47.792  -32.244  -20.320 0.8000000119
57836  43.146  -31.712  -7.946 0.6999999881
57842  47.686  -31.800  -8.616 0.4000000060
57862  46.833  -31.335  -9.526 0.5000000000
57875  44.614  -31.547  -11.923 0.6999999881
57891  44.491  -31.393  -12.806 0.6999999881
57904  44.562  -31.816  -13.449 0.6999999881
57909  45.382  -31.057  -14.935 0.6999999881
57926  42.108  -31.776  -15.344 0.8999999762
57942  46.764  -32.211  -17.544 0.6999999881
57944  44.004  -31.712  -16.734 0.8999999762
57946  42.436  -32.198  -15.992 0.8999999762
57964  44.756  -32.861  -18.361 1.0000000000
57966  38.774  -32.132  -19.109 0.8999999762
57969  48.486  -31.596  -20.862 0.8000000119
57970  46.768  -31.753  -20.461 1.0000000000
57972  48.718  -31.393  -21.166 0.8000000119
57973  47.942  -31.619  -20.874 0.8000000119
59007  49.180  -30.478  -10.515 0.3000000119
59011  45.024  -30.111  -10.668 0.6000000238
59048  40.522  -29.949  -14.279 0.6999999881
59055  41.891  -30.692  -14.367 0.6999999881
59057  40.766  -30.721  -14.378 0.6999999881
59059  36.987  -30.425  -14.356 0.8000000119
59062  34.229  -30.294  -14.063 0.6999999881
59099  47.638  -30.088  -18.194 0.6999999881
59103  39.600  -30.309  -18.833 1.0000000000
59117  49.227  -30.545  -21.020 0.6999999881
59118  48.729  -31.029  -20.470 0.6999999881
59121  49.058  -30.769  -21.306 0.8000000119
60136  43.233  -29.426  -14.535 0.5000000000
60138  41.409  -30.105  -13.993 0.6999999881
60152  46.324  -29.404  -15.760 0.6999999881
60171  46.628  -29.596  -16.498 0.6000000238
60183  47.088  -29.845  -17.289 0.6999999881
60184  45.854  -29.229  -18.067 0.6000000238
60186  39.428  -29.499  -18.816 1.0000000000
60189  48.857  -28.978  -19.843 0.6000000238
60193  38.375  -29.686  -19.188 0.8999999762
60194  49.104  -29.762  -20.690 0.6999999881
60196  47.469  -29.651  -20.550 0.6999999881
60197  48.952  -29.933  -21.168 0.6999999881
61138  45.788  -28.052  -10.412 0.4000000060
61148  45.307  -28.013  -11.147 0.6000000238
61157  44.977  -28.127  -12.086 0.6999999881
61158  44.708  -28.914  -12.190 0.6999999881
61170  45.057  -28.561  -13.089 0.6999999881
61175  40.740  -28.773  -13.328 0.6999999881
61190  35.000  -28.734  -14.103 0.5000000000
61231  39.285  -28.599  -18.824 1.0000000000
61233  37.630  -29.140  -19.112 0.8999999762
61235  48.393  -28.830  -20.261 0.6000000238
61236  47.592  -28.848  -20.166 0.6999999881
61237  48.805  -29.402  -20.631 0.6000000238
62185  42.229  -27.393  -12.390 0.4000000060
62187  40.697  -27.477  -12.530 0.3000000119
62199  39.734  -27.950  -13.465 0.6000000238
62213  35.929  -27.583  -14.623 0.5000000000
62226  39.377  -27.206  -15.424 0.6999999881
62252  39.454  -27.361  -17.852 0.8000000119
62253  36.821  -27.783  -18.481 0.8000000119
62260  37.452  -27.135  -19.054 0.8000000119
63225  46.519  -26.334  -10.863 0.6000000238
63231  46.222  -26.087  -11.628 0.6000000238
63235  41.590  -26.210  -11.683 0.4000000060
63244  43.317  -26.636  -12.491 0.3000000119
63257  45.847  -26.513  -12.977 0.6000000238
63260  39.501  -27.175  -13.539 0.5000000000
63273  44.262  -26.752  -14.110 0.4000000060
63274  39.353  -27.144  -14.408 0.6000000238
63285  44.904  -26.476  -15.591 0.4000000060
63310  48.575  -26.242  -18.721 0.5000000000
63319  37.525  -26.250  -18.479 0.8000000119
64281  47.970  -25.630  -10.601 0.5000000000
64293  47.482  -25.149  -11.007 0.4000000060
64295  42.816  -25.456  -11.451 0.4000000060
64307  39.807  -25.552  -12.474 0.4000000060
64318  43.931  -26.144  -12.827 0.3000000119
64345  36.253  -25.225  -15.920 0.6000000238
64371  46.416  -25.830  -17.586 0.5000000000
64373  37.514  -25.471  -18.128 0.6999999881
64376  48.775  -25.399  -18.844 0.5000000000
64377  47.755  -25.667  -18.992 0.5000000000
64378  38.817  -25.375  -18.237 0.6999999881
64379  38.332  -25.599  -18.469 0.6999999881
65320  47.279  -24.567  -11.586 0.5000000000
65322  43.862  -24.286  -11.401 0.3000000119
65338  39.912  -24.713  -12.119 0.3000000119
65350  45.267  -24.161  -14.100 0.4000000060
65380  35.417  -24.874  -15.658 0.5000000000
65405  47.087  -24.845  -17.760 0.4000000060
65416  47.732  -25.105  -18.358 0.5000000000
65417  38.861  -24.550  -18.001 0.6000000238
66315  42.983  -24.189  -10.829 0.3000000119
66317  40.779  -23.324  -11.290 0.3000000119
66352  39.339  -23.159  -14.313 0.4000000060
66372  39.231  -23.533  -16.956 0.4000000060
66384  47.439  -23.636  -17.907 0.4000000060
66397  38.579  -23.967  -18.150 0.6000000238
66398  38.260  -23.523  -18.247 0.5000000000
67379  47.816  -22.850  -12.413 0.4000000060
67415  49.284  -22.125  -16.803 0.3000000119
67446  38.050  -22.831  -18.161 0.5000000000
67447  37.654  -21.939  -17.927 0.4000000060
68452  48.761  -21.793  -11.832 0.3000000119
68470  39.681  -21.703  -12.838 0.3000000119
68482  48.527  -21.427  -13.310 0.3000000119
68508  48.869  -21.755  -15.652 0.3000000119
68511  39.451  -21.348  -16.053 0.3000000119
68522  38.821  -21.619  -16.763 0.3000000119
69552  42.093  -20.434  -10.268 0.3000000119
69593  48.859  -20.851  -13.806 0.3000000119
69618  49.170  -20.023  -14.995 0.3000000119
69642  37.516  -20.154  -18.089 0.3000000119
69643  36.930  -20.254  -18.241 0.3000000119
70754  40.774  -19.232  -11.571 0.3000000119
70801  39.872  -18.904  -13.798 0.3000000119
70834  37.532  -19.546  -18.087 0.4000000060
71887  39.549  -18.311  -15.007 0.3000000119
72989  38.306  -17.648  -16.854 0.3000000119
73886  40.859  -16.868  -11.779 0.3000000119
73915  40.449  -16.793  -13.660 0.3000000119
73928  39.792  -16.953  -15.030 0.3000000119
74915  40.630  -15.020  -12.587 0.4000000060
74927  40.527  -15.517  -13.356 0.3000000119
75909  40.451  -14.396  -13.764 0.4000000060
75963  37.722  -14.278  -19.218 0.3000000119
78044  38.232  -11.585  -21.634 0.3000000119
78045  38.257  -11.993  -21.530 0.3000000119
79021  40.463  -11.511  -14.339 0.3000000119
79062  38.457  -12.246  -20.493 0.3000000119
79972  40.501  -10.747  -14.546 0.3000000119
80997  40.541  -9.962  -14.772 0.3000000119
81026  40.182  -8.851  -17.105 0.3000000119
82086  40.473  -8.396  -15.260 0.3000000119
136871  29.069  -51.300  -10.350 0.5000000000
137187  46.176  -36.330  -14.590 0.8000000119
137282  42.120  -45.920  -9.719 0.5000000000
137401  46.038  -35.637  -13.234 0.8000000119
137970  29.329  -46.129  -12.910 0.5000000000
138020  29.563  -48.007  -10.692 0.5000000000
138444  37.888  -39.940  -14.090 0.8000000119
138963  35.705  -36.793  -11.620 0.8999999762
139449  40.709  -35.565  -3.548 0.4000000060
139696  39.464  -28.893  -16.295 0.6999999881
140152  34.637  -47.707  -12.167 0.5000000000
140570  36.958  -28.481  -18.818 0.8000000119
140591  48.785  -37.707  -8.104 0.3000000119
140732  48.662  -39.547  -9.024 0.3000000119
141319  33.697  -29.810  -14.284 0.6999999881
141405  48.778  -33.830  -7.160 0.4000000060
141457  44.347  -39.930  -2.658 0.3000000119
141904  38.276  -42.036  -2.981 0.5000000000
141978  50.369  -38.442  -9.543 0.3000000119
142071  39.054  -35.215  -8.608 0.6000000238
142130  37.899  -47.709  -8.111 0.5000000000
142194  35.656  -29.907  -13.991 0.6999999881
142321  47.541  -24.806  -15.465 0.5000000000
142634  36.655  -38.785  -12.413 0.6999999881
142923  45.459  -28.794  -13.969 0.6999999881
143009  26.188  -50.371  -13.690 0.4000000060
143678  41.715  -37.994  -12.484 0.8000000119
144043  42.123  -39.676  -15.662 1.0000000000
144299  37.281  -44.435  -15.777 0.8000000119
144483  38.354  -37.100  -9.815 0.6999999881
144666  39.456  -21.956  -13.703 0.4000000060
144702  35.507  -47.523  -12.056 0.5000000000
144923  22.982  -53.770  -13.561 0.4000000060
145004  42.224  -47.499  -9.561 0.5000000000
145666  37.950  -32.244  -14.294 0.8000000119
145740  35.109  -32.143  -13.844 0.6999999881
146193  29.604  -45.386  -11.560 0.6000000238
146354  27.255  -49.378  -13.576 0.4000000060
146408  41.519  -43.212  -16.871 0.8999999762
146534  45.325  -31.792  -8.958 0.5000000000
146627  46.904  -24.102  -17.658 0.4000000060
146928  40.089  -31.202  -18.623 1.0000000000
147103  38.405  -43.401  -5.342 0.6000000238
147119  45.965  -32.338  -10.241 0.5000000000
147229  47.081  -38.995  -19.798 1.0000000000
147389  40.272  -35.901  -10.769 0.8000000119
147804  38.324  -42.721  -5.189 0.6000000238
147961  38.116  -41.090  -4.000 0.5000000000
148016  52.337  -37.052  -11.463 0.3000000119
148364  24.340  -52.839  -13.727 0.4000000060
148379  40.349  -37.975  -11.622 0.8000000119
148554  33.192  -45.041  -9.453 0.4000000060
148675  38.803  -42.604  -6.130 0.6000000238
148736  28.275  -50.921  -11.798 0.5000000000
148815  39.315  -23.840  -15.630 0.4000000060
148853  39.056  -46.994  -3.907 0.4000000060
148873  40.040  -13.897  -15.026 0.3000000119
148921  28.765  -52.608  -10.394 0.4000000060
148955  45.505  -30.010  -10.132 0.6000000238
149219  39.772  -46.701  -9.328 0.4000000060
149266  44.910  -28.639  -16.452 0.5000000000
149447  53.143  -37.267  -17.703 0.3000000119
149737  52.767  -36.043  -12.217 0.3000000119
150533  40.769  -21.113  -11.060 0.3000000119
151071  39.518  -35.892  -4.414 0.4000000060
151156  36.436  -41.804  -7.908 0.8000000119
151168  38.614  -39.981  -3.283 0.5000000000
151336  37.987  -43.725  -3.273 0.4000000060
151430  46.081  -25.964  -17.285 0.5000000000
151469  47.839  -24.380  -11.113 0.5000000000
151534  39.208  -25.900  -18.225 0.6999999881
151712  31.333  -39.969  -11.291 0.6000000238
151715  39.479  -15.955  -15.717 0.3000000119
152575  39.562  -25.073  -12.918 0.4000000060
152785  36.500  -19.670  -18.364 0.4000000060
152807  42.194  -21.804  -10.288 0.4000000060
152894  39.359  -34.523  -7.643 0.6000000238
153150  41.327  -21.892  -10.653 0.3000000119
153373  32.217  -44.847  -9.193 0.6000000238
153486  38.102  -41.568  -7.331 0.6999999881
153529  39.564  -34.123  -7.058 0.6000000238
153689  45.919  -35.687  -14.113 0.8000000119
153725  39.568  -41.309  -15.791 1.0000000000
154040  28.245  -53.304  -11.162 0.5000000000
154349  45.395  -37.478  -6.252 0.3000000119
154384  35.436  -43.694  -14.463 0.6999999881
154391  30.055  -43.070  -11.119 0.6000000238
154952  40.394  -8.765  -16.323 0.3000000119
154970  33.087  -29.238  -14.525 0.6000000238
155398  37.749  -20.603  -17.880 0.4000000060
155494  39.286  -11.615  -16.937 0.3000000119
155605  28.347  -49.083  -12.981 0.5000000000
155759  39.760  -44.955  -6.912 0.5000000000
156070  47.449  -32.610  -20.374 1.0000000000
156133  26.244  -54.772  -12.407 0.4000000060
156503  36.586  -24.678  -16.665 0.6000000238
156532  47.816  -27.562  -10.357 0.4000000060
156752  35.213  -38.112  -11.598 0.8000000119
156768  48.825  -25.688  -18.974 0.5000000000
156796  35.980  -28.477  -14.349 0.6999999881
156870  34.439  -41.400  -11.270 0.6999999881
157561  38.480  -39.776  -5.035 0.4000000060
157802  40.875  -33.853  -14.928 1.0000000000
158087  46.667  -40.750  -17.866 1.0000000000
158092  43.294  -27.537  -13.285 0.4000000060
158143  38.776  -11.751  -20.991 0.3000000119
158205  45.078  -30.712  -14.390 0.6999999881
159087  45.111  -42.287  -17.724 1.0000000000
159145  41.323  -39.386  -13.025 0.8000000119
159372  37.931  -31.111  -16.537 0.8999999762
159642  40.166  -19.413  -12.776 0.3000000119
159722  45.292  -38.119  -5.928 0.3000000119
160036  45.173  -33.090  -12.096 0.6999999881
160371  43.730  -35.489  -19.049 1.0000000000
160391  48.041  -23.760  -11.249 0.4000000060
161097  46.259  -38.852  -7.634 0.3000000119
161140  37.392  -24.833  -17.966 0.6999999881
161195  39.919  -21.220  -12.422 0.3000000119
161328  41.053  -32.875  -6.355 0.6999999881
161370  48.421  -22.855  -18.148 0.4000000060
161464  39.077  -43.374  -16.652 0.8999999762
161550  41.850  -38.489  -12.796 0.8000000119
161767  38.611  -39.039  -4.062 0.4000000060
161937  38.689  -35.755  -12.160 0.8999999762
161991  40.770  -47.979  -7.484 0.5000000000
162397  53.223  -36.442  -17.294 0.3000000119
162407  46.457  -25.560  -13.009 0.6000000238
162814  45.408  -32.327  -9.846 0.5000000000
162867  36.681  -28.430  -15.559 0.6000000238
162872  36.953  -50.270  -9.039 0.5000000000
163084  40.460  -34.085  -13.212 1.0000000000
163244  36.105  -43.268  -8.374 0.8000000119
163267  40.468  -37.287  -2.706 0.4000000060
163539  42.534  -36.205  -18.233 1.0000000000
163866  38.323  -44.969  -4.862 0.4000000060
163984  28.650  -49.068  -12.452 0.5000000000
164103  40.534  -39.626  -12.764 0.8000000119
164212  43.051  -42.888  -16.508 0.8999999762
164668  42.868  -38.130  -15.564 1.0000000000
164817  26.836  -53.149  -12.531 0.4000000060
