#!ascii label  , from subject sub-v2s18x29509_ses-1 vox2ras=TkReg
817
67353  22.946  -22.456  -10.230 0.1428571492
66302  22.258  -23.662  -10.488 0.1428571492
68458  22.126  -21.612  -11.364 0.1428571492
67344  23.649  -22.611  -9.784 0.1428571492
68446  22.769  -21.692  -10.555 0.2857142985
67370  21.712  -22.299  -11.262 0.1428571492
68444  24.021  -21.258  -9.925 0.1428571492
69582  22.949  -20.240  -12.444 0.5714285970
69557  24.396  -20.378  -10.236 0.1428571492
70757  26.131  -19.025  -10.903 0.2857142985
70745  25.659  -19.558  -10.493 0.2857142985
136972  27.324  -18.466  -11.019 0.1428571492
71836  26.952  -18.935  -10.691 0.2857142985
74921  27.821  -15.753  -12.877 0.2857142985
73907  27.566  -16.522  -12.488 0.1428571492
73908  26.803  -16.733  -12.570 0.2857142985
160505  28.432  -13.686  -13.639 0.2857142985
75898  28.952  -15.119  -12.779 0.2857142985
77980  28.789  -12.785  -13.910 0.2857142985
76915  27.917  -13.053  -14.370 0.2857142985
79033  28.679  -10.986  -15.440 0.2857142985
81029  29.387  -9.933  -17.429 0.8571428657
79990  29.000  -10.417  -16.938 0.4285714328
79024  29.100  -11.456  -14.607 0.2857142985
139701  30.376  -8.965  -19.427 0.7142857313
82117  30.148  -8.608  -18.438 0.7142857313
82108  29.697  -9.351  -18.108 0.7142857313
83242  31.405  -7.780  -20.167 0.8571428657
83243  30.868  -8.397  -19.846 0.5714285970
146805  30.369  -9.364  -20.606 0.8571428657
81037  29.953  -9.400  -19.030 0.7142857313
81038  29.460  -10.262  -19.347 0.7142857313
84285  32.754  -7.314  -21.932 0.4285714328
83257  31.596  -7.896  -21.006 0.7142857313
82145  31.012  -8.559  -21.000 0.8571428657
85329  34.605  -6.140  -24.045 0.2857142985
84307  33.939  -6.516  -24.369 0.5714285970
84293  32.981  -7.353  -22.770 0.8571428657
84292  33.626  -6.883  -23.426 0.7142857313
83266  32.337  -7.815  -22.207 0.8571428657
138364  34.701  -5.135  -24.984 0.1428571492
86281  34.889  -5.319  -24.566 0.1428571492
85336  33.946  -5.910  -24.673 0.4285714328
84301  33.131  -6.900  -23.965 0.5714285970
83280  32.603  -7.225  -23.405 0.8571428657
88089  33.976  -2.960  -25.222 0.1428571492
87194  35.052  -4.182  -25.487 0.1428571492
87195  34.505  -4.457  -25.132 0.1428571492
160494  33.643  -4.406  -24.547 0.4285714328
85330  32.425  -6.333  -23.881 0.8571428657
88992  32.884  -1.992  -25.511 0.1428571492
88991  33.653  -2.346  -26.041 0.1428571492
88983  33.337  -2.357  -24.654 0.1428571492
87185  33.759  -3.594  -24.570 0.1428571492
88083  32.923  -2.662  -22.889 0.4285714328
87186  33.106  -4.038  -23.710 0.5714285970
86273  32.375  -4.657  -23.240 0.7142857313
85315  31.243  -5.722  -22.365 0.8571428657
88984  32.716  -1.667  -23.947 0.1428571492
89848  32.329  -0.874  -23.238 0.1428571492
88974  32.971  -2.027  -23.348 0.1428571492
88975  32.716  -1.940  -22.370 0.5714285970
86260  31.980  -4.415  -22.360 0.8571428657
86274  31.752  -5.248  -22.807 0.8571428657
89860  31.711  -1.093  -25.343 0.1428571492
90763  31.857  -0.533  -23.867 0.2857142985
89837  32.478  -0.465  -22.089 0.8571428657
88071  32.538  -2.814  -21.929 0.8571428657
87177  32.614  -3.627  -22.716 0.7142857313
88059  32.424  -2.538  -21.005 0.8571428657
90751  31.546  1.141  -22.694 0.1428571492
91725  30.502  1.527  -23.887 0.1428571492
90739  32.295  0.391  -21.887 0.4285714328
90725  32.548  0.273  -20.474 0.8571428657
89823  32.586  -0.706  -20.987 0.8571428657
88950  32.501  -1.688  -20.722 0.8571428657
88046  32.134  -2.285  -20.309 0.8571428657
91694  31.963  1.141  -21.879 0.4285714328
154447  32.464  -0.330  -19.863 0.8571428657
89810  32.432  -1.098  -20.123 0.8571428657
89811  32.052  -0.972  -19.293 0.8571428657
91707  30.997  1.741  -22.923 0.1428571492
92668  31.223  2.568  -22.448 0.2857142985
147499  31.970  1.787  -21.245 0.5714285970
91679  32.366  0.924  -21.011 0.8571428657
91667  32.415  0.972  -20.128 0.8571428657
90709  32.331  0.537  -19.591 0.8571428657
90710  32.039  0.794  -18.975 0.8571428657
154083  31.977  -0.026  -18.903 0.8571428657
93634  31.522  3.429  -21.976 0.2857142985
92654  31.675  2.579  -21.571 0.7142857313
92637  31.851  2.459  -20.596 0.8571428657
91649  31.349  1.448  -18.237 0.8571428657
91631  30.616  1.517  -17.780 0.8571428657
90692  31.579  0.703  -18.483 0.8571428657
144421  31.821  3.140  -19.941 0.8571428657
138612  31.817  3.025  -18.904 0.8571428657
92612  31.246  2.282  -17.929 0.8571428657
143763  29.813  3.132  -17.303 0.7142857313
92595  30.328  2.344  -17.537 0.7142857313
138775  31.768  3.839  -19.469 0.8571428657
93574  31.598  3.826  -18.416 0.8571428657
139837  31.591  2.906  -18.195 0.8571428657
93555  30.261  4.010  -17.398 0.8571428657
94537  30.441  4.889  -17.541 0.8571428657
148419  29.170  3.856  -17.337 0.7142857313
156773  31.411  5.703  -18.311 0.7142857313
95587  31.120  5.272  -17.885 0.8571428657
95563  31.202  6.109  -17.882 0.8571428657
96589  29.873  6.221  -17.348 0.8571428657
148233  29.546  7.729  -17.404 0.7142857313
93575  31.022  3.250  -17.641 0.8571428657
95565  29.752  5.393  -17.377 0.8571428657
98661  31.677  8.364  -20.476 0.1428571492
96587  31.211  6.786  -17.901 0.8571428657
97609  30.827  7.318  -17.686 0.7142857313
98626  30.048  8.492  -17.426 0.7142857313
97610  30.078  7.075  -17.384 0.8571428657
99697  31.593  9.977  -20.437 0.1428571492
164237  30.976  9.177  -18.117 0.5714285970
99681  30.726  9.886  -18.194 0.5714285970
100645  29.467  10.700  -18.186 0.5714285970
100643  31.105  10.575  -18.597 0.1428571492
100666  31.787  10.782  -20.894 0.1428571492
149721  29.511  12.121  -18.540 0.5714285970
103144  31.410  13.151  -20.452 0.1428571492
102354  31.482  13.118  -21.531 0.1428571492
101501  30.986  12.338  -19.220 0.1428571492
103167  31.377  13.823  -20.993 0.1428571492
101493  29.918  11.498  -18.401 0.5714285970
103937  30.641  14.563  -20.369 0.1428571492
103961  31.600  14.803  -22.557 0.1428571492
104716  30.324  15.184  -20.812 0.1428571492
65309  22.837  -24.384  -10.081 0.1428571492
69558  23.530  -20.538  -10.571 0.2857142985
69544  24.965  -21.038  -9.608 0.1428571492
157059  25.964  -19.880  -10.080 0.2857142985
70746  24.744  -19.628  -10.661 0.2857142985
73892  28.914  -16.720  -12.151 0.2857142985
72932  28.260  -16.995  -12.137 0.2857142985
72933  27.317  -17.313  -12.043 0.1428571492
79025  28.379  -11.551  -15.147 0.2857142985
77988  28.393  -12.186  -14.636 0.2857142985
81021  29.458  -9.757  -16.332 0.4285714328
79991  28.539  -10.938  -16.485 0.5714285970
84275  31.827  -7.156  -20.528 0.2857142985
151784  29.340  -10.293  -18.419 0.7142857313
84284  33.403  -6.644  -22.451 0.1428571492
83277  31.232  -7.661  -22.453 0.8571428657
85323  32.299  -5.507  -23.662 0.7142857313
89859  32.260  -1.372  -24.623 0.1428571492
153037  32.585  -1.299  -22.761 0.8571428657
88963  32.624  -1.934  -21.516 0.8571428657
87152  32.093  -3.344  -21.270 0.8571428657
88938  32.072  -1.708  -19.798 0.8571428657
139539  31.752  3.825  -20.350 0.8571428657
148165  31.566  5.330  -18.868 0.8571428657
96604  31.460  6.594  -18.340 0.8571428657
98625  30.955  8.304  -17.827 0.7142857313
144071  31.627  8.943  -19.168 0.2857142985
101491  31.350  11.091  -18.938 0.1428571492
149184  31.736  11.485  -20.226 0.1428571492
103188  31.920  13.424  -23.079 0.1428571492
149616  21.895  -24.432  -10.453 0.1428571492
70760  23.648  -19.710  -11.817 0.4285714328
71850  25.813  -18.736  -11.691 0.2857142985
70759  24.428  -19.392  -11.446 0.4285714328
70774  23.500  -19.777  -12.972 0.2857142985
160407  26.783  -17.890  -11.844 0.1428571492
74919  29.226  -15.601  -12.563 0.2857142985
75897  29.341  -14.511  -12.820 0.2857142985
164220  27.670  -15.138  -13.345 0.2857142985
74930  26.928  -15.513  -13.379 0.2857142985
153767  27.963  -14.527  -13.538 0.2857142985
80001  28.560  -11.112  -17.605 0.7142857313
88097  34.563  -2.624  -25.928 0.1428571492
89867  32.312  -1.564  -26.112 0.1428571492
90764  31.210  -0.170  -24.599 0.1428571492
141067  31.632  0.361  -23.271 0.2857142985
90765  30.623  0.510  -24.524 0.1428571492
147633  32.513  0.114  -21.300 0.8571428657
87163  31.705  -4.158  -21.600 0.8571428657
86249  31.268  -4.633  -21.167 1.0000000000
155769  30.314  2.161  -23.783 0.1428571492
92686  30.167  2.787  -23.818 0.1428571492
94596  31.603  4.250  -21.266 0.2857142985
91633  28.862  1.565  -17.689 0.8571428657
95615  31.617  5.458  -19.808 0.5714285970
96629  31.613  6.386  -19.784 0.5714285970
97608  31.348  7.381  -18.116 0.7142857313
98636  31.572  8.070  -18.679 0.4285714328
145896  31.580  6.909  -20.450 0.2857142985
97656  31.688  7.609  -20.099 0.2857142985
99690  31.684  9.782  -19.536 0.1428571492
100652  31.523  10.466  -19.117 0.1428571492
102332  29.855  13.587  -19.255 0.2857142985
100657  31.724  10.576  -19.930 0.1428571492
102330  31.108  13.096  -19.730 0.1428571492
103924  30.346  14.194  -19.731 0.1428571492
103938  29.764  14.796  -20.161 0.1428571492
141232  31.635  12.344  -20.880 0.1428571492
104728  30.624  15.545  -21.667 0.1428571492
104729  29.685  15.916  -21.301 0.1428571492
104727  31.207  15.278  -22.191 0.1428571492
94604  31.246  4.308  -22.340 0.4285714328
95635  31.253  5.079  -21.812 0.4285714328
96653  31.271  5.890  -21.496 0.4285714328
96642  31.562  6.088  -20.685 0.4285714328
96621  31.670  6.808  -19.057 0.5714285970
97643  31.705  7.504  -19.289 0.5714285970
68445  23.427  -21.860  -10.019 0.1428571492
67354  22.279  -22.332  -10.764 0.1428571492
159870  22.469  -22.950  -10.460 0.1428571492
66303  21.441  -23.825  -10.854 0.1428571492
69568  22.455  -20.785  -11.865 0.4285714328
68459  21.398  -21.901  -11.802 0.2857142985
69567  23.152  -20.228  -11.315 0.5714285970
69556  25.404  -20.201  -9.978 0.1428571492
70772  25.046  -19.071  -12.090 0.1428571492
71859  26.211  -18.240  -12.145 0.1428571492
74920  28.665  -15.710  -12.697 0.2857142985
81050  29.859  -9.868  -20.047 0.7142857313
83256  32.108  -7.612  -21.433 0.8571428657
82155  30.865  -8.484  -21.704 0.8571428657
84299  34.190  -6.667  -23.909 0.5714285970
86283  32.988  -4.960  -24.212 0.5714285970
88082  33.438  -2.718  -23.930 0.2857142985
151088  34.712  -3.614  -25.588 0.1428571492
90750  32.123  -0.064  -22.732 0.5714285970
87162  32.149  -3.676  -21.958 0.8571428657
163180  32.598  -1.388  -21.282 0.8571428657
92626  31.846  2.294  -19.624 0.8571428657
91668  32.046  1.371  -19.416 0.8571428657
90693  30.879  0.710  -17.937 0.8571428657
94578  31.662  4.640  -19.157 0.8571428657
94558  31.406  4.842  -18.357 0.8571428657
143277  31.881  9.095  -20.050 0.1428571492
100644  30.382  10.702  -18.281 0.5714285970
100635  29.965  9.950  -17.926 0.5714285970
149194  31.746  11.553  -21.421 0.1428571492
102316  30.232  12.241  -18.754 0.4285714328
137467  31.496  12.393  -19.881 0.1428571492
103177  31.561  13.918  -22.181 0.1428571492
101522  31.570  12.326  -22.107 0.1428571492
101500  31.410  11.683  -19.330 0.1428571492
102331  30.388  12.937  -19.252 0.1428571492
103936  31.132  14.651  -21.252 0.1428571492
73891  29.565  -16.745  -11.957 0.1428571492
94585  31.685  4.541  -20.174 0.5714285970
70773  24.262  -19.382  -12.483 0.4285714328
75913  27.164  -14.721  -13.860 0.5714285970
103925  29.379  14.175  -19.504 0.1428571492
74943  26.022  -15.717  -15.172 0.5714285970
74944  25.531  -16.128  -16.002 0.5714285970
73947  23.579  -16.847  -15.962 0.2857142985
76921  26.431  -14.226  -15.592 0.5714285970
74969  25.235  -15.512  -16.476 0.5714285970
72977  23.905  -17.620  -15.832 0.4285714328
74956  25.846  -15.332  -15.989 0.5714285970
74958  22.266  -15.641  -15.545 0.2857142985
74971  23.535  -15.307  -16.162 0.4285714328
76920  27.075  -12.905  -15.964 0.4285714328
76933  26.491  -13.644  -16.306 0.5714285970
76935  25.214  -14.028  -16.866 0.5714285970
76936  24.354  -13.927  -16.681 0.4285714328
78007  27.324  -12.707  -16.660 0.5714285970
78020  26.739  -12.897  -17.728 0.5714285970
76934  25.912  -13.966  -16.793 0.4285714328
78019  27.290  -12.684  -17.393 0.7142857313
78032  26.653  -12.433  -18.284 0.4285714328
79052  27.647  -12.195  -17.788 0.4285714328
75949  23.937  -14.532  -16.332 0.4285714328
74972  22.803  -15.247  -15.891 0.2857142985
76950  24.775  -13.445  -17.236 0.4285714328
79042  27.692  -12.195  -16.821 0.7142857313
150701  28.557  -11.262  -18.669 0.7142857313
147281  27.043  -11.270  -19.112 0.4285714328
81053  28.481  -10.854  -20.003 0.7142857313
81040  26.919  -10.401  -19.088 0.5714285970
81039  27.869  -10.410  -19.712 0.7142857313
82118  27.277  -9.430  -19.089 0.2857142985
80000  28.997  -10.698  -18.046 0.5714285970
80011  28.954  -11.008  -19.272 0.5714285970
80012  28.297  -11.236  -19.424 0.7142857313
81063  28.790  -10.150  -21.088 0.7142857313
83244  28.514  -8.503  -19.927 0.7142857313
83259  28.913  -7.921  -20.629 0.7142857313
151503  28.381  -7.544  -19.642 0.7142857313
83245  27.771  -7.829  -19.197 0.4285714328
84265  27.814  -6.880  -19.108 0.4285714328
81051  29.190  -10.621  -20.526 0.5714285970
82146  30.174  -9.370  -21.428 0.5714285970
153836  28.975  -8.948  -21.720 0.5714285970
155192  29.129  -6.722  -20.238 0.7142857313
85293  29.930  -5.633  -19.818 0.7142857313
164533  28.855  -6.210  -19.426 0.7142857313
85280  28.935  -5.505  -18.964 0.5714285970
86238  29.017  -4.721  -18.722 0.5714285970
83276  31.846  -7.437  -23.116 0.7142857313
83268  30.272  -7.715  -22.066 0.5714285970
83269  29.446  -8.378  -21.822 0.5714285970
85317  30.119  -6.670  -21.509 0.7142857313
84276  29.492  -7.289  -21.215 0.7142857313
85292  30.311  -5.655  -21.006 0.8571428657
85294  28.282  -6.146  -18.906 0.4285714328
160237  30.648  -4.431  -19.794 0.7142857313
87141  29.416  -4.303  -18.723 0.7142857313
87140  30.159  -4.233  -19.056 0.7142857313
87127  28.645  -3.985  -18.590 0.5714285970
87126  29.361  -3.406  -18.561 0.7142857313
84295  31.055  -7.075  -22.629 0.5714285970
85305  29.741  -6.304  -20.609 0.7142857313
86250  30.736  -4.889  -20.681 0.8571428657
87154  31.107  -4.191  -20.251 0.8571428657
87125  30.277  -3.203  -18.766 0.7142857313
88036  28.888  -2.437  -18.502 0.5714285970
88929  27.831  -1.264  -18.702 0.2857142985
86261  31.494  -5.028  -21.977 0.7142857313
87139  30.756  -3.737  -19.398 0.7142857313
89800  28.876  -0.422  -18.277 0.7142857313
87153  31.566  -3.792  -20.767 0.7142857313
88048  30.985  -2.924  -19.014 0.8571428657
88035  29.797  -2.486  -18.505 0.8571428657
146392  30.338  -0.079  -17.834 0.8571428657
88034  30.595  -2.351  -18.582 0.8571428657
152638  28.730  -1.095  -18.405 0.5714285970
89799  29.695  -0.862  -18.053 0.8571428657
90694  29.396  0.079  -17.961 0.8571428657
90695  28.448  0.274  -18.350 0.7142857313
88033  31.162  -2.222  -18.757 0.8571428657
89798  30.705  -0.913  -18.047 0.8571428657
90678  29.079  0.876  -17.848 0.8571428657
90677  29.989  0.768  -17.741 0.8571428657
90679  28.336  1.164  -18.166 0.7142857313
94539  28.626  4.521  -17.491 0.7142857313
94540  27.806  4.584  -17.751 0.7142857313
143167  29.026  5.094  -17.416 0.5714285970
94560  27.095  4.643  -18.150 0.7142857313
95567  27.555  5.314  -17.839 0.7142857313
95566  29.032  5.794  -17.350 0.7142857313
158628  29.047  6.782  -17.463 0.8571428657
96590  27.968  6.879  -17.686 0.7142857313
95588  26.769  5.366  -18.256 0.7142857313
97627  26.786  7.781  -18.148 0.7142857313
98639  26.626  8.573  -18.412 0.7142857313
98640  26.041  7.918  -18.665 0.5714285970
97611  28.579  7.670  -17.586 0.7142857313
98638  27.295  8.480  -17.872 0.7142857313
98651  25.993  8.821  -19.108 0.5714285970
150832  27.330  9.710  -18.175 0.4285714328
99684  26.674  9.371  -18.673 0.5714285970
98628  28.134  8.457  -17.631 0.5714285970
98652  25.325  8.085  -19.269 0.5714285970
100646  27.658  10.423  -18.438 0.5714285970
100647  26.911  10.152  -18.844 0.5714285970
160992  26.025  10.410  -19.538 0.5714285970
99692  25.418  9.322  -19.589 0.4285714328
98653  24.838  8.704  -19.780 0.5714285970
97645  24.700  7.859  -19.899 0.4285714328
148240  25.432  10.973  -20.393 0.5714285970
100654  25.478  10.235  -19.849 0.5714285970
146144  27.222  10.881  -19.054 0.5714285970
99699  24.053  9.458  -20.479 0.4285714328
162716  22.902  7.810  -20.754 0.4285714328
100658  24.800  10.405  -20.584 0.5714285970
99698  24.701  9.584  -20.172 0.5714285970
100667  23.882  10.979  -21.501 0.4285714328
82099  29.700  -9.061  -16.921 0.2857142985
82161  30.771  -8.102  -22.074 0.5714285970
101524  24.148  11.535  -21.746 0.2857142985
100659  24.132  10.477  -21.112 0.4285714328
100660  23.631  10.142  -20.683 0.2857142985
73932  25.671  -16.694  -15.151 0.5714285970
72976  24.452  -17.709  -15.701 0.5714285970
160753  27.052  -13.482  -15.114 0.2857142985
75921  26.765  -14.353  -14.643 0.4285714328
73945  25.163  -16.779  -15.988 0.5714285970
77989  27.575  -12.556  -15.169 0.2857142985
73948  22.701  -16.555  -15.505 0.2857142985
76949  25.594  -13.498  -17.308 0.4285714328
78021  26.002  -12.954  -17.874 0.5714285970
75951  22.083  -14.259  -16.114 0.2857142985
76937  23.404  -13.834  -16.603 0.2857142985
164600  27.148  -11.636  -18.933 0.5714285970
83220  30.380  -7.851  -17.921 0.2857142985
140619  25.337  -9.973  -18.108 0.2857142985
82134  27.982  -9.174  -19.539 0.7142857313
87138  31.357  -3.378  -19.829 0.8571428657
88927  29.329  -1.727  -18.410 0.7142857313
93556  28.755  3.067  -17.401 0.7142857313
93557  28.096  3.748  -17.634 0.7142857313
93576  27.275  3.311  -18.195 0.7142857313
96605  27.048  6.949  -18.022 0.7142857313
97644  25.039  7.377  -19.452 0.5714285970
99693  24.311  8.970  -20.236 0.2857142985
98627  29.091  8.469  -17.552 0.5714285970
99683  28.091  9.885  -17.849 0.5714285970
99671  29.562  9.224  -17.638 0.5714285970
101503  26.010  10.891  -19.758 0.5714285970
101511  26.021  11.573  -20.097 0.2857142985
142587  25.222  -13.062  -17.534 0.4285714328
76907  27.484  -13.909  -14.115 0.2857142985
161839  29.067  -10.873  -19.921 0.5714285970
84294  31.651  -6.700  -23.239 0.7142857313
86262  30.976  -5.399  -21.573 0.7142857313
85316  30.699  -6.120  -21.931 0.7142857313
88925  31.012  -1.657  -18.390 0.7142857313
79041  28.120  -11.650  -17.198 0.5714285970
92597  28.263  2.037  -17.856 0.7142857313
81061  29.737  -10.238  -21.153 0.5714285970
150587  26.242  -14.891  -15.251 0.5714285970
73968  23.990  -16.203  -16.327 0.5714285970
74970  24.432  -15.454  -16.434 0.4285714328
73946  24.441  -17.041  -16.137 0.5714285970
74957  23.151  -15.962  -15.863 0.4285714328
75947  25.642  -14.691  -16.486 0.5714285970
75946  26.134  -14.289  -16.269 0.5714285970
75948  24.853  -14.739  -16.630 0.4285714328
71905  24.110  -18.166  -15.515 0.5714285970
75950  22.884  -14.526  -16.207 0.4285714328
76932  26.942  -13.176  -17.011 0.5714285970
76948  26.282  -13.389  -17.258 0.5714285970
76951  23.856  -13.287  -17.164 0.4285714328
79064  27.324  -12.062  -18.568 0.5714285970
78033  25.978  -12.161  -18.205 0.4285714328
79051  28.014  -11.732  -18.461 0.5714285970
147542  27.599  -11.565  -19.099 0.7142857313
150764  27.737  -11.124  -19.540 0.5714285970
153260  26.152  -10.714  -18.529 0.4285714328
156734  25.866  -11.351  -18.249 0.4285714328
80021  28.854  -10.872  -20.040 0.7142857313
82133  28.514  -10.319  -20.302 0.7142857313
81041  25.846  -9.547  -18.308 0.2857142985
159435  28.498  -9.546  -20.382 0.7142857313
82147  28.956  -9.620  -21.625 0.7142857313
82148  28.764  -9.222  -21.087 0.7142857313
84264  28.536  -6.864  -19.648 0.7142857313
82157  29.078  -9.012  -21.861 0.5714285970
84263  29.411  -5.984  -19.681 0.7142857313
164774  29.541  -5.553  -19.348 0.7142857313
86237  29.758  -5.092  -19.057 0.7142857313
86223  28.270  -4.693  -18.577 0.2857142985
88037  28.006  -2.139  -18.622 0.5714285970
88049  27.334  -1.778  -18.839 0.2857142985
88926  30.229  -1.672  -18.296 0.8571428657
140837  28.194  6.025  -17.543 0.7142857313
142273  27.308  6.113  -17.905 0.7142857313
97612  27.631  7.708  -17.765 0.8571428657
156162  26.508  10.605  -19.338 0.7142857313
101512  25.471  11.675  -20.757 0.5714285970
147800  24.268  10.029  -20.639 0.4285714328
76952  22.880  -13.137  -17.085 0.1428571492
78022  24.433  -12.790  -17.486 0.4285714328
68474  21.720  -21.145  -12.317 0.4285714328
76905  30.166  -13.125  -13.202 0.1428571492
76906  29.326  -13.322  -13.438 0.1428571492
77979  29.640  -12.588  -13.665 0.1428571492
79982  29.099  -10.372  -15.855 0.1428571492
81015  29.681  -9.840  -15.278 0.1428571492
79011  29.865  -11.852  -13.948 0.1428571492
77978  30.477  -12.350  -13.449 0.1428571492
81000  30.424  -9.320  -14.800 0.1428571492
79976  29.364  -10.596  -14.921 0.1428571492
81014  30.007  -9.107  -15.822 0.1428571492
83219  30.828  -7.290  -18.253 0.2857142985
84262  31.585  -6.824  -19.569 0.1428571492
92596  29.145  2.303  -17.450 0.5714285970
106248  30.829  17.676  -23.860 0.1428571492
91650  27.652  1.565  -18.485 0.4285714328
105501  29.867  17.268  -22.764 0.1428571492
104717  29.525  15.402  -20.676 0.1428571492
93577  26.398  3.476  -18.771 0.4285714328
136436  26.866  4.008  -18.349 0.5714285970
94561  26.297  4.521  -18.618 0.4285714328
160463  26.522  15.415  -22.020 0.2857142985
103158  26.090  13.140  -20.735 0.2857142985
100653  26.726  11.411  -19.559 0.2857142985
103157  26.990  13.430  -20.240 0.2857142985
94588  22.433  4.217  -21.653 0.1428571492
94562  25.639  4.840  -19.068 0.5714285970
96606  26.514  6.211  -18.381 0.5714285970
103168  25.819  13.791  -21.507 0.2857142985
101495  27.967  11.197  -18.664 0.4285714328
147766  23.408  5.125  -20.643 0.4285714328
147406  24.605  6.219  -19.900 0.5714285970
95617  23.048  5.872  -20.826 0.4285714328
96631  23.196  6.699  -20.811 0.2857142985
102355  24.597  12.304  -21.919 0.1428571492
102346  25.443  12.386  -21.105 0.1428571492
103169  25.278  13.042  -21.635 0.1428571492
96633  21.074  6.854  -21.033 0.1428571492
97657  24.148  7.600  -20.438 0.4285714328
103170  24.336  13.014  -22.578 0.1428571492
103178  24.336  13.831  -23.127 0.1428571492
138865  22.594  7.508  -20.928 0.2857142985
101525  23.123  11.369  -21.789 0.2857142985
101514  22.575  11.414  -20.749 0.1428571492
102367  23.223  12.711  -22.993 0.1428571492
103179  23.272  13.388  -23.602 0.1428571492
102357  22.499  12.075  -22.097 0.1428571492
102369  22.000  12.825  -22.381 0.1428571492
103180  22.266  13.232  -23.539 0.1428571492
103171  21.691  13.434  -22.288 0.1428571492
164488  21.915  -20.705  -13.072 0.4285714328
70791  21.566  -19.711  -13.713 0.2857142985
76894  29.741  -13.828  -12.916 0.1428571492
79975  30.554  -10.694  -13.985 0.1428571492
82098  30.365  -8.361  -16.442 0.1428571492
92614  26.809  2.628  -18.711 0.2857142985
99670  30.409  9.190  -17.748 0.4285714328
159124  28.067  13.053  -19.299 0.2857142985
137312  25.332  14.287  -22.391 0.2857142985
103941  26.634  13.998  -20.814 0.2857142985
103974  23.208  14.136  -24.347 0.2857142985
70792  20.738  -19.172  -13.135 0.2857142985
72919  28.109  -17.622  -11.580 0.1428571492
72920  27.358  -18.009  -11.498 0.1428571492
149113  29.608  -15.154  -12.525 0.1428571492
75896  30.072  -14.517  -12.534 0.1428571492
83227  31.116  -7.481  -19.188 0.1428571492
82107  30.044  -8.448  -17.493 0.1428571492
96632  22.197  6.531  -20.911 0.1428571492
91651  27.099  1.942  -18.770 0.4285714328
95618  22.465  5.182  -20.978 0.2857142985
96622  25.136  6.650  -19.399 0.5714285970
148166  28.521  10.610  -18.239 0.4285714328
103962  25.632  15.174  -22.557 0.2857142985
103951  26.345  14.646  -21.609 0.2857142985
103145  27.651  13.528  -19.822 0.2857142985
103940  27.606  14.193  -20.272 0.2857142985
103950  27.207  15.270  -21.404 0.2857142985
104731  27.918  15.750  -21.315 0.1428571492
104742  27.220  16.087  -22.115 0.1428571492
103963  24.430  14.734  -23.739 0.2857142985
104730  28.768  15.864  -20.921 0.1428571492
105489  29.030  16.410  -21.500 0.1428571492
104718  28.958  15.175  -20.456 0.1428571492
84261  32.152  -6.291  -20.035 0.2857142985
102318  28.733  12.873  -18.721 0.4285714328
104743  26.158  15.914  -22.797 0.2857142985
103926  28.412  13.876  -19.614 0.2857142985
136851  28.029  15.134  -20.675 0.1428571492
69600  22.785  -20.198  -13.482 0.4285714328
69583  22.296  -20.636  -12.921 0.4285714328
83228  30.595  -8.042  -18.815 0.4285714328
99682  29.047  9.930  -17.917 0.4285714328
102319  28.197  12.170  -18.779 0.2857142985
103133  28.968  13.536  -18.962 0.2857142985
149494  25.652  3.966  -19.263 0.4285714328
95589  26.022  5.477  -18.733 0.5714285970
146736  26.229  7.078  -18.445 0.5714285970
101502  27.480  11.571  -19.145 0.2857142985
101513  24.768  11.071  -21.156 0.4285714328
100669  22.916  10.744  -20.756 0.2857142985
101523  24.946  11.783  -21.350 0.2857142985
92613  27.506  2.385  -18.292 0.5714285970
96607  25.765  6.383  -18.843 0.5714285970
146048  24.636  7.071  -19.966 0.5714285970
102334  26.552  12.055  -19.927 0.2857142985
102345  26.042  12.276  -20.416 0.2857142985
81001  30.072  -10.204  -14.507 0.1428571492
82089  30.635  -8.567  -15.434 0.1428571492
93594  25.450  3.234  -19.814 0.2857142985
102344  26.697  12.709  -20.078 0.2857142985
145443  27.304  13.022  -19.758 0.2857142985
94586  23.800  4.437  -20.460 0.2857142985
95608  24.583  5.318  -19.869 0.4285714328
156697  25.114  13.560  -22.240 0.1428571492
95616  23.832  5.829  -20.350 0.4285714328
95607  25.296  5.647  -19.363 0.5714285970
96630  24.029  6.810  -20.482 0.4285714328
69603  21.085  -20.097  -13.090 0.2857142985
92628  25.868  2.558  -19.598 0.2857142985
136404  27.163  14.645  -20.931 0.2857142985
105490  28.329  16.355  -21.758 0.1428571492
104757  23.504  16.402  -25.484 0.1428571492
104744  25.166  15.683  -23.771 0.1428571492
106273  23.842  18.096  -25.637 0.1428571492
103953  22.121  14.684  -22.192 0.1428571492
105520  22.809  17.776  -25.296 0.1428571492
104752  23.903  15.531  -24.937 0.1428571492
104746  22.236  15.481  -24.182 0.1428571492
104745  22.509  16.310  -23.530 0.1428571492
104753  22.802  15.481  -25.285 0.1428571492
105506  22.846  17.434  -24.033 0.1428571492
156088  23.667  18.907  -25.108 0.1428571492
164571  23.183  14.797  -24.925 0.1428571492
105507  22.459  16.808  -24.757 0.1428571492
105481  25.050  16.962  -21.943 0.1428571492
106254  23.457  18.528  -24.573 0.1428571492
147010  28.288  -3.064  -18.508 0.2857142985
104733  23.271  15.788  -22.279 0.1428571492
106240  24.184  17.698  -23.257 0.1428571492
106272  24.395  18.744  -25.208 0.1428571492
144155  28.034  -11.538  -15.993 0.2857142985
105505  25.757  16.403  -23.768 0.1428571492
105518  24.816  16.507  -25.084 0.1428571492
105517  25.900  17.230  -24.528 0.1428571492
105492  23.599  16.668  -22.763 0.1428571492
104732  24.454  15.976  -21.709 0.1428571492
77998  27.527  -12.223  -15.907 0.4285714328
71872  25.092  -18.083  -14.204 0.4285714328
72945  25.638  -17.670  -13.703 0.2857142985
72934  26.521  -17.548  -12.384 0.1428571492
73919  25.970  -16.918  -13.994 0.2857142985
72944  26.206  -17.179  -13.072 0.1428571492
73931  26.260  -16.044  -14.182 0.2857142985
71873  24.471  -18.747  -14.167 0.2857142985
74931  26.499  -15.131  -14.317 0.2857142985
73917  26.993  -16.057  -12.744 0.1428571492
73918  26.532  -16.308  -13.141 0.1428571492
72935  25.913  -17.985  -12.912 0.1428571492
72975  25.037  -17.406  -15.593 0.4285714328
72959  25.399  -17.537  -14.687 0.2857142985
94580  24.512  4.516  -20.047 0.2857142985
144756  25.263  -18.370  -13.451 0.2857142985
70806  23.189  -19.553  -14.813 0.2857142985
70790  22.671  -19.975  -14.158 0.2857142985
70805  23.678  -19.370  -14.507 0.2857142985
70807  22.648  -19.383  -14.599 0.2857142985
71892  23.126  -18.914  -15.125 0.2857142985
79053  25.196  -11.465  -17.745 0.2857142985
80002  25.289  -10.648  -17.887 0.2857142985
83229  27.114  -8.305  -18.683 0.1428571492
142201  26.933  -7.082  -18.279 0.1428571492
85281  27.975  -5.488  -18.571 0.1428571492
88050  26.704  -1.837  -19.155 0.1428571492
88940  27.034  -1.158  -19.158 0.1428571492
154291  27.725  0.048  -18.792 0.1428571492
89813  26.725  -0.519  -19.506 0.1428571492
90711  27.114  0.292  -19.293 0.1428571492
151075  25.953  0.645  -19.930 0.1428571492
93608  24.838  3.219  -20.358 0.1428571492
93595  25.026  3.898  -19.948 0.1428571492
93611  23.031  3.848  -21.539 0.1428571492
93609  24.342  3.823  -20.432 0.1428571492
98662  24.255  8.352  -20.301 0.1428571492
98663  23.900  8.838  -20.372 0.1428571492
97659  22.479  7.732  -20.657 0.1428571492
98664  23.160  8.961  -20.031 0.1428571492
99700  23.540  9.463  -20.312 0.1428571492
69584  21.334  -20.808  -12.729 0.2857142985
70788  24.029  -19.380  -13.570 0.1428571492
90696  27.702  0.740  -18.692 0.2857142985
91671  25.770  1.600  -19.839 0.1428571492
93610  23.564  3.812  -20.895 0.1428571492
150855  20.769  -21.189  -12.400 0.2857142985
144424  25.195  -12.372  -17.703 0.2857142985
145496  25.986  -6.890  -18.001 0.1428571492
86224  27.362  -4.707  -18.634 0.1428571492
157900  26.685  -4.007  -18.758 0.1428571492
87128  27.616  -3.763  -18.609 0.1428571492
88051  25.965  -1.936  -19.605 0.1428571492
88941  26.356  -1.200  -19.600 0.1428571492
89814  26.059  -0.651  -19.930 0.1428571492
93621  23.325  3.288  -21.611 0.1428571492
149376  22.188  7.860  -20.038 0.1428571492
97658  23.447  8.177  -20.475 0.1428571492
79054  24.208  -11.782  -17.561 0.2857142985
70789  23.276  -19.826  -14.098 0.2857142985
84249  27.471  -6.209  -18.568 0.1428571492
89812  27.385  -0.510  -19.016 0.1428571492
96643  21.678  7.506  -20.984 0.1428571492
78023  23.459  -12.525  -17.447 0.1428571492
142165  26.514  0.954  -19.567 0.1428571492
70808  21.882  -18.951  -14.121 0.2857142985
164390  24.001  -10.328  -17.591 0.1428571492
90712  26.384  0.077  -19.771 0.1428571492
88942  25.641  -1.346  -20.052 0.1428571492
69585  20.605  -20.479  -12.518 0.1428571492
69586  19.929  -19.978  -11.961 0.1428571492
70775  20.368  -19.579  -12.562 0.1428571492
71893  22.312  -18.248  -14.612 0.1428571492
84274  32.349  -6.730  -21.000 0.1428571492
140343  32.716  -5.867  -20.631 0.1428571492
94605  30.715  4.436  -23.080 0.1428571492
68476  20.580  -21.721  -12.066 0.1428571492
71875  20.372  -18.236  -13.053 0.1428571492
72961  21.444  -17.979  -14.035 0.1428571492
71907  22.917  -18.015  -15.156 0.1428571492
71874  21.126  -18.598  -13.569 0.1428571492
73949  21.894  -16.235  -15.101 0.1428571492
93643  30.305  3.873  -23.660 0.1428571492
95636  30.777  5.101  -22.521 0.1428571492
74959  21.611  -15.538  -15.156 0.1428571492
152551  30.854  3.404  -22.928 0.1428571492
68475  21.107  -21.548  -12.303 0.1428571492
85304  32.851  -6.370  -21.473 0.1428571492
72960  22.297  -17.198  -14.967 0.1428571492
152397  22.437  -13.724  -16.490 0.1428571492
148397  22.132  -20.161  -13.876 0.1428571492
163761  21.691  -17.417  -14.431 0.1428571492
67386  20.936  -22.125  -12.006 0.1428571492
69559  22.813  -20.905  -10.918 0.2857142985
69601  22.245  -20.345  -13.564 0.4285714328
69602  21.784  -20.411  -13.429 0.4285714328
70747  23.857  -19.776  -10.877 0.1428571492
70758  25.290  -19.178  -11.182 0.2857142985
70761  19.362  -19.446  -11.394 0.1428571492
71849  26.648  -18.451  -11.374 0.1428571492
71890  24.662  -18.152  -15.132 0.4285714328
71891  23.775  -18.838  -15.117 0.2857142985
71906  23.547  -18.191  -15.403 0.5714285970
72978  23.167  -17.405  -15.478 0.4285714328
73906  28.434  -16.333  -12.481 0.2857142985
73967  24.837  -16.259  -16.388 0.5714285970
74929  28.314  -15.157  -13.078 0.2857142985
75912  28.690  -14.519  -13.180 0.2857142985
75933  26.108  -14.734  -15.983 0.5714285970
77997  27.906  -11.930  -15.329 0.4285714328
78031  27.168  -12.526  -18.037 0.7142857313
79023  29.968  -11.067  -14.282 0.1428571492
79065  26.591  -11.661  -18.646 0.5714285970
80003  24.479  -10.775  -17.583 0.1428571492
81052  28.898  -10.567  -20.568 0.5714285970
81062  29.166  -10.278  -21.188 0.7142857313
81070  29.404  -9.730  -21.667 0.7142857313
82154  31.645  -7.951  -22.222 0.8571428657
82156  29.872  -8.698  -21.875 0.5714285970
83258  29.268  -8.405  -21.730 0.5714285970
83267  31.608  -8.103  -21.667 0.7142857313
83274  33.126  -7.110  -23.431 0.7142857313
83275  32.380  -7.569  -22.868 0.8571428657
84286  30.536  -6.964  -22.133 0.7142857313
84287  29.832  -7.693  -21.854 0.5714285970
84300  33.838  -6.822  -23.936 0.5714285970
84302  32.330  -6.967  -23.556 0.8571428657
84306  34.291  -6.515  -24.183 0.5714285970
84308  33.322  -6.301  -24.356 0.5714285970
85324  31.665  -5.967  -23.111 0.8571428657
85325  31.112  -6.400  -22.589 0.7142857313
85335  34.483  -6.015  -24.524 0.2857142985
86236  30.319  -5.016  -19.815 0.7142857313
86282  33.904  -5.201  -24.753 0.4285714328
86289  33.103  -5.784  -24.454 0.5714285970
87176  33.194  -3.242  -23.471 0.4285714328
88047  31.576  -2.452  -19.533 0.8571428657
88060  31.869  -2.965  -20.458 0.8571428657
88061  25.235  -2.140  -20.225 0.1428571492
88928  28.547  -1.733  -18.532 0.5714285970
88939  31.554  -1.675  -18.912 0.7142857313
88951  24.934  -1.618  -20.667 0.1428571492
89797  31.472  -0.909  -18.489 0.8571428657
89801  28.145  -0.496  -18.584 0.7142857313
91632  29.636  1.551  -17.617 0.8571428657
91648  31.774  1.294  -18.756 0.8571428657
91669  27.130  1.231  -19.094 0.4285714328
91670  26.501  1.953  -19.263 0.4285714328
91680  32.095  1.633  -20.311 0.8571428657
91724  31.041  0.911  -23.570 0.1428571492
92611  31.678  2.107  -18.708 0.8571428657
92627  26.269  2.763  -19.138 0.2857142985
92640  24.046  3.210  -20.901 0.1428571492
92669  30.587  2.348  -23.209 0.1428571492
93593  25.914  3.201  -19.334 0.4285714328
93620  31.718  3.285  -20.949 0.8571428657
94538  29.563  4.627  -17.378 0.8571428657
94559  31.076  4.328  -17.795 0.8571428657
94579  25.125  4.684  -19.581 0.2857142985
94587  23.128  4.463  -21.074 0.1428571492
95564  30.575  5.736  -17.558 0.8571428657
95606  31.576  6.043  -18.974 0.8571428657
96588  30.673  6.540  -17.599 0.8571428657
97626  31.592  7.265  -18.644 0.7142857313
97628  25.529  7.247  -18.926 0.5714285970
97660  21.366  7.563  -20.738 0.1428571492
98637  31.307  8.829  -18.467 0.5714285970
98650  31.773  8.262  -19.648 0.2857142985
99672  28.597  9.206  -17.667 0.5714285970
99673  27.720  9.177  -17.740 0.7142857313
99680  31.317  9.674  -18.684 0.1428571492
99691  26.140  9.853  -19.271 0.5714285970
100668  23.190  10.757  -21.270 0.4285714328
101492  30.857  11.495  -18.689 0.1428571492
101494  28.920  11.539  -18.418 0.5714285970
102317  29.482  12.857  -18.782 0.4285714328
102333  27.293  12.267  -19.528 0.2857142985
102356  23.390  12.038  -22.384 0.1428571492
102368  22.338  12.655  -22.822 0.1428571492
103156  31.076  13.924  -20.195 0.1428571492
103181  21.753  13.245  -23.077 0.1428571492
103939  28.670  14.579  -20.083 0.2857142985
103965  21.605  13.744  -22.949 0.1428571492
104740  31.731  15.537  -23.138 0.1428571492
104754  22.311  15.529  -25.021 0.1428571492
104758  22.797  16.597  -25.215 0.1428571492
105488  29.480  16.598  -21.887 0.1428571492
105519  22.732  17.982  -24.965 0.1428571492
105525  23.181  17.466  -25.572 0.1428571492
106267  23.067  18.520  -25.251 0.1428571492
106274  23.091  18.253  -25.488 0.1428571492
107030  23.538  18.755  -25.246 0.1428571492
139118  31.568  5.213  -20.918 0.4285714328
143299  23.388  7.452  -20.695 0.4285714328
143587  28.338  5.211  -17.550 0.7142857313
144202  31.613  1.855  -22.129 0.5714285970
146626  28.948  12.363  -18.533 0.4285714328
147146  29.699  -15.740  -12.381 0.2857142985
147263  30.639  13.581  -19.619 0.1428571492
147471  31.580  11.050  -19.480 0.1428571492
147954  31.634  7.041  -19.732 0.5714285970
148032  30.320  7.802  -17.433 0.7142857313
150142  28.020  2.843  -17.724 0.7142857313
152212  22.221  -19.748  -14.136 0.2857142985
152605  31.218  -0.091  -18.165 0.8571428657
153070  27.384  4.073  -17.997 0.5714285970
156656  32.603  -1.239  -21.851 0.8571428657
160521  31.925  0.608  -22.464 0.4285714328
160561  24.001  5.023  -20.181 0.4285714328
160647  23.297  -21.220  -10.374 0.1428571492
163748  27.092  9.080  -18.079 0.4285714328
163873  24.083  17.170  -25.609 0.1428571492
164038  31.852  -7.736  -22.704 0.7142857313
164180  25.397  8.725  -19.435 0.4285714328
164281  29.102  -13.961  -13.193 0.2857142985
164536  28.531  2.565  -17.570 0.5714285970
164671  23.977  12.472  -22.500 0.1428571492
