#!ascii label  , from subject sub-v2s18x29516_ses-1 vox2ras=TkReg
1358
83775  -44.329  13.310  49.204 0.0000000000
96232  -38.726  34.960  42.435 0.0000000000
87536  -39.905  19.684  45.210 0.0000000000
87633  -47.156  19.074  35.217 0.0000000000
107022  -43.531  32.090  42.205 0.0000000000
107080  -41.913  24.756  39.521 0.0000000000
90714  -44.988  24.204  35.399 0.0000000000
86993  -40.571  18.207  32.661 0.0000000000
77346  -49.552  4.736  56.121 0.0000000000
83013  -48.418  12.756  55.246 0.0000000000
109000  -31.110  36.026  37.176 0.0000000000
96810  -38.538  35.198  37.554 0.0000000000
96283  -45.359  34.509  36.559 0.0000000000
86869  -46.406  18.798  49.384 0.0000000000
110752  -37.840  27.254  44.553 0.0000000000
121285  -45.276  21.350  42.886 0.0000000000
86928  -47.093  18.475  41.654 0.0000000000
85091  -43.341  15.665  34.616 0.0000000000
83205  -40.455  12.440  34.344 0.0000000000
83794  -42.926  13.522  46.519 0.0000000000
94802  -46.134  31.535  40.579 0.0000000000
92578  -47.510  27.333  39.710 0.0000000000
91964  -45.305  26.582  37.064 0.0000000000
114399  -42.014  23.402  34.802 0.0000000000
80304  -48.802  8.692  55.364 0.0000000000
81686  -46.332  10.388  54.118 0.0000000000
97349  -26.778  37.063  37.869 0.0000000000
96829  -41.570  35.584  36.570 0.0000000000
85563  -43.652  16.441  49.778 0.0000000000
87508  -43.339  19.562  47.365 0.0000000000
95752  -34.170  33.931  42.684 0.0000000000
114033  -38.340  30.586  42.805 0.0000000000
122719  -42.873  20.943  37.632 0.0000000000
88772  -41.914  21.167  40.540 0.0000000000
87587  -46.638  19.882  38.924 0.0000000000
88172  -48.510  20.321  42.222 0.0000000000
117282  -49.259  18.034  36.630 0.0000000000
107773  -45.337  17.445  37.709 0.0000000000
85686  -46.800  16.590  33.247 0.0000000000
85097  -40.977  15.409  34.054 0.0000000000
95741  -42.250  34.254  44.078 0.0000000000
93760  -41.362  30.633  44.127 0.0000000000
93187  -44.496  28.622  41.778 0.0000000000
107286  -45.280  24.677  37.530 0.0000000000
88238  -44.130  20.216  34.626 0.0000000000
87005  -44.181  18.218  31.591 0.0000000000
88243  -41.928  20.356  34.235 0.0000000000
88235  -40.389  20.265  35.043 0.0000000000
79641  -50.738  7.439  54.074 0.0000000000
81711  -49.501  10.203  53.464 0.0000000000
83054  -46.754  12.832  52.175 0.0000000000
123515  -26.514  34.007  40.633 0.0000000000
109850  -31.139  33.558  39.970 0.0000000000
121132  -34.343  35.702  42.173 0.0000000000
97328  -38.240  37.491  42.274 0.0000000000
96770  -40.980  36.192  40.733 0.0000000000
96256  -44.651  34.470  38.703 0.0000000000
95310  -45.261  32.877  38.672 0.0000000000
94838  -46.427  32.438  35.771 0.0000000000
83747  -44.384  14.153  53.277 0.0000000000
85547  -46.623  16.290  51.980 0.0000000000
85577  -46.153  16.421  49.027 0.0000000000
125882  -38.738  23.660  44.538 0.0000000000
91914  -39.943  26.560  41.391 0.0000000000
90035  -41.353  24.022  43.083 0.0000000000
118638  -42.746  22.833  45.066 0.0000000000
89364  -46.628  22.474  45.953 0.0000000000
109321  -47.658  19.271  45.474 0.0000000000
85596  -44.511  16.446  46.288 0.0000000000
86268  -43.725  17.249  42.153 0.0000000000
85655  -42.423  16.336  38.662 0.0000000000
83852  -41.561  13.309  36.182 0.0000000000
84521  -43.815  15.010  31.769 0.0000000000
83216  -43.132  12.254  32.623 0.0000000000
82512  -42.585  10.555  34.570 0.0000000000
82388  -45.695  11.874  50.627 0.0000000000
82394  -44.628  11.808  49.216 0.0000000000
83787  -43.633  13.020  48.229 0.0000000000
94314  -44.763  30.664  39.886 0.0000000000
123453  -45.475  28.931  39.816 0.0000000000
112645  -44.511  27.918  38.624 0.0000000000
91963  -43.132  26.552  36.750 0.0000000000
88132  -41.961  19.857  46.063 0.0000000000
96230  -36.293  34.562  42.233 0.0000000000
112610  -45.477  19.373  36.542 0.0000000000
87595  -44.712  19.628  38.259 0.0000000000
87621  -47.450  19.338  36.215 0.0000000000
87610  -49.204  19.371  37.898 0.0000000000
86980  -49.278  18.406  35.278 0.0000000000
86333  -48.988  17.533  34.761 0.0000000000
86999  -48.257  17.938  33.200 0.0000000000
118205  -42.757  32.703  43.030 0.0000000000
95269  -43.168  32.268  44.433 0.0000000000
93780  -45.220  29.821  42.697 0.0000000000
91327  -47.278  25.846  37.088 0.0000000000
91307  -47.111  25.761  38.455 0.0000000000
90695  -45.599  24.581  36.517 0.0000000000
90079  -44.380  23.177  35.707 0.0000000000
89438  -44.142  22.726  34.846 0.0000000000
119895  -43.760  20.397  34.136 0.0000000000
89443  -43.840  22.890  34.631 0.0000000000
119798  -40.816  22.152  35.440 0.0000000000
81663  -48.721  10.903  55.411 0.0000000000
80976  -49.792  9.617  54.965 0.0000000000
82351  -48.912  12.077  54.443 0.0000000000
82368  -48.128  12.193  53.099 0.0000000000
83044  -48.042  13.221  53.506 0.0000000000
96817  -28.866  36.142  37.048 0.0000000000
96260  -28.385  34.677  38.360 0.0000000000
96262  -30.882  34.369  38.407 0.0000000000
96240  -32.669  34.350  40.882 0.0000000000
96265  -33.040  35.185  39.132 0.0000000000
96808  -36.753  35.053  38.063 0.0000000000
96777  -36.466  35.673  39.851 0.0000000000
96779  -38.306  35.614  39.407 0.0000000000
97340  -40.357  37.003  41.558 0.0000000000
106930  -40.716  36.167  39.596 0.0000000000
96831  -43.528  35.550  36.790 0.0000000000
126171  -43.230  36.062  38.501 0.0000000000
96799  -44.584  35.185  37.612 0.0000000000
95783  -45.190  33.878  38.582 0.0000000000
96275  -45.798  34.122  37.424 0.0000000000
95324  -46.165  32.985  36.909 0.0000000000
95790  -46.175  33.607  36.198 0.0000000000
116739  -40.291  13.595  50.497 0.0000000000
83040  -40.964  12.310  52.138 0.0000000000
83744  -41.940  13.116  52.240 0.0000000000
126906  -43.529  12.565  53.446 0.0000000000
84383  -43.232  14.064  52.153 0.0000000000
86207  -44.818  17.899  49.460 0.0000000000
86192  -45.386  17.150  50.829 0.0000000000
86194  -46.642  17.432  50.565 0.0000000000
84986  -46.733  16.717  50.779 0.0000000000
86208  -47.004  18.147  49.283 0.0000000000
112798  -36.987  26.824  44.548 0.0000000000
107851  -37.396  24.676  44.633 0.0000000000
112230  -39.026  25.405  44.508 0.0000000000
93193  -41.649  27.888  40.814 0.0000000000
93184  -40.338  28.552  42.066 0.0000000000
91922  -41.122  26.211  40.289 0.0000000000
88177  -43.173  20.938  41.613 0.0000000000
89395  -41.082  22.463  41.577 0.0000000000
89390  -43.144  22.384  43.242 0.0000000000
90027  -42.174  23.711  44.252 0.0000000000
89381  -44.442  22.651  44.161 0.0000000000
89362  -45.042  22.973  45.725 0.0000000000
89383  -46.339  22.303  44.332 0.0000000000
86921  -48.630  19.477  41.811 0.0000000000
87552  -48.157  19.822  43.731 0.0000000000
86914  -46.902  18.612  43.974 0.0000000000
86242  -45.975  17.860  45.624 0.0000000000
86913  -45.934  18.005  43.951 0.0000000000
110358  -44.405  17.080  44.384 0.0000000000
86270  -45.319  17.987  41.368 0.0000000000
86318  -44.676  17.044  36.425 0.0000000000
86295  -43.799  17.303  38.753 0.0000000000
85668  -42.740  16.167  36.737 0.0000000000
85076  -41.837  15.542  37.524 0.0000000000
85082  -41.984  14.720  35.786 0.0000000000
108553  -42.114  17.946  31.751 0.0000000000
85710  -43.718  16.503  31.074 0.0000000000
108364  -42.139  16.864  31.685 0.0000000000
83857  -40.368  13.639  34.476 0.0000000000
83870  -41.920  12.835  32.819 0.0000000000
83214  -41.791  12.106  33.125 0.0000000000
83208  -42.936  11.695  33.173 0.0000000000
82517  -41.664  11.104  33.851 0.0000000000
81828  -42.459  10.101  34.794 0.0000000000
81725  -48.346  10.203  51.030 0.0000000000
84443  -42.441  14.386  44.770 0.0000000000
95297  -45.940  31.997  41.046 0.0000000000
93793  -46.577  29.669  41.823 0.0000000000
93195  -47.437  28.680  40.830 0.0000000000
92594  -47.560  26.900  38.242 0.0000000000
91337  -45.886  25.204  35.746 0.0000000000
90085  -43.751  23.573  34.846 0.0000000000
91335  -43.558  25.404  35.656 0.0000000000
79611  -49.405  6.924  55.835 0.0000000000
79624  -47.782  7.284  54.701 0.0000000000
82337  -46.906  12.011  55.086 0.0000000000
97826  -28.914  37.232  35.992 0.0000000000
96812  -40.501  35.602  37.737 0.0000000000
96293  -43.377  35.033  35.239 0.0000000000
96306  -44.496  34.205  34.777 0.0000000000
84975  -43.180  15.620  50.073 0.0000000000
86867  -44.099  18.301  48.659 0.0000000000
86881  -44.875  19.070  48.511 0.0000000000
93163  -38.267  28.696  44.168 0.0000000000
90064  -42.370  23.317  38.687 0.0000000000
90058  -41.370  23.312  39.500 0.0000000000
88213  -42.561  20.478  38.893 0.0000000000
107043  -44.112  19.950  39.946 0.0000000000
88191  -45.852  20.387  40.651 0.0000000000
88170  -47.164  20.783  42.214 0.0000000000
88193  -48.421  20.419  40.204 0.0000000000
86952  -49.279  19.432  39.566 0.0000000000
86950  -48.374  18.382  39.507 0.0000000000
86278  -46.488  18.150  39.970 0.0000000000
128857  -47.457  17.655  37.703 0.0000000000
125350  -46.107  17.039  35.082 0.0000000000
85685  -44.879  16.276  33.585 0.0000000000
85692  -40.821  17.228  32.887 0.0000000000
88154  -37.828  20.543  44.458 0.0000000000
96221  -40.224  35.402  43.326 0.0000000000
109613  -40.199  32.726  42.930 0.0000000000
95267  -42.341  32.904  44.398 0.0000000000
93790  -42.681  29.488  42.062 0.0000000000
91923  -43.726  27.008  40.476 0.0000000000
92554  -46.779  27.870  41.413 0.0000000000
91941  -45.629  26.190  39.639 0.0000000000
90678  -43.570  24.956  38.904 0.0000000000
89423  -43.060  22.285  37.391 0.0000000000
88229  -43.435  20.705  36.658 0.0000000000
87631  -44.839  19.380  34.689 0.0000000000
86997  -46.523  18.403  32.215 0.0000000000
87643  -44.257  19.534  33.476 0.0000000000
87653  -42.936  19.207  32.962 0.0000000000
87652  -41.137  18.951  33.174 0.0000000000
89436  -42.304  22.666  34.547 0.0000000000
88236  -41.273  20.844  34.740 0.0000000000
80297  -50.243  7.693  55.321 0.0000000000
80993  -50.443  8.648  54.009 0.0000000000
81721  -49.292  9.932  52.363 0.0000000000
81720  -48.568  10.372  52.011 0.0000000000
82379  -46.863  11.963  51.820 0.0000000000
83067  -45.585  12.841  50.965 0.0000000000
95288  -28.454  33.083  42.297 0.0000000000
95771  -28.360  33.477  39.760 0.0000000000
95748  -30.469  34.028  43.070 0.0000000000
96215  -31.706  34.450  42.930 0.0000000000
96217  -34.235  35.410  43.275 0.0000000000
96742  -36.384  36.653  43.504 0.0000000000
96807  -33.197  35.614  37.188 0.0000000000
122033  -35.028  35.810  40.086 0.0000000000
112953  -36.339  37.170  42.693 0.0000000000
97306  -38.923  37.080  43.723 0.0000000000
115217  -40.774  37.025  43.969 0.0000000000
108058  -41.221  35.234  42.500 0.0000000000
95765  -42.229  33.553  40.844 0.0000000000
96796  -42.375  36.268  39.157 0.0000000000
96254  -43.064  35.306  39.196 0.0000000000
95766  -43.432  33.421  40.327 0.0000000000
95302  -45.704  32.566  40.110 0.0000000000
94807  -45.628  31.578  39.924 0.0000000000
95309  -44.828  32.487  38.462 0.0000000000
110043  -44.751  32.321  36.626 0.0000000000
106496  -45.848  33.043  34.586 0.0000000000
116729  -45.192  12.490  54.211 0.0000000000
83019  -46.296  13.799  54.714 0.0000000000
84976  -43.844  15.708  51.038 0.0000000000
84386  -45.919  15.471  53.276 0.0000000000
84377  -47.138  14.965  53.975 0.0000000000
84398  -46.825  14.885  52.293 0.0000000000
84408  -45.907  14.866  50.790 0.0000000000
84419  -44.691  14.501  49.296 0.0000000000
88739  -39.151  21.493  44.305 0.0000000000
94289  -39.288  30.740  43.512 0.0000000000
93758  -39.489  29.304  44.134 0.0000000000
92538  -39.332  27.533  44.016 0.0000000000
122137  -40.433  23.486  40.779 0.0000000000
118459  -40.135  25.025  42.307 0.0000000000
91277  -40.049  25.481  43.903 0.0000000000
90025  -40.569  24.229  44.432 0.0000000000
88741  -41.100  22.343  44.606 0.0000000000
88158  -41.518  21.464  44.841 0.0000000000
88134  -43.541  20.816  46.342 0.0000000000
88135  -45.030  21.232  46.948 0.0000000000
88122  -46.823  20.553  47.574 0.0000000000
126014  -47.623  21.421  44.003 0.0000000000
87538  -47.881  20.194  45.755 0.0000000000
86871  -47.254  19.091  47.968 0.0000000000
111017  -46.804  17.944  47.534 0.0000000000
85592  -45.581  16.383  48.029 0.0000000000
85002  -44.287  15.196  48.014 0.0000000000
85595  -43.665  15.701  46.153 0.0000000000
85028  -42.971  15.605  44.798 0.0000000000
85619  -42.474  16.291  42.410 0.0000000000
107901  -44.273  17.480  40.167 0.0000000000
85640  -43.434  17.142  40.561 0.0000000000
85051  -41.825  15.878  40.834 0.0000000000
125124  -41.420  15.068  39.478 0.0000000000
83839  -41.290  13.426  38.663 0.0000000000
86361  -45.887  17.296  31.129 0.0000000000
85110  -44.899  15.923  31.623 0.0000000000
116055  -44.163  14.870  32.192 0.0000000000
128763  -42.308  14.600  32.491 0.0000000000
83877  -43.311  13.297  32.049 0.0000000000
84501  -43.485  13.532  33.240 0.0000000000
113823  -42.837  13.057  34.037 0.0000000000
83197  -42.465  12.301  34.874 0.0000000000
83078  -45.004  12.249  50.053 0.0000000000
82395  -45.358  11.470  49.705 0.0000000000
83077  -44.506  12.505  49.457 0.0000000000
83084  -44.049  12.277  48.663 0.0000000000
83788  -43.967  13.977  48.548 0.0000000000
93801  -43.794  29.940  39.696 0.0000000000
93202  -44.240  29.153  39.534 0.0000000000
93220  -43.707  28.519  38.954 0.0000000000
87522  -40.695  19.130  46.205 0.0000000000
87537  -41.156  19.789  45.642 0.0000000000
96231  -37.416  34.744  42.165 0.0000000000
95755  -37.012  33.756  41.633 0.0000000000
95756  -38.176  33.824  41.783 0.0000000000
87620  -46.183  19.257  35.959 0.0000000000
117509  -46.438  19.414  36.869 0.0000000000
87622  -48.637  19.363  36.462 0.0000000000
87647  -48.113  18.717  34.479 0.0000000000
86988  -48.812  18.241  33.909 0.0000000000
86987  -47.859  18.398  33.502 0.0000000000
95285  -43.411  32.129  43.815 0.0000000000
94786  -44.703  30.763  42.817 0.0000000000
91338  -46.358  25.374  36.303 0.0000000000
108345  -46.365  25.156  36.330 0.0000000000
90705  -45.494  24.533  35.730 0.0000000000
90080  -44.913  23.896  35.470 0.0000000000
89432  -44.439  23.434  35.207 0.0000000000
88814  -43.857  22.134  34.497 0.0000000000
90086  -44.308  23.458  35.023 0.0000000000
78161  -50.145  5.176  55.495 0.0000000000
82330  -48.421  11.765  55.399 0.0000000000
81672  -48.904  11.379  55.253 0.0000000000
83032  -48.655  12.922  54.777 0.0000000000
82350  -48.651  12.785  53.986 0.0000000000
83031  -48.258  13.654  54.400 0.0000000000
96818  -29.662  36.107  36.833 0.0000000000
96270  -29.798  34.881  37.673 0.0000000000
96271  -30.807  35.083  37.757 0.0000000000
96263  -31.628  34.827  38.358 0.0000000000
96788  -32.365  35.500  38.136 0.0000000000
96825  -37.941  34.944  37.027 0.0000000000
96273  -37.237  34.785  37.075 0.0000000000
96809  -37.725  35.030  37.807 0.0000000000
96793  -37.541  35.304  38.720 0.0000000000
96794  -38.378  35.314  38.466 0.0000000000
97344  -39.060  36.089  40.034 0.0000000000
96780  -39.393  35.645  39.102 0.0000000000
96832  -44.520  35.161  36.868 0.0000000000
96814  -43.972  35.601  37.466 0.0000000000
96274  -45.251  34.659  37.203 0.0000000000
96267  -45.160  34.604  37.756 0.0000000000
96284  -45.905  34.151  36.903 0.0000000000
115097  -46.154  33.520  36.906 0.0000000000
83774  -40.300  14.034  49.728 0.0000000000
84403  -40.981  14.131  50.106 0.0000000000
83755  -41.571  13.466  51.586 0.0000000000
84394  -42.018  14.015  51.164 0.0000000000
83756  -42.388  13.706  51.839 0.0000000000
86868  -45.563  18.650  49.384 0.0000000000
86859  -45.877  18.250  50.052 0.0000000000
86860  -46.490  18.302  49.921 0.0000000000
86200  -46.929  17.934  50.087 0.0000000000
86861  -46.801  18.287  49.590 0.0000000000
92537  -37.533  28.092  44.255 0.0000000000
114478  -37.082  27.453  44.386 0.0000000000
91892  -37.617  26.361  44.609 0.0000000000
111698  -38.862  26.110  44.490 0.0000000000
129164  -42.476  26.440  40.109 0.0000000000
92561  -41.499  27.058  40.496 0.0000000000
91303  -41.624  25.512  39.844 0.0000000000
88169  -44.032  20.964  42.072 0.0000000000
88756  -42.599  21.717  42.355 0.0000000000
88757  -43.515  21.534  42.571 0.0000000000
88747  -43.984  22.114  43.400 0.0000000000
88748  -44.878  21.886  43.514 0.0000000000
89382  -45.385  22.478  44.246 0.0000000000
88749  -45.985  21.665  43.516 0.0000000000
124416  -47.947  18.860  42.013 0.0000000000
86920  -48.194  19.339  42.583 0.0000000000
86919  -47.038  18.641  42.606 0.0000000000
120908  -46.330  18.328  43.242 0.0000000000
86918  -45.957  18.189  42.600 0.0000000000
86253  -45.299  17.886  43.113 0.0000000000
86927  -46.093  18.256  41.944 0.0000000000
118427  -43.737  16.277  35.230 0.0000000000
85669  -43.654  16.544  36.362 0.0000000000
85676  -42.983  15.921  35.758 0.0000000000
85083  -42.270  15.492  36.241 0.0000000000
85090  -42.607  15.191  35.192 0.0000000000
87003  -41.237  17.994  32.130 0.0000000000
86353  -41.694  17.497  31.885 0.0000000000
86352  -40.923  17.744  32.377 0.0000000000
83863  -40.920  12.763  33.826 0.0000000000
83206  -41.240  11.944  33.765 0.0000000000
83207  -42.193  11.628  33.203 0.0000000000
82516  -40.599  11.782  34.412 0.0000000000
82510  -40.982  10.919  34.638 0.0000000000
82509  -39.877  11.654  35.036 0.0000000000
109798  -43.111  12.799  46.856 0.0000000000
116779  -42.710  14.175  45.694 0.0000000000
94803  -46.229  31.389  40.955 0.0000000000
94304  -46.884  29.594  41.223 0.0000000000
93796  -46.373  29.952  40.693 0.0000000000
92593  -46.211  27.605  38.623 0.0000000000
93203  -46.653  28.256  39.569 0.0000000000
92610  -46.454  26.797  37.702 0.0000000000
109985  -46.648  26.185  36.852 0.0000000000
91974  -45.501  25.838  36.139 0.0000000000
91336  -44.903  25.249  35.580 0.0000000000
91973  -44.030  25.921  36.087 0.0000000000
91972  -42.764  26.032  36.147 0.0000000000
81671  -47.724  10.598  55.134 0.0000000000
81670  -46.975  10.997  54.743 0.0000000000
97825  -28.165  37.519  36.296 0.0000000000
96854  -42.484  35.166  34.930 0.0000000000
96304  -43.048  34.773  34.476 0.0000000000
96317  -42.870  34.449  33.827 0.0000000000
87507  -42.717  18.993  47.560 0.0000000000
86879  -42.973  18.422  48.060 0.0000000000
86880  -43.704  18.977  48.002 0.0000000000
117408  -44.352  19.613  47.769 0.0000000000
116623  -33.847  33.206  42.307 0.0000000000
122326  -37.997  29.978  43.040 0.0000000000
88792  -42.619  21.650  37.906 0.0000000000
88787  -42.062  21.762  38.636 0.0000000000
126710  -42.796  20.547  38.189 0.0000000000
87596  -45.669  19.662  38.393 0.0000000000
87585  -44.208  19.799  39.060 0.0000000000
87586  -45.419  19.827  39.061 0.0000000000
88203  -45.068  20.001  39.861 0.0000000000
88204  -46.265  20.189  39.754 0.0000000000
88192  -47.233  20.479  40.427 0.0000000000
88205  -47.470  20.274  39.619 0.0000000000
87624  -49.441  19.026  37.103 0.0000000000
87600  -49.264  19.433  38.853 0.0000000000
86966  -49.301  18.617  38.110 0.0000000000
86951  -49.134  18.859  39.546 0.0000000000
86958  -48.955  18.405  38.653 0.0000000000
86298  -48.232  17.887  38.119 0.0000000000
86309  -48.307  17.716  37.295 0.0000000000
85687  -47.825  16.974  33.436 0.0000000000
86332  -47.012  17.265  35.431 0.0000000000
86341  -47.006  16.895  34.276 0.0000000000
86331  -45.750  16.611  34.248 0.0000000000
107333  -45.801  16.363  33.116 0.0000000000
95740  -41.838  34.793  43.801 0.0000000000
117498  -41.123  33.733  43.505 0.0000000000
95282  -42.221  33.905  44.227 0.0000000000
93779  -44.400  30.016  43.099 0.0000000000
93778  -43.386  30.103  43.084 0.0000000000
93791  -43.886  29.418  42.334 0.0000000000
93186  -43.178  28.750  41.524 0.0000000000
92563  -43.756  27.854  41.073 0.0000000000
93190  -47.470  28.554  41.128 0.0000000000
93189  -46.987  28.580  41.749 0.0000000000
92555  -47.514  27.973  41.080 0.0000000000
91316  -46.188  25.252  38.026 0.0000000000
91306  -45.994  25.610  38.896 0.0000000000
91315  -44.826  25.080  38.459 0.0000000000
91305  -44.417  25.601  39.247 0.0000000000
90686  -44.050  24.400  38.161 0.0000000000
107701  -43.435  23.608  37.993 0.0000000000
90072  -43.790  23.115  36.906 0.0000000000
88800  -43.710  21.517  35.746 0.0000000000
88237  -43.864  20.607  35.350 0.0000000000
87630  -44.347  19.760  35.576 0.0000000000
87644  -44.895  19.297  33.734 0.0000000000
88245  -44.276  19.898  33.989 0.0000000000
88244  -43.090  20.672  34.114 0.0000000000
88248  -43.531  19.843  33.618 0.0000000000
87642  -42.319  19.647  33.622 0.0000000000
110200  -42.025  18.946  32.913 0.0000000000
90084  -42.730  23.861  34.928 0.0000000000
89437  -43.027  23.168  34.542 0.0000000000
88806  -40.537  21.240  35.445 0.0000000000
80295  -49.432  8.058  55.536 0.0000000000
79612  -49.981  7.509  55.674 0.0000000000
80296  -49.976  8.614  55.286 0.0000000000
81688  -49.535  10.422  54.515 0.0000000000
80977  -50.205  8.930  54.690 0.0000000000
80992  -50.034  9.433  54.008 0.0000000000
81011  -49.870  9.337  52.802 0.0000000000
81710  -48.901  10.752  53.017 0.0000000000
83055  -47.452  12.549  52.620 0.0000000000
82380  -47.554  11.586  52.212 0.0000000000
83068  -46.222  12.328  51.403 0.0000000000
83053  -46.265  13.054  51.715 0.0000000000
96226  -25.982  34.380  40.970 0.0000000000
95744  -25.674  34.105  41.725 0.0000000000
95745  -26.438  33.635  41.377 0.0000000000
95274  -27.738  32.906  42.317 0.0000000000
95761  -27.030  33.520  40.668 0.0000000000
115431  -26.622  36.889  38.742 0.0000000000
96785  -26.775  36.026  38.911 0.0000000000
95780  -29.646  33.738  38.932 0.0000000000
95779  -28.749  33.906  38.920 0.0000000000
95773  -29.995  33.244  40.047 0.0000000000
109966  -29.665  33.191  41.308 0.0000000000
95762  -30.521  33.505  41.590 0.0000000000
95734  -31.121  34.138  43.292 0.0000000000
95763  -31.392  33.701  41.188 0.0000000000
96763  -33.837  35.357  41.824 0.0000000000
96228  -33.171  35.081  42.711 0.0000000000
96756  -33.952  35.543  42.982 0.0000000000
122145  -35.233  35.829  43.488 0.0000000000
97303  -35.389  36.330  43.320 0.0000000000
96790  -34.410  35.537  38.647 0.0000000000
96776  -35.097  35.629  39.257 0.0000000000
97337  -37.580  37.000  41.519 0.0000000000
96766  -36.083  36.298  40.793 0.0000000000
97327  -37.175  37.446  42.679 0.0000000000
97805  -37.317  37.421  43.297 0.0000000000
97806  -38.039  37.535  43.124 0.0000000000
97320  -40.202  37.088  44.031 0.0000000000
97808  -39.668  37.599  42.851 0.0000000000
96781  -40.761  36.440  40.660 0.0000000000
96769  -40.586  36.608  41.918 0.0000000000
96243  -41.056  35.317  40.986 0.0000000000
95764  -41.429  34.191  41.849 0.0000000000
96244  -41.930  34.683  40.159 0.0000000000
96828  -40.675  35.538  36.718 0.0000000000
96813  -42.297  36.180  38.262 0.0000000000
96255  -43.942  35.132  38.690 0.0000000000
96783  -43.430  35.742  38.716 0.0000000000
95775  -43.992  34.308  39.409 0.0000000000
95774  -42.823  34.142  39.806 0.0000000000
95301  -45.268  32.601  40.516 0.0000000000
95776  -44.851  33.728  39.246 0.0000000000
95784  -45.372  33.359  38.401 0.0000000000
95304  -45.348  32.823  39.401 0.0000000000
94814  -45.226  32.272  39.277 0.0000000000
95333  -46.269  32.528  36.189 0.0000000000
95323  -45.634  32.577  36.852 0.0000000000
95332  -45.717  32.148  36.081 0.0000000000
94837  -46.301  31.990  35.613 0.0000000000
95794  -45.550  33.637  35.177 0.0000000000
81683  -43.689  11.319  53.303 0.0000000000
83736  -43.939  13.295  53.432 0.0000000000
83029  -44.381  12.726  53.793 0.0000000000
83737  -44.843  13.699  53.787 0.0000000000
83030  -45.960  13.037  54.609 0.0000000000
83738  -45.776  14.234  54.241 0.0000000000
85556  -43.977  16.219  50.466 0.0000000000
85552  -46.288  16.758  51.665 0.0000000000
85551  -45.545  16.492  51.852 0.0000000000
84962  -46.390  15.949  52.679 0.0000000000
84376  -46.372  15.004  53.888 0.0000000000
84963  -46.759  15.732  52.603 0.0000000000
84387  -47.073  15.291  53.092 0.0000000000
84970  -46.812  15.831  52.206 0.0000000000
84985  -46.422  16.256  49.997 0.0000000000
84978  -46.496  15.845  50.754 0.0000000000
84420  -45.604  15.156  50.033 0.0000000000
84984  -45.417  15.471  49.190 0.0000000000
90022  -37.946  23.854  44.616 0.0000000000
113312  -38.675  22.154  44.307 0.0000000000
94278  -41.527  31.162  44.259 0.0000000000
94784  -39.872  31.728  43.228 0.0000000000
125554  -40.536  31.053  44.016 0.0000000000
92551  -40.223  27.548  41.510 0.0000000000
93180  -40.036  28.862  43.394 0.0000000000
93179  -39.798  27.956  42.643 0.0000000000
92548  -39.559  27.406  43.256 0.0000000000
91913  -39.726  26.325  41.973 0.0000000000
89409  -41.170  22.366  39.797 0.0000000000
90048  -40.669  23.897  40.155 0.0000000000
89403  -40.916  22.252  40.708 0.0000000000
89388  -41.525  23.030  42.530 0.0000000000
89387  -40.775  23.333  41.995 0.0000000000
90034  -40.533  24.296  42.387 0.0000000000
91280  -40.199  25.470  43.192 0.0000000000
90653  -41.005  24.569  43.506 0.0000000000
90644  -40.345  24.877  44.177 0.0000000000
90030  -41.662  24.241  43.962 0.0000000000
89373  -42.739  23.343  44.624 0.0000000000
89372  -41.977  23.279  44.649 0.0000000000
121612  -41.984  22.460  44.917 0.0000000000
88731  -42.369  21.780  45.236 0.0000000000
88148  -42.886  21.163  45.653 0.0000000000
121248  -43.048  22.076  45.448 0.0000000000
89350  -45.765  22.841  46.152 0.0000000000
88722  -45.170  22.299  46.480 0.0000000000
88136  -45.755  21.577  46.955 0.0000000000
88121  -45.906  20.669  47.487 0.0000000000
88712  -46.528  21.341  47.129 0.0000000000
106893  -48.066  20.637  41.784 0.0000000000
88751  -47.753  21.136  43.304 0.0000000000
113666  -48.189  20.632  42.928 0.0000000000
87547  -47.998  19.943  44.652 0.0000000000
86906  -47.697  19.463  46.339 0.0000000000
87526  -47.661  19.930  46.773 0.0000000000
86896  -47.563  19.201  47.080 0.0000000000
86895  -47.272  18.623  47.368 0.0000000000
86239  -46.795  18.271  46.584 0.0000000000
86241  -45.204  17.174  45.982 0.0000000000
86238  -45.982  17.606  46.693 0.0000000000
109824  -44.944  16.465  47.209 0.0000000000
85015  -44.628  15.778  47.659 0.0000000000
85019  -44.090  15.792  46.923 0.0000000000
85014  -43.802  15.133  47.458 0.0000000000
86257  -43.889  17.203  42.967 0.0000000000
85612  -43.816  16.616  44.239 0.0000000000
85611  -43.490  16.668  43.472 0.0000000000
85610  -42.796  16.240  43.209 0.0000000000
85620  -43.179  16.772  42.644 0.0000000000
86297  -45.719  17.623  38.346 0.0000000000
121377  -45.266  17.846  39.835 0.0000000000
108278  -45.072  17.647  38.964 0.0000000000
116334  -43.082  16.884  38.206 0.0000000000
86286  -43.586  17.205  39.647 0.0000000000
85649  -42.825  16.764  39.932 0.0000000000
85639  -42.596  16.592  40.828 0.0000000000
85648  -42.119  16.174  40.069 0.0000000000
85647  -41.608  15.460  40.100 0.0000000000
85064  -41.880  15.735  39.259 0.0000000000
84489  -41.549  14.256  36.290 0.0000000000
84478  -41.198  14.266  38.257 0.0000000000
84482  -41.292  14.116  37.209 0.0000000000
108290  -41.252  13.531  37.895 0.0000000000
83845  -41.389  13.013  37.126 0.0000000000
86996  -45.467  18.542  32.226 0.0000000000
87007  -46.159  18.182  31.536 0.0000000000
87014  -45.687  17.791  31.196 0.0000000000
85114  -43.623  15.743  31.397 0.0000000000
85116  -44.702  16.439  31.103 0.0000000000
85115  -44.227  15.751  31.408 0.0000000000
125570  -44.645  15.473  32.068 0.0000000000
85109  -44.222  15.184  31.889 0.0000000000
119679  -41.657  14.913  33.130 0.0000000000
83222  -42.885  12.465  32.391 0.0000000000
83876  -42.870  13.006  32.165 0.0000000000
83217  -43.250  12.735  32.321 0.0000000000
84508  -43.545  13.084  32.350 0.0000000000
83864  -43.356  12.446  32.768 0.0000000000
82519  -42.601  11.094  33.833 0.0000000000
83198  -42.786  11.186  34.151 0.0000000000
82511  -42.748  11.024  35.057 0.0000000000
81723  -46.871  10.807  50.481 0.0000000000
82396  -46.134  11.117  50.133 0.0000000000
82401  -45.175  11.162  48.841 0.0000000000
94308  -45.882  30.708  40.442 0.0000000000
93221  -45.011  28.400  39.218 0.0000000000
92609  -44.757  27.225  37.906 0.0000000000
128597  -44.357  26.827  37.329 0.0000000000
113473  -43.492  27.108  37.463 0.0000000000
87506  -41.839  18.894  47.223 0.0000000000
87524  -42.436  19.560  46.827 0.0000000000
95753  -35.141  33.702  42.152 0.0000000000
95754  -36.047  33.700  41.712 0.0000000000
94782  -37.894  31.202  41.962 0.0000000000
111713  -44.592  19.538  36.546 0.0000000000
87606  -44.136  19.663  37.412 0.0000000000
87607  -45.432  19.506  37.487 0.0000000000
87608  -46.630  19.535  37.631 0.0000000000
87597  -47.287  19.709  38.246 0.0000000000
87598  -48.468  19.732  38.281 0.0000000000
87609  -48.825  19.497  37.316 0.0000000000
87623  -49.216  19.206  36.781 0.0000000000
86335  -49.377  18.096  35.730 0.0000000000
86322  -49.109  17.704  35.803 0.0000000000
86334  -49.327  17.803  35.036 0.0000000000
107453  -48.577  17.506  33.781 0.0000000000
85688  -47.981  17.165  33.034 0.0000000000
95742  -42.612  33.838  44.032 0.0000000000
95283  -42.683  33.590  44.167 0.0000000000
95284  -43.008  33.092  44.363 0.0000000000
94281  -43.729  31.299  43.689 0.0000000000
93792  -45.091  29.303  42.470 0.0000000000
91943  -47.709  26.681  38.878 0.0000000000
91926  -47.512  27.017  39.913 0.0000000000
91308  -47.721  26.153  38.219 0.0000000000
90687  -46.468  25.150  37.082 0.0000000000
90065  -44.502  23.990  37.164 0.0000000000
90073  -44.861  23.893  36.122 0.0000000000
89431  -44.219  22.507  35.196 0.0000000000
88808  -44.085  21.810  34.806 0.0000000000
108934  -43.666  21.106  34.553 0.0000000000
88813  -43.278  21.703  34.307 0.0000000000
89435  -41.351  22.798  35.061 0.0000000000
78925  -50.739  6.641  54.154 0.0000000000
80968  -48.934  9.555  55.434 0.0000000000
80969  -49.417  9.606  55.304 0.0000000000
81673  -49.223  10.534  55.195 0.0000000000
82352  -49.171  11.349  54.890 0.0000000000
81687  -49.186  11.146  54.018 0.0000000000
82369  -48.686  11.727  53.553 0.0000000000
83043  -47.377  13.540  52.946 0.0000000000
96236  -25.838  35.185  40.760 0.0000000000
97351  -28.082  36.329  37.285 0.0000000000
96801  -27.625  35.902  37.849 0.0000000000
96802  -28.431  35.503  37.671 0.0000000000
96261  -30.168  34.314  38.271 0.0000000000
95781  -30.544  33.760  39.018 0.0000000000
96239  -31.978  33.959  40.377 0.0000000000
96250  -31.847  34.246  39.243 0.0000000000
96252  -33.272  34.784  40.095 0.0000000000
120940  -33.907  35.204  40.489 0.0000000000
96272  -36.356  34.739  37.113 0.0000000000
96792  -35.937  35.359  38.925 0.0000000000
111370  -36.797  35.391  39.018 0.0000000000
96778  -37.370  35.668  39.687 0.0000000000
96768  -38.143  36.339  40.452 0.0000000000
97329  -39.282  37.496  41.936 0.0000000000
97338  -39.264  36.919  40.864 0.0000000000
97345  -40.106  36.603  40.443 0.0000000000
96830  -42.528  35.615  36.629 0.0000000000
107321  -42.182  35.807  37.348 0.0000000000
124520  -43.116  36.044  37.758 0.0000000000
96798  -43.884  35.679  38.136 0.0000000000
96266  -44.603  35.024  38.166 0.0000000000
123966  -45.061  34.428  38.206 0.0000000000
96268  -45.543  34.025  37.989 0.0000000000
95785  -45.799  33.525  37.524 0.0000000000
106837  -45.454  32.936  37.793 0.0000000000
95325  -46.444  32.938  36.326 0.0000000000
84415  -39.826  14.307  49.033 0.0000000000
83773  -39.572  13.724  49.776 0.0000000000
83065  -39.962  13.015  51.135 0.0000000000
83754  -40.765  13.266  51.339 0.0000000000
82347  -43.534  12.030  53.540 0.0000000000
83028  -43.147  12.939  53.088 0.0000000000
83746  -43.569  13.709  52.882 0.0000000000
84384  -44.006  14.539  52.610 0.0000000000
86197  -44.209  17.169  49.621 0.0000000000
85564  -44.535  16.849  50.337 0.0000000000
86198  -45.379  17.596  50.271 0.0000000000
86193  -46.215  17.512  50.888 0.0000000000
86189  -46.489  17.137  51.131 0.0000000000
84979  -46.655  16.428  51.362 0.0000000000
85558  -46.749  17.022  50.935 0.0000000000
85565  -46.805  17.267  50.348 0.0000000000
85578  -46.852  17.468  49.474 0.0000000000
91268  -36.680  26.004  44.624 0.0000000000
90642  -38.186  25.092  44.607 0.0000000000
90023  -38.771  24.490  44.580 0.0000000000
125302  -41.780  29.454  42.016 0.0000000000
93776  -40.696  29.804  43.856 0.0000000000
92552  -40.909  28.297  41.244 0.0000000000
92560  -40.543  26.861  40.739 0.0000000000
91921  -40.244  25.987  40.766 0.0000000000
88176  -42.568  20.789  40.813 0.0000000000
88763  -41.417  21.710  41.130 0.0000000000
88764  -42.174  21.319  41.436 0.0000000000
89389  -42.341  22.746  42.980 0.0000000000
90036  -42.031  23.630  43.579 0.0000000000
89379  -42.861  23.341  43.897 0.0000000000
124970  -43.312  23.259  44.477 0.0000000000
89360  -43.354  23.153  45.024 0.0000000000
88732  -43.562  22.662  45.393 0.0000000000
89375  -44.945  23.091  44.939 0.0000000000
89376  -45.825  22.909  44.831 0.0000000000
89377  -46.545  22.632  45.063 0.0000000000
87559  -48.636  19.972  42.474 0.0000000000
87558  -48.349  19.757  43.058 0.0000000000
86915  -47.674  19.200  43.385 0.0000000000
86909  -47.210  18.739  44.866 0.0000000000
86243  -46.997  18.509  45.644 0.0000000000
86248  -46.429  18.244  44.781 0.0000000000
86247  -45.646  17.768  44.668 0.0000000000
86246  -44.953  17.312  45.019 0.0000000000
85601  -44.566  16.759  45.539 0.0000000000
106826  -44.935  17.575  44.023 0.0000000000
116205  -44.522  17.493  43.270 0.0000000000
86269  -44.450  17.608  41.677 0.0000000000
86306  -44.619  17.283  37.384 0.0000000000
86296  -44.661  17.458  38.264 0.0000000000
127247  -43.973  17.040  37.077 0.0000000000
107465  -43.285  16.710  37.326 0.0000000000
85662  -42.456  16.189  37.680 0.0000000000
85069  -41.862  15.649  38.277 0.0000000000
121983  -42.136  15.736  37.013 0.0000000000
85075  -41.606  15.049  36.826 0.0000000000
87004  -43.149  18.079  31.552 0.0000000000
87012  -44.014  17.710  31.203 0.0000000000
127239  -42.785  17.629  31.406 0.0000000000
86354  -42.617  17.146  31.357 0.0000000000
85702  -42.904  16.289  31.429 0.0000000000
84500  -40.678  14.385  34.296 0.0000000000
117760  -41.345  14.073  33.428 0.0000000000
124674  -40.974  13.482  33.739 0.0000000000
83215  -42.604  12.002  32.768 0.0000000000
82522  -42.798  11.592  33.178 0.0000000000
82518  -42.525  10.996  33.754 0.0000000000
81834  -42.516  10.556  34.460 0.0000000000
81833  -42.128  10.425  34.275 0.0000000000
81827  -41.533  9.982  35.048 0.0000000000
81021  -49.927  9.403  50.763 0.0000000000
115833  -44.804  31.965  41.534 0.0000000000
94787  -45.458  30.674  42.251 0.0000000000
94303  -46.363  30.413  41.365 0.0000000000
93798  -47.387  29.040  41.127 0.0000000000
93196  -47.554  28.037  40.655 0.0000000000
93803  -46.771  29.045  40.385 0.0000000000
93204  -47.414  28.076  40.112 0.0000000000
92595  -47.709  26.924  38.670 0.0000000000
91965  -47.477  26.366  37.582 0.0000000000
91975  -46.473  25.619  36.459 0.0000000000
90713  -44.496  24.086  35.164 0.0000000000
91345  -45.215  24.691  35.456 0.0000000000
91344  -44.232  24.744  35.322 0.0000000000
127314  -43.153  24.941  35.393 0.0000000000
78143  -49.136  5.238  56.431 0.0000000000
78894  -49.102  6.029  56.276 0.0000000000
78913  -48.547  6.576  55.682 0.0000000000
79625  -48.674  7.660  55.363 0.0000000000
79640  -48.045  8.558  54.828 0.0000000000
80975  -48.419  9.368  55.215 0.0000000000
80967  -48.440  10.234  55.356 0.0000000000
82338  -47.678  11.495  55.358 0.0000000000
83021  -47.740  12.467  55.431 0.0000000000
97821  -27.171  37.261  37.280 0.0000000000
97354  -27.738  37.039  36.926 0.0000000000
110887  -29.254  36.611  36.428 0.0000000000
97356  -29.883  36.459  36.308 0.0000000000
96811  -39.462  35.432  37.878 0.0000000000
96843  -41.832  35.411  35.577 0.0000000000
96844  -42.923  35.378  35.833 0.0000000000
96845  -43.870  35.150  36.072 0.0000000000
96294  -44.201  34.732  35.471 0.0000000000
96295  -45.144  34.324  35.734 0.0000000000
96305  -43.735  34.650  34.780 0.0000000000
96318  -43.660  34.306  34.028 0.0000000000
86866  -43.016  17.799  48.435 0.0000000000
86206  -43.721  17.513  48.952 0.0000000000
87499  -45.851  19.215  49.018 0.0000000000
121227  -37.554  28.768  43.802 0.0000000000
93153  -38.414  27.980  44.391 0.0000000000
90059  -42.101  24.070  39.251 0.0000000000
89416  -41.759  22.510  38.998 0.0000000000
88780  -41.626  21.763  39.368 0.0000000000
88781  -42.008  21.090  39.097 0.0000000000
88214  -43.241  20.036  38.548 0.0000000000
88202  -43.292  20.113  39.481 0.0000000000
88201  -42.424  20.654  39.869 0.0000000000
88189  -43.457  20.375  40.546 0.0000000000
111027  -45.086  20.478  41.219 0.0000000000
124407  -45.114  20.799  42.059 0.0000000000
88759  -46.153  21.016  42.625 0.0000000000
111028  -47.004  20.611  41.357 0.0000000000
88180  -48.217  20.601  41.023 0.0000000000
88181  -48.931  20.332  40.883 0.0000000000
128522  -48.544  20.009  39.098 0.0000000000
88194  -49.110  20.171  40.246 0.0000000000
87576  -49.187  20.008  40.667 0.0000000000
86930  -48.958  19.479  40.996 0.0000000000
86941  -48.620  18.747  40.372 0.0000000000
86949  -47.617  18.313  40.121 0.0000000000
86287  -47.247  18.108  39.341 0.0000000000
106970  -47.012  17.791  38.443 0.0000000000
106971  -46.367  17.531  37.541 0.0000000000
86321  -48.328  17.587  36.430 0.0000000000
106969  -46.513  17.415  36.531 0.0000000000
86307  -45.499  17.336  36.954 0.0000000000
86330  -45.169  16.897  35.388 0.0000000000
85677  -44.578  16.513  34.736 0.0000000000
85684  -44.013  16.103  34.049 0.0000000000
86346  -39.933  17.657  33.361 0.0000000000
85683  -40.556  16.678  33.822 0.0000000000
85096  -40.298  16.127  34.501 0.0000000000
85089  -40.255  15.282  34.766 0.0000000000
84495  -40.147  14.461  34.911 0.0000000000
83856  -40.047  13.033  34.708 0.0000000000
95757  -39.409  34.112  42.237 0.0000000000
94785  -41.196  32.532  43.798 0.0000000000
94773  -41.672  31.891  44.249 0.0000000000
95268  -42.989  32.748  44.486 0.0000000000
94290  -42.903  30.674  43.881 0.0000000000
115132  -42.281  29.988  42.809 0.0000000000
93185  -41.916  28.774  41.381 0.0000000000
92562  -42.582  27.384  40.614 0.0000000000
93781  -46.003  29.688  42.351 0.0000000000
93181  -46.092  29.175  42.359 0.0000000000
93188  -45.936  28.499  42.027 0.0000000000
91925  -46.816  26.754  40.191 0.0000000000
92564  -46.084  27.305  40.813 0.0000000000
113478  -44.747  27.372  40.781 0.0000000000
91940  -43.989  26.290  39.870 0.0000000000
91304  -42.906  25.498  39.508 0.0000000000
90685  -42.971  24.214  38.735 0.0000000000
90071  -42.989  22.919  37.911 0.0000000000
89424  -43.692  22.311  36.272 0.0000000000
88793  -43.194  21.503  36.968 0.0000000000
111650  -43.833  19.984  36.525 0.0000000000
87619  -45.108  19.283  35.737 0.0000000000
87632  -45.894  19.053  35.013 0.0000000000
86986  -46.702  18.605  33.258 0.0000000000
87645  -45.765  18.966  34.026 0.0000000000
87656  -45.647  18.784  33.095 0.0000000000
87655  -44.735  18.997  33.001 0.0000000000
87654  -43.887  19.235  32.933 0.0000000000
87659  -43.490  18.683  32.265 0.0000000000
86995  -42.481  18.565  32.298 0.0000000000
86994  -41.488  18.414  32.418 0.0000000000
89442  -43.277  22.452  34.393 0.0000000000
88812  -42.361  21.273  34.406 0.0000000000
88807  -41.579  21.876  34.791 0.0000000000
78896  -50.147  6.296  55.913 0.0000000000
79613  -50.247  6.999  55.610 0.0000000000
79626  -50.550  7.231  54.909 0.0000000000
80305  -50.482  8.108  54.609 0.0000000000
80320  -50.750  7.986  53.440 0.0000000000
81018  -50.387  8.699  52.169 0.0000000000
81017  -49.841  9.302  51.738 0.0000000000
81016  -49.132  9.772  51.328 0.0000000000
81719  -47.809  10.748  51.704 0.0000000000
81709  -48.230  11.193  52.612 0.0000000000
82390  -47.117  11.143  51.365 0.0000000000
82389  -46.423  11.503  51.008 0.0000000000
83066  -44.875  13.104  50.142 0.0000000000
96247  -26.742  34.955  39.790 0.0000000000
96259  -27.577  34.844  38.725 0.0000000000
96248  -27.262  34.461  39.412 0.0000000000
95770  -27.517  33.692  39.905 0.0000000000
95747  -27.964  33.085  40.989 0.0000000000
95299  -28.977  33.319  41.988 0.0000000000
95733  -30.127  33.710  43.131 0.0000000000
95278  -31.126  33.788  43.422 0.0000000000
95280  -32.414  33.940  43.362 0.0000000000
95736  -32.810  34.444  43.233 0.0000000000
96227  -32.506  34.620  42.272 0.0000000000
96216  -33.315  35.020  43.237 0.0000000000
95737  -33.756  34.817  43.312 0.0000000000
109912  -35.414  35.301  43.214 0.0000000000
96218  -36.544  35.549  42.995 0.0000000000
96749  -36.945  36.495  43.493 0.0000000000
109672  -31.871  36.050  37.066 0.0000000000
112102  -32.879  35.472  38.481 0.0000000000
106550  -33.749  35.413  39.405 0.0000000000
96764  -34.566  35.642  40.987 0.0000000000
120225  -35.637  35.725  39.964 0.0000000000
96765  -35.293  36.109  40.911 0.0000000000
97326  -35.678  36.658  42.051 0.0000000000
97318  -35.889  36.992  42.950 0.0000000000
96743  -37.419  37.036  43.647 0.0000000000
96750  -38.347  36.827  43.647 0.0000000000
96220  -39.294  36.221  43.472 0.0000000000
96752  -40.681  36.700  44.069 0.0000000000
124559  -41.103  36.493  43.985 0.0000000000
97331  -40.617  37.095  42.911 0.0000000000
96759  -41.060  36.678  43.455 0.0000000000
96234  -41.788  34.857  43.666 0.0000000000
95758  -42.223  34.287  43.524 0.0000000000
95759  -42.177  33.387  42.330 0.0000000000
95296  -42.851  32.789  41.521 0.0000000000
107308  -40.291  35.695  38.631 0.0000000000
96795  -41.433  36.083  38.755 0.0000000000
109648  -41.555  36.204  39.801 0.0000000000
96797  -42.842  36.218  38.642 0.0000000000
96253  -42.075  36.012  39.705 0.0000000000
95300  -44.101  32.654  40.971 0.0000000000
119992  -46.053  32.011  40.569 0.0000000000
95777  -45.256  33.204  39.220 0.0000000000
94808  -45.902  32.212  40.041 0.0000000000
95316  -44.602  32.488  37.573 0.0000000000
95795  -46.392  32.949  35.427 0.0000000000
95796  -46.484  32.368  35.426 0.0000000000
81685  -45.475  10.596  53.635 0.0000000000
82348  -44.398  11.909  53.771 0.0000000000
82349  -45.272  11.650  54.017 0.0000000000
81669  -46.148  11.337  54.353 0.0000000000
82336  -46.059  12.303  54.571 0.0000000000
83020  -46.928  13.219  55.249 0.0000000000
83729  -46.991  14.142  55.081 0.0000000000
84406  -43.069  14.981  50.845 0.0000000000
84396  -43.672  14.990  51.778 0.0000000000
127316  -44.453  15.284  52.386 0.0000000000
84977  -44.781  16.529  51.138 0.0000000000
84375  -45.329  14.621  53.621 0.0000000000
83728  -46.711  14.542  54.497 0.0000000000
83730  -47.736  13.976  55.064 0.0000000000
83749  -47.748  14.117  53.712 0.0000000000
83748  -47.290  14.527  53.101 0.0000000000
83758  -46.743  13.735  52.359 0.0000000000
84409  -46.619  15.540  51.518 0.0000000000
83757  -46.185  13.764  51.610 0.0000000000
83763  -45.546  13.840  50.842 0.0000000000
84407  -45.020  14.127  50.110 0.0000000000
117188  -37.359  21.238  44.326 0.0000000000
88155  -38.750  20.658  44.431 0.0000000000
88156  -39.671  20.887  44.415 0.0000000000
95281  -39.264  32.383  42.298 0.0000000000
93759  -40.411  30.142  44.086 0.0000000000
94277  -39.540  30.015  44.061 0.0000000000
93775  -38.697  29.977  43.678 0.0000000000
93164  -38.927  28.617  44.257 0.0000000000
93154  -39.026  27.846  44.308 0.0000000000
92523  -39.150  27.230  44.256 0.0000000000
90664  -40.991  24.728  39.877 0.0000000000
90663  -40.396  24.693  40.520 0.0000000000
90662  -39.995  24.865  41.126 0.0000000000
89394  -40.621  22.959  41.138 0.0000000000
90659  -40.121  24.495  41.593 0.0000000000
90658  -39.951  25.137  41.704 0.0000000000
90651  -39.849  25.774  42.337 0.0000000000
109801  -39.796  26.079  43.422 0.0000000000
91276  -39.454  25.997  44.218 0.0000000000
91269  -39.733  25.324  44.245 0.0000000000
90643  -39.705  24.755  44.401 0.0000000000
90024  -39.544  23.987  44.547 0.0000000000
90026  -41.505  23.996  44.352 0.0000000000
89371  -41.043  23.509  44.630 0.0000000000
89370  -40.070  23.369  44.534 0.0000000000
88740  -40.089  21.752  44.372 0.0000000000
88157  -40.597  21.184  44.535 0.0000000000
88146  -40.993  20.526  44.989 0.0000000000
88147  -41.942  20.633  45.429 0.0000000000
88133  -42.661  20.306  46.137 0.0000000000
87525  -43.158  20.063  46.752 0.0000000000
88149  -43.602  21.818  45.845 0.0000000000
109182  -44.304  20.810  46.819 0.0000000000
88119  -43.887  20.191  47.094 0.0000000000
88120  -44.840  20.341  47.387 0.0000000000
87509  -45.579  19.742  48.200 0.0000000000
87500  -46.385  19.283  48.775 0.0000000000
88760  -47.078  21.250  42.973 0.0000000000
88750  -47.035  21.695  43.767 0.0000000000
88734  -47.257  21.986  45.326 0.0000000000
87548  -48.216  20.287  43.794 0.0000000000
88735  -47.698  21.168  45.536 0.0000000000
115028  -47.329  21.748  46.087 0.0000000000
88123  -47.364  20.355  47.314 0.0000000000
87511  -47.108  19.833  47.890 0.0000000000
86870  -46.853  18.729  48.900 0.0000000000
86227  -47.060  18.401  48.331 0.0000000000
86226  -46.859  17.684  48.481 0.0000000000
108737  -46.428  16.962  48.498 0.0000000000
85593  -46.030  17.121  47.585 0.0000000000
85003  -45.110  15.673  48.384 0.0000000000
84436  -44.477  14.882  48.568 0.0000000000
84435  -43.761  14.542  47.996 0.0000000000
84438  -43.291  14.235  47.233 0.0000000000
84440  -43.048  14.382  46.431 0.0000000000
85600  -43.954  16.219  45.531 0.0000000000
85023  -43.284  15.610  45.432 0.0000000000
85017  -43.070  14.992  45.961 0.0000000000
85022  -42.733  15.005  45.191 0.0000000000
85027  -42.516  15.179  44.292 0.0000000000
120851  -45.862  18.111  40.648 0.0000000000
86277  -44.908  17.804  40.681 0.0000000000
86276  -44.221  17.495  40.936 0.0000000000
121355  -44.402  17.503  39.368 0.0000000000
111533  -43.627  17.244  41.364 0.0000000000
85632  -42.916  16.825  41.733 0.0000000000
85631  -42.148  16.176  41.611 0.0000000000
124763  -41.637  15.074  42.158 0.0000000000
84463  -41.513  14.551  41.665 0.0000000000
111975  -41.428  14.151  40.840 0.0000000000
85063  -41.379  15.047  38.703 0.0000000000
107695  -41.260  14.229  39.257 0.0000000000
86998  -47.466  18.140  32.569 0.0000000000
86355  -47.072  17.412  31.798 0.0000000000
85705  -46.973  16.925  31.885 0.0000000000
86360  -45.272  17.373  30.998 0.0000000000
85703  -45.444  16.562  31.327 0.0000000000
85696  -46.374  16.515  32.236 0.0000000000
85695  -45.269  16.041  32.394 0.0000000000
85694  -44.522  15.631  32.860 0.0000000000
85099  -43.843  15.307  33.351 0.0000000000
85693  -41.543  16.473  32.606 0.0000000000
84507  -42.183  13.816  32.624 0.0000000000
84515  -42.894  13.838  31.895 0.0000000000
84516  -43.390  14.285  31.822 0.0000000000
84509  -43.630  13.964  32.113 0.0000000000
84502  -43.772  14.152  32.531 0.0000000000
85098  -43.267  14.774  33.947 0.0000000000
109593  -42.595  14.267  34.633 0.0000000000
84496  -42.065  13.729  35.350 0.0000000000
116696  -43.036  11.924  33.559 0.0000000000
78144  -49.899  5.527  56.122 0.0000000000
78895  -49.604  6.113  56.169 0.0000000000
78914  -50.487  6.454  55.243 0.0000000000
81662  -48.208  11.012  55.467 0.0000000000
81664  -48.989  10.216  55.434 0.0000000000
82339  -48.790  12.108  55.084 0.0000000000
83731  -48.341  13.419  55.017 0.0000000000
83745  -42.762  13.353  52.512 0.0000000000
83762  -41.225  13.782  50.863 0.0000000000
83798  -42.475  13.659  45.089 0.0000000000
83871  -43.357  12.701  32.420 0.0000000000
83872  -43.425  12.960  32.298 0.0000000000
84370  -47.266  14.433  54.622 0.0000000000
84378  -47.623  14.393  54.281 0.0000000000
84385  -44.899  15.016  52.991 0.0000000000
84388  -47.347  14.723  53.687 0.0000000000
84397  -46.237  14.591  51.402 0.0000000000
84433  -38.871  14.448  48.596 0.0000000000
84469  -41.366  14.651  40.103 0.0000000000
84955  -46.707  15.428  53.246 0.0000000000
84961  -45.424  15.834  52.515 0.0000000000
84968  -44.564  15.855  51.831 0.0000000000
84969  -46.171  16.389  52.217 0.0000000000
85018  -43.408  15.061  46.717 0.0000000000
85032  -42.255  15.702  42.961 0.0000000000
85040  -41.671  15.438  41.565 0.0000000000
85041  -41.937  15.659  42.251 0.0000000000
85068  -41.362  15.014  37.783 0.0000000000
85104  -41.941  15.553  32.611 0.0000000000
85108  -43.165  15.353  31.623 0.0000000000
85553  -46.606  16.756  51.331 0.0000000000
85557  -45.873  17.101  51.394 0.0000000000
85597  -45.290  16.998  46.761 0.0000000000
85604  -43.061  16.038  44.078 0.0000000000
85605  -43.534  16.133  44.849 0.0000000000
85606  -44.215  16.672  44.924 0.0000000000
85656  -42.971  16.906  39.077 0.0000000000
85670  -44.338  16.653  35.687 0.0000000000
85697  -47.424  16.867  32.603 0.0000000000
85700  -41.508  17.068  32.187 0.0000000000
85704  -46.192  16.691  31.536 0.0000000000
85706  -47.599  17.192  32.431 0.0000000000
85711  -45.318  16.938  30.953 0.0000000000
85712  -45.906  16.916  31.171 0.0000000000
85713  -46.483  17.128  31.391 0.0000000000
86199  -46.459  17.943  50.399 0.0000000000
86252  -44.162  17.134  43.720 0.0000000000
86258  -44.486  17.575  42.559 0.0000000000
86259  -45.220  17.952  42.203 0.0000000000
86288  -48.023  18.058  38.835 0.0000000000
86305  -43.842  17.229  37.824 0.0000000000
86308  -47.360  17.558  36.967 0.0000000000
86310  -49.035  18.085  37.583 0.0000000000
86319  -45.769  17.242  35.985 0.0000000000
86320  -47.472  17.456  36.177 0.0000000000
86342  -49.208  17.839  34.385 0.0000000000
86343  -49.417  17.977  34.881 0.0000000000
86348  -48.157  17.553  33.119 0.0000000000
86349  -48.892  17.905  33.784 0.0000000000
86358  -43.428  17.368  31.135 0.0000000000
86359  -44.480  17.142  30.898 0.0000000000
86905  -47.490  18.864  46.463 0.0000000000
86910  -47.633  19.306  44.375 0.0000000000
86929  -48.169  18.697  41.229 0.0000000000
86939  -46.265  18.245  41.278 0.0000000000
86940  -47.057  18.294  40.803 0.0000000000
86942  -49.171  19.461  40.227 0.0000000000
86959  -49.378  18.923  38.819 0.0000000000
86967  -49.349  18.553  37.353 0.0000000000
86973  -49.376  18.513  36.592 0.0000000000
86979  -48.946  18.582  34.851 0.0000000000
86989  -49.266  18.105  34.391 0.0000000000
87006  -45.188  18.215  31.546 0.0000000000
87008  -47.003  17.986  31.776 0.0000000000
87009  -47.601  17.663  32.437 0.0000000000
87013  -44.839  17.759  31.136 0.0000000000
87015  -46.445  17.664  31.394 0.0000000000
87501  -46.851  19.357  48.388 0.0000000000
87510  -46.511  19.905  48.110 0.0000000000
87512  -47.428  19.642  47.419 0.0000000000
87523  -41.499  19.306  46.509 0.0000000000
87546  -40.157  20.373  44.771 0.0000000000
87553  -48.441  20.054  43.167 0.0000000000
87566  -48.915  20.064  41.490 0.0000000000
87577  -49.268  19.893  40.104 0.0000000000
87588  -49.178  19.882  39.625 0.0000000000
87599  -48.996  19.781  38.966 0.0000000000
87605  -43.335  20.233  37.578 0.0000000000
87611  -49.454  19.030  38.033 0.0000000000
87634  -48.379  19.080  35.493 0.0000000000
87635  -49.131  19.007  35.821 0.0000000000
87636  -49.355  18.805  36.197 0.0000000000
87646  -46.902  18.816  34.242 0.0000000000
87660  -44.478  18.640  32.275 0.0000000000
88137  -47.141  21.071  47.176 0.0000000000
88138  -47.550  20.947  46.568 0.0000000000
88159  -47.965  20.632  44.681 0.0000000000
88163  -48.066  20.829  43.749 0.0000000000
88164  -48.382  20.293  43.006 0.0000000000
88171  -47.910  20.814  42.538 0.0000000000
88178  -44.196  20.559  41.369 0.0000000000
88179  -45.826  20.538  41.453 0.0000000000
88190  -44.617  20.253  40.602 0.0000000000
88206  -48.860  20.146  39.635 0.0000000000
88215  -47.824  20.019  38.961 0.0000000000
88721  -44.297  21.632  46.432 0.0000000000
88723  -46.147  22.146  46.637 0.0000000000
88724  -47.003  21.736  46.698 0.0000000000
88733  -44.300  22.525  45.900 0.0000000000
88742  -47.130  21.963  44.524 0.0000000000
88743  -47.678  21.333  44.647 0.0000000000
88755  -41.723  22.004  42.057 0.0000000000
88758  -44.433  21.424  42.740 0.0000000000
88771  -41.382  21.676  40.208 0.0000000000
89361  -44.171  23.007  45.270 0.0000000000
89363  -45.809  23.065  45.459 0.0000000000
89374  -43.937  23.118  44.706 0.0000000000
89380  -43.635  22.951  44.013 0.0000000000
89402  -40.717  22.969  40.327 0.0000000000
89417  -42.436  22.412  38.287 0.0000000000
89441  -42.617  22.038  34.377 0.0000000000
90041  -40.374  23.729  41.433 0.0000000000
90645  -41.062  24.563  44.137 0.0000000000
90647  -40.569  24.961  43.743 0.0000000000
90652  -40.526  24.942  43.051 0.0000000000
90677  -42.663  24.712  39.215 0.0000000000
90696  -47.086  25.670  37.072 0.0000000000
90697  -46.808  25.606  36.804 0.0000000000
90712  -43.488  24.281  35.138 0.0000000000
91290  -39.890  25.674  41.417 0.0000000000
91291  -40.155  25.302  40.801 0.0000000000
91292  -40.694  25.392  40.309 0.0000000000
91317  -47.237  25.669  37.680 0.0000000000
91318  -47.630  26.007  37.435 0.0000000000
91346  -45.829  24.903  35.690 0.0000000000
91891  -36.273  26.630  44.539 0.0000000000
91893  -38.410  26.602  44.561 0.0000000000
91894  -39.057  26.670  44.367 0.0000000000
91906  -39.468  26.787  43.880 0.0000000000
91908  -39.677  26.605  42.804 0.0000000000
91924  -45.141  26.798  40.304 0.0000000000
91942  -47.255  26.306  39.191 0.0000000000
91953  -47.781  26.395  37.963 0.0000000000
91966  -47.408  25.973  37.155 0.0000000000
91976  -46.894  25.693  36.837 0.0000000000
92521  -36.381  27.237  44.361 0.0000000000
92522  -38.686  27.282  44.452 0.0000000000
92550  -39.708  27.062  42.179 0.0000000000
92553  -45.327  27.864  41.374 0.0000000000
92565  -47.291  27.452  40.672 0.0000000000
92566  -47.451  27.584  40.484 0.0000000000
92577  -47.420  27.447  39.141 0.0000000000
93165  -39.484  28.381  43.959 0.0000000000
93166  -39.950  29.266  44.072 0.0000000000
93182  -46.666  29.199  42.060 0.0000000000
93194  -42.586  28.120  41.027 0.0000000000
93755  -37.027  29.126  43.125 0.0000000000
93756  -37.990  29.389  43.643 0.0000000000
93757  -38.875  29.329  44.136 0.0000000000
93777  -41.816  30.370  43.691 0.0000000000
93789  -41.350  29.680  42.760 0.0000000000
93794  -47.162  29.081  41.549 0.0000000000
93797  -47.049  29.453  40.952 0.0000000000
93802  -45.239  29.727  40.148 0.0000000000
94279  -42.370  31.263  44.360 0.0000000000
94280  -43.207  31.470  44.315 0.0000000000
94291  -43.752  30.727  43.688 0.0000000000
94292  -44.427  30.407  43.118 0.0000000000
94293  -45.294  30.231  42.625 0.0000000000
94294  -46.002  30.291  42.071 0.0000000000
94309  -46.506  30.521  40.966 0.0000000000
94774  -42.448  32.044  44.500 0.0000000000
94775  -42.959  32.056  44.619 0.0000000000
94797  -44.190  31.434  42.700 0.0000000000
94798  -45.204  31.262  41.967 0.0000000000
94799  -45.939  31.036  41.573 0.0000000000
95279  -31.690  34.074  43.456 0.0000000000
95292  -36.644  32.984  41.504 0.0000000000
95294  -38.776  33.049  41.808 0.0000000000
95295  -39.845  33.398  42.484 0.0000000000
95735  -32.153  34.274  43.350 0.0000000000
95738  -34.674  34.685  43.045 0.0000000000
95739  -40.797  34.609  43.356 0.0000000000
95746  -27.246  33.211  41.559 0.0000000000
95749  -31.141  34.145  42.609 0.0000000000
95750  -31.891  34.273  41.809 0.0000000000
95751  -33.255  33.964  43.123 0.0000000000
95767  -44.593  33.336  39.993 0.0000000000
95768  -45.258  33.099  39.800 0.0000000000
95772  -29.001  33.176  40.549 0.0000000000
95782  -31.229  34.044  38.933 0.0000000000
95791  -46.517  32.825  35.884 0.0000000000
96211  -34.966  35.858  43.431 0.0000000000
96219  -37.849  35.882  42.915 0.0000000000
96222  -41.340  35.854  43.847 0.0000000000
96229  -35.490  34.373  42.419 0.0000000000
96233  -41.408  35.851  43.775 0.0000000000
96237  -26.403  34.675  40.378 0.0000000000
96238  -26.884  34.144  40.070 0.0000000000
96241  -33.293  34.786  41.345 0.0000000000
96242  -40.893  35.989  42.184 0.0000000000
96249  -27.947  34.125  39.117 0.0000000000
96251  -32.577  34.501  39.657 0.0000000000
96264  -32.394  34.944  38.772 0.0000000000
96282  -44.646  34.818  36.176 0.0000000000
96741  -35.627  36.214  43.508 0.0000000000
96747  -34.677  35.928  43.233 0.0000000000
96748  -35.869  35.899  43.526 0.0000000000
96751  -39.636  36.911  43.996 0.0000000000
96757  -34.546  35.997  42.862 0.0000000000
96758  -34.906  36.118  42.028 0.0000000000
96767  -37.027  36.270  40.667 0.0000000000
96775  -34.481  35.608  39.732 0.0000000000
96782  -42.918  36.106  39.036 0.0000000000
96786  -27.270  35.589  38.483 0.0000000000
96787  -27.843  35.280  38.194 0.0000000000
96789  -33.533  35.577  38.519 0.0000000000
96791  -35.191  35.344  38.494 0.0000000000
96803  -29.324  35.521  37.341 0.0000000000
96804  -30.219  35.670  37.204 0.0000000000
96805  -31.767  35.656  37.654 0.0000000000
96806  -32.497  35.781  37.472 0.0000000000
96819  -30.429  36.214  36.668 0.0000000000
96827  -39.789  35.442  36.886 0.0000000000
97304  -36.086  36.780  43.432 0.0000000000
97305  -36.701  37.042  43.523 0.0000000000
97307  -39.697  37.289  43.778 0.0000000000
97308  -40.232  37.269  43.885 0.0000000000
97317  -35.092  36.406  42.894 0.0000000000
97319  -36.621  37.250  43.289 0.0000000000
97330  -40.073  37.358  42.296 0.0000000000
97336  -36.603  36.899  41.753 0.0000000000
97339  -39.930  37.225  41.338 0.0000000000
97347  -26.999  36.332  38.209 0.0000000000
97350  -27.365  36.637  37.550 0.0000000000
97355  -28.493  36.802  36.654 0.0000000000
97783  -37.142  37.232  43.475 0.0000000000
97784  -37.898  37.274  43.480 0.0000000000
97796  -38.879  37.426  43.480 0.0000000000
97797  -39.658  37.474  43.480 0.0000000000
97798  -40.263  37.355  43.405 0.0000000000
97807  -38.974  37.687  42.932 0.0000000000
97820  -26.760  37.776  37.444 0.0000000000
98321  -27.944  38.294  35.972 0.0000000000
106572  -33.076  35.707  37.910 0.0000000000
107132  -48.255  17.425  35.491 0.0000000000
107539  -41.435  35.743  37.562 0.0000000000
107811  -46.078  17.932  39.134 0.0000000000
108053  -42.412  16.404  39.411 0.0000000000
108065  -48.969  17.796  36.759 0.0000000000
108108  -39.138  23.046  44.444 0.0000000000
108325  -29.800  33.626  42.629 0.0000000000
108644  -45.632  16.320  31.758 0.0000000000
109465  -41.437  15.074  40.854 0.0000000000
110228  -34.661  35.431  43.364 0.0000000000
110508  -31.737  34.285  43.249 0.0000000000
110597  -46.343  19.635  38.181 0.0000000000
110745  -41.340  24.126  39.613 0.0000000000
110820  -29.272  34.381  38.290 0.0000000000
111635  -45.371  13.325  54.262 0.0000000000
112039  -49.348  8.926  55.440 0.0000000000
112186  -43.488  13.784  47.918 0.0000000000
112243  -42.539  15.661  43.609 0.0000000000
112634  -40.169  24.136  40.893 0.0000000000
112700  -41.028  29.116  41.814 0.0000000000
113100  -37.476  25.547  44.616 0.0000000000
113311  -36.766  25.230  44.624 0.0000000000
114102  -38.509  37.118  41.343 0.0000000000
116174  -47.711  19.539  37.288 0.0000000000
116457  -47.894  13.251  55.373 0.0000000000
117187  -38.243  21.327  44.298 0.0000000000
117385  -26.506  37.655  39.039 0.0000000000
118530  -43.832  19.739  38.165 0.0000000000
120223  -32.439  34.601  43.076 0.0000000000
120495  -44.252  26.467  36.767 0.0000000000
120979  -48.646  20.397  41.452 0.0000000000
121055  -49.941  6.760  55.920 0.0000000000
121189  -42.425  21.087  38.381 0.0000000000
121436  -48.087  17.234  34.447 0.0000000000
121541  -44.701  17.720  41.164 0.0000000000
122211  -40.613  29.244  42.693 0.0000000000
122687  -29.021  34.926  37.806 0.0000000000
123613  -46.256  20.649  41.974 0.0000000000
123870  -30.652  33.913  43.326 0.0000000000
124662  -48.273  20.238  39.500 0.0000000000
124789  -38.275  25.859  44.591 0.0000000000
125065  -29.152  33.447  39.589 0.0000000000
125729  -40.886  27.571  40.810 0.0000000000
125870  -40.522  19.969  45.221 0.0000000000
125962  -41.803  21.220  39.791 0.0000000000
125968  -40.426  19.498  45.600 0.0000000000
126163  -27.805  33.096  41.890 0.0000000000
126227  -46.983  18.688  43.299 0.0000000000
126402  -46.721  16.877  49.750 0.0000000000
126484  -43.120  16.981  41.110 0.0000000000
126757  -40.385  22.693  44.533 0.0000000000
126895  -38.904  35.374  38.248 0.0000000000
126970  -47.890  18.460  40.648 0.0000000000
127238  -44.470  17.491  38.844 0.0000000000
127802  -38.082  24.533  44.620 0.0000000000
128594  -42.929  17.238  48.686 0.0000000000
