#!ascii label  , from subject sub-v2s18x29516_ses-1 vox2ras=TkReg
1109
62660  -21.536  -14.165  3.712 0.5555555820
62661  -22.062  -14.121  3.244 0.6666666865
63475  -23.137  -13.215  2.462 0.7777777910
63489  -23.638  -12.516  1.868 0.7777777910
65124  -23.339  -11.235  1.540 0.8888888955
65127  -25.216  -11.112  0.971 0.8888888955
61831  -20.979  -14.960  4.644 0.5555555820
114944  -21.272  -13.620  3.884 0.5555555820
63473  -21.820  -12.732  3.199 0.6666666865
116469  -22.204  -12.391  2.722 0.8888888955
65125  -23.969  -11.168  1.276 0.8888888955
65938  -24.972  -10.501  0.696 1.0000000000
65139  -25.723  -10.731  0.686 0.8888888955
66693  -25.843  -10.194  0.251 1.0000000000
63462  -20.981  -12.919  4.156 0.7777777910
65112  -21.989  -11.540  2.595 1.0000000000
112769  -22.134  -10.925  2.323 1.0000000000
65923  -23.138  -10.901  1.490 1.0000000000
65936  -23.760  -10.460  0.973 1.0000000000
65922  -22.472  -10.567  1.727 1.0000000000
123863  -24.587  -10.141  0.573 1.0000000000
66690  -23.166  -9.894  0.852 1.0000000000
66691  -23.839  -9.739  0.540 1.0000000000
66702  -25.106  -9.584  0.131 1.0000000000
67480  -26.522  -9.125  -0.445 1.0000000000
67468  -24.396  -9.324  0.199 1.0000000000
118117  -25.489  -9.069  -0.275 1.0000000000
68294  -26.962  -8.104  -0.634 1.0000000000
117588  -26.470  -7.392  -0.733 1.0000000000
115549  -27.388  -7.133  -0.690 0.7777777910
66665  -21.285  -9.678  2.480 0.8888888955
67467  -23.713  -8.900  0.275 1.0000000000
67452  -22.072  -8.950  1.387 1.0000000000
108529  -23.010  -8.450  0.514 1.0000000000
68291  -24.289  -7.696  -0.227 1.0000000000
68292  -24.984  -7.618  -0.466 1.0000000000
69148  -26.233  -6.518  -0.836 1.0000000000
69149  -26.965  -6.458  -0.844 1.0000000000
69150  -27.881  -6.154  -0.722 0.8888888955
109242  -27.250  -5.712  -0.896 1.0000000000
112533  -28.533  -5.580  -0.732 0.7777777910
68253  -21.131  -7.820  2.137 0.5555555820
69129  -21.709  -6.268  0.917 0.7777777910
68264  -21.633  -7.199  1.417 0.8888888955
69131  -23.017  -6.893  0.351 1.0000000000
68280  -23.536  -7.852  0.210 1.0000000000
114266  -23.928  -6.084  -0.347 1.0000000000
69147  -24.641  -6.638  -0.478 1.0000000000
70013  -26.080  -5.097  -0.935 1.0000000000
70014  -26.930  -5.063  -0.967 0.8888888955
70837  -26.440  -4.345  -0.921 1.0000000000
70838  -27.303  -4.327  -0.914 0.8888888955
126244  -28.243  -3.819  -0.482 0.7777777910
70813  -29.384  -4.524  0.191 0.6666666865
71604  -28.764  -3.652  0.357 0.6666666865
69960  -20.278  -5.702  2.309 0.4444444478
69120  -21.194  -6.307  1.528 0.7777777910
117163  -20.825  -4.829  1.183 0.6666666865
69981  -22.165  -4.935  0.159 0.7777777910
69993  -22.807  -5.447  -0.088 0.8888888955
69994  -23.560  -5.404  -0.357 0.8888888955
69995  -24.545  -5.447  -0.586 1.0000000000
70821  -23.957  -4.606  -0.594 1.0000000000
70836  -25.661  -4.365  -0.885 1.0000000000
71621  -26.654  -3.619  -0.832 0.8888888955
71614  -27.482  -3.549  -0.661 0.7777777910
72383  -28.037  -3.101  -0.167 0.7777777910
71605  -29.693  -3.803  0.919 0.5555555820
72372  -28.581  -2.691  0.563 0.7777777910
118206  -29.289  -2.138  1.093 0.6666666865
70810  -21.042  -4.084  0.757 0.6666666865
70819  -22.424  -3.913  -0.266 0.7777777910
70811  -21.655  -4.059  0.256 0.7777777910
71611  -23.376  -3.798  -0.653 0.8888888955
71612  -24.399  -3.751  -0.905 0.8888888955
71619  -24.844  -2.985  -1.283 1.0000000000
113749  -25.565  -2.831  -1.213 1.0000000000
71620  -25.933  -3.618  -0.927 0.8888888955
72381  -26.456  -2.080  -0.837 0.8888888955
120087  -27.098  -1.998  -0.369 0.8888888955
72382  -27.231  -2.652  -0.450 0.7777777910
117209  -25.963  -1.775  -1.391 0.8888888955
73143  -26.767  -1.441  -0.641 0.7777777910
73129  -27.381  -1.467  -0.019 0.7777777910
118347  -28.562  -1.906  0.639 0.7777777910
73116  -29.728  -1.183  1.269 0.6666666865
71602  -20.831  -3.373  0.961 0.6666666865
70804  -20.490  -4.097  1.339 0.5555555820
71603  -21.295  -3.345  0.419 0.7777777910
71610  -22.436  -3.081  -0.489 0.8888888955
72380  -23.134  -3.041  -0.822 0.8888888955
72388  -23.572  -2.389  -1.163 1.0000000000
71618  -23.982  -3.055  -1.059 1.0000000000
127520  -25.672  -2.135  -1.396 1.0000000000
72390  -26.016  -2.415  -1.101 0.8888888955
125419  -27.692  -0.816  0.243 0.7777777910
73888  -27.547  -0.169  0.138 0.7777777910
73890  -29.306  -0.360  1.044 0.6666666865
73877  -30.137  -0.299  1.349 0.5555555820
72370  -21.105  -2.666  0.588 0.7777777910
73127  -20.967  -2.041  0.760 0.6666666865
72378  -21.895  -2.400  -0.360 0.8888888955
117811  -24.001  -1.866  -1.487 1.0000000000
115674  -24.760  -1.658  -1.825 1.0000000000
73153  -25.912  -1.155  -1.734 0.8888888955
73142  -26.285  -1.341  -1.285 0.8888888955
122761  -26.625  -0.210  -1.277 0.8888888955
74692  -28.055  0.521  0.351 0.7777777910
75448  -28.531  1.292  0.485 0.7777777910
74693  -28.898  0.466  0.774 0.7777777910
74682  -29.690  0.479  1.179 0.5555555820
75461  -27.172  1.204  -0.750 0.7777777910
75449  -29.344  1.252  0.849 0.5555555820
75437  -30.788  1.409  1.280 0.5555555820
76219  -29.046  2.108  0.530 0.6666666865
73870  -20.539  -1.362  1.582 0.4444444478
128665  -20.787  -1.540  0.943 0.5555555820
108956  -21.880  -1.031  -0.667 0.7777777910
72387  -23.164  -1.666  -1.289 1.0000000000
73141  -22.304  -1.698  -0.745 0.8888888955
73910  -23.215  -0.850  -1.580 1.0000000000
127882  -24.559  -1.060  -2.178 0.8888888955
73921  -25.376  -0.315  -2.341 0.8888888955
73913  -25.884  -0.450  -2.055 0.8888888955
74704  -26.349  0.222  -1.780 0.8888888955
74705  -26.879  0.439  -1.085 0.8888888955
76232  -28.175  2.054  0.081 0.6666666865
118947  -30.341  2.105  1.186 0.5555555820
75459  -22.014  1.373  -1.164 0.6666666865
73900  -21.478  -0.243  -0.408 0.6666666865
74712  -22.537  0.629  -1.398 0.7777777910
74714  -24.289  0.028  -2.361 0.8888888955
74721  -23.865  0.720  -2.119 0.7777777910
126961  -25.307  0.723  -2.529 0.7777777910
74722  -25.054  0.126  -2.546 0.8888888955
75478  -25.770  1.226  -2.516 0.7777777910
74715  -25.761  0.350  -2.339 0.8888888955
76245  -26.745  2.007  -2.039 0.7777777910
116982  -27.016  1.765  -1.251 0.7777777910
76231  -27.455  1.970  -0.527 0.6666666865
77070  -27.829  3.572  -1.769 0.6666666865
77061  -27.938  3.612  -0.832 0.6666666865
76247  -27.864  2.808  -0.490 0.6666666865
77847  -28.503  4.795  -1.035 0.6666666865
118402  -28.444  4.172  -0.603 0.5555555820
77051  -29.755  3.730  0.395 0.5555555820
76233  -29.764  2.778  0.721 0.4444444478
77834  -29.785  4.536  0.045 0.5555555820
76254  -21.207  2.966  -0.684 0.3333333433
118943  -22.328  2.069  -1.491 0.5555555820
120433  -22.991  1.909  -1.869 0.6666666865
76256  -22.908  2.733  -1.886 0.5555555820
76263  -23.744  2.077  -2.112 0.7777777910
76264  -24.698  2.094  -2.508 0.7777777910
77078  -25.188  2.904  -2.793 0.6666666865
76265  -25.612  1.989  -2.695 0.6666666865
118414  -26.209  2.631  -2.788 0.6666666865
76266  -26.726  2.548  -2.549 0.6666666865
77081  -27.630  3.600  -2.428 0.6666666865
77860  -28.302  4.665  -1.658 0.6666666865
77848  -29.107  4.737  -0.521 0.5555555820
78589  -29.854  5.428  -0.323 0.5555555820
78588  -29.009  5.468  -0.959 0.6666666865
77067  -21.558  3.716  -0.901 0.4444444478
77060  -21.133  3.527  -0.521 0.4444444478
77068  -22.343  3.657  -1.553 0.4444444478
116719  -22.694  4.270  -1.836 0.5555555820
77069  -23.231  3.607  -2.151 0.5555555820
77077  -24.224  3.671  -2.610 0.6666666865
120904  -24.027  2.858  -2.317 0.6666666865
77079  -26.018  3.356  -2.987 0.6666666865
77080  -26.930  3.297  -2.833 0.6666666865
77872  -27.588  4.244  -2.861 0.6666666865
78601  -28.152  4.817  -2.334 0.6666666865
79317  -28.743  6.210  -1.516 0.6666666865
117867  -29.778  6.833  -0.658 0.5555555820
79302  -29.476  6.211  -0.780 0.6666666865
77857  -22.756  5.052  -1.722 0.4444444478
77870  -25.098  4.681  -3.249 0.6666666865
118236  -25.182  3.849  -3.076 0.6666666865
78612  -27.007  4.921  -3.453 0.6666666865
77871  -26.303  4.164  -3.248 0.6666666865
78614  -28.201  5.684  -2.310 0.6666666865
64311  -23.444  -11.707  1.623 0.8888888955
64295  -21.873  -12.136  2.890 1.0000000000
65113  -22.667  -11.294  1.999 1.0000000000
65924  -23.868  -10.864  1.221 1.0000000000
66692  -25.332  -10.161  0.412 1.0000000000
69972  -20.219  -4.818  1.847 0.5555555820
129204  -26.117  -3.041  -0.925 0.8888888955
72358  -20.701  -2.712  1.172 0.5555555820
119879  -20.565  -0.430  1.304 0.5555555820
73128  -21.291  -1.989  0.115 0.7777777910
73151  -23.939  -1.315  -1.859 1.0000000000
120644  -27.032  -0.166  -0.636 0.8888888955
73861  -20.405  -0.832  2.110 0.2222222239
126711  -29.131  2.726  0.437 0.6666666865
75477  -25.105  1.331  -2.581 0.7777777910
129053  -30.354  3.457  0.782 0.4444444478
71594  -20.312  -3.407  1.574 0.4444444478
79303  -30.319  6.422  -0.219 0.5555555820
78590  -30.667  5.694  0.290 0.5555555820
77855  -21.518  4.259  -0.679 0.2222222239
77856  -22.026  4.521  -1.168 0.3333333433
79998  -30.219  7.285  -0.448 0.5555555820
60932  -22.144  -16.019  3.912 0.5555555820
121590  -22.503  -15.675  3.442 0.5555555820
62670  -22.819  -14.083  2.855 0.5555555820
62671  -23.533  -14.061  2.573 0.5555555820
64313  -25.431  -12.522  1.551 0.7777777910
65128  -25.920  -11.427  1.126 0.8888888955
60921  -20.983  -15.946  5.027 0.5555555820
63476  -23.994  -13.524  2.206 0.6666666865
63490  -24.610  -12.810  1.692 0.6666666865
122074  -24.873  -11.800  1.280 0.8888888955
123180  -26.597  -11.211  0.964 0.7777777910
65940  -26.429  -10.626  0.521 0.7777777910
66694  -26.500  -10.209  0.168 0.8888888955
61814  -20.429  -15.192  5.171 0.4444444478
62650  -20.279  -13.807  4.837 0.5555555820
66704  -26.257  -9.867  -0.080 1.0000000000
64276  -20.484  -12.309  4.552 0.2222222239
65101  -20.800  -11.800  3.847 0.6666666865
68295  -27.778  -7.747  -0.403 0.8888888955
115120  -28.294  -6.941  -0.548 0.6666666865
69151  -28.796  -6.264  -0.638 0.7777777910
69999  -29.270  -5.629  -0.530 0.6666666865
65903  -21.005  -10.563  3.247 0.5555555820
69982  -29.837  -5.234  -0.047 0.6666666865
66663  -20.397  -9.157  3.250 0.4444444478
72360  -30.905  -2.735  1.412 0.5555555820
118541  -20.092  -7.249  3.036 0.2222222239
72373  -29.933  -2.924  1.351 0.5555555820
69959  -19.793  -4.965  2.470 0.4444444478
73117  -30.622  -1.108  1.399 0.5555555820
71581  -19.447  -3.573  2.564 0.3333333433
73878  -31.106  -0.216  1.376 0.5555555820
73111  -20.192  -2.147  2.112 0.4444444478
74685  -32.070  0.850  0.802 0.4444444478
73097  -19.834  -1.789  2.664 0.3333333433
76222  -31.884  2.106  1.113 0.5555555820
77041  -31.334  3.040  1.304 0.4444444478
124357  -20.832  2.830  -0.384 0.3333333433
76242  -20.628  2.124  -0.174 0.3333333433
75457  -20.797  1.533  -0.189 0.4444444478
77835  -30.554  4.257  0.594 0.4444444478
128846  -31.210  5.754  0.602 0.4444444478
79292  -31.213  6.401  0.492 0.2222222239
77858  -23.685  5.103  -2.368 0.6666666865
78611  -25.840  5.030  -3.636 0.6666666865
78613  -27.791  5.160  -2.983 0.6666666865
120779  -27.791  6.019  -3.047 0.6666666865
79330  -28.328  6.588  -2.423 0.6666666865
80008  -28.806  7.180  -1.730 0.6666666865
80009  -29.312  7.697  -1.212 0.6666666865
80676  -29.919  7.953  -0.749 0.4444444478
79989  -30.866  7.227  0.128 0.3333333433
78610  -24.890  5.474  -3.128 0.5555555820
62652  -21.085  -14.172  4.254 0.5555555820
127506  -21.431  -14.764  4.146 0.5555555820
61839  -21.949  -15.038  3.676 0.6666666865
61840  -22.616  -14.978  3.146 0.6666666865
63464  -21.678  -13.436  3.431 0.6666666865
63474  -22.336  -13.121  2.937 0.7777777910
64297  -22.820  -12.296  2.250 0.8888888955
65136  -24.352  -10.830  1.093 1.0000000000
64310  -22.912  -11.641  1.912 1.0000000000
65138  -25.113  -10.699  0.781 1.0000000000
65126  -24.630  -11.044  1.095 0.8888888955
61832  -21.554  -15.518  4.355 0.5555555820
62651  -20.553  -14.351  4.748 0.5555555820
63452  -20.826  -13.529  4.326 0.6666666865
64288  -21.527  -12.424  3.380 0.8888888955
63463  -21.331  -13.004  3.747 0.5555555820
64296  -22.398  -11.853  2.386 0.8888888955
64312  -24.143  -11.788  1.359 0.8888888955
65137  -24.723  -10.706  0.916 1.0000000000
65939  -25.477  -10.435  0.544 1.0000000000
65937  -24.401  -10.573  0.897 1.0000000000
121196  -25.894  -10.403  0.387 1.0000000000
66703  -25.805  -9.679  -0.056 1.0000000000
63451  -20.472  -12.975  4.580 0.5555555820
64286  -20.679  -12.343  4.236 0.6666666865
64287  -21.114  -12.391  3.784 0.8888888955
65103  -21.409  -11.809  3.288 0.8888888955
65111  -21.484  -11.111  2.925 0.8888888955
128568  -22.637  -10.978  1.874 1.0000000000
65910  -21.443  -10.481  2.685 0.8888888955
65911  -21.841  -10.353  2.202 1.0000000000
115287  -23.033  -10.457  1.242 1.0000000000
66677  -22.531  -9.868  1.275 1.0000000000
67453  -22.679  -9.075  0.862 1.0000000000
67481  -27.331  -8.687  -0.413 0.8888888955
67479  -25.976  -8.944  -0.424 1.0000000000
67478  -24.847  -8.606  -0.254 1.0000000000
67477  -24.152  -8.527  -0.000 1.0000000000
68293  -25.664  -8.150  -0.548 1.0000000000
67442  -21.461  -8.831  1.988 1.0000000000
67441  -20.816  -8.681  2.550 0.5555555820
118816  -21.006  -9.995  3.013 0.6666666865
66676  -21.895  -9.784  1.798 1.0000000000
66664  -20.631  -9.343  2.949 0.5555555820
114024  -21.704  -8.145  1.573 0.8888888955
68279  -22.804  -7.634  0.552 1.0000000000
69146  -23.765  -6.877  -0.074 1.0000000000
69996  -25.568  -5.930  -0.786 1.0000000000
69997  -26.510  -5.801  -0.921 1.0000000000
116933  -27.883  -5.115  -0.934 0.8888888955
69998  -28.649  -4.975  -0.738 0.7777777910
70823  -29.176  -4.952  -0.432 0.6666666865
114640  -20.523  -7.934  2.613 0.5555555820
68252  -20.608  -7.181  2.422 0.6666666865
69974  -21.256  -5.555  1.068 0.6666666865
69980  -21.735  -5.531  0.595 0.8888888955
68278  -22.285  -6.997  0.770 0.8888888955
69130  -22.378  -6.026  0.362 0.8888888955
68265  -22.312  -8.039  1.010 0.8888888955
69145  -23.229  -6.112  -0.063 0.8888888955
70822  -25.355  -5.054  -0.783 1.0000000000
71615  -28.099  -4.357  -0.797 0.7777777910
70812  -28.685  -4.426  -0.410 0.7777777910
117347  -29.192  -3.070  1.027 0.6666666865
69973  -20.723  -5.593  1.655 0.5555555820
114436  -19.955  -5.950  2.880 0.3333333433
69109  -20.281  -6.584  2.644 0.3333333433
69119  -20.837  -6.331  1.911 0.4444444478
68263  -21.061  -6.963  1.957 0.6666666865
70805  -21.399  -4.836  0.632 0.7777777910
70820  -23.005  -4.708  -0.351 0.8888888955
122139  -25.225  -3.647  -1.028 1.0000000000
71613  -26.603  -2.885  -0.734 0.7777777910
72371  -27.835  -2.182  0.143 0.7777777910
72359  -30.231  -1.995  1.404 0.5555555820
129104  -22.820  -3.478  -0.565 0.8888888955
73889  -28.389  -0.396  0.563 0.7777777910
73131  -28.934  -1.211  0.844 0.7777777910
70803  -19.936  -4.073  1.894 0.4444444478
72379  -22.729  -2.379  -0.818 0.8888888955
72389  -24.448  -2.351  -1.386 1.0000000000
107388  -25.537  -1.655  -1.708 0.8888888955
74683  -30.477  0.564  1.324 0.5555555820
73112  -20.604  -2.087  1.393 0.5555555820
73140  -21.669  -1.649  -0.376 0.6666666865
73152  -25.312  -0.998  -2.107 1.0000000000
73902  -26.627  -0.789  -0.974 0.8888888955
75447  -27.727  1.293  0.007 0.8888888955
75436  -30.028  1.297  1.232 0.6666666865
75460  -26.723  1.108  -1.609 0.8888888955
73871  -20.766  -0.886  0.791 0.5555555820
73887  -21.315  -1.155  -0.152 0.5555555820
119178  -22.564  -1.113  -1.088 1.0000000000
73901  -22.382  -0.292  -1.105 0.7777777910
73912  -24.772  -0.516  -2.393 0.8888888955
73911  -23.991  -0.644  -2.184 0.7777777910
76221  -31.195  2.279  1.289 0.5555555820
75458  -21.333  1.470  -0.642 0.5555555820
74702  -21.177  0.732  -0.276 0.5555555820
74703  -21.814  0.612  -0.809 0.6666666865
75468  -22.717  1.352  -1.645 0.6666666865
73886  -21.033  -0.607  0.197 0.7777777910
117550  -20.760  -0.068  0.593 0.6666666865
75469  -23.450  1.373  -1.958 0.7777777910
74713  -23.331  0.034  -1.800 0.7777777910
75470  -26.296  1.129  -2.192 0.7777777910
76246  -27.269  2.460  -1.233 0.6666666865
114701  -27.595  3.094  -1.224 0.6666666865
77846  -28.115  4.192  -1.257 0.6666666865
77062  -28.454  3.467  -0.212 0.5555555820
77050  -29.098  3.266  0.278 0.5555555820
78574  -30.389  5.006  0.257 0.4444444478
77052  -31.030  3.610  1.093 0.4444444478
76244  -21.540  2.179  -0.974 0.4444444478
76255  -21.906  2.904  -1.258 0.5555555820
78602  -28.486  5.298  -1.612 0.6666666865
77868  -23.435  4.379  -2.308 0.6666666865
72357  -20.204  -2.752  1.821 0.4444444478
71593  -19.719  -3.416  2.257 0.4444444478
79999  -30.627  7.980  -0.266 0.3333333433
64314  -26.103  -12.279  1.526 0.6666666865
66705  -26.956  -9.595  -0.271 0.7777777910
60905  -20.230  -16.034  5.630 0.3333333433
65102  -20.941  -11.218  3.506 0.7777777910
68251  -20.216  -7.486  2.877 0.3333333433
128988  -19.985  -7.910  4.031 0.1111111119
69098  -20.008  -6.576  2.999 0.1111111119
70790  -19.573  -4.477  2.552 0.4444444478
127499  -19.085  -3.192  2.925 0.3333333433
72342  -19.700  -2.748  2.441 0.3333333433
74676  -20.550  0.409  0.899 0.3333333433
123713  -26.256  -16.042  3.550 0.4444444478
61816  -27.614  -15.674  5.497 0.2222222239
60933  -22.782  -16.465  3.474 0.4444444478
60934  -23.644  -16.625  3.235 0.4444444478
61841  -23.163  -15.840  3.097 0.4444444478
60946  -23.894  -15.952  2.869 0.4444444478
61842  -25.993  -15.944  2.941 0.4444444478
61855  -26.230  -15.246  2.612 0.4444444478
62663  -27.506  -14.387  3.417 0.2222222239
62672  -24.301  -14.567  2.468 0.4444444478
108107  -25.086  -14.938  2.380 0.4444444478
62673  -25.785  -14.645  2.202 0.4444444478
62664  -28.181  -13.899  3.843 0.1111111119
63453  -28.767  -13.483  4.099 0.1111111119
62685  -26.212  -14.044  1.982 0.4444444478
62675  -27.197  -14.185  2.589 0.3333333433
63477  -24.914  -14.054  2.160 0.4444444478
63478  -26.785  -13.825  2.060 0.3333333433
63479  -27.453  -13.486  2.200 0.3333333433
63466  -28.515  -13.283  3.334 0.2222222239
63491  -25.540  -13.560  1.862 0.4444444478
64299  -28.472  -12.419  1.846 0.2222222239
64300  -29.217  -11.994  1.981 0.1111111119
65115  -30.506  -11.363  2.354 0.1111111119
64298  -27.658  -12.741  1.751 0.3333333433
64317  -28.679  -11.811  1.414 0.3333333433
65140  -27.250  -11.014  0.856 0.4444444478
65941  -27.384  -10.519  0.564 0.5555555820
65942  -28.532  -10.265  0.672 0.6666666865
65943  -29.958  -10.329  0.701 0.4444444478
66695  -27.582  -9.859  0.273 0.6666666865
66697  -31.284  -9.299  0.157 0.3333333433
67469  -28.606  -9.378  0.406 0.6666666865
67483  -29.793  -8.194  -0.256 0.5555555820
112674  -28.105  -8.267  -0.115 0.6666666865
68297  -29.861  -7.341  -0.452 0.5555555820
67484  -30.518  -7.971  -0.406 0.5555555820
120380  -31.126  -8.065  -0.404 0.4444444478
69132  -30.913  -6.809  -0.158 0.3333333433
68296  -28.810  -7.638  -0.263 0.5555555820
128916  -30.577  -5.478  0.251 0.4444444478
70000  -30.225  -6.072  -0.228 0.4444444478
70814  -30.474  -4.687  0.616 0.4444444478
112106  -27.311  5.565  -3.486 0.5555555820
79328  -26.478  5.633  -3.951 0.5555555820
80022  -27.784  6.922  -3.317 0.5555555820
113682  -28.442  7.502  -2.571 0.5555555820
80683  -28.983  8.862  -1.989 0.5555555820
60935  -24.989  -16.786  3.310 0.4444444478
61834  -27.333  -15.364  4.630 0.2222222239
63465  -27.836  -13.720  2.957 0.2222222239
112622  -28.997  -12.586  2.840 0.2222222239
65129  -28.314  -11.087  1.011 0.4444444478
65130  -29.349  -11.363  1.366 0.3333333433
123799  -29.401  -9.820  0.517 0.4444444478
69983  -31.083  -6.073  0.289 0.3333333433
70815  -31.322  -5.312  0.596 0.4444444478
79336  -27.031  6.812  -4.114 0.5555555820
80032  -26.342  7.216  -4.714 0.5555555820
110684  -23.557  -15.053  2.756 0.4444444478
66678  -30.866  -9.959  0.647 0.2222222239
112583  -28.886  8.073  -1.868 0.5555555820
60017  -24.258  -17.775  4.250 0.4444444478
60018  -25.094  -17.505  4.486 0.4444444478
61815  -26.864  -15.999  4.924 0.2222222239
60909  -27.103  -16.351  5.781 0.2222222239
114951  -28.271  -15.699  6.091 0.1111111119
60923  -22.314  -16.970  3.957 0.4444444478
60016  -23.427  -17.813  4.144 0.4444444478
62653  -27.844  -14.628  4.423 0.1111111119
62654  -28.751  -14.072  4.728 0.1111111119
125709  -28.172  -15.271  5.554 0.1111111119
63454  -29.385  -13.441  4.546 0.1111111119
63467  -29.682  -12.512  3.520 0.1111111119
64289  -30.438  -12.273  3.683 0.1111111119
65116  -31.352  -11.094  2.608 0.1111111119
65912  -30.920  -10.770  1.855 0.1111111119
124090  -31.445  -9.653  0.752 0.2222222239
67472  -31.678  -8.462  -0.081 0.1111111119
69133  -31.585  -6.807  0.353 0.2222222239
69975  -31.944  -5.890  0.738 0.2222222239
71595  -30.751  -3.698  1.181 0.4444444478
118087  -31.916  -1.829  1.395 0.3333333433
117870  -31.148  -1.872  1.437 0.4444444478
74701  -20.765  0.753  0.244 0.4444444478
75438  -31.563  1.499  1.107 0.4444444478
77836  -31.497  4.298  0.965 0.3333333433
112414  -29.534  8.619  -1.312 0.5555555820
79327  -25.421  5.783  -3.700 0.5555555820
79335  -26.435  6.392  -4.355 0.5555555820
80023  -28.033  7.766  -3.208 0.5555555820
80034  -27.783  8.346  -3.415 0.5555555820
81369  -28.666  9.620  -2.452 0.5555555820
80031  -25.860  6.765  -4.666 0.5555555820
63492  -26.181  -13.224  1.774 0.5555555820
64315  -26.817  -12.045  1.424 0.6666666865
124891  -29.087  -6.899  -0.517 0.5555555820
69152  -29.590  -6.493  -0.501 0.5555555820
73118  -31.521  -1.125  1.379 0.4444444478
78575  -31.163  5.108  0.663 0.3333333433
63493  -26.908  -13.035  1.733 0.3333333433
60948  -25.281  -16.214  2.883 0.4444444478
61833  -26.701  -15.700  4.075 0.4444444478
60925  -26.283  -16.352  4.239 0.3333333433
60936  -25.709  -16.509  3.524 0.4444444478
62636  -27.844  -15.100  5.101 0.1111111119
60026  -23.045  -17.217  3.653 0.4444444478
60027  -23.874  -17.316  3.646 0.4444444478
60028  -24.661  -17.267  3.760 0.4444444478
118510  -24.335  -16.912  3.335 0.4444444478
61853  -24.615  -15.586  2.620 0.4444444478
60947  -24.473  -16.397  2.970 0.4444444478
61854  -25.556  -15.500  2.569 0.4444444478
61843  -26.512  -15.493  3.288 0.4444444478
62662  -26.835  -14.829  2.992 0.4444444478
62674  -26.509  -14.515  2.352 0.4444444478
61844  -27.114  -15.071  3.795 0.2222222239
125107  -29.187  -12.979  3.819 0.1111111119
63438  -29.631  -13.947  5.217 0.1111111119
63480  -28.183  -13.092  2.426 0.3333333433
65114  -29.814  -11.549  2.031 0.1111111119
64301  -29.915  -11.992  2.804 0.1111111119
65131  -30.185  -11.110  1.593 0.1111111119
65104  -30.867  -11.685  3.134 0.1111111119
64316  -27.743  -11.813  1.277 0.3333333433
124360  -29.300  -10.352  0.692 0.4444444478
66696  -30.401  -9.553  0.248 0.3333333433
65925  -29.240  -10.782  0.879 0.4444444478
65927  -30.520  -10.551  1.168 0.3333333433
67471  -30.749  -8.702  -0.262 0.4444444478
67482  -28.778  -8.521  0.121 0.5555555820
67470  -29.626  -9.023  0.141 0.5555555820
68281  -31.414  -7.569  -0.169 0.3333333433
70806  -31.806  -4.509  1.000 0.4444444478
79329  -27.206  6.186  -3.790 0.5555555820
80692  -28.438  8.478  -2.708 0.5555555820
60029  -25.260  -17.030  3.837 0.4444444478
60924  -25.720  -16.910  4.370 0.4444444478
80042  -26.548  8.074  -4.776 0.5555555820
60907  -25.667  -17.276  5.089 0.4444444478
60908  -26.309  -16.746  5.229 0.2222222239
60015  -22.608  -17.702  4.219 0.4444444478
60014  -21.778  -17.469  4.626 0.4444444478
62637  -28.398  -14.772  5.209 0.1111111119
64277  -29.988  -12.835  4.333 0.1111111119
54082  -26.367  -23.704  6.488 0.1111111119
55758  -23.096  -22.105  5.963 0.3333333433
119525  -25.133  -22.900  5.224 0.2222222239
54950  -26.165  -23.098  5.248 0.2222222239
54938  -26.719  -23.157  5.807 0.1111111119
55760  -26.549  -22.709  5.375 0.1111111119
57325  -21.616  -20.309  6.283 0.3333333433
107718  -21.951  -21.112  6.359 0.3333333433
113755  -22.322  -21.966  6.309 0.3333333433
106740  -24.185  -20.813  6.435 0.3333333433
55772  -25.295  -21.990  6.041 0.2222222239
57328  -25.000  -21.022  6.710 0.2222222239
56565  -26.219  -21.954  5.549 0.2222222239
55774  -26.677  -22.192  5.464 0.1111111119
58195  -20.088  -18.658  6.769 0.2222222239
58196  -20.615  -18.814  6.234 0.2222222239
108991  -20.272  -19.460  6.829 0.2222222239
56546  -22.766  -21.276  6.141 0.3333333433
57327  -23.311  -20.680  6.089 0.3333333433
107643  -25.913  -21.278  6.406 0.1111111119
59097  -20.790  -18.221  5.725 0.2222222239
58208  -21.208  -18.824  5.747 0.3333333433
59098  -21.613  -18.332  5.206 0.3333333433
59099  -22.430  -18.816  4.994 0.3333333433
58209  -21.833  -19.176  5.507 0.3333333433
59100  -23.265  -19.051  4.979 0.3333333433
57344  -23.971  -19.994  6.121 0.3333333433
59082  -24.851  -19.329  6.407 0.3333333433
58198  -25.538  -19.433  6.983 0.3333333433
58199  -26.394  -19.746  7.125 0.1111111119
60884  -20.068  -16.766  6.128 0.2222222239
59999  -20.365  -17.491  5.890 0.2222222239
113022  -20.535  -16.795  5.457 0.3333333433
59113  -22.268  -18.178  4.659 0.3333333433
59115  -23.813  -18.429  4.660 0.3333333433
59101  -24.153  -19.086  5.412 0.3333333433
60001  -24.594  -18.208  4.959 0.3333333433
59083  -25.506  -18.569  6.718 0.3333333433
125077  -26.213  -18.738  7.195 0.1111111119
60922  -21.661  -16.465  4.467 0.3333333433
60002  -25.291  -17.816  5.424 0.3333333433
60003  -25.889  -17.384  5.941 0.3333333433
71596  -31.747  -3.391  1.314 0.2222222239
118778  -31.767  0.158  1.135 0.3333333433
73879  -31.945  -0.547  1.221 0.2222222239
106869  -23.884  -22.255  5.900 0.3333333433
55759  -24.604  -22.393  5.822 0.3333333433
55773  -26.001  -22.634  5.240 0.2222222239
56549  -26.759  -21.569  5.864 0.1111111119
59081  -20.251  -18.118  6.377 0.3333333433
58197  -21.208  -19.512  6.156 0.3333333433
57343  -23.134  -20.099  5.728 0.3333333433
107120  -25.651  -20.348  6.929 0.3333333433
125487  -25.530  -17.959  6.254 0.3333333433
54081  -25.680  -24.132  6.555 0.1111111119
54065  -26.384  -24.188  7.294 0.1111111119
115396  -21.402  -21.866  6.730 0.3333333433
118198  -22.730  -22.777  6.029 0.3333333433
111312  -23.514  -22.864  5.643 0.3333333433
54948  -24.767  -23.530  5.147 0.3333333433
54949  -25.521  -23.310  5.198 0.3333333433
114286  -27.032  -24.230  7.747 0.1111111119
54939  -27.616  -22.889  6.252 0.1111111119
57324  -20.856  -20.155  6.598 0.3333333433
56550  -27.600  -21.789  5.745 0.1111111119
59080  -19.846  -18.134  7.064 0.2222222239
57329  -26.575  -20.751  6.657 0.1111111119
59985  -19.984  -17.454  6.633 0.2222222239
59084  -26.858  -18.228  7.141 0.1111111119
59986  -26.133  -17.791  6.812 0.1111111119
60885  -26.637  -17.030  6.240 0.1111111119
60904  -19.840  -16.061  6.395 0.1111111119
72361  -31.812  -2.539  1.421 0.2222222239
74694  -32.666  0.537  0.470 0.2222222239
73891  -33.027  -0.248  0.349 0.2222222239
125113  -20.008  -14.899  5.653 0.2222222239
62635  -20.171  -14.607  5.258 0.3333333433
60906  -21.184  -16.839  4.970 0.4444444478
73119  -32.424  -1.374  1.240 0.2222222239
54918  -27.122  -23.587  7.007 0.1111111119
54937  -25.915  -23.564  5.673 0.1111111119
55771  -24.331  -22.970  5.337 0.3333333433
56545  -21.100  -20.901  6.712 0.2222222239
56547  -23.574  -21.449  6.181 0.3333333433
56548  -24.407  -21.644  6.300 0.3333333433
57326  -22.476  -20.404  5.970 0.3333333433
122178  -21.955  -19.817  5.826 0.3333333433
115826  -27.297  -21.124  6.223 0.1111111119
60000  -21.001  -17.542  5.287 0.3333333433
57342  -22.641  -19.562  5.473 0.3333333433
58210  -23.423  -19.597  5.496 0.3333333433
106670  -24.852  -20.148  6.742 0.3333333433
59102  -24.981  -18.543  5.825 0.3333333433
60883  -19.781  -16.765  6.970 0.2222222239
59114  -22.979  -18.398  4.520 0.3333333433
55757  -21.923  -22.713  6.487 0.3333333433
54934  -23.144  -23.525  5.778 0.3333333433
54935  -23.945  -23.524  5.394 0.3333333433
57318  -20.276  -20.474  7.287 0.2222222239
115855  -32.428  -3.084  1.440 0.1111111119
110233  -32.512  -3.809  1.437 0.1111111119
71589  -33.493  -3.185  1.857 0.1111111119
71597  -33.068  -3.181  1.583 0.1111111119
73120  -33.403  -2.029  1.163 0.1111111119
125311  -34.114  -2.203  1.223 0.1111111119
128809  -32.446  -0.759  1.076 0.1111111119
73132  -34.115  -1.742  0.760 0.1111111119
73880  -33.059  -1.085  0.814 0.1111111119
73892  -33.789  -1.134  0.245 0.1111111119
76234  -32.552  2.335  0.902 0.2222222239
111733  -32.811  3.698  1.080 0.1111111119
77053  -31.932  3.551  1.212 0.2222222239
118800  -32.090  4.922  1.022 0.1111111119
77054  -33.158  3.001  0.866 0.1111111119
77838  -33.048  4.576  1.034 0.1111111119
78576  -31.839  5.787  0.868 0.1111111119
79316  -23.729  6.414  -1.957 0.4444444478
79334  -25.876  6.116  -4.338 0.4444444478
116532  -32.525  6.129  0.919 0.1111111119
80033  -27.236  7.656  -3.938 0.4444444478
80684  -30.061  9.461  -1.133 0.3333333433
80677  -30.332  8.709  -0.692 0.2222222239
79990  -31.328  7.954  0.222 0.1111111119
123431  -32.087  6.602  0.770 0.1111111119
79991  -32.456  7.343  0.654 0.1111111119
80698  -27.201  8.581  -4.036 0.4444444478
112207  -26.712  8.910  -4.904 0.4444444478
81384  -27.000  9.705  -4.979 0.4444444478
81376  -27.840  9.235  -3.371 0.4444444478
81375  -27.599  9.970  -4.076 0.4444444478
82072  -28.669  10.658  -2.522 0.4444444478
82073  -29.230  10.342  -1.905 0.4444444478
82064  -29.831  10.988  -1.455 0.2222222239
82065  -30.445  10.344  -0.950 0.2222222239
118016  -31.047  10.182  -0.350 0.2222222239
81357  -31.541  9.549  0.095 0.2222222239
112460  -30.519  16.322  -1.782 0.1111111119
84718  -31.043  14.319  -0.967 0.1111111119
82050  -32.139  11.027  0.409 0.1111111119
80030  -24.695  7.608  -3.910 0.4444444478
80707  -25.096  8.617  -4.739 0.4444444478
80040  -25.242  7.902  -4.715 0.4444444478
80708  -25.746  8.342  -5.223 0.3333333433
81392  -26.301  9.410  -5.522 0.4444444478
82085  -27.307  10.533  -4.839 0.4444444478
82757  -27.531  11.382  -4.573 0.4444444478
82078  -27.845  10.828  -3.889 0.4444444478
112478  -28.327  10.994  -3.170 0.4444444478
82752  -28.618  11.514  -2.678 0.4444444478
84106  -27.641  13.139  -4.444 0.3333333433
111073  -29.047  12.083  -2.182 0.3333333433
83432  -29.637  12.531  -1.720 0.1111111119
82745  -29.540  11.766  -1.676 0.1111111119
83433  -30.328  12.937  -1.301 0.1111111119
111229  -30.442  11.184  -0.968 0.2222222239
82738  -30.724  11.681  -0.681 0.1111111119
83424  -30.918  12.497  -0.678 0.1111111119
80691  -23.765  8.252  -3.120 0.2222222239
80717  -25.921  9.243  -5.563 0.3333333433
82092  -26.498  10.336  -5.690 0.3333333433
83445  -27.619  12.271  -4.461 0.3333333433
82758  -28.135  11.734  -3.626 0.4444444478
112215  -28.057  13.498  -3.680 0.2222222239
112892  -28.474  13.089  -3.094 0.2222222239
83439  -29.065  13.025  -2.404 0.2222222239
112312  -29.762  13.399  -1.796 0.1111111119
84740  -27.940  14.416  -3.596 0.1111111119
84732  -28.447  14.908  -2.914 0.1111111119
84095  -30.425  13.827  -1.419 0.1111111119
85333  -27.922  15.345  -3.676 0.1111111119
116370  -29.216  15.455  -2.514 0.1111111119
84724  -29.861  14.228  -1.890 0.1111111119
81383  -25.403  9.222  -5.138 0.3333333433
122078  -26.035  9.935  -5.865 0.3333333433
110531  -25.365  10.759  -5.339 0.3333333433
82098  -25.817  11.283  -6.147 0.3333333433
82769  -26.371  11.344  -5.985 0.3333333433
83452  -27.032  12.779  -5.302 0.3333333433
84111  -27.238  13.597  -5.173 0.2222222239
109485  -27.597  13.998  -4.487 0.2222222239
84739  -27.588  14.947  -4.555 0.1111111119
85327  -28.480  15.826  -3.124 0.1111111119
86620  -29.595  17.857  -2.923 0.1111111119
82750  -25.927  11.131  -2.119 0.1111111119
118005  -25.426  12.386  -4.115 0.1111111119
83457  -25.139  12.749  -5.703 0.2222222239
84110  -24.992  13.359  -5.533 0.2222222239
83464  -25.430  12.899  -6.276 0.3333333433
120835  -24.948  14.244  -6.168 0.2222222239
83459  -26.392  12.767  -6.162 0.3333333433
84121  -25.360  13.746  -6.431 0.3333333433
84748  -25.796  14.869  -6.648 0.2222222239
85344  -26.445  15.187  -6.372 0.1111111119
85968  -26.347  16.071  -6.444 0.1111111119
85963  -27.258  16.415  -5.838 0.1111111119
85958  -28.047  16.089  -3.885 0.1111111119
111292  -28.547  17.681  -4.208 0.1111111119
85950  -29.224  16.479  -2.668 0.1111111119
85940  -30.887  17.051  -1.868 0.1111111119
106867  -31.235  16.184  -1.351 0.1111111119
83443  -25.907  11.916  -2.957 0.1111111119
84099  -26.819  13.265  -2.299 0.1111111119
84104  -25.365  13.104  -4.523 0.1111111119
84105  -26.013  13.586  -3.578 0.1111111119
85331  -25.660  15.797  -4.072 0.1111111119
85337  -24.864  15.722  -5.442 0.1111111119
84747  -24.890  14.968  -6.229 0.2222222239
85336  -24.649  16.317  -6.131 0.1111111119
85342  -24.859  15.953  -6.450 0.1111111119
86633  -24.428  18.583  -5.839 0.1111111119
125346  -26.323  17.724  -6.278 0.1111111119
87285  -25.785  18.361  -6.372 0.1111111119
119501  -27.303  17.290  -5.916 0.1111111119
84730  -26.727  14.035  -2.656 0.1111111119
84094  -27.246  13.695  -1.320 0.1111111119
85326  -27.165  14.630  -1.853 0.1111111119
120544  -26.564  16.291  -3.239 0.1111111119
85956  -25.644  16.818  -4.158 0.1111111119
86627  -25.298  17.771  -4.145 0.1111111119
113523  -24.367  18.324  -5.051 0.1111111119
85939  -26.979  15.572  -0.956 0.1111111119
85309  -27.251  15.138  -0.626 0.1111111119
85948  -26.947  16.181  -2.043 0.1111111119
71588  -33.123  -3.832  1.822 0.1111111119
72362  -32.728  -2.411  1.376 0.1111111119
72363  -33.678  -2.685  1.565 0.1111111119
72364  -34.422  -2.272  1.730 0.1111111119
74695  -33.130  0.629  0.092 0.1111111119
74696  -33.551  -0.296  -0.189 0.1111111119
75451  -33.385  1.447  -0.015 0.1111111119
80021  -25.186  6.682  -3.867 0.4444444478
81362  -29.379  9.496  -1.695 0.4444444478
111827  -29.811  10.113  -1.454 0.3333333433
81356  -30.749  9.494  -0.537 0.2222222239
80678  -31.077  8.717  -0.147 0.1111111119
111803  -32.850  6.685  0.808 0.1111111119
115048  -27.265  9.282  -4.235 0.4444444478
82058  -30.958  10.990  -0.383 0.2222222239
84087  -31.543  13.208  -0.412 0.1111111119
110434  -26.997  11.048  -5.389 0.3333333433
85317  -29.914  15.069  -2.028 0.1111111119
109245  -24.836  14.187  -5.915 0.2222222239
85343  -25.580  15.675  -6.616 0.1111111119
112761  -26.323  14.844  -3.290 0.1111111119
86634  -24.541  17.484  -5.147 0.1111111119
87284  -24.981  18.794  -6.310 0.1111111119
85938  -26.738  17.289  -2.023 0.1111111119
86612  -26.882  16.462  -1.128 0.1111111119
72350  -34.506  -2.268  2.734 0.1111111119
72349  -33.944  -2.815  2.213 0.1111111119
75450  -32.755  1.417  0.486 0.2222222239
126680  -32.536  3.069  1.156 0.2222222239
78577  -32.698  5.485  1.013 0.1111111119
79326  -24.561  6.329  -2.807 0.4444444478
121106  -25.445  7.230  -4.602 0.4444444478
83438  -28.556  12.366  -2.899 0.2222222239
83431  -27.406  12.968  -0.877 0.1111111119
85316  -27.087  15.036  -0.995 0.1111111119
85325  -26.809  15.508  -2.666 0.1111111119
72334  -33.958  -2.873  3.119 0.1111111119
70807  -32.616  -4.514  1.456 0.1111111119
71577  -33.536  -3.352  2.486 0.1111111119
122557  -35.169  -1.673  2.646 0.1111111119
73105  -35.316  -1.676  1.707 0.1111111119
73133  -35.025  -1.619  0.252 0.1111111119
73134  -36.394  -1.941  -0.234 0.1111111119
73893  -34.308  -1.232  -0.441 0.1111111119
118868  -34.174  0.429  -1.241 0.1111111119
74707  -34.091  -0.420  -0.918 0.1111111119
75462  -33.933  1.373  -0.703 0.1111111119
118516  -34.195  2.989  -0.731 0.1111111119
77056  -34.199  3.713  -0.135 0.1111111119
78600  -24.129  5.744  -2.467 0.4444444478
77839  -33.955  4.538  0.437 0.1111111119
78578  -33.539  5.349  0.768 0.1111111119
109637  -32.718  8.258  0.556 0.1111111119
79992  -33.407  7.394  0.697 0.1111111119
80007  -23.900  6.949  -2.254 0.4444444478
80020  -24.265  7.238  -3.001 0.4444444478
123015  -34.060  10.145  0.328 0.1111111119
82730  -32.719  11.698  0.467 0.1111111119
81374  -23.828  9.183  -3.456 0.2222222239
81382  -24.570  9.271  -4.305 0.3333333433
82084  -25.001  10.085  -4.677 0.2222222239
84088  -32.257  13.847  -0.184 0.1111111119
82070  -24.099  10.239  -2.754 0.1111111119
82767  -25.209  11.692  -5.317 0.2222222239
85941  -31.761  16.944  -1.461 0.1111111119
82071  -25.066  10.651  -2.519 0.1111111119
122199  -26.154  10.480  -0.661 0.1111111119
113440  -27.156  12.274  -1.159 0.1111111119
83422  -27.344  12.037  -0.779 0.1111111119
86622  -30.908  17.899  -2.263 0.1111111119
83423  -27.528  12.840  -0.684 0.1111111119
83415  -27.697  12.672  -0.266 0.1111111119
87904  -25.829  20.008  -6.192 0.1111111119
87279  -27.081  19.414  -6.041 0.1111111119
87898  -29.110  19.478  -4.392 0.1111111119
87273  -29.995  19.303  -3.602 0.1111111119
84077  -27.662  13.787  -0.460 0.1111111119
84710  -27.618  14.449  -0.316 0.1111111119
86619  -26.149  18.092  -3.127 0.1111111119
87897  -24.565  20.908  -4.590 0.1111111119
125144  -26.834  17.519  -1.224 0.1111111119
75439  -32.171  1.645  0.860 0.1111111119
109708  -31.651  7.243  0.506 0.1111111119
77837  -32.303  4.222  1.105 0.2222222239
125390  -26.084  7.863  -5.192 0.4444444478
73121  -34.796  -1.857  1.028 0.1111111119
76235  -33.229  2.242  0.418 0.1111111119
77055  -33.555  3.741  0.687 0.1111111119
76236  -33.771  2.914  0.190 0.1111111119
118535  -33.165  6.060  0.892 0.1111111119
80670  -31.832  8.606  0.332 0.1111111119
82753  -29.109  11.239  -2.021 0.2222222239
82746  -30.201  11.941  -1.209 0.1111111119
82059  -31.535  10.523  0.129 0.2222222239
81346  -32.285  10.136  0.416 0.1111111119
85318  -30.527  15.592  -1.597 0.1111111119
110022  -30.071  16.767  -2.203 0.1111111119
107226  -31.525  13.927  -0.578 0.1111111119
84725  -30.489  14.704  -1.494 0.1111111119
85319  -31.147  15.226  -1.067 0.1111111119
84719  -31.845  14.779  -0.510 0.1111111119
113876  -33.135  10.778  0.432 0.1111111119
82729  -31.915  11.782  0.267 0.2222222239
83446  -28.141  12.686  -3.720 0.3333333433
83425  -31.656  12.466  -0.101 0.2222222239
82091  -25.990  10.751  -6.135 0.3333333433
84100  -28.599  13.891  -2.845 0.2222222239
84101  -29.327  13.818  -2.257 0.1111111119
81391  -25.721  10.105  -5.733 0.3333333433
82762  -25.096  10.996  -4.436 0.1111111119
83458  -26.001  12.203  -6.375 0.3333333433
84117  -26.586  13.595  -6.082 0.2222222239
84744  -27.101  14.467  -5.605 0.1111111119
85338  -27.195  15.506  -5.702 0.1111111119
85332  -27.651  15.845  -4.650 0.1111111119
123520  -28.527  16.711  -3.578 0.1111111119
85949  -29.045  17.341  -3.157 0.1111111119
86629  -29.065  18.026  -3.509 0.1111111119
86621  -30.230  17.531  -2.419 0.1111111119
87272  -29.474  18.574  -3.516 0.1111111119
82063  -25.768  10.508  -1.485 0.1111111119
82756  -25.231  11.217  -3.298 0.1111111119
115190  -25.196  11.715  -4.322 0.1111111119
83451  -25.042  12.505  -5.063 0.1111111119
84116  -25.944  13.162  -6.586 0.3333333433
84749  -26.399  14.429  -6.377 0.2222222239
85967  -25.292  16.505  -6.502 0.1111111119
86638  -26.218  16.972  -6.335 0.1111111119
85957  -27.965  16.786  -4.802 0.1111111119
87271  -28.752  18.662  -4.210 0.1111111119
86628  -28.017  17.679  -5.407 0.1111111119
83444  -26.083  12.802  -3.270 0.1111111119
83437  -26.726  12.531  -1.990 0.1111111119
84737  -25.204  14.049  -4.915 0.1111111119
84738  -25.342  14.932  -4.585 0.1111111119
85962  -24.792  16.581  -5.268 0.1111111119
84743  -24.853  14.923  -5.707 0.1111111119
113048  -24.740  15.610  -6.239 0.1111111119
85961  -24.638  17.186  -5.940 0.1111111119
86637  -24.965  17.697  -6.346 0.1111111119
87278  -24.421  19.369  -5.048 0.1111111119
118165  -27.064  18.284  -6.033 0.1111111119
87280  -28.136  18.525  -5.286 0.1111111119
84731  -27.260  14.324  -1.072 0.1111111119
120939  -27.038  15.347  -1.468 0.1111111119
85947  -26.530  17.064  -3.181 0.1111111119
87270  -24.883  18.813  -4.151 0.1111111119
109354  -32.448  9.213  0.427 0.1111111119
83417  -32.398  12.458  0.302 0.1111111119
84080  -32.803  13.213  0.269 0.1111111119
106817  -24.877  20.143  -5.443 0.1111111119
86611  -26.523  18.288  -2.061 0.1111111119
84085  -27.476  13.686  -0.741 0.1111111119
76248  -33.721  2.141  -0.214 0.1111111119
81347  -33.165  9.743  0.445 0.1111111119
83418  -33.278  12.462  0.470 0.1111111119
84720  -32.771  14.663  -0.275 0.1111111119
82077  -24.634  10.664  -3.567 0.1111111119
122476  -24.491  9.959  -1.353 0.1111111119
85310  -31.850  15.734  -0.746 0.1111111119
82751  -26.595  11.721  -1.568 0.1111111119
118550  -24.679  19.773  -4.157 0.1111111119
87890  -25.153  20.455  -3.353 0.1111111119
54933  -22.360  -23.497  6.272 0.2222222239
111307  -20.533  -10.270  3.651 0.2222222239
66650  -20.453  -9.474  3.403 0.2222222239
120880  -20.569  -11.296  3.906 0.3333333433
66651  -20.599  -9.910  3.389 0.4444444478
78599  -23.340  5.778  -1.783 0.3333333433
78598  -22.627  5.776  -1.174 0.2222222239
80006  -23.329  7.203  -1.441 0.1111111119
80019  -23.675  7.640  -2.215 0.1111111119
75445  -20.611  1.358  0.274 0.2222222239
65089  -20.532  -11.740  4.269 0.2222222239
75418  -19.821  1.674  2.582 0.1111111119
77047  -20.083  4.418  1.536 0.1111111119
77844  -20.865  4.728  0.856 0.1111111119
78587  -22.341  5.544  -0.841 0.1111111119
79301  -23.008  7.060  -0.651 0.1111111119
118669  -23.537  7.958  -1.344 0.1111111119
80682  -23.594  8.562  -1.932 0.1111111119
63437  -20.270  -13.401  4.811 0.2222222239
65068  -20.470  -11.980  4.533 0.2222222239
69947  -19.874  -5.734  2.855 0.2222222239
119279  -22.203  5.243  -1.047 0.1111111119
69087  -19.956  -6.105  2.928 0.1111111119
69934  -19.802  -4.847  3.323 0.3333333433
65887  -20.479  -11.109  3.984 0.2222222239
77816  -20.670  4.489  1.250 0.1111111119
79315  -22.986  6.453  -1.241 0.1111111119
77830  -21.594  4.857  0.711 0.1111111119
78573  -22.143  5.590  0.528 0.1111111119
79300  -22.539  6.217  0.286 0.1111111119
77845  -21.916  4.904  -0.797 0.1111111119
65913  -31.638  -10.330  2.139 0.1111111119
54078  -22.839  -24.264  6.189 0.1111111119
126798  -23.553  -24.030  5.675 0.1111111119
54080  -24.359  -24.475  6.064 0.1111111119
115639  -21.324  -24.054  7.224 0.1111111119
54917  -21.610  -23.428  6.795 0.1111111119
55743  -21.218  -22.710  7.011 0.1111111119
56532  -20.621  -21.453  7.226 0.1111111119
63400  -20.274  -13.831  7.047 0.1111111119
66636  -20.305  -9.379  4.416 0.1111111119
65902  -20.588  -10.702  3.700 0.1111111119
72341  -19.502  -2.779  2.639 0.2222222239
120084  -19.680  -2.236  2.666 0.2222222239
72327  -19.674  -2.196  2.636 0.2222222239
73072  -18.786  -1.381  3.845 0.2222222239
54916  -20.959  -23.366  7.337 0.1111111119
67419  -20.102  -8.496  4.104 0.1111111119
67429  -20.294  -8.758  3.197 0.1111111119
120290  -20.734  -23.912  7.671 0.1111111119
54063  -22.348  -24.766  6.738 0.1111111119
54079  -23.628  -24.514  6.101 0.1111111119
54089  -24.265  -24.107  5.491 0.1111111119
55742  -20.588  -22.719  7.530 0.1111111119
55741  -20.272  -22.026  7.738 0.1111111119
57317  -19.531  -20.413  8.107 0.1111111119
58188  -19.686  -19.658  7.684 0.1111111119
62619  -19.895  -14.297  6.528 0.1111111119
63418  -20.598  -13.029  6.683 0.1111111119
119054  -20.511  -11.595  4.285 0.1111111119
66616  -20.603  -9.540  5.058 0.1111111119
72315  -19.622  -2.074  3.330 0.2222222239
73837  -18.613  -0.678  3.956 0.2222222239
74649  -19.331  0.477  3.831 0.1111111119
54936  -25.077  -24.054  5.550 0.1111111119
74664  -19.379  -0.233  3.547 0.2222222239
74665  -20.325  -0.615  2.307 0.1111111119
64259  -20.408  -12.648  4.668 0.1111111119
71568  -19.512  -3.116  3.143 0.2222222239
68240  -20.155  -8.014  3.026 0.1111111119
62634  -20.130  -14.180  5.161 0.1111111119
58187  -19.725  -18.848  7.396 0.1111111119
56533  -20.803  -22.164  7.207 0.1111111119
114452  -20.407  -10.406  4.775 0.1111111119
63417  -20.145  -13.515  6.217 0.1111111119
65852  -20.478  -11.113  5.288 0.1111111119
54077  -21.995  -24.169  6.642 0.1111111119
54062  -21.715  -24.765  7.169 0.1111111119
54907  -20.358  -23.344  7.897 0.1111111119
72316  -20.056  -2.286  3.401 0.1111111119
56531  -19.927  -21.234  7.908 0.1111111119
62606  -19.881  -14.618  7.426 0.1111111119
62607  -20.464  -14.101  7.746 0.1111111119
64231  -20.349  -12.615  5.936 0.1111111119
73847  -20.060  -0.065  5.033 0.1111111119
74640  -19.559  0.394  4.603 0.1111111119
76228  -19.695  3.179  1.623 0.1111111119
70777  -19.593  -3.991  3.257 0.1111111119
75430  -19.768  2.292  2.002 0.1111111119
77046  -19.880  3.866  1.125 0.1111111119
55761  -27.187  -22.465  5.627 0.1111111119
65926  -29.855  -10.876  1.081 0.3333333433
65928  -31.226  -10.165  1.285 0.2222222239
66706  -27.882  -9.014  0.068 0.7777777910
67440  -20.310  -8.489  2.966 0.1111111119
67466  -23.253  -9.221  0.553 1.0000000000
68298  -30.723  -7.431  -0.390 0.5555555820
69108  -20.071  -6.797  2.974 0.2222222239
69153  -30.279  -6.817  -0.415 0.5555555820
69958  -19.748  -5.249  2.723 0.3333333433
70765  -20.001  -4.439  3.557 0.1111111119
70791  -19.622  -4.171  2.378 0.4444444478
71609  -21.791  -3.260  -0.101 0.7777777910
72313  -19.293  -1.246  3.493 0.2222222239
72314  -19.272  -1.493  3.553 0.2222222239
73073  -18.994  -1.198  4.490 0.2222222239
73098  -20.154  -1.585  2.397 0.2222222239
73130  -28.149  -1.322  0.423 0.7777777910
73836  -19.035  -0.974  3.655 0.2222222239
73838  -19.442  -0.377  4.521 0.2222222239
73846  -19.325  -0.921  3.458 0.2222222239
73860  -20.159  -1.149  2.520 0.2222222239
73899  -21.021  0.117  0.071 0.6666666865
73903  -27.150  -0.811  -0.279 0.7777777910
74639  -19.128  -0.324  3.707 0.2222222239
74675  -20.471  -0.243  1.811 0.1111111119
74684  -31.291  0.720  1.211 0.5555555820
74691  -27.364  0.531  -0.259 0.8888888955
74706  -33.659  0.586  -0.461 0.1111111119
75476  -24.279  1.395  -2.275 0.7777777910
75479  -26.273  1.916  -2.539 0.7777777910
76212  -19.590  3.212  2.443 0.1111111119
76220  -30.663  2.894  1.160 0.4444444478
76243  -20.918  2.248  -0.510 0.4444444478
76257  -27.319  2.906  -2.148 0.6666666865
77042  -31.914  2.749  1.252 0.2222222239
77833  -29.065  4.008  -0.070 0.5555555820
77859  -28.088  4.117  -2.148 0.6666666865
77869  -24.312  4.470  -2.789 0.6666666865
78562  -22.294  5.411  0.719 0.1111111119
79314  -22.686  6.221  -0.818 0.1111111119
79318  -29.256  6.926  -1.072 0.5555555820
80041  -25.806  7.486  -5.014 0.4444444478
80697  -24.450  8.468  -4.086 0.4444444478
80709  -26.155  8.573  -5.347 0.4444444478
82062  -24.789  10.175  -1.827 0.1111111119
82079  -28.126  10.232  -3.182 0.4444444478
82090  -25.620  11.079  -5.912 0.3333333433
82737  -27.346  11.807  -0.573 0.1111111119
82739  -31.247  11.776  -0.207 0.2222222239
82743  -26.430  10.914  -1.157 0.1111111119
82763  -27.054  11.829  -5.273 0.3333333433
82768  -25.959  11.456  -6.258 0.3333333433
82773  -25.551  11.914  -6.004 0.3333333433
83426  -32.109  13.048  -0.008 0.1111111119
84086  -30.943  13.450  -0.889 0.1111111119
84093  -27.191  12.939  -1.372 0.1111111119
84115  -24.986  13.578  -6.017 0.2222222239
84717  -27.433  14.447  -0.636 0.1111111119
84733  -29.251  14.550  -2.399 0.1111111119
84752  -25.269  14.549  -6.492 0.2222222239
85348  -25.089  15.303  -6.525 0.2222222239
85951  -29.912  15.947  -2.102 0.1111111119
85966  -24.824  16.658  -6.258 0.1111111119
87277  -24.650  19.219  -5.830 0.1111111119
87910  -25.125  19.449  -6.125 0.1111111119
87911  -25.900  19.117  -6.411 0.1111111119
110149  -27.441  14.885  -0.397 0.1111111119
110607  -25.205  -2.249  -1.515 1.0000000000
112936  -26.571  12.182  -5.829 0.3333333433
113434  -25.917  14.032  -6.646 0.3333333433
113629  -19.331  -2.688  3.004 0.2222222239
113920  -32.410  -0.139  0.850 0.2222222239
115647  -19.043  -1.613  4.082 0.2222222239
116811  -28.590  2.763  0.170 0.5555555820
116861  -21.039  -1.364  0.427 0.5555555820
117177  -26.336  -8.351  -0.599 1.0000000000
117373  -31.518  11.223  0.124 0.2222222239
117994  -23.168  0.814  -1.785 0.7777777910
118011  -24.405  5.116  -2.838 0.5555555820
118197  -25.582  -7.015  -0.665 1.0000000000
119108  -24.872  -4.474  -0.799 1.0000000000
120199  -26.262  -0.653  -1.582 0.8888888955
121089  -21.428  -2.729  0.092 0.7777777910
122628  -24.840  15.519  -6.402 0.2222222239
122866  -33.505  6.597  0.747 0.1111111119
123210  -33.986  2.567  -0.414 0.1111111119
123488  -18.880  0.069  4.155 0.1111111119
124011  -31.990  7.888  0.490 0.1111111119
124919  -29.671  7.348  -0.799 0.4444444478
125661  -24.683  0.696  -2.455 0.7777777910
126515  -29.616  17.214  -2.601 0.1111111119
127224  -29.707  1.910  0.929 0.5555555820
127962  -34.803  -1.959  2.200 0.1111111119
128024  -24.380  17.906  -5.752 0.1111111119
128066  -25.445  -11.747  1.261 0.8888888955
128166  -19.843  -4.495  2.168 0.4444444478
128523  -25.839  14.288  -3.814 0.1111111119
128852  -31.973  16.398  -1.028 0.1111111119
