#!ascii label  , from subject sub-v2s18x29508_ses-1 vox2ras=TkReg
1510
117794  -26.631  -51.092  15.005 0.5000000000
20991  -27.012  -50.474  15.216 0.4000000060
20992  -27.858  -50.330  15.727 0.6000000238
21704  -27.329  -49.683  15.353 0.6000000238
21716  -26.749  -49.264  14.544 0.6000000238
127612  -26.822  -49.871  14.797 0.5000000000
132403  -26.747  -48.754  14.342 0.6000000238
21705  -28.144  -49.515  15.849 0.6999999881
20978  -28.720  -50.156  16.326 0.6999999881
126367  -27.569  -48.865  15.491 0.6999999881
21703  -26.916  -49.033  15.008 0.6999999881
22492  -26.822  -48.478  14.733 0.6999999881
132084  -26.957  -48.720  13.956 0.5000000000
23343  -26.905  -47.946  14.386 0.6999999881
21727  -26.761  -49.431  14.099 0.5000000000
121120  -24.448  -50.718  20.422 0.5000000000
22484  -27.762  -48.046  15.657 0.6999999881
23333  -26.872  -47.645  14.877 0.6999999881
22493  -27.042  -48.208  15.155 0.6999999881
23334  -27.237  -47.302  15.284 0.6999999881
137171  -27.143  -47.577  14.084 0.6000000238
21654  -31.290  -48.714  18.989 0.6999999881
22457  -30.897  -48.469  18.247 0.6999999881
130966  -28.750  -49.302  16.340 0.6999999881
22485  -29.163  -48.602  16.608 0.6999999881
20934  -24.288  -50.154  19.837 0.6000000238
19505  -23.144  -52.092  19.209 0.4000000060
21696  -28.328  -48.699  16.043 0.6999999881
23350  -27.132  -47.149  14.302 0.6999999881
24213  -27.162  -46.360  14.559 0.6999999881
23351  -27.524  -47.197  13.838 0.6000000238
125013  -31.448  -47.685  20.165 0.6999999881
22444  -31.427  -48.220  19.580 0.6999999881
22470  -30.413  -48.281  17.527 0.6999999881
22458  -31.230  -47.878  18.840 0.6999999881
132701  -31.419  -47.525  19.455 0.6999999881
22418  -25.570  -48.684  21.127 0.6000000238
23298  -30.787  -47.447  18.014 0.6999999881
23322  -29.380  -47.626  16.663 0.6999999881
23310  -30.194  -47.506  17.171 0.6999999881
23299  -31.242  -46.893  18.932 0.6999999881
128767  -23.435  -49.933  18.796 0.5000000000
20933  -23.696  -50.367  19.269 0.5000000000
124605  -27.854  -46.756  15.683 0.6999999881
23335  -28.035  -47.342  15.805 0.6999999881
24165  -30.826  -46.403  18.151 0.6999999881
20248  -22.884  -51.437  18.655 0.4000000060
24202  -26.972  -46.822  14.937 0.6999999881
24191  -28.695  -46.737  16.248 0.6999999881
23311  -30.396  -46.687  17.429 0.6999999881
19520  -21.914  -52.418  18.117 0.4000000060
124334  -29.964  -46.094  17.124 0.6999999881
24180  -30.441  -45.847  17.594 0.6999999881
120698  -26.942  -47.205  14.671 0.6999999881
24203  -27.335  -46.387  15.280 0.6999999881
25089  -29.057  -45.061  16.643 0.6999999881
24192  -29.345  -45.920  16.688 0.6999999881
25088  -28.553  -45.597  16.310 0.6999999881
24224  -27.381  -46.345  14.028 0.6000000238
25107  -27.252  -45.277  14.571 0.6999999881
127148  -28.387  -44.193  13.451 0.5000000000
25924  -28.428  -44.954  13.463 0.5000000000
25121  -30.006  -45.528  13.547 0.4000000060
24157  -31.408  -46.137  19.564 0.6999999881
23271  -25.311  -47.459  20.650 0.6000000238
24179  -29.750  -46.770  16.812 0.6999999881
21653  -24.519  -49.366  19.970 0.5000000000
24166  -31.154  -45.887  18.794 0.6999999881
24204  -28.006  -46.006  15.791 0.6999999881
25099  -27.171  -45.937  14.954 0.6999999881
25087  -27.934  -45.061  16.001 0.6999999881
131651  -27.152  -43.448  13.696 0.6999999881
25923  -27.427  -44.576  13.875 0.6999999881
25117  -27.364  -45.413  14.159 0.6999999881
26693  -27.618  -43.865  13.577 0.6999999881
117714  -28.180  -46.226  22.495 0.6999999881
25000  -28.783  -45.722  22.555 0.6999999881
132813  -29.805  -45.626  22.311 0.8000000119
121295  -30.176  -45.227  22.062 0.8000000119
120657  -27.179  -46.573  22.188 0.6000000238
24112  -27.464  -45.987  22.319 0.6000000238
133081  -28.003  -45.300  22.485 0.6000000238
25023  -30.664  -45.848  21.579 0.8000000119
24135  -26.741  -46.068  21.946 0.6000000238
25022  -26.147  -45.462  21.448 0.6000000238
25037  -31.475  -45.483  20.178 0.6999999881
118815  -25.912  -47.196  21.331 0.6000000238
24134  -26.046  -46.350  21.396 0.6000000238
23270  -24.795  -47.773  20.061 0.6000000238
24146  -24.841  -46.859  20.083 0.6000000238
25048  -31.403  -45.283  19.376 0.6999999881
21652  -23.888  -49.496  19.295 0.5000000000
22443  -24.319  -48.135  19.543 0.6000000238
25061  -30.796  -45.618  18.191 0.6999999881
25100  -27.521  -45.541  15.425 0.6999999881
25073  -29.956  -45.223  17.029 0.6999999881
26682  -26.923  -43.669  14.179 0.8000000119
25910  -27.248  -44.480  14.187 0.6999999881
25867  -29.541  -44.348  16.780 0.6999999881
26692  -27.110  -43.802  13.895 0.8000000119
123263  -27.305  -45.050  15.065 0.6999999881
25881  -27.659  -44.336  15.863 0.6999999881
25925  -28.973  -44.563  13.439 0.5000000000
25926  -29.658  -44.616  13.691 0.5000000000
26696  -29.554  -43.774  13.922 0.5000000000
25927  -30.636  -45.058  14.213 0.4000000060
136749  -27.658  -44.598  22.368 0.6000000238
123519  -28.694  -44.993  22.509 0.6999999881
25786  -29.032  -44.346  22.471 0.8000000119
25001  -29.412  -45.163  22.412 0.8999999762
24999  -27.027  -45.135  22.111 0.6000000238
25812  -30.439  -44.505  21.802 0.8000000119
132164  -30.782  -45.025  21.413 0.8000000119
25813  -31.286  -44.820  20.758 0.8000000119
116599  -25.603  -45.877  20.934 0.6000000238
120857  -25.058  -45.948  20.376 0.6000000238
25832  -31.533  -44.655  19.951 0.8000000119
22442  -23.717  -48.579  19.056 0.6000000238
23284  -24.416  -47.330  19.565 0.6000000238
137850  -24.473  -46.763  19.578 0.6000000238
21668  -23.325  -49.302  18.642 0.5000000000
25855  -30.787  -44.156  17.991 0.6999999881
26634  -31.271  -43.979  18.716 0.6999999881
20966  -22.424  -50.817  18.079 0.5000000000
21667  -22.687  -49.201  18.095 0.5000000000
25074  -30.551  -45.014  17.762 0.6999999881
25897  -27.172  -44.396  14.638 0.8000000119
125573  -27.561  -44.852  15.544 0.6999999881
25882  -28.097  -44.357  16.262 0.6999999881
25883  -28.716  -44.364  16.540 0.6999999881
25898  -27.321  -44.333  15.254 0.6999999881
25784  -27.133  -44.171  22.052 0.6999999881
26591  -27.329  -43.496  22.138 0.6999999881
26573  -28.523  -43.682  22.496 0.8000000119
26574  -29.364  -43.528  22.394 0.8000000119
25811  -26.245  -44.359  21.419 0.6999999881
26572  -27.803  -43.912  22.413 0.8000000119
26575  -30.101  -43.375  22.155 0.8000000119
25036  -25.469  -45.011  20.722 0.6000000238
115197  -30.934  -44.100  21.314 0.8000000119
122748  -31.416  -43.956  20.542 0.6999999881
23283  -23.863  -47.680  19.127 0.6000000238
24155  -24.039  -46.757  19.124 0.6000000238
26624  -31.521  -43.766  19.575 0.8000000119
26613  -31.535  -43.117  20.280 0.6999999881
124893  -23.391  -48.004  18.668 0.6000000238
127590  -31.517  -42.957  19.552 0.8000000119
127761  -22.060  -49.846  17.611 0.4000000060
25868  -30.263  -44.280  17.273 0.6999999881
26633  -30.968  -43.275  18.240 0.6999999881
19534  -20.260  -52.513  16.589 0.4000000060
26646  -29.828  -43.514  16.977 0.6999999881
26672  -27.370  -43.797  15.528 0.8000000119
26660  -28.382  -43.834  16.425 0.6999999881
124948  -27.428  -43.107  13.504 0.6999999881
26694  -28.314  -43.368  13.445 0.5000000000
26684  -30.185  -43.415  14.577 0.5000000000
25911  -31.031  -44.534  14.744 0.4000000060
26590  -26.672  -43.481  21.642 0.6000000238
27441  -27.890  -43.032  22.451 0.6999999881
27443  -29.693  -42.685  22.346 0.8000000119
26592  -30.674  -43.277  21.653 0.8000000119
25035  -24.796  -45.215  19.999 0.6000000238
27444  -30.349  -42.593  22.006 0.8000000119
25047  -24.424  -45.315  19.362 0.6000000238
27461  -30.942  -42.501  21.471 0.8000000119
26593  -31.266  -43.223  21.088 0.8000000119
23297  -23.409  -47.264  18.603 0.6000000238
25046  -24.008  -45.759  18.870 0.6000000238
122466  -31.381  -43.140  18.921 0.8999999762
27488  -31.527  -42.377  19.932 0.8000000119
27510  -30.623  -42.510  17.886 0.8000000119
27498  -31.106  -42.462  18.538 0.8000000119
22455  -22.573  -48.556  17.940 0.5000000000
126679  -29.345  -41.867  17.085 0.8000000119
26647  -30.445  -43.395  17.578 0.6999999881
21680  -22.081  -48.934  17.499 0.4000000060
27542  -26.211  -42.193  13.958 0.8000000119
26671  -26.943  -43.597  14.778 0.8000000119
27534  -27.245  -43.092  15.496 0.8000000119
26659  -27.816  -43.616  16.093 0.8000000119
27524  -29.230  -42.804  16.788 0.6999999881
118115  -26.742  -42.997  13.813 0.8000000119
26661  -29.035  -43.657  16.653 0.6999999881
128714  -26.489  -42.208  13.731 0.8000000119
119306  -27.114  -42.153  15.592 0.8000000119
27556  -28.726  -42.749  13.642 0.6000000238
27555  -27.928  -42.556  13.401 0.6000000238
26683  -29.428  -43.039  14.122 0.5000000000
27459  -26.340  -42.681  21.377 0.6000000238
128977  -25.566  -43.941  20.704 0.6000000238
124151  -28.291  -42.177  22.548 0.6999999881
25831  -24.992  -44.314  20.189 0.6000000238
26589  -25.980  -43.365  21.109 0.6000000238
28314  -26.003  -41.838  21.193 0.6000000238
26611  -25.114  -43.442  20.244 0.6000000238
132951  -30.590  -41.938  21.833 0.8000000119
25843  -24.543  -44.579  19.532 0.6000000238
28302  -30.022  -41.791  22.310 0.6999999881
24164  -23.447  -46.399  18.497 0.5000000000
27478  -31.420  -42.402  20.825 0.8000000119
24163  -22.791  -46.854  18.053 0.3000000119
127717  -31.257  -41.736  18.912 0.8000000119
128242  -31.428  -41.834  19.522 0.8000000119
128820  -30.804  -41.732  18.284 0.8000000119
28364  -28.744  -41.144  16.820 0.8000000119
27533  -26.586  -42.730  14.778 0.8000000119
27523  -28.468  -43.109  16.434 0.8000000119
27509  -29.962  -42.613  17.329 0.6999999881
27522  -27.824  -42.660  16.093 0.8000000119
126352  -27.094  -42.410  13.491 0.6999999881
27544  -28.433  -41.980  13.713 0.6000000238
26673  -30.933  -43.000  15.219 0.3000000119
28315  -26.726  -42.044  21.740 0.6000000238
28316  -27.494  -42.212  22.288 0.6999999881
28299  -27.773  -41.523  22.566 0.6999999881
28300  -28.591  -41.382  22.731 0.6999999881
27508  -20.743  -41.459  16.467 0.5000000000
26612  -25.533  -43.183  20.632 0.6000000238
27458  -25.737  -42.545  20.835 0.6000000238
25854  -23.609  -44.271  18.460 0.5000000000
26632  -24.178  -43.983  19.018 0.5000000000
27477  -25.207  -42.594  20.317 0.6000000238
28317  -30.535  -41.225  21.986 0.6999999881
25071  -22.350  -45.312  17.167 0.3000000119
131179  -23.413  -45.712  18.341 0.5000000000
29198  -31.293  -40.841  20.721 0.8000000119
28353  -30.558  -40.982  18.127 0.8999999762
29227  -31.102  -40.357  19.110 0.8999999762
28344  -31.358  -41.087  19.485 0.8000000119
136375  -31.400  -40.932  20.122 0.8000000119
22468  -22.119  -48.142  17.462 0.4000000060
28365  -29.475  -40.974  17.359 0.8999999762
28366  -30.181  -41.620  17.647 0.8999999762
28390  -26.007  -41.847  14.161 0.8000000119
124632  -26.283  -42.323  14.309 0.8000000119
123679  -28.507  -42.108  16.532 0.8000000119
28403  -26.731  -41.710  13.539 0.6999999881
28392  -29.934  -41.738  15.018 0.6000000238
27546  -30.062  -42.600  14.791 0.6000000238
28298  -27.094  -41.570  22.190 0.6000000238
28331  -25.349  -41.627  20.513 0.6000000238
29162  -28.856  -40.550  23.096 0.8000000119
26631  -23.470  -43.205  18.430 0.6000000238
26622  -24.234  -43.101  19.188 0.5000000000
128671  -24.713  -41.845  19.803 0.6000000238
28301  -29.417  -41.174  22.638 0.6999999881
29180  -30.451  -40.400  22.173 0.8000000119
25865  -22.627  -44.427  17.378 0.4000000060
25058  -22.890  -45.988  17.912 0.4000000060
29181  -30.888  -40.684  21.495 0.8000000119
29226  -30.745  -40.481  18.534 0.8000000119
29214  -31.291  -40.302  20.011 0.8000000119
29236  -28.938  -40.316  17.110 0.8999999762
29238  -30.391  -40.267  18.058 0.8000000119
28381  -26.754  -41.334  15.571 0.8000000119
29254  -27.264  -40.713  16.157 0.8000000119
28379  -25.784  -41.279  14.410 0.8000000119
115611  -27.972  -41.285  16.422 0.8000000119
28375  -27.788  -41.926  16.160 0.8000000119
28402  -26.081  -41.581  13.791 0.8000000119
134649  -26.099  -41.181  15.049 0.8000000119
29278  -28.085  -41.206  13.872 0.6999999881
30133  -29.074  -39.935  14.925 0.6000000238
29255  -29.438  -40.440  14.988 0.6000000238
29256  -30.370  -40.218  15.308 0.6000000238
29178  -25.658  -40.951  21.044 0.6000000238
30044  -27.073  -39.887  22.710 0.8000000119
29161  -27.951  -40.752  22.906 0.6999999881
29223  -20.871  -40.172  18.022 0.5000000000
27487  -23.912  -41.510  19.172 0.5000000000
134527  -29.591  -40.509  22.803 0.8000000119
120098  -30.044  -40.858  22.460 0.6999999881
28352  -23.046  -41.137  18.406 0.5000000000
136650  -24.333  -42.359  19.356 0.5000000000
29150  -29.428  -39.919  23.099 0.8000000119
27496  -21.697  -41.600  17.241 0.5000000000
29163  -30.018  -40.065  22.685 0.8000000119
30056  -30.479  -39.450  22.279 0.8000000119
30073  -31.083  -40.049  20.929 0.8000000119
30057  -30.742  -39.960  21.654 0.8000000119
29237  -29.721  -40.105  17.579 0.8000000119
134962  -30.983  -39.601  19.462 0.8000000119
29253  -26.363  -40.644  15.577 0.8000000119
29245  -28.119  -40.379  16.646 0.8000000119
28401  -25.767  -41.394  13.982 0.8000000119
29252  -25.574  -40.693  14.850 0.8000000119
125207  -27.154  -41.090  13.537 0.6999999881
29277  -26.271  -40.998  13.580 0.6999999881
29268  -28.597  -40.560  14.505 0.6999999881
30143  -26.682  -40.273  13.675 0.6999999881
29267  -27.712  -40.452  14.106 0.6999999881
30131  -27.514  -39.638  14.301 0.6999999881
30132  -28.385  -39.818  14.626 0.6999999881
30042  -25.170  -38.634  21.689 0.8000000119
134481  -25.824  -40.429  21.482 0.6000000238
30043  -25.951  -39.198  22.200 0.6000000238
27475  -23.370  -42.090  20.902 0.6000000238
28329  -21.678  -40.538  19.670 0.5000000000
29197  -25.010  -40.509  20.529 0.6000000238
30072  -24.465  -39.263  20.559 0.6000000238
29148  -28.106  -39.996  23.248 0.8000000119
25809  -24.035  -44.597  21.461 0.6000000238
127781  -23.912  -42.906  21.314 0.6000000238
28312  -23.374  -41.088  21.158 0.6000000238
30905  -21.633  -38.303  19.805 0.5000000000
30086  -23.162  -39.360  19.372 0.5000000000
25748  -23.398  -44.558  24.472 0.5000000000
25783  -24.444  -44.791  23.227 0.5000000000
132216  -24.709  -43.129  22.774 0.6000000238
27457  -24.190  -42.138  21.630 0.6000000238
30093  -21.476  -39.312  18.680 0.5000000000
135801  -22.503  -38.440  19.668 0.5000000000
30031  -29.116  -39.248  23.361 0.8000000119
30032  -29.838  -39.143  22.927 0.8000000119
25749  -24.057  -44.384  24.314 0.5000000000
28342  -23.224  -40.339  18.834 0.5000000000
25747  -22.522  -44.616  24.433 0.4000000060
30874  -30.327  -38.655  22.589 0.6999999881
30907  -30.945  -38.770  19.698 0.8000000119
117060  -30.862  -39.198  21.333 0.8000000119
130120  -29.134  -39.659  17.305 0.8000000119
30103  -30.248  -39.502  17.975 0.8000000119
30896  -31.020  -38.548  20.586 0.8000000119
30087  -30.787  -39.047  19.013 0.8000000119
30914  -30.479  -38.873  18.413 0.8000000119
29266  -25.231  -40.593  14.140 0.8999999762
129035  -27.455  -39.983  16.428 0.8000000119
29244  -26.756  -39.983  16.069 1.0000000000
30110  -27.894  -39.621  16.634 0.8000000119
29276  -25.521  -40.721  13.837 0.8000000119
125054  -25.831  -40.396  13.602 0.6999999881
30882  -24.358  -37.894  21.486 0.8000000119
30028  -26.385  -38.708  22.813 0.8000000119
121419  -24.522  -41.717  22.215 0.6000000238
30053  -23.755  -37.948  20.847 0.6000000238
30054  -24.790  -38.891  21.178 0.6000000238
30029  -27.439  -39.225  23.239 0.8000000119
26558  -24.499  -44.034  23.821 0.5000000000
26588  -24.524  -43.216  21.943 0.6000000238
124269  -23.230  -40.083  21.384 0.6000000238
30030  -28.346  -39.331  23.439 0.8000000119
26559  -24.708  -43.264  23.461 0.5000000000
30052  -22.824  -37.826  21.622 0.6000000238
26537  -24.050  -43.194  25.008 0.4000000060
125590  -24.392  -43.071  24.694 0.4000000060
27428  -24.801  -42.489  23.790 0.4000000060
26536  -23.406  -43.144  25.137 0.4000000060
27398  -23.812  -42.557  25.369 0.4000000060
28284  -24.582  -40.552  23.051 0.4000000060
30883  -30.708  -38.559  22.069 0.6999999881
28258  -23.564  -41.754  25.769 0.4000000060
28260  -24.686  -41.227  25.096 0.5000000000
30884  -30.908  -38.362  21.358 0.6999999881
27396  -22.448  -42.123  25.451 0.3000000119
28259  -24.382  -41.368  25.496 0.5000000000
29139  -24.774  -40.345  24.329 0.5000000000
30102  -29.653  -39.215  17.590 0.8000000119
30921  -30.114  -38.750  17.875 0.8000000119
30906  -30.816  -38.170  18.931 0.8000000119
31621  -31.065  -37.712  20.882 0.8000000119
31639  -31.127  -37.769  19.847 0.8000000119
30117  -24.957  -40.122  14.672 0.8000000119
30118  -25.744  -39.989  15.510 1.0000000000
30109  -27.212  -39.260  16.423 0.8000000119
30101  -28.520  -39.633  16.927 0.8000000119
128641  -25.028  -39.580  15.153 1.0000000000
30919  -28.639  -38.206  17.158 0.8000000119
128261  -26.513  -38.657  16.177 0.8000000119
30929  -28.090  -38.860  16.765 0.8000000119
30141  -25.166  -40.044  13.620 0.8999999762
30142  -25.882  -39.836  13.565 0.6999999881
30130  -26.602  -39.365  13.924 0.6999999881
30951  -27.443  -38.736  14.511 0.6999999881
30952  -28.262  -39.023  14.814 0.6999999881
30119  -29.140  -39.173  15.226 0.6999999881
30121  -30.607  -39.385  15.332 0.6000000238
30939  -28.948  -38.364  15.279 0.6999999881
128678  -27.590  -37.858  14.736 0.6999999881
30942  -30.731  -38.798  15.249 0.6000000238
30940  -29.975  -38.572  15.411 0.6000000238
30872  -25.158  -37.951  22.193 0.8000000119
28313  -24.051  -41.058  21.736 0.5000000000
31611  -23.472  -37.529  21.745 0.8000000119
31619  -24.121  -37.474  21.883 0.8000000119
30860  -26.948  -38.397  23.407 0.8000000119
26571  -24.771  -42.647  23.141 0.5000000000
29177  -23.648  -39.867  21.910 0.6000000238
29159  -23.279  -38.641  22.162 0.5000000000
138353  -27.831  -38.815  23.563 0.6999999881
27413  -24.624  -42.557  24.514 0.4000000060
28285  -24.820  -41.165  23.813 0.5000000000
30871  -23.686  -37.528  22.335 0.6999999881
30880  -22.908  -37.620  21.323 0.6999999881
30861  -27.733  -38.228  23.873 0.6999999881
30862  -28.557  -38.685  23.627 0.6999999881
30863  -29.389  -38.344  23.479 0.6999999881
27397  -23.117  -42.369  25.537 0.3000000119
30864  -30.037  -38.264  23.041 0.6999999881
31614  -30.508  -37.821  22.633 0.6999999881
29116  -24.254  -40.649  25.884 0.5000000000
31620  -30.868  -37.714  21.800 0.6999999881
28250  -22.537  -40.819  26.199 0.4000000060
29115  -23.685  -40.430  26.268 0.4000000060
31654  -30.327  -37.941  18.090 0.8000000119
125215  -30.694  -36.824  18.869 0.6999999881
30928  -27.302  -38.318  16.544 0.8000000119
30920  -29.543  -38.277  17.557 0.8000000119
30129  -24.694  -40.015  14.150 0.8999999762
29265  -24.858  -40.133  13.870 0.8999999762
30937  -24.799  -38.829  15.239 0.8000000119
30926  -25.676  -38.191  15.765 0.8000000119
30927  -26.528  -37.731  16.321 0.8000000119
30140  -24.735  -39.692  13.772 0.8999999762
30128  -24.498  -39.569  14.005 0.8000000119
137380  -25.400  -39.665  13.544 0.8999999762
30962  -25.691  -39.249  13.603 0.8000000119
29257  -31.168  -40.091  15.300 0.4000000060
30950  -26.463  -38.340  14.209 0.6999999881
119327  -28.140  -38.300  14.931 0.6999999881
31681  -30.426  -37.291  14.739 0.5000000000
31613  -24.702  -37.307  22.733 0.6999999881
30873  -25.797  -37.747  23.062 0.8000000119
31599  -24.323  -37.292  22.866 0.6999999881
31602  -26.590  -37.590  23.732 0.6999999881
124561  -24.224  -42.010  25.440 0.4000000060
30853  -24.602  -37.730  24.334 0.6000000238
31601  -25.501  -37.093  23.498 0.6999999881
31603  -28.595  -38.005  23.985 0.6999999881
138074  -29.184  -37.686  23.875 0.6999999881
137686  -29.832  -37.954  23.314 0.6999999881
126109  -24.550  -39.122  25.858 0.5000000000
31605  -30.169  -37.580  23.224 0.6999999881
29994  -23.534  -39.512  26.715 0.4000000060
30835  -22.149  -38.828  27.181 0.3000000119
29975  -23.027  -38.869  27.271 0.3000000119
122145  -24.256  -38.999  26.485 0.5000000000
118213  -30.630  -37.440  18.636 0.6999999881
126382  -30.763  -36.929  22.334 0.6999999881
29976  -23.841  -38.695  27.095 0.4000000060
136451  -30.894  -37.397  19.161 0.6999999881
31638  -31.030  -36.877  19.599 0.6999999881
31645  -30.329  -36.984  18.222 0.6999999881
31662  -27.977  -38.031  16.790 0.8000000119
120670  -29.072  -37.588  17.378 0.8000000119
31661  -27.447  -37.334  16.648 0.8000000119
30960  -24.342  -38.849  13.852 0.8000000119
30948  -24.056  -38.611  14.314 0.8000000119
30116  -24.487  -39.374  14.564 0.8999999762
135206  -24.371  -38.334  13.682 0.8999999762
30949  -25.059  -38.596  13.566 0.8000000119
31677  -25.819  -37.527  14.075 0.8000000119
31669  -29.480  -37.686  15.269 0.6999999881
31670  -30.099  -37.727  15.263 0.6000000238
31678  -27.001  -37.246  14.557 0.6999999881
33210  -26.972  -35.679  14.279 0.6999999881
31572  -25.278  -36.895  25.253 0.6000000238
31590  -25.056  -36.782  24.175 0.6000000238
32354  -25.437  -36.786  24.072 0.6999999881
31591  -26.346  -36.937  24.128 0.6999999881
30854  -27.636  -37.428  24.288 0.6999999881
30019  -24.708  -38.916  25.079 0.5000000000
30859  -24.270  -37.523  23.175 0.6000000238
32345  -27.177  -36.623  24.623 0.6999999881
31592  -28.698  -37.314  24.273 0.6999999881
31571  -24.920  -37.207  24.729 0.6000000238
29113  -22.127  -40.122  26.420 0.3000000119
132558  -24.656  -38.495  26.086 0.5000000000
30842  -24.758  -38.177  25.400 0.5000000000
32343  -25.607  -36.601  24.717 0.6000000238
31604  -29.697  -37.591  23.570 0.6999999881
30814  -24.032  -38.077  27.226 0.4000000060
30836  -24.510  -38.165  26.628 0.5000000000
31559  -25.014  -37.344  26.253 0.6000000238
32355  -30.115  -36.903  23.640 0.6999999881
33150  -30.796  -35.990  22.106 0.6999999881
124079  -30.683  -36.282  22.873 0.6999999881
32367  -31.010  -36.783  21.276 0.6999999881
134715  -22.464  -37.028  27.441 0.3000000119
32379  -31.023  -36.173  20.252 0.6999999881
31652  -28.351  -37.427  17.014 0.8000000119
32404  -28.979  -36.714  17.390 0.8000000119
32395  -29.789  -36.386  17.923 0.6999999881
32388  -30.703  -36.171  19.284 0.6999999881
32403  -28.038  -36.597  16.894 0.8000000119
30936  -23.883  -38.409  14.815 0.8000000119
31668  -24.471  -37.884  15.455 0.8000000119
32412  -26.552  -36.803  16.479 0.8000000119
30947  -23.404  -37.929  14.052 0.8000000119
33193  -23.448  -36.019  15.501 0.8000000119
129364  -25.778  -36.270  16.375 0.8000000119
33195  -25.930  -35.467  16.451 0.8000000119
34035  -25.257  -35.012  16.079 0.8000000119
31680  -29.183  -36.891  14.931 0.6999999881
32424  -25.451  -36.716  13.998 0.8000000119
116640  -27.992  -37.016  14.779 0.6000000238
33221  -26.238  -35.022  13.799 0.6999999881
129717  -27.271  -35.060  13.944 0.6000000238
32427  -28.688  -36.299  14.595 0.6000000238
116002  -28.100  -36.869  24.592 0.6999999881
32322  -26.038  -36.196  25.269 0.6000000238
32346  -28.911  -36.612  24.547 0.6999999881
31593  -29.455  -37.061  24.022 0.6999999881
32282  -24.138  -36.784  27.298 0.4000000060
32303  -24.887  -36.782  26.704 0.4000000060
33110  -25.853  -35.817  26.060 0.5000000000
32324  -28.015  -36.216  25.087 0.6999999881
32347  -29.888  -36.210  24.273 0.6999999881
31560  -25.443  -36.727  25.996 0.5000000000
129298  -25.707  -36.278  25.781 0.5000000000
32356  -30.510  -36.059  23.553 0.6999999881
133119  -23.319  -36.712  27.462 0.3000000119
124543  -23.702  -36.084  27.436 0.3000000119
125952  -24.552  -36.112  27.152 0.4000000060
117235  -30.712  -35.556  22.965 0.6999999881
32281  -22.801  -36.138  27.501 0.3000000119
33074  -23.145  -35.391  27.484 0.3000000119
121283  -30.964  -35.879  21.176 0.6999999881
33156  -30.787  -35.250  21.675 0.6999999881
33182  -29.724  -35.454  18.398 0.6999999881
32396  -30.333  -36.214  18.548 0.6999999881
131405  -30.587  -34.639  21.427 0.6999999881
33183  -30.368  -35.600  18.917 0.6999999881
34000  -30.170  -34.574  19.942 0.6999999881
32411  -24.213  -36.860  15.732 0.8000000119
33983  -29.697  -33.661  20.199 0.6999999881
31660  -25.507  -37.168  16.082 0.8000000119
32402  -27.273  -36.461  16.682 0.8000000119
33188  -27.599  -35.684  16.936 0.8000000119
135656  -28.443  -35.986  17.262 0.8000000119
34013  -29.310  -34.454  18.696 0.8000000119
34864  -29.260  -33.235  19.556 0.6999999881
128952  -23.254  -37.487  15.094 0.8000000119
33196  -26.651  -35.929  16.635 0.8000000119
34025  -27.539  -34.678  17.234 0.8000000119
34026  -28.171  -34.292  17.714 0.8000000119
31667  -22.782  -37.155  14.650 0.8000000119
33200  -22.279  -36.011  14.445 0.8000000119
33194  -24.845  -35.907  16.063 0.8000000119
33187  -26.793  -35.083  16.794 0.8000000119
133077  -23.665  -37.201  13.617 0.8000000119
33202  -23.100  -35.210  15.089 0.8000000119
34036  -26.201  -34.694  16.448 0.8000000119
34024  -26.955  -34.295  16.868 0.8000000119
35758  -27.820  -33.248  17.160 0.8000000119
33218  -22.474  -35.513  13.822 0.8000000119
34046  -25.670  -34.284  15.808 0.8000000119
32439  -24.351  -36.299  13.641 0.8000000119
32429  -30.240  -36.265  14.582 0.5000000000
33219  -23.390  -35.315  13.552 0.8000000119
33220  -24.689  -34.948  13.583 0.8000000119
32428  -29.823  -35.994  14.761 0.6000000238
33212  -29.207  -35.643  14.202 0.6000000238
33211  -28.088  -35.533  14.228 0.6000000238
32344  -26.198  -36.524  24.626 0.6999999881
134290  -25.610  -36.503  25.325 0.6000000238
33112  -27.394  -35.560  25.653 0.6999999881
33113  -28.440  -35.385  25.535 0.6999999881
32325  -29.134  -35.844  24.964 0.6999999881
33111  -26.489  -35.668  25.786 0.5000000000
33089  -24.839  -35.448  27.084 0.4000000060
33090  -25.463  -35.360  26.662 0.5000000000
33893  -23.520  -34.689  27.417 0.3000000119
131008  -24.518  -34.152  27.251 0.3000000119
33911  -25.644  -34.629  26.755 0.5000000000
33945  -30.374  -34.652  24.328 0.6999999881
33141  -30.596  -35.125  23.613 0.6999999881
33892  -22.635  -34.692  27.382 0.3000000119
34756  -24.308  -33.334  27.092 0.3000000119
126719  -30.743  -34.752  22.986 0.6999999881
130192  -23.494  -33.450  27.064 0.3000000119
119447  -30.640  -33.697  22.374 0.6999999881
127349  -29.105  -35.748  17.675 0.8000000119
33171  -30.060  -34.893  19.087 0.6999999881
33984  -30.208  -34.212  20.850 0.6999999881
33999  -29.506  -34.057  19.439 0.6999999881
135328  -25.116  -36.523  16.093 0.8000000119
33181  -28.924  -34.829  17.980 0.6999999881
34879  -28.964  -33.585  18.942 0.8000000119
34878  -28.580  -33.259  18.529 0.8000000119
34891  -27.571  -33.866  17.353 0.8000000119
34892  -28.203  -33.422  17.862 0.8000000119
33201  -22.579  -35.628  14.756 0.8000000119
33208  -22.371  -35.338  14.209 0.8000000119
33203  -24.164  -35.207  15.566 0.8000000119
34899  -26.491  -33.990  16.303 0.8000000119
34900  -27.165  -33.628  16.769 0.8000000119
35759  -28.401  -32.797  17.527 0.8000000119
34057  -22.743  -34.648  13.792 0.8000000119
34051  -22.649  -34.597  14.090 0.8000000119
34910  -26.016  -33.572  15.438 0.8000000119
35771  -28.267  -32.685  16.693 0.8000000119
33075  -24.057  -35.418  27.382 0.3000000119
32304  -25.296  -36.100  26.499 0.5000000000
33091  -26.097  -35.196  26.346 0.5000000000
33931  -27.840  -34.844  26.043 0.6999999881
33114  -29.324  -35.037  25.297 0.6999999881
33912  -26.396  -34.458  26.497 0.6000000238
33932  -28.771  -34.586  25.855 0.6999999881
130625  -29.881  -34.653  24.940 0.6999999881
115802  -25.108  -33.937  27.053 0.3000000119
34774  -29.053  -33.795  26.060 0.6999999881
34754  -22.679  -33.240  26.626 0.3000000119
36513  -25.697  -31.742  26.162 0.3000000119
33934  -30.111  -33.984  24.906 0.6999999881
36557  -22.790  -31.429  24.394 0.3000000119
36558  -23.895  -31.135  25.232 0.3000000119
36538  -24.034  -31.561  25.873 0.3000000119
123803  -25.384  -31.220  25.529 0.3000000119
36567  -23.294  -31.005  23.689 0.3000000119
33972  -30.485  -33.877  21.693 0.6999999881
35744  -28.592  -32.853  18.346 0.8000000119
34044  -23.497  -34.638  14.895 0.8000000119
34045  -24.651  -34.472  15.386 0.8000000119
34908  -24.111  -33.974  14.576 0.8000000119
34909  -25.025  -33.690  15.024 0.8000000119
35783  -26.376  -32.931  14.935 0.8000000119
34911  -26.846  -33.353  15.880 0.8000000119
35770  -27.571  -33.021  16.337 0.8000000119
34058  -23.332  -33.981  13.372 0.8000000119
34919  -25.318  -32.939  14.601 0.8000000119
34059  -24.179  -33.870  13.067 0.8000000119
34060  -25.365  -34.086  13.128 0.6999999881
33092  -26.901  -35.023  26.148 0.6000000238
33914  -28.230  -34.043  26.263 0.6000000238
33933  -29.504  -34.268  25.472 0.6999999881
35621  -26.003  -32.424  26.486 0.4000000060
34760  -28.518  -33.276  26.347 0.6000000238
34775  -29.660  -33.479  25.481 0.6999999881
35623  -28.012  -32.687  26.482 0.4000000060
34776  -30.204  -33.168  24.861 0.6999999881
34787  -30.459  -33.723  24.261 0.6999999881
33956  -30.636  -34.264  23.622 0.6999999881
37471  -25.815  -30.735  25.106 0.3000000119
36516  -28.454  -32.100  26.251 0.4000000060
35642  -29.724  -32.679  25.407 0.6000000238
35660  -30.553  -32.559  23.496 0.6999999881
33963  -30.736  -33.943  22.940 0.6999999881
34821  -30.468  -33.070  21.983 0.6999999881
124652  -30.583  -32.218  22.940 0.6999999881
35685  -30.294  -32.338  21.517 0.6999999881
34012  -28.595  -33.932  18.339 0.8000000119
34863  -28.795  -32.915  19.019 0.8000000119
35760  -29.163  -32.261  17.747 0.8000000119
35785  -28.149  -32.446  15.755 0.8000000119
35795  -24.205  -32.868  13.453 0.8000000119
35784  -27.282  -32.739  15.367 0.8000000119
35797  -25.595  -32.263  14.123 0.8000000119
33222  -27.963  -34.806  13.599 0.6000000238
118519  -26.940  -34.216  13.284 0.6000000238
34926  -24.515  -33.185  12.813 0.6999999881
118906  -26.060  -32.751  12.591 0.6999999881
33913  -27.302  -34.240  26.348 0.6000000238
34759  -27.647  -33.437  26.473 0.6000000238
36514  -26.612  -31.888  26.321 0.3000000119
36539  -26.191  -31.290  25.720 0.3000000119
36541  -28.067  -31.410  26.073 0.3000000119
35641  -29.144  -32.320  25.857 0.5000000000
36542  -28.933  -31.615  25.752 0.5000000000
35650  -30.447  -32.874  24.179 0.6999999881
37508  -25.241  -30.175  23.715 0.3000000119
37493  -26.247  -30.270  24.711 0.3000000119
36560  -30.261  -31.533  24.479 0.4000000060
37520  -25.004  -29.994  23.147 0.3000000119
36576  -30.607  -31.471  22.646 0.6000000238
36614  -30.326  -31.653  20.972 0.6000000238
36595  -30.528  -31.550  21.812 0.6000000238
35729  -29.833  -31.939  20.072 0.8000000119
35709  -29.943  -32.350  20.787 0.6999999881
37549  -30.667  -30.775  21.268 0.6000000238
35728  -29.331  -32.527  19.468 0.8000000119
35745  -29.159  -32.415  18.732 0.8000000119
36650  -29.681  -31.903  19.160 0.8000000119
36651  -30.213  -31.424  18.727 0.6999999881
37578  -30.355  -31.348  19.422 0.6999999881
124973  -30.558  -31.128  20.285 0.6999999881
35772  -28.867  -32.375  16.990 0.8000000119
36661  -29.724  -31.792  18.319 0.8000000119
36662  -30.344  -31.186  18.061 0.6999999881
37591  -30.751  -30.792  18.786 0.6999999881
36672  -28.897  -32.182  16.171 0.8000000119
36673  -29.445  -31.884  16.782 0.8000000119
123277  -30.767  -30.488  17.956 0.6999999881
34917  -23.662  -33.588  13.951 0.8000000119
34918  -24.353  -33.072  14.191 0.8000000119
35796  -24.758  -32.414  13.775 0.8000000119
35798  -26.733  -32.268  14.425 0.8000000119
123461  -28.916  -31.760  15.088 0.8000000119
34916  -23.136  -34.098  13.703 0.8000000119
127588  -28.150  -31.513  14.314 0.8000000119
34925  -23.894  -33.383  13.081 0.8000000119
34933  -24.342  -32.768  13.014 0.8000000119
35812  -24.974  -32.017  12.928 0.6999999881
34066  -27.704  -33.799  12.920 0.6000000238
34934  -25.044  -32.542  12.729 0.6999999881
35813  -25.705  -31.913  12.588 0.6999999881
36543  -29.738  -31.778  25.233 0.5000000000
36544  -30.236  -32.335  24.754 0.5000000000
37472  -26.618  -30.740  25.392 0.3000000119
136487  -29.304  -31.145  25.333 0.4000000060
117600  -30.468  -32.066  24.066 0.6000000238
38459  -26.779  -29.613  24.385 0.3000000119
124982  -30.484  -31.391  23.893 0.5000000000
36568  -30.549  -31.762  23.405 0.6000000238
38475  -26.963  -29.023  23.862 0.3000000119
38460  -28.528  -29.495  24.643 0.3000000119
37509  -30.599  -30.907  23.297 0.6000000238
37521  -30.644  -30.729  22.597 0.6000000238
38495  -25.130  -29.482  22.670 0.3000000119
39413  -26.681  -28.685  23.300 0.3000000119
38461  -29.366  -29.385  24.318 0.3000000119
38496  -25.874  -28.985  23.046 0.3000000119
37535  -30.640  -30.911  22.093 0.6000000238
38512  -24.887  -28.985  21.970 0.3000000119
135808  -30.793  -30.743  19.608 0.6999999881
130469  -30.151  -31.245  16.419 0.6999999881
131322  -30.447  -30.896  17.288 0.6999999881
132011  -29.738  -31.159  15.483 0.6999999881
36699  -29.377  -31.057  14.780 0.6999999881
36696  -25.904  -31.646  13.598 0.8000000119
36697  -27.125  -31.603  13.916 0.8000000119
36698  -28.762  -31.083  14.294 0.6000000238
124072  -29.364  -33.907  12.488 0.6000000238
35805  -24.749  -32.234  13.152 0.6999999881
36721  -25.444  -31.461  12.845 0.6999999881
36711  -25.231  -31.618  12.992 0.6999999881
35814  -26.833  -32.557  12.474 0.6999999881
122496  -27.572  -32.326  12.339 0.6999999881
39576  -26.777  -28.487  11.182 0.5000000000
38642  -27.734  -29.374  11.293 0.5000000000
124475  -30.643  -30.287  22.832 0.6000000238
38528  -30.865  -29.978  21.196 0.6000000238
37550  -30.922  -30.226  20.326 0.6999999881
121162  -31.257  -29.448  19.870 0.6999999881
37579  -31.158  -30.147  19.342 0.6999999881
39487  -23.398  -28.196  19.603 0.3000000119
37592  -31.223  -30.020  18.536 0.6999999881
36713  -27.715  -30.819  13.657 0.6999999881
37617  -30.340  -30.470  15.786 0.6999999881
37609  -30.549  -30.381  16.660 0.6000000238
36695  -25.181  -31.857  13.342 0.6999999881
128744  -25.546  -31.163  13.017 0.6999999881
36712  -26.167  -30.843  13.220 0.6999999881
37636  -27.976  -29.939  13.431 0.6000000238
37634  -25.965  -30.408  12.605 0.6999999881
34936  -27.914  -33.114  12.631 0.6000000238
34937  -28.975  -33.258  12.475 0.5000000000
36722  -25.988  -30.942  12.503 0.6999999881
37657  -26.149  -30.038  12.045 0.6999999881
36735  -26.887  -30.938  11.966 0.6999999881
37658  -27.267  -30.136  11.646 0.6000000238
38497  -30.616  -29.655  22.682 0.5000000000
39417  -30.341  -29.121  23.134 0.4000000060
116435  -30.771  -29.390  22.121 0.6000000238
39455  -30.841  -28.794  21.788 0.5000000000
38514  -30.898  -29.402  21.510 0.6000000238
131551  -31.293  -28.748  20.264 0.6000000238
39488  -24.123  -27.867  19.864 0.3000000119
38554  -31.434  -29.426  19.098 0.6999999881
37602  -31.124  -29.741  17.756 0.6000000238
38569  -31.444  -29.239  18.368 0.6000000238
37601  -30.727  -30.228  17.335 0.6000000238
37623  -29.255  -30.482  14.344 0.6000000238
38591  -30.623  -29.576  16.170 0.6000000238
137745  -28.613  -30.488  13.872 0.6000000238
37616  -29.830  -30.417  15.009 0.6000000238
37635  -26.447  -29.899  12.804 0.6999999881
38620  -27.251  -29.088  12.882 0.6000000238
37649  -26.022  -30.056  12.385 0.6999999881
35815  -28.493  -32.467  12.360 0.6000000238
35816  -29.537  -32.564  12.239 0.5000000000
36724  -27.776  -31.711  12.105 0.6000000238
36725  -29.001  -31.757  12.191 0.6000000238
36737  -29.564  -31.044  11.891 0.5000000000
36736  -28.217  -30.981  11.863 0.5000000000
37659  -28.938  -30.135  11.611 0.5000000000
38647  -28.254  -28.739  10.898 0.5000000000
39435  -30.124  -28.308  22.801 0.4000000060
39436  -30.578  -28.894  22.453 0.4000000060
40341  -30.499  -28.035  22.016 0.4000000060
40338  -27.661  -27.506  22.446 0.4000000060
39456  -31.086  -28.688  21.005 0.6000000238
130266  -24.515  -27.290  19.580 0.3000000119
40402  -25.197  -26.883  19.733 0.3000000119
40379  -26.260  -27.023  20.832 0.3000000119
39489  -31.480  -28.748  19.551 0.6000000238
41325  -24.560  -25.995  18.498 0.3000000119
39504  -31.602  -28.424  18.355 0.6000000238
39532  -30.619  -28.717  15.863 0.5000000000
38581  -31.314  -28.865  17.513 0.6000000238
38599  -29.624  -29.687  14.495 0.6000000238
38600  -30.303  -29.498  15.227 0.6000000238
133394  -28.950  -29.843  13.835 0.6000000238
38621  -28.360  -29.222  13.466 0.6000000238
38607  -29.162  -28.859  13.960 0.6000000238
39559  -28.053  -28.305  13.199 0.6000000238
38634  -25.948  -29.268  12.049 0.6999999881
38641  -26.388  -29.240  11.674 0.5000000000
39581  -27.496  -27.889  10.618 0.5000000000
40339  -28.713  -27.453  22.691 0.4000000060
40340  -29.745  -27.572  22.422 0.4000000060
119784  -30.877  -28.224  21.366 0.5000000000
41248  -29.207  -26.895  21.966 0.4000000060
40360  -31.120  -27.880  20.678 0.4000000060
136935  -31.255  -28.308  20.477 0.4000000060
41311  -25.690  -26.369  19.623 0.3000000119
41288  -25.920  -26.676  20.150 0.4000000060
123508  -31.638  -28.136  19.155 0.4000000060
42236  -25.828  -25.863  19.338 0.3000000119
42214  -26.909  -25.830  20.085 0.4000000060
40431  -31.555  -27.949  17.674 0.5000000000
126601  -31.588  -28.796  18.927 0.6000000238
39523  -31.278  -28.264  17.015 0.5000000000
38608  -29.911  -28.941  14.621 0.6000000238
40441  -30.893  -27.271  16.319 0.5000000000
39560  -28.957  -27.808  13.793 0.6000000238
38619  -26.157  -29.017  12.160 0.6000000238
40474  -27.503  -27.708  12.680 0.6000000238
133276  -25.862  -28.958  11.905 0.5000000000
39575  -26.124  -28.551  11.754 0.5000000000
39580  -26.559  -27.948  11.153 0.5000000000
40496  -28.253  -27.324  9.954 0.5000000000
39582  -28.857  -28.140  10.188 0.5000000000
40359  -30.667  -27.565  21.207 0.4000000060
40358  -30.091  -27.213  21.664 0.4000000060
40380  -30.842  -27.227  20.586 0.4000000060
41267  -29.658  -26.566  21.238 0.4000000060
40381  -31.195  -27.271  20.058 0.4000000060
40403  -31.481  -27.379  19.372 0.4000000060
42259  -25.355  -25.580  18.780 0.3000000119
40415  -31.621  -27.568  18.571 0.5000000000
42258  -24.858  -25.151  18.197 0.3000000119
40454  -30.556  -27.852  15.710 0.5000000000
39543  -29.684  -28.142  14.490 0.6000000238
40467  -30.162  -27.614  14.973 0.5000000000
118901  -30.503  -26.936  15.519 0.5000000000
40466  -29.530  -27.306  14.353 0.5000000000
132718  -26.292  -28.115  11.536 0.5000000000
39558  -26.817  -28.297  12.422 0.6000000238
40475  -28.226  -27.495  13.210 0.6000000238
40488  -26.818  -27.547  11.240 0.5000000000
40495  -27.309  -27.341  10.648 0.5000000000
40497  -29.428  -27.509  9.527 0.5000000000
40482  -26.714  -27.650  11.943 0.5000000000
44181  -24.035  -23.026  15.968 0.3000000119
44169  -25.132  -23.182  16.948 0.4000000060
127451  -25.481  -22.440  16.565 0.4000000060
42319  -28.734  -26.284  13.075 0.5000000000
45037  -24.382  -22.341  15.547 0.4000000060
40483  -27.858  -27.013  12.604 0.5000000000
42311  -29.856  -25.564  14.330 0.5000000000
42326  -28.268  -26.351  12.004 0.5000000000
42320  -29.288  -25.564  13.431 0.5000000000
41390  -27.295  -26.951  10.805 0.5000000000
41391  -27.866  -26.446  10.854 0.6000000238
40503  -29.772  -26.900  9.078 0.5000000000
41397  -27.996  -26.666  10.064 0.6000000238
41398  -29.065  -26.124  9.479 0.5000000000
40502  -29.065  -26.759  9.452 0.6000000238
41405  -29.661  -26.143  8.833 0.4000000060
45038  -25.091  -22.040  15.869 0.4000000060
126965  -26.589  -22.392  17.443 0.4000000060
42327  -29.089  -25.663  12.507 0.5000000000
42333  -28.956  -25.721  11.129 0.5000000000
124522  -29.559  -24.988  11.891 0.5000000000
42340  -28.509  -26.103  10.151 0.5000000000
41406  -30.086  -25.601  8.525 0.4000000060
42341  -29.318  -25.472  9.701 0.5000000000
42349  -29.702  -25.363  8.798 0.5000000000
45930  -25.771  -21.711  16.203 0.4000000060
45963  -24.376  -21.275  14.488 0.4000000060
42321  -30.210  -24.654  14.237 0.4000000060
43325  -29.945  -24.653  9.098 0.4000000060
42350  -30.266  -24.849  8.758 0.3000000119
43299  -29.828  -24.256  13.456 0.4000000060
43316  -29.800  -24.919  10.579 0.4000000060
43326  -30.849  -23.905  9.336 0.4000000060
44230  -31.111  -22.841  9.738 0.4000000060
125154  -29.961  -24.319  11.271 0.4000000060
44213  -32.735  -23.102  11.775 0.4000000060
43317  -30.350  -23.968  10.027 0.4000000060
128639  -30.484  -22.552  10.948 0.4000000060
45106  -31.351  -22.493  10.198 0.4000000060
44232  -31.576  -22.862  10.221 0.4000000060
45075  -32.470  -22.186  11.800 0.4000000060
45076  -33.310  -22.754  12.750 0.4000000060
44221  -30.721  -22.972  9.995 0.3000000119
45105  -31.114  -22.341  10.136 0.4000000060
45090  -30.583  -21.784  11.095 0.4000000060
46019  -31.043  -21.673  10.578 0.3000000119
46020  -31.338  -21.977  10.529 0.4000000060
45091  -31.906  -22.514  10.852 0.4000000060
45992  -32.829  -21.795  12.707 0.4000000060
45104  -30.909  -22.103  10.293 0.3000000119
46007  -31.352  -21.201  11.008 0.4000000060
45991  -32.154  -21.165  11.712 0.5000000000
47018  -30.998  -21.003  10.943 0.4000000060
46999  -31.518  -20.492  11.377 0.4000000060
23321  -28.528  -47.850  16.227 0.6999999881
24137  -31.083  -46.440  21.106 0.6999999881
22431  -24.684  -48.577  20.050 0.6000000238
25785  -28.280  -44.468  22.496 0.6999999881
123644  -30.408  -43.908  21.857 0.8000000119
27460  -27.057  -42.819  21.918 0.6000000238
28332  -31.444  -41.568  20.294 0.8000000119
26644  -22.007  -43.285  16.744 0.4000000060
28380  -26.309  -41.863  14.829 0.8000000119
118542  -26.321  -40.232  22.032 0.6000000238
29211  -21.055  -39.658  18.632 0.5000000000
127527  -31.041  -39.404  20.339 0.8000000119
29149  -28.811  -39.849  23.322 0.8000000119
26544  -23.700  -43.809  24.672 0.4000000060
30881  -23.461  -37.571  21.318 0.6000000238
28297  -24.805  -41.763  23.079 0.5000000000
30041  -23.896  -37.984  22.908 0.6000000238
31653  -29.775  -37.289  17.689 0.6999999881
32323  -26.841  -36.116  25.164 0.6999999881
34844  -29.966  -33.173  21.085 0.6999999881
34758  -26.736  -33.629  26.548 0.6000000238
38580  -30.821  -29.568  17.016 0.6000000238
41293  -30.750  -26.570  20.183 0.4000000060
20990  -26.554  -50.684  14.520 0.5000000000
21005  -26.604  -50.100  14.286 0.5000000000
20278  -28.948  -51.070  16.543 0.6999999881
22505  -27.299  -47.989  13.861 0.5000000000
135278  -25.210  -49.686  21.123 0.5000000000
23285  -31.479  -46.937  19.842 0.6999999881
122784  -28.420  -44.881  16.382 0.6999999881
25118  -27.716  -45.433  13.739 0.6999999881
25120  -29.187  -45.233  13.416 0.5000000000
131647  -27.842  -44.597  13.582 0.6000000238
26695  -29.003  -43.361  13.599 0.5000000000
24147  -25.442  -46.619  20.778 0.6000000238
25062  -31.055  -44.933  18.591 0.6999999881
23258  -26.642  -46.892  21.864 0.6000000238
25024  -31.212  -45.657  20.952 0.8000000119
25844  -31.422  -44.535  19.233 0.6999999881
122945  -30.314  -44.212  14.357 0.4000000060
25787  -29.877  -44.287  22.224 0.8000000119
24156  -24.537  -46.096  19.601 0.6000000238
27543  -26.553  -42.910  14.210 0.8000000119
23296  -22.769  -47.823  18.136 0.5000000000
27442  -28.834  -42.845  22.509 0.6999999881
25060  -24.132  -44.859  18.919 0.6000000238
28318  -31.125  -41.595  21.310 0.8000000119
28404  -27.564  -41.829  13.470 0.6999999881
27545  -29.239  -42.252  14.314 0.6000000238
121574  -29.179  -42.009  22.518 0.6999999881
27476  -24.731  -42.868  19.785 0.6000000238
28374  -27.402  -41.468  16.007 0.8000000119
28391  -29.053  -41.326  14.522 0.6000000238
28383  -30.889  -42.070  15.326 0.4000000060
26643  -20.791  -42.359  16.090 0.3000000119
26645  -22.963  -43.763  17.743 0.5000000000
25072  -23.053  -45.217  17.882 0.5000000000
25880  -21.977  -44.270  16.445 0.4000000060
127919  -30.125  -40.785  17.716 0.8999999762
29179  -26.393  -41.146  21.700 0.6000000238
29160  -27.105  -40.881  22.397 0.6000000238
130272  -24.776  -40.972  20.069 0.5000000000
26630  -22.445  -42.708  17.505 0.4000000060
27497  -22.755  -42.010  18.071 0.5000000000
27486  -23.697  -42.274  18.802 0.5000000000
30094  -30.693  -39.742  18.644 0.8000000119
30120  -29.857  -39.558  15.338 0.6000000238
125300  -25.232  -39.993  21.059 0.6000000238
28340  -20.764  -40.542  18.229 0.5000000000
28351  -21.954  -40.766  17.680 0.5000000000
28343  -24.147  -40.706  19.490 0.5000000000
29225  -22.170  -40.022  18.241 0.5000000000
30055  -25.557  -39.596  21.595 0.6000000238
28330  -22.527  -40.829  20.430 0.5000000000
29194  -21.606  -39.342  20.068 0.6000000238
29212  -21.247  -39.308  19.301 0.5000000000
29195  -22.496  -39.706  20.781 0.6000000238
28341  -21.014  -40.332  18.970 0.5000000000
29196  -24.270  -39.887  19.950 0.5000000000
25810  -24.444  -44.750  22.336 0.6000000238
119588  -24.450  -44.058  21.931 0.6000000238
30084  -21.278  -38.852  19.155 0.5000000000
30070  -22.106  -38.070  19.970 0.6000000238
136426  -21.793  -38.146  20.098 0.6000000238
29213  -22.300  -39.378  18.764 0.5000000000
30071  -23.239  -38.401  20.085 0.5000000000
26543  -22.812  -43.774  24.719 0.4000000060
124221  -28.919  -38.979  17.235 0.8000000119
28296  -24.422  -40.879  22.374 0.5000000000
29176  -22.555  -38.633  21.344 0.6000000238
30895  -22.664  -37.768  20.670 0.6000000238
28275  -24.658  -41.913  25.010 0.4000000060
137109  -24.826  -41.867  23.753 0.4000000060
29146  -24.136  -39.098  22.933 0.5000000000
29147  -24.620  -40.077  23.662 0.5000000000
28252  -23.869  -41.167  25.982 0.4000000060
30003  -24.597  -40.030  25.488 0.5000000000
30020  -24.755  -39.808  24.818 0.5000000000
30938  -25.737  -39.086  15.651 0.8000000119
31679  -28.539  -37.563  15.055 0.6999999881
31612  -24.000  -37.428  22.267 0.6999999881
117051  -30.535  -36.918  23.099 0.6999999881
29995  -24.191  -39.838  26.191 0.5000000000
29114  -22.956  -40.248  26.470 0.4000000060
31600  -24.817  -37.006  23.466 0.6000000238
31589  -24.690  -37.066  23.644 0.6000000238
30027  -24.507  -38.817  23.925 0.5000000000
31631  -31.174  -37.045  20.341 0.6999999881
30813  -23.391  -38.287  27.341 0.3000000119
30959  -23.755  -37.973  13.760 0.8999999762
31676  -24.564  -37.631  13.632 0.8000000119
32425  -26.496  -36.497  14.369 0.6000000238
134582  -28.585  -36.936  14.850 0.6000000238
32426  -27.581  -36.335  14.526 0.6000000238
33209  -25.803  -35.806  14.083 0.8000000119
116051  -24.930  -37.747  25.791 0.6000000238
33172  -30.554  -35.418  19.653 0.6999999881
32423  -22.439  -36.673  14.096 0.8000000119
33132  -30.371  -35.476  24.120 0.6999999881
34734  -23.073  -33.987  27.276 0.3000000119
130858  -30.757  -35.192  22.430 0.6999999881
33165  -30.663  -35.187  20.686 0.6999999881
116311  -30.728  -34.483  22.252 0.6999999881
33189  -28.328  -35.197  17.460 0.8000000119
33131  -29.884  -35.313  24.661 0.6999999881
33894  -24.323  -34.755  27.322 0.3000000119
33910  -25.003  -34.746  27.085 0.5000000000
34735  -23.877  -34.035  27.339 0.3000000119
34757  -25.872  -33.806  26.759 0.4000000060
34812  -30.619  -33.027  22.809 0.6999999881
126378  -24.604  -31.151  25.386 0.3000000119
34927  -25.783  -33.341  12.763 0.6999999881
35624  -28.700  -32.673  26.267 0.6000000238
34761  -29.176  -33.049  26.027 0.6000000238
36515  -27.572  -31.997  26.402 0.4000000060
34800  -30.601  -33.401  23.553 0.6999999881
35672  -30.530  -32.277  22.291 0.6000000238
133454  -29.940  -31.572  17.409 0.8000000119
122257  -29.489  -31.683  15.942 0.8000000119
36684  -27.792  -32.141  14.769 0.8000000119
34935  -26.926  -33.335  12.757 0.6000000238
36540  -27.115  -31.334  25.999 0.3000000119
35622  -26.979  -32.726  26.539 0.5000000000
37473  -27.552  -30.786  25.636 0.3000000119
38473  -25.555  -29.659  23.377 0.3000000119
37496  -30.372  -30.780  24.055 0.5000000000
36723  -26.706  -31.719  12.244 0.6999999881
38435  -27.712  -29.741  24.875 0.3000000119
38474  -26.269  -29.327  23.650 0.3000000119
39432  -25.561  -28.644  22.361 0.3000000119
39433  -26.336  -28.332  22.647 0.3000000119
38513  -30.764  -30.136  22.057 0.6000000238
37633  -25.758  -30.925  12.853 0.6999999881
38529  -31.074  -29.411  20.712 0.6000000238
128287  -29.015  -29.391  11.284 0.4000000060
41265  -27.169  -26.761  21.211 0.4000000060
40378  -25.516  -27.298  20.477 0.3000000119
40401  -24.535  -26.734  19.099 0.3000000119
41310  -25.205  -26.241  19.176 0.3000000119
122017  -30.940  -28.086  16.412 0.5000000000
39544  -30.296  -28.475  15.109 0.5000000000
38618  -25.875  -29.516  12.195 0.5000000000
39473  -31.430  -28.031  19.955 0.4000000060
41312  -26.246  -26.141  19.832 0.4000000060
42237  -26.482  -25.552  19.550 0.4000000060
40442  -31.326  -27.554  17.000 0.5000000000
41314  -31.207  -26.671  19.527 0.4000000060
41384  -27.287  -26.951  11.542 0.6000000238
44168  -24.439  -23.502  16.594 0.3000000119
44996  -25.915  -22.849  17.351 0.4000000060
45023  -26.196  -22.090  16.854 0.4000000060
44212  -30.291  -23.488  11.136 0.4000000060
46018  -30.941  -21.304  10.797 0.4000000060
136045  -33.138  -21.445  13.410 0.3000000119
18796  -30.389  -53.170  19.666 0.5000000000
19506  -29.858  -52.913  17.954 0.5000000000
19456  -29.553  -52.664  21.774 0.4000000060
19476  -30.213  -52.252  21.278 0.5000000000
18777  -30.242  -53.167  20.601 0.5000000000
19477  -30.531  -52.346  20.258 0.5000000000
19493  -30.557  -52.326  19.276 0.6000000238
19507  -30.318  -52.246  18.357 0.6000000238
20179  -29.573  -51.883  22.048 0.5000000000
128504  -30.662  -51.546  20.728 0.5000000000
123064  -29.314  -51.128  22.438 0.5000000000
20935  -30.936  -50.833  19.329 0.6000000238
122155  -30.696  -50.752  18.391 0.6000000238
20249  -30.656  -51.534  18.841 0.6000000238
20968  -30.260  -50.624  17.584 0.6000000238
20952  -30.731  -49.967  17.966 0.6000000238
20262  -29.639  -51.287  17.217 0.6000000238
20967  -29.563  -50.419  16.918 0.6000000238
20180  -29.916  -51.181  22.094 0.5000000000
20916  -30.803  -50.805  21.111 0.5000000000
128131  -30.933  -50.843  20.282 0.6000000238
126009  -28.518  -51.039  22.622 0.5000000000
20891  -29.843  -50.539  22.248 0.5000000000
20953  -31.059  -50.095  18.822 0.6000000238
20890  -26.948  -50.523  22.386 0.5000000000
21617  -27.636  -50.135  22.492 0.5000000000
122562  -30.138  -49.781  17.321 0.6000000238
20905  -30.389  -50.781  21.746 0.5000000000
20917  -31.073  -50.103  20.703 0.5000000000
120170  -28.998  -50.287  22.528 0.5000000000
125384  -29.664  -49.810  22.315 0.5000000000
115593  -30.321  -49.921  22.009 0.5000000000
20906  -30.781  -50.036  21.421 0.5000000000
20936  -31.152  -50.137  19.798 0.6000000238
21616  -27.009  -49.703  22.294 0.5000000000
21618  -28.288  -49.763  22.536 0.5000000000
133786  -31.271  -49.443  19.337 0.6000000238
20889  -26.323  -50.031  21.963 0.5000000000
21670  -31.010  -49.310  18.478 0.6000000238
21669  -30.585  -49.128  17.737 0.6000000238
21697  -29.408  -49.540  16.750 0.6000000238
21681  -29.934  -48.929  17.150 0.6000000238
118510  -28.997  -49.261  22.465 0.5000000000
22421  -30.990  -48.489  21.222 0.5000000000
21632  -31.133  -49.313  21.019 0.6000000238
125086  -31.201  -47.796  20.877 0.6000000238
22406  -28.508  -48.485  22.481 0.5000000000
21643  -31.291  -49.416  20.216 0.6000000238
22433  -31.341  -48.551  20.454 0.6000000238
21630  -26.476  -49.336  21.934 0.5000000000
20915  -24.778  -50.010  20.713 0.5000000000
22469  -29.848  -48.205  16.992 0.6000000238
23243  -28.817  -47.655  22.467 0.5000000000
22407  -29.269  -48.401  22.375 0.5000000000
22420  -30.393  -48.221  21.784 0.5000000000
127560  -30.804  -47.805  21.371 0.6000000238
22404  -27.005  -48.811  22.222 0.5000000000
22419  -26.213  -48.693  21.650 0.5000000000
117034  -26.606  -47.860  21.873 0.6000000238
23244  -29.379  -47.274  22.387 0.6000000238
23245  -29.947  -47.488  22.162 0.5000000000
23259  -30.457  -47.355  21.737 0.5000000000
23260  -30.922  -47.174  21.239 0.6000000238
116402  -27.358  -48.094  22.297 0.6000000238
23242  -27.994  -47.868  22.477 0.6000000238
23272  -31.308  -47.055  20.608 0.6000000238
23257  -25.754  -48.018  21.227 0.5000000000
23241  -27.371  -47.285  22.264 0.6000000238
24113  -28.168  -47.057  22.460 0.6000000238
24114  -28.940  -46.668  22.524 0.6000000238
125494  -29.470  -46.003  22.447 0.6000000238
24115  -29.690  -46.735  22.324 0.5000000000
24136  -30.567  -46.630  21.668 0.6000000238
24148  -31.408  -46.290  20.384 0.6000000238
25002  -30.115  -46.129  22.154 0.6999999881
34843  -29.561  -32.779  20.204 0.6000000238
127432  -28.004  -34.286  13.137 0.5000000000
45978  -32.679  -20.927  12.852 0.4000000060
46958  -33.250  -20.182  14.333 0.3000000119
46940  -33.201  -19.795  15.389 0.3000000119
48008  -32.753  -19.272  15.765 0.3000000119
18760  -29.161  -53.325  21.911 0.4000000060
134598  -29.802  -53.776  20.789 0.5000000000
19523  -29.724  -52.120  17.582 0.5000000000
18740  -28.956  -52.564  22.273 0.4000000060
20263  -30.318  -51.446  17.950 0.6000000238
19436  -28.089  -52.407  22.576 0.4000000060
20177  -28.087  -51.612  22.615 0.5000000000
133200  -26.823  -51.386  22.499 0.5000000000
127526  -27.674  -51.004  22.600 0.5000000000
20888  -26.170  -50.864  22.161 0.3000000119
20903  -24.824  -50.934  21.219 0.4000000060
20236  -23.990  -50.956  19.852 0.4000000060
120101  -30.844  -41.051  15.356 0.4000000060
28382  -29.878  -40.975  15.165 0.4000000060
116278  -26.186  -33.105  26.646 0.4000000060
33223  -28.660  -35.185  13.700 0.5000000000
34061  -28.649  -34.705  13.157 0.5000000000
34067  -28.569  -34.002  12.739 0.5000000000
38477  -30.435  -30.017  23.455 0.4000000060
48031  -32.883  -19.226  15.024 0.3000000119
49048  -31.808  -18.075  16.737 0.3000000119
18739  -28.416  -53.239  22.395 0.4000000060
136116  -31.402  -48.884  19.727 0.6000000238
22432  -25.194  -48.264  20.600 0.5000000000
21629  -25.756  -49.405  21.454 0.5000000000
33224  -29.323  -35.290  13.295 0.5000000000
20904  -25.469  -50.312  21.540 0.4000000060
18808  -30.290  -53.062  18.757 0.6000000238
18776  -29.757  -53.226  21.298 0.4000000060
20237  -30.735  -51.565  19.804 0.6000000238
20197  -30.144  -51.499  21.708 0.5000000000
20178  -28.753  -51.767  22.476 0.5000000000
21631  -30.647  -49.187  21.617 0.5000000000
21619  -29.943  -49.005  22.163 0.5000000000
122499  -27.652  -49.358  22.456 0.5000000000
22405  -27.782  -48.621  22.455 0.5000000000
46970  -32.662  -20.066  13.311 0.4000000060
19435  -27.330  -52.599  22.677 0.4000000060
19537  -28.983  -52.018  16.734 0.4000000060
130467  -27.437  -51.884  22.624 0.4000000060
27485  -20.915  -41.565  18.620 0.4000000060
28350  -20.493  -40.783  17.426 0.3000000119
28363  -20.964  -40.819  17.146 0.4000000060
122688  -21.471  -42.199  16.659 0.4000000060
26621  -21.620  -42.736  19.093 0.4000000060
138210  -20.983  -40.952  18.794 0.4000000060
24133  -24.173  -46.037  21.895 0.4000000060
25830  -23.337  -44.788  20.649 0.4000000060
26609  -22.484  -42.912  19.816 0.4000000060
27474  -22.514  -41.922  20.152 0.4000000060
114827  -23.083  -47.325  23.541 0.3000000119
24111  -24.000  -46.417  22.701 0.3000000119
24086  -22.815  -46.712  24.015 0.4000000060
118941  -23.567  -44.034  20.859 0.4000000060
24087  -23.467  -46.521  23.566 0.4000000060
24998  -24.341  -45.576  22.690 0.5000000000
115437  -23.164  -46.127  24.121 0.4000000060
24978  -23.597  -45.757  23.892 0.4000000060
24962  -23.152  -45.419  24.339 0.4000000060
117226  -25.281  -32.984  26.812 0.3000000119
36559  -29.822  -30.869  24.751 0.3000000119
38436  -28.551  -30.131  25.135 0.3000000119
137206  -29.176  -30.602  25.168 0.3000000119
38462  -30.017  -30.065  24.225 0.3000000119
37495  -29.315  -30.087  24.743 0.3000000119
40476  -28.844  -26.900  13.609 0.4000000060
39415  -28.809  -28.171  23.519 0.3000000119
41370  -29.566  -26.519  14.321 0.4000000060
120408  -29.194  -26.160  13.803 0.4000000060
40357  -28.102  -26.878  21.873 0.3000000119
41289  -26.647  -26.416  20.456 0.3000000119
41371  -30.265  -26.284  14.932 0.3000000119
43308  -29.384  -24.854  12.960 0.4000000060
43309  -29.708  -24.006  12.398 0.3000000119
41266  -28.791  -26.379  21.390 0.3000000119
129633  -27.993  -26.383  21.223 0.3000000119
41291  -28.420  -25.949  20.879 0.3000000119
42200  -29.295  -25.958  20.860 0.3000000119
128973  -28.119  -25.593  20.479 0.3000000119
42216  -28.881  -25.431  20.472 0.3000000119
42217  -29.767  -25.469  20.326 0.3000000119
42218  -30.453  -25.767  19.994 0.3000000119
41313  -30.882  -26.116  19.596 0.3000000119
116915  -31.480  -26.750  18.830 0.3000000119
42215  -27.556  -25.550  20.220 0.3000000119
118928  -26.291  -24.504  18.734 0.3000000119
41338  -31.516  -26.950  17.862 0.3000000119
44129  -25.848  -24.081  18.199 0.3000000119
41350  -31.266  -26.701  16.985 0.3000000119
41349  -30.930  -26.402  16.260 0.3000000119
42288  -30.984  -25.454  16.152 0.3000000119
45022  -24.739  -22.724  16.281 0.3000000119
41361  -30.675  -26.135  15.604 0.3000000119
45951  -25.378  -21.366  15.541 0.3000000119
45051  -23.941  -21.974  14.748 0.3000000119
134742  -29.640  -24.948  13.701 0.3000000119
42239  -28.163  -25.037  20.044 0.3000000119
42241  -30.811  -25.450  19.347 0.3000000119
42242  -31.206  -26.051  19.072 0.3000000119
119188  -31.377  -26.104  18.338 0.3000000119
42238  -27.227  -25.252  19.752 0.3000000119
43209  -28.553  -24.424  19.674 0.3000000119
43186  -29.301  -24.758  19.982 0.3000000119
42262  -31.141  -25.357  18.633 0.3000000119
43232  -26.936  -24.224  19.015 0.3000000119
44131  -27.511  -23.693  18.942 0.3000000119
124381  -29.160  -24.127  19.537 0.3000000119
131058  -31.368  -26.201  17.611 0.3000000119
42289  -31.222  -25.861  16.989 0.3000000119
43278  -30.806  -24.772  15.552 0.3000000119
45952  -26.027  -21.038  15.879 0.3000000119
42301  -30.558  -25.538  15.214 0.3000000119
122470  -30.480  -24.973  14.834 0.3000000119
44200  -30.202  -23.429  13.265 0.3000000119
121356  -30.264  -23.080  12.155 0.3000000119
42240  -30.257  -24.976  19.750 0.3000000119
43210  -29.933  -24.214  19.453 0.3000000119
42261  -30.710  -24.549  18.951 0.3000000119
44107  -29.475  -23.548  19.184 0.3000000119
44108  -30.277  -23.685  18.834 0.3000000119
43234  -31.118  -24.686  18.039 0.3000000119
44130  -26.647  -23.689  18.471 0.3000000119
44974  -27.378  -23.035  18.434 0.3000000119
116564  -28.088  -23.171  18.793 0.3000000119
43265  -31.185  -24.990  17.134 0.3000000119
43264  -31.082  -24.454  16.418 0.3000000119
45904  -26.920  -21.821  17.223 0.3000000119
45931  -26.594  -21.336  16.523 0.3000000119
44182  -30.974  -23.918  15.727 0.3000000119
46936  -26.305  -20.311  15.659 0.3000000119
46912  -26.617  -20.689  16.129 0.3000000119
43289  -30.659  -24.274  14.937 0.3000000119
122872  -30.433  -23.840  14.211 0.3000000119
43233  -30.762  -23.882  18.155 0.3000000119
44975  -28.148  -22.558  18.424 0.3000000119
128920  -28.841  -22.292  18.369 0.3000000119
44134  -30.404  -23.259  18.242 0.3000000119
123017  -27.354  -22.320  17.848 0.3000000119
44977  -30.207  -22.640  18.058 0.3000000119
43249  -31.040  -24.097  17.317 0.3000000119
136712  -27.596  -21.687  17.507 0.3000000119
44998  -28.316  -21.860  17.942 0.3000000119
46913  -27.374  -20.616  16.526 0.3000000119
48005  -27.939  -19.785  16.279 0.3000000119
118114  -31.007  -23.065  15.798 0.3000000119
46937  -27.050  -20.009  16.019 0.3000000119
124376  -30.812  -23.443  15.025 0.3000000119
44193  -30.597  -22.982  14.191 0.3000000119
125099  -30.381  -22.501  13.066 0.3000000119
137952  -30.370  -22.349  11.888 0.3000000119
44133  -29.893  -22.977  18.713 0.3000000119
45886  -29.243  -21.863  18.057 0.3000000119
44155  -30.676  -23.186  17.445 0.3000000119
45906  -29.007  -21.326  17.610 0.3000000119
138137  -29.891  -22.071  17.961 0.3000000119
46890  -27.978  -20.777  17.041 0.3000000119
46914  -28.376  -20.289  16.694 0.3000000119
135232  -26.632  -18.584  14.834 0.3000000119
48026  -26.722  -19.512  15.481 0.3000000119
48027  -27.602  -19.297  15.719 0.3000000119
132050  -28.338  -19.301  15.889 0.3000000119
45052  -30.854  -22.613  15.078 0.3000000119
118565  -30.429  -21.733  13.213 0.3000000119
45074  -30.394  -21.773  12.216 0.3000000119
45000  -30.393  -22.184  17.309 0.3000000119
45024  -30.804  -22.672  16.555 0.3000000119
44999  -29.797  -21.584  17.582 0.3000000119
138318  -30.247  -21.471  16.977 0.3000000119
45908  -30.587  -21.816  16.448 0.3000000119
46891  -28.795  -20.752  17.158 0.3000000119
45907  -29.668  -21.003  17.100 0.3000000119
48049  -27.227  -18.656  15.188 0.3000000119
46915  -29.496  -20.276  16.581 0.3000000119
136479  -30.801  -21.922  15.163 0.3000000119
49067  -28.301  -18.649  15.368 0.3000000119
48028  -28.980  -19.205  15.734 0.3000000119
119954  -30.632  -22.030  14.239 0.3000000119
45977  -30.480  -21.129  13.741 0.3000000119
46998  -31.084  -20.397  11.146 0.3000000119
46997  -30.947  -20.429  11.120 0.3000000119
46006  -30.626  -21.064  11.422 0.3000000119
49088  -26.913  -18.072  14.650 0.3000000119
45933  -30.326  -20.900  16.343 0.3000000119
45953  -30.673  -21.455  15.683 0.3000000119
49089  -27.828  -17.918  14.792 0.3000000119
46938  -30.096  -20.019  15.900 0.3000000119
46939  -30.475  -20.592  15.399 0.3000000119
45965  -30.649  -21.240  14.816 0.3000000119
46957  -30.444  -20.291  14.266 0.3000000119
46969  -30.462  -20.342  12.955 0.3000000119
123140  -30.533  -19.696  12.167 0.3000000119
45990  -30.432  -21.074  12.548 0.3000000119
48076  -30.848  -19.612  11.546 0.3000000119
46983  -30.611  -20.310  11.758 0.3000000119
50055  -27.319  -17.251  14.194 0.3000000119
49090  -28.618  -17.990  14.650 0.3000000119
49068  -29.125  -18.706  15.099 0.3000000119
48050  -29.757  -19.057  14.582 0.3000000119
48030  -30.243  -19.766  15.058 0.3000000119
49091  -29.276  -18.225  14.093 0.3000000119
48051  -30.223  -19.479  14.115 0.3000000119
49107  -30.517  -18.865  12.057 0.3000000119
48066  -30.353  -19.567  13.126 0.3000000119
48088  -30.990  -19.729  11.397 0.3000000119
49134  -30.952  -19.013  11.781 0.3000000119
48089  -31.351  -19.755  11.582 0.3000000119
46984  -32.053  -20.261  12.103 0.3000000119
50056  -28.258  -17.248  14.177 0.3000000119
50057  -28.982  -17.403  13.754 0.3000000119
49106  -29.610  -17.787  12.838 0.3000000119
133628  -30.196  -18.132  12.333 0.3000000119
48065  -29.876  -18.686  13.099 0.3000000119
49119  -31.131  -18.499  11.947 0.3000000119
48078  -31.924  -19.509  12.426 0.3000000119
48067  -32.360  -19.317  13.411 0.3000000119
128565  -28.253  -50.874  16.092 0.4000000060
24110  -23.546  -47.181  22.942 0.3000000119
26610  -23.323  -43.116  20.661 0.4000000060
128916  -21.573  -41.606  19.330 0.4000000060
25021  -24.292  -45.338  21.927 0.4000000060
24963  -23.815  -45.088  24.151 0.4000000060
24979  -24.111  -45.374  23.595 0.4000000060
38476  -29.966  -29.316  23.778 0.3000000119
41290  -27.514  -26.078  20.646 0.3000000119
41268  -30.378  -26.880  20.902 0.3000000119
41292  -30.088  -26.180  20.590 0.3000000119
122871  -30.027  -26.945  14.805 0.4000000060
44153  -25.487  -23.665  17.582 0.3000000119
45950  -24.675  -21.644  15.202 0.3000000119
44997  -26.634  -22.932  17.936 0.3000000119
23256  -23.782  -46.924  21.874 0.4000000060
23269  -23.366  -47.049  20.893 0.4000000060
25829  -23.011  -43.900  20.217 0.4000000060
117585  -22.268  -47.441  23.788 0.3000000119
24088  -23.976  -45.971  23.340 0.4000000060
44154  -26.088  -23.446  17.907 0.3000000119
43208  -27.647  -24.450  19.454 0.3000000119
42273  -31.294  -25.501  17.821 0.3000000119
44106  -28.486  -23.717  19.268 0.3000000119
46935  -25.626  -20.619  15.323 0.3000000119
45964  -24.987  -20.946  14.922 0.3000000119
44132  -28.944  -22.900  18.812 0.3000000119
44170  -31.003  -23.552  16.553 0.3000000119
45932  -27.393  -21.245  17.040 0.3000000119
44976  -29.529  -22.414  18.386 0.3000000119
45905  -28.159  -21.256  17.412 0.3000000119
45039  -30.861  -22.258  15.794 0.3000000119
48048  -26.349  -19.073  14.977 0.3000000119
48007  -29.485  -19.678  16.042 0.3000000119
48029  -29.659  -19.421  15.461 0.3000000119
48077  -31.381  -19.116  11.962 0.3000000119
50090  -30.235  -17.469  12.465 0.3000000119
23240  -23.497  -47.777  22.373 0.4000000060
20965  -21.524  -50.727  17.376 0.3000000119
20261  -21.774  -51.568  17.762 0.3000000119
131938  -21.227  -50.025  16.976 0.3000000119
20951  -23.178  -50.600  18.675 0.3000000119
124756  -21.984  -46.536  24.122 0.3000000119
24977  -22.605  -46.010  24.260 0.3000000119
125476  -21.513  -44.703  24.017 0.3000000119
25842  -22.127  -44.745  19.464 0.3000000119
24144  -22.994  -46.175  20.504 0.3000000119
133142  -22.708  -44.558  19.997 0.3000000119
25034  -23.300  -45.574  20.736 0.3000000119
126764  -22.292  -43.817  19.554 0.3000000119
128903  -22.710  -46.745  20.272 0.3000000119
25033  -22.686  -45.380  20.112 0.3000000119
26685  -30.984  -43.869  15.063 0.3000000119
18050  -29.271  -54.076  21.366 0.5000000000
18759  -28.649  -53.979  22.090 0.4000000060
20176  -26.044  -51.700  22.350 0.5000000000
20218  -30.476  -51.381  21.339 0.5000000000
20235  -23.433  -51.215  19.241 0.5000000000
20247  -22.329  -51.718  18.266 0.4000000060
20260  -21.059  -51.509  17.155 0.3000000119
20950  -22.881  -49.944  18.318 0.5000000000
21642  -25.069  -49.116  20.710 0.6000000238
22408  -29.828  -48.188  22.180 0.5000000000
22456  -23.105  -48.595  18.422 0.6000000238
24116  -30.175  -46.859  22.073 0.5000000000
24145  -23.562  -46.189  21.187 0.3000000119
24961  -22.333  -45.309  24.320 0.3000000119
24976  -21.745  -45.664  24.102 0.3000000119
25020  -23.775  -45.416  21.336 0.4000000060
25059  -23.592  -45.094  18.435 0.5000000000
25086  -21.801  -44.947  16.248 0.4000000060
25764  -24.220  -44.788  23.917 0.4000000060
25866  -23.214  -44.576  17.999 0.5000000000
26545  -24.264  -43.641  24.486 0.4000000060
26570  -24.657  -43.937  22.772 0.6000000238
26587  -24.003  -43.683  21.359 0.4000000060
26623  -24.646  -43.728  19.677 0.6000000238
27399  -24.349  -42.605  25.072 0.4000000060
27414  -24.802  -41.910  24.260 0.4000000060
27427  -24.626  -43.209  24.168 0.4000000060
27440  -24.640  -42.469  22.445 0.5000000000
27495  -20.370  -41.264  17.701 0.4000000060
27499  -31.407  -42.410  19.185 0.8000000119
28251  -23.245  -41.027  26.197 0.4000000060
28276  -24.785  -41.235  24.577 0.5000000000
28354  -31.021  -41.049  18.715 0.8000000119
29121  -24.579  -40.810  25.373 0.5000000000
29122  -24.767  -40.623  24.968 0.5000000000
29175  -21.863  -38.415  20.392 0.6000000238
29224  -21.210  -40.119  17.950 0.5000000000
29235  -20.711  -40.651  17.521 0.4000000060
29992  -21.689  -39.387  26.664 0.3000000119
29993  -22.580  -39.509  26.855 0.3000000119
30040  -23.313  -37.903  22.309 0.6000000238
30083  -21.142  -39.618  18.568 0.5000000000
30085  -21.837  -38.580  19.319 0.5000000000
30870  -23.147  -37.608  21.830 0.6999999881
30879  -22.286  -37.958  20.717 0.6000000238
30894  -21.957  -38.067  20.212 0.6000000238
30935  -23.241  -37.779  14.543 0.8000000119
30941  -30.579  -38.127  15.100 0.5000000000
30961  -24.963  -39.464  13.561 0.8999999762
31536  -23.496  -37.508  27.398 0.3000000119
31537  -24.479  -37.481  27.031 0.4000000060
31675  -22.786  -37.189  14.266 0.8000000119
31687  -22.919  -37.168  13.917 0.8000000119
32416  -22.700  -36.569  14.907 0.8000000119
32417  -29.935  -36.928  15.003 0.6000000238
32422  -22.444  -36.622  14.406 0.8000000119
32436  -22.199  -36.112  14.124 0.8000000119
32437  -22.375  -36.408  13.923 0.8000000119
32438  -23.072  -36.365  13.641 0.8000000119
34043  -22.708  -34.897  14.512 0.8000000119
34052  -23.108  -34.258  14.214 0.8000000119
34755  -23.510  -32.760  26.626 0.3000000119
34924  -23.763  -33.496  13.285 0.8000000119
38592  -30.908  -28.834  16.663 0.5000000000
39569  -26.151  -28.496  11.785 0.5000000000
42351  -30.791  -24.480  8.847 0.3000000119
43207  -26.745  -24.862  19.286 0.3000000119
44222  -32.145  -23.309  10.886 0.4000000060
44231  -31.202  -22.810  9.806 0.4000000060
45979  -33.184  -20.817  13.790 0.3000000119
48006  -28.799  -19.680  16.279 0.3000000119
48032  -33.180  -19.697  14.736 0.3000000119
49135  -31.094  -19.200  11.699 0.3000000119
117360  -22.935  -34.641  13.596 0.8000000119
121642  -31.810  -21.789  11.113 0.4000000060
123872  -28.225  -50.448  22.584 0.5000000000
124441  -31.112  -23.262  9.466 0.4000000060
125110  -24.253  -48.838  19.552 0.6000000238
125488  -28.990  -43.952  13.504 0.5000000000
126656  -23.535  -34.417  13.393 0.8000000119
131658  -24.119  -39.866  22.490 0.4000000060
132834  -29.459  -47.805  22.331 0.5000000000
132959  -27.680  -46.627  22.367 0.6000000238
134945  -24.019  -41.591  25.717 0.4000000060
134950  -28.238  -49.098  22.509 0.5000000000
135974  -26.425  -39.383  16.002 0.8999999762
136053  -23.327  -36.786  15.364 0.8000000119
137730  -32.912  -19.657  14.098 0.4000000060
138289  -21.523  -38.484  19.740 0.5000000000
