#!ascii label  , from subject sub-v2s18x29508_ses-1 vox2ras=TkReg
987
61536  17.395  -10.706  4.101 0.2500000000
60595  17.884  -11.483  3.763 0.7500000000
64523  17.509  -7.608  2.489 0.2500000000
63506  17.527  -8.439  2.811 0.1250000000
114846  18.011  -8.006  2.082 0.3750000000
135625  17.440  -8.885  3.215 0.2500000000
122395  17.063  -9.892  4.218 0.2500000000
61535  18.151  -10.745  3.317 0.7500000000
117013  17.507  -10.069  3.693 0.3750000000
60594  18.520  -11.578  3.261 0.8750000000
116470  18.998  -11.963  3.082 0.8750000000
62547  17.811  -9.111  2.937 0.3750000000
62546  18.520  -9.482  2.504 0.8750000000
61553  18.046  -9.818  3.156 0.7500000000
61550  20.468  -10.660  2.196 1.0000000000
61551  19.556  -10.581  2.312 1.0000000000
61552  18.732  -10.318  2.626 0.8750000000
60593  19.668  -11.933  2.867 1.0000000000
60612  19.070  -11.253  2.764 0.8750000000
60592  20.439  -11.853  2.844 1.0000000000
64537  17.943  -7.180  1.854 0.2500000000
63519  18.710  -8.325  1.712 0.8750000000
62560  18.976  -9.051  1.937 0.8750000000
63505  18.269  -8.735  2.338 0.7500000000
61564  20.967  -10.037  1.782 1.0000000000
61565  20.054  -9.993  1.876 1.0000000000
62559  19.709  -9.295  1.620 1.0000000000
60609  21.623  -10.999  2.959 1.0000000000
60610  20.850  -11.237  2.585 1.0000000000
60591  21.186  -11.655  3.138 1.0000000000
60611  20.012  -11.349  2.472 1.0000000000
64524  17.272  -7.253  2.727 0.1250000000
64536  18.529  -7.598  1.461 0.6250000000
129629  19.914  -8.179  0.832 1.0000000000
63529  19.230  -7.903  1.161 0.8750000000
63518  19.441  -8.595  1.394 1.0000000000
62544  21.851  -9.903  1.892 1.0000000000
62558  20.550  -9.407  1.440 1.0000000000
63517  20.201  -8.779  1.145 1.0000000000
61548  22.301  -10.326  2.792 1.0000000000
61549  21.347  -10.544  2.321 1.0000000000
61533  23.925  -10.580  3.440 1.0000000000
133357  22.300  -10.884  3.474 1.0000000000
122188  17.513  -2.604  0.467 0.2500000000
65641  17.465  -6.673  2.285 0.2500000000
65658  17.789  -6.358  1.601 0.3750000000
65675  19.217  -6.754  0.424 1.0000000000
65657  18.434  -6.781  1.077 0.6250000000
64549  19.008  -7.314  0.907 1.0000000000
64548  21.038  -7.720  0.359 1.0000000000
133726  20.370  -7.820  0.457 1.0000000000
62543  22.712  -9.593  2.191 1.0000000000
62556  22.202  -9.161  1.554 1.0000000000
63526  22.095  -7.950  0.868 1.0000000000
62555  23.021  -8.693  1.847 1.0000000000
61546  24.204  -9.941  2.991 1.0000000000
63504  24.068  -8.621  2.261 1.0000000000
62541  24.535  -9.346  2.621 1.0000000000
68670  18.150  -2.959  -0.129 0.5000000000
68654  17.644  -3.438  0.504 0.3750000000
67684  17.668  -4.240  0.624 0.3750000000
127339  17.682  -4.911  0.794 0.5000000000
67683  18.175  -4.731  0.236 0.5000000000
65697  19.477  -5.979  -0.178 0.8750000000
66713  20.107  -5.453  -0.725 1.0000000000
64547  21.757  -7.467  0.457 1.0000000000
134856  20.824  -6.697  -0.234 1.0000000000
64534  23.277  -7.007  1.291 1.0000000000
64546  22.439  -7.127  0.716 1.0000000000
122299  25.268  -7.433  1.880 1.0000000000
63513  24.610  -7.944  2.119 1.0000000000
63503  25.151  -8.784  2.405 0.8750000000
122179  17.652  -2.000  -0.160 0.5000000000
67702  18.213  -3.919  0.013 0.5000000000
130853  18.712  -3.655  -0.726 0.6250000000
67716  19.331  -4.111  -1.213 0.6250000000
136272  19.314  -4.606  -0.811 1.0000000000
66714  19.349  -5.104  -0.552 0.7500000000
66712  21.072  -5.618  -0.646 1.0000000000
66678  23.689  -5.527  1.083 1.0000000000
67682  22.961  -5.059  0.461 1.0000000000
66694  22.920  -6.004  0.551 1.0000000000
65694  22.065  -6.230  0.082 1.0000000000
67661  24.727  -5.698  1.405 1.0000000000
65655  24.013  -6.350  1.461 1.0000000000
65672  22.822  -6.570  0.731 1.0000000000
65654  25.206  -6.592  1.575 0.8750000000
64532  26.051  -7.802  2.043 0.8750000000
69587  18.316  -2.364  -0.609 0.5000000000
68684  19.177  -3.243  -1.303 0.8750000000
68681  21.321  -3.665  -1.294 1.0000000000
67714  20.829  -4.313  -1.307 1.0000000000
124519  23.846  -4.593  0.721 1.0000000000
67699  22.690  -4.237  0.039 1.0000000000
66711  21.859  -5.708  -0.248 1.0000000000
69570  23.885  -3.088  0.078 1.0000000000
66677  25.760  -5.747  1.462 1.0000000000
67660  25.326  -5.079  1.401 1.0000000000
129295  24.607  -4.160  0.824 1.0000000000
67659  26.172  -4.904  1.424 1.0000000000
70441  18.248  -1.671  -0.776 0.5000000000
69600  18.882  -2.324  -1.291 0.8750000000
69599  19.603  -2.702  -1.816 1.0000000000
70452  22.020  -1.343  -1.441 1.0000000000
119595  21.523  -2.906  -1.418 1.0000000000
68692  20.217  -2.878  -1.998 1.0000000000
71304  24.242  -0.744  -0.248 1.0000000000
118750  23.435  -2.103  -0.446 1.0000000000
70426  25.046  -1.841  0.331 1.0000000000
69584  24.071  -2.419  -0.031 1.0000000000
68651  26.068  -3.334  1.005 1.0000000000
69569  24.628  -2.876  0.317 1.0000000000
67678  26.544  -4.048  1.287 0.8750000000
73897  20.256  2.438  -3.737 1.0000000000
73886  19.185  2.164  -2.409 0.3750000000
137184  20.056  1.965  -3.611 0.8750000000
133145  21.184  -0.377  -2.733 1.0000000000
71305  23.576  -0.345  -0.593 1.0000000000
70451  22.684  -0.699  -1.023 1.0000000000
74781  20.241  3.674  -3.812 0.8750000000
73905  21.019  3.148  -3.818 1.0000000000
73896  20.922  2.389  -3.779 1.0000000000
73052  21.051  1.629  -3.565 1.0000000000
73895  21.396  2.876  -3.570 1.0000000000
72192  21.698  0.490  -2.476 1.0000000000
72178  23.746  0.347  -0.712 1.0000000000
73034  23.359  0.906  -1.034 1.0000000000
72177  24.389  0.037  -0.500 1.0000000000
75725  20.410  4.301  -3.919 0.7500000000
136160  21.351  3.329  -3.651 1.0000000000
73894  22.021  2.940  -2.841 1.0000000000
73875  24.209  2.632  -1.289 1.0000000000
73876  23.146  2.506  -1.532 1.0000000000
73035  22.618  1.514  -1.509 1.0000000000
75712  21.384  3.899  -3.716 1.0000000000
74771  21.950  3.587  -3.289 1.0000000000
74741  22.792  3.159  -2.009 1.0000000000
81060  21.809  10.566  -5.568 0.1250000000
81854  22.806  11.055  -5.084 0.1250000000
81061  20.550  10.364  -6.180 0.2500000000
81865  21.059  11.021  -6.522 0.1250000000
81075  20.545  10.617  -6.767 0.3750000000
82579  22.180  11.975  -7.599 0.2500000000
81885  22.145  11.471  -7.993 0.5000000000
119906  21.829  12.239  -8.525 0.2500000000
82599  21.319  12.420  -9.350 0.3750000000
82578  22.481  12.607  -7.131 0.2500000000
128196  21.660  12.818  -8.309 0.2500000000
82586  22.053  12.988  -7.828 0.2500000000
83297  20.809  14.415  -8.821 0.2500000000
82594  21.246  13.151  -8.684 0.2500000000
82595  20.778  13.432  -9.349 0.2500000000
130932  20.788  12.849  -9.984 0.3750000000
83305  20.268  13.464  -10.179 0.2500000000
62534  17.350  -9.342  3.550 0.2500000000
63495  17.216  -8.715  3.413 0.1250000000
60590  22.631  -11.389  4.088 1.0000000000
68683  19.783  -3.503  -1.668 0.8750000000
69586  22.720  -2.625  -0.708 1.0000000000
126786  16.776  -10.839  5.707 0.1250000000
59650  17.689  -12.181  4.088 0.6250000000
58654  18.740  -13.070  3.759 0.7500000000
63507  17.243  -7.981  3.191 0.1250000000
58653  19.454  -13.081  3.848 1.0000000000
62528  17.018  -9.473  4.091 0.1250000000
117310  20.218  -12.730  3.863 1.0000000000
59647  21.667  -11.992  3.967 1.0000000000
115757  23.534  -12.173  4.316 1.0000000000
65659  17.366  -5.936  1.989 0.3750000000
118351  17.341  -3.796  1.078 0.2500000000
67662  17.268  -4.549  1.410 0.2500000000
62540  25.296  -9.587  2.651 0.8750000000
64531  26.643  -7.625  1.713 0.8750000000
63502  26.096  -8.547  2.242 0.8750000000
65652  27.440  -6.386  1.365 0.8750000000
73877  18.296  2.728  -1.131 0.1250000000
73036  18.652  1.524  -1.690 0.1250000000
70442  17.688  -1.243  -0.368 0.3750000000
70464  19.404  -1.047  -2.237 0.6250000000
69568  25.633  -2.615  0.622 1.0000000000
67658  27.133  -4.794  1.298 0.8750000000
73885  19.706  2.262  -3.312 0.5000000000
73906  20.499  3.077  -3.840 0.8750000000
73046  18.920  1.375  -2.148 0.3750000000
72204  19.645  0.702  -3.131 0.8750000000
71303  25.141  -0.355  -0.211 1.0000000000
72176  25.189  0.446  -0.516 1.0000000000
73022  25.425  1.216  -0.691 1.0000000000
74780  20.707  3.731  -3.834 1.0000000000
120662  23.759  1.738  -1.176 1.0000000000
121117  20.634  4.885  -4.296 0.8750000000
76583  22.512  5.354  -4.430 1.0000000000
75694  22.748  4.201  -2.717 1.0000000000
74740  23.682  3.434  -1.529 1.0000000000
118024  23.225  10.353  -3.814 0.1250000000
80151  20.818  9.542  -4.388 0.1250000000
79300  20.503  8.984  -6.084 0.6250000000
80195  20.409  10.262  -6.902 0.6250000000
81089  22.087  10.773  -7.811 0.5000000000
81864  22.317  11.424  -6.018 0.2500000000
81902  21.657  11.559  -9.783 0.5000000000
82577  22.867  13.062  -6.637 0.2500000000
83290  21.780  14.275  -7.996 0.2500000000
81903  21.133  12.279  -10.458 0.5000000000
84001  21.269  14.962  -8.569 0.1250000000
83301  20.210  14.394  -9.500 0.2500000000
117154  18.301  15.268  -10.867 0.2500000000
82602  20.465  12.755  -10.850 0.3750000000
84013  19.021  14.281  -11.596 0.2500000000
84005  20.358  15.471  -9.090 0.1250000000
61529  16.949  -10.852  4.897 0.1250000000
60573  17.321  -11.438  4.424 0.5000000000
62535  16.985  -9.116  3.911 0.1250000000
59649  18.430  -12.293  3.540 0.7500000000
59648  19.347  -12.528  3.371 1.0000000000
62545  19.237  -9.806  2.128 1.0000000000
124754  20.775  -12.193  3.455 1.0000000000
134652  21.868  -11.348  3.563 1.0000000000
63528  20.662  -8.290  0.688 1.0000000000
62557  21.408  -9.363  1.420 1.0000000000
62568  21.022  -8.834  0.999 1.0000000000
61547  23.296  -10.032  2.943 1.0000000000
61534  22.987  -10.637  3.586 1.0000000000
66697  17.573  -5.507  1.345 0.3750000000
66696  18.111  -5.440  0.616 0.5000000000
65676  18.684  -6.047  0.507 0.8750000000
64564  20.004  -6.816  -0.122 1.0000000000
129646  20.546  -7.302  0.117 1.0000000000
62542  23.639  -9.345  2.494 1.0000000000
63515  22.345  -8.459  1.325 1.0000000000
63516  21.756  -8.666  1.111 1.0000000000
64535  22.754  -7.820  1.343 1.0000000000
63514  23.618  -7.844  1.807 1.0000000000
63512  25.423  -8.061  2.214 1.0000000000
65698  18.711  -5.325  -0.030 0.6250000000
130601  18.783  -4.509  -0.496 0.6250000000
65696  20.425  -6.161  -0.452 1.0000000000
66726  20.515  -4.878  -1.073 1.0000000000
65674  21.961  -6.769  0.258 1.0000000000
65695  21.501  -6.356  -0.184 1.0000000000
137777  20.995  -6.236  -0.424 1.0000000000
64533  24.295  -7.171  1.716 1.0000000000
122784  26.077  -7.163  1.702 0.8750000000
130095  26.135  -9.544  2.386 0.8750000000
67715  20.075  -4.234  -1.445 1.0000000000
66725  21.125  -4.889  -1.013 1.0000000000
67680  24.554  -4.865  1.186 1.0000000000
65656  23.284  -6.285  1.049 1.0000000000
66695  22.402  -5.794  0.183 1.0000000000
67681  23.336  -4.227  0.388 1.0000000000
65653  26.383  -6.458  1.517 0.8750000000
68682  20.512  -3.587  -1.622 1.0000000000
68668  22.691  -3.460  -0.420 1.0000000000
67712  21.989  -4.161  -0.596 1.0000000000
67700  22.231  -5.013  -0.100 1.0000000000
69585  23.372  -2.896  -0.297 1.0000000000
68652  25.084  -3.488  0.693 1.0000000000
67679  25.481  -4.243  1.209 1.0000000000
70455  18.796  -1.371  -1.512 0.6250000000
70454  19.465  -1.868  -1.940 0.7500000000
69610  19.998  -2.188  -2.292 1.0000000000
69608  20.965  -2.213  -1.972 1.0000000000
70462  20.842  -1.633  -2.253 1.0000000000
69597  21.989  -2.298  -1.275 1.0000000000
71317  21.375  -0.964  -2.119 1.0000000000
71316  21.959  -0.599  -1.687 1.0000000000
120458  24.845  -1.019  0.164 1.0000000000
70439  23.456  -1.205  -0.499 1.0000000000
70440  22.725  -1.723  -0.880 1.0000000000
73045  19.382  1.431  -2.858 0.7500000000
72203  20.307  0.817  -3.478 1.0000000000
71327  20.705  -0.902  -2.612 1.0000000000
72186  22.244  0.083  -1.675 1.0000000000
71336  20.687  -0.161  -3.131 1.0000000000
72202  20.894  0.513  -3.371 1.0000000000
72185  23.020  0.175  -0.964 1.0000000000
75724  20.974  4.430  -4.085 0.8750000000
123047  20.886  1.112  -3.513 1.0000000000
121742  21.471  2.055  -3.157 1.0000000000
73043  21.807  1.370  -2.288 1.0000000000
126578  22.120  0.858  -1.740 1.0000000000
73044  21.292  1.009  -3.162 1.0000000000
73023  24.398  0.944  -0.743 1.0000000000
75711  22.219  4.339  -3.507 1.0000000000
73884  22.229  2.292  -2.099 1.0000000000
74761  22.558  3.594  -2.534 1.0000000000
135828  22.569  4.863  -3.875 1.0000000000
75723  21.797  4.703  -4.145 1.0000000000
80138  22.414  9.854  -3.759 0.1250000000
81044  21.248  9.852  -5.149 0.1250000000
80150  21.801  9.680  -4.325 0.1250000000
82568  22.755  12.289  -6.370 0.2500000000
81876  21.415  11.179  -7.259 0.2500000000
137454  20.365  9.931  -5.891 0.3750000000
81076  20.308  10.126  -6.428 0.5000000000
81894  21.895  11.590  -8.903 0.5000000000
81090  21.121  10.818  -7.266 0.7500000000
83302  19.650  14.301  -10.360 0.2500000000
83308  19.287  13.987  -11.194 0.2500000000
60574  16.995  -11.621  4.885 0.2500000000
124828  16.632  -11.207  5.899 0.1250000000
60559  16.669  -11.552  5.489 0.1250000000
118617  17.209  -12.019  4.625 0.6250000000
59631  18.011  -12.960  3.995 0.7500000000
138593  18.509  0.922  -1.583 0.5000000000
71306  18.150  -0.700  -0.878 0.6250000000
121356  19.862  -1.523  -2.448 0.8750000000
71330  18.782  -0.497  -1.764 0.7500000000
71328  20.018  -0.788  -2.830 0.8750000000
72194  19.088  0.730  -2.427 0.7500000000
72195  18.788  0.215  -1.949 0.8750000000
71329  19.382  -0.117  -2.608 1.0000000000
136412  20.479  0.300  -3.344 1.0000000000
76584  21.263  5.178  -4.591 1.0000000000
75693  23.624  4.596  -2.273 1.0000000000
80152  20.252  9.254  -4.609 0.3750000000
79299  21.022  9.012  -6.325 0.7500000000
80180  20.441  9.693  -6.633 0.7500000000
129484  20.358  9.597  -6.017 0.5000000000
80194  20.885  10.232  -7.202 0.7500000000
82607  19.590  12.755  -11.798 0.2500000000
82606  19.920  12.430  -11.820 0.3750000000
55848  18.684  -16.685  6.262 0.7500000000
54910  19.743  -16.961  6.123 0.7500000000
55864  17.880  -16.064  6.092 0.7500000000
137945  17.472  -15.657  5.961 0.7500000000
55861  20.243  -16.314  5.777 0.7500000000
55863  18.489  -15.969  5.810 0.7500000000
56786  17.846  -15.509  5.456 0.7500000000
56784  19.759  -15.508  5.456 0.7500000000
56785  18.798  -15.522  5.346 0.7500000000
57729  17.932  -14.273  4.604 0.7500000000
58646  17.644  -13.442  4.613 0.6250000000
57716  19.223  -14.891  4.934 0.7500000000
57728  18.698  -14.316  4.454 0.8750000000
56783  20.737  -15.643  5.521 0.7500000000
57715  20.342  -14.757  5.151 0.7500000000
57727  19.635  -14.149  4.608 0.8750000000
58643  19.960  -13.396  4.301 0.8750000000
56793  22.011  -15.121  5.160 0.7500000000
57726  21.325  -14.414  5.080 0.7500000000
58642  21.490  -13.563  4.796 0.8750000000
58641  22.454  -13.390  4.719 0.7500000000
59629  21.652  -12.754  4.507 0.8750000000
117669  24.259  -12.934  4.067 0.8750000000
59646  24.378  -12.122  3.891 0.8750000000
60589  23.658  -11.303  3.893 0.8750000000
59661  26.330  -12.866  2.311 0.3750000000
127534  26.099  -12.137  2.471 0.6250000000
60608  25.480  -11.521  2.966 0.7500000000
60588  24.598  -11.369  3.536 0.7500000000
59673  27.341  -12.747  1.333 0.5000000000
120676  26.788  -12.278  1.950 0.5000000000
60622  27.054  -11.318  1.936 0.7500000000
61545  26.587  -10.528  2.277 0.7500000000
59685  28.511  -12.151  0.109 0.1250000000
60636  28.215  -11.522  0.606 0.3750000000
120677  27.756  -11.050  1.431 0.6250000000
62554  27.098  -9.899  2.042 0.6250000000
125019  26.933  -9.046  2.025 0.6250000000
59695  29.889  -12.475  -1.004 0.1250000000
60635  28.583  -11.443  -0.293 0.1250000000
62566  28.241  -10.048  0.313 0.1250000000
61584  28.455  -10.094  -0.531 0.1250000000
63525  28.020  -8.214  1.015 0.6250000000
126233  27.959  -7.222  1.153 0.6250000000
117274  26.985  -7.126  1.507 0.7500000000
61596  28.897  -10.384  -1.148 0.1250000000
63549  28.998  -8.757  -1.797 0.1250000000
64562  28.644  -7.845  -0.429 0.1250000000
65670  28.403  -7.010  0.476 0.5000000000
65671  28.209  -6.314  1.020 0.6250000000
66675  27.766  -5.563  1.219 0.7500000000
117289  29.917  -11.021  -1.717 0.1250000000
65693  28.564  -6.698  -0.374 0.5000000000
131377  28.486  -5.787  -0.238 0.5000000000
117111  27.928  -4.783  0.795 0.6250000000
67677  27.416  -4.048  0.874 0.7500000000
137418  20.186  5.086  -4.038 0.6250000000
77500  20.218  5.956  -4.614 0.5000000000
76585  20.669  5.541  -4.701 0.7500000000
68666  28.169  -3.200  -0.549 0.6250000000
69583  27.322  -1.946  0.521 0.6250000000
70425  26.321  -1.576  0.605 0.8750000000
68679  28.194  -3.130  -1.609 0.5000000000
120442  28.059  -2.537  -0.785 0.6250000000
130489  27.715  -1.869  -0.380 0.6250000000
132423  27.193  -1.167  0.034 0.7500000000
76596  20.607  6.238  -5.274 0.7500000000
117911  26.428  -0.733  0.106 0.8750000000
73033  24.877  1.904  -0.878 0.8750000000
73874  25.223  2.684  -1.284 0.8750000000
71301  27.024  -0.563  -0.579 0.7500000000
72184  26.416  0.710  -0.906 0.8750000000
73032  25.990  2.016  -0.870 0.8750000000
73873  26.080  2.828  -1.428 0.8750000000
74738  25.423  3.261  -1.579 0.8750000000
135560  28.135  -2.762  -2.169 0.3750000000
69596  28.042  -2.144  -1.595 0.5000000000
70450  27.588  -1.221  -1.072 0.5000000000
71315  26.796  0.046  -1.050 0.6250000000
69607  27.995  -2.459  -2.851 0.2500000000
71314  27.361  -0.545  -1.598 0.5000000000
128493  20.566  6.921  -5.659 0.6250000000
77509  21.195  6.585  -5.671 0.7500000000
76595  21.255  5.860  -5.233 0.8750000000
76594  21.904  5.606  -4.996 0.8750000000
74760  23.262  3.942  -2.002 0.8750000000
75692  24.707  4.670  -2.431 0.7500000000
74758  25.185  3.896  -1.854 0.8750000000
72191  26.907  0.671  -1.602 0.6250000000
73031  26.606  1.382  -1.262 0.7500000000
70461  27.768  -1.304  -2.338 0.3750000000
71324  27.429  -0.548  -2.500 0.5000000000
120128  27.181  2.272  -2.591 0.7500000000
70470  27.579  -1.682  -3.471 0.2500000000
78432  20.252  7.728  -5.683 0.6250000000
77508  21.943  6.263  -5.494 0.8750000000
77499  22.705  6.089  -4.937 0.8750000000
76569  23.359  5.258  -3.770 0.8750000000
131559  23.519  6.622  -4.872 0.7500000000
75709  24.834  5.151  -3.152 0.8750000000
75707  26.315  4.342  -3.464 0.7500000000
73042  27.122  1.396  -2.059 0.5000000000
71344  26.837  -0.570  -4.587 0.2500000000
72211  27.076  0.373  -4.115 0.5000000000
71335  27.222  -0.181  -3.259 0.5000000000
70478  27.097  -2.007  -4.422 0.2500000000
79290  20.344  8.474  -5.789 0.5000000000
78444  20.708  8.250  -6.100 0.5000000000
79288  23.084  8.759  -5.886 0.7500000000
79287  23.841  8.407  -5.547 0.7500000000
78428  24.626  7.896  -5.437 0.7500000000
77496  25.243  6.781  -4.673 0.7500000000
77497  24.423  6.760  -4.638 0.7500000000
75722  26.030  5.197  -3.815 0.7500000000
76581  25.733  5.999  -4.325 0.7500000000
74779  26.926  3.120  -4.403 0.5000000000
128395  26.734  3.588  -5.185 0.3750000000
134187  26.792  4.022  -4.249 0.6250000000
119020  26.817  0.748  -4.879 0.2500000000
73063  26.728  1.449  -5.124 0.3750000000
73911  26.671  2.430  -5.451 0.3750000000
80179  21.406  9.630  -6.890 0.6250000000
79298  22.184  9.097  -6.347 0.7500000000
79308  23.678  9.273  -6.800 0.7500000000
134058  24.406  8.513  -5.819 0.7500000000
78427  25.415  7.356  -5.350 0.7500000000
77506  26.288  6.389  -5.620 0.6250000000
74787  26.509  4.212  -5.905 0.3750000000
75732  26.531  5.152  -5.328 0.3750000000
72223  26.350  0.660  -5.600 0.1250000000
73917  26.243  2.193  -6.580 0.1250000000
80178  22.658  9.466  -6.946 0.6250000000
80192  23.094  9.735  -7.624 0.7500000000
78443  25.152  8.077  -6.066 0.7500000000
76604  26.516  5.910  -6.446 0.3750000000
78442  25.874  7.422  -6.099 0.3750000000
77507  25.858  6.628  -5.029 0.7500000000
74794  26.364  3.683  -6.839 0.2500000000
119852  26.454  4.356  -6.644 0.3750000000
76593  26.310  5.935  -5.005 0.6250000000
73078  25.044  1.365  -7.640 0.1250000000
73918  25.709  2.028  -7.267 0.1250000000
122231  25.674  0.541  -6.406 0.1250000000
80193  22.186  10.143  -7.488 0.6250000000
121662  22.683  10.266  -8.170 0.6250000000
79315  23.702  8.984  -8.013 0.3750000000
78452  25.068  8.301  -7.905 0.3750000000
76618  26.661  6.141  -8.076 0.2500000000
77514  26.336  6.865  -6.241 0.3750000000
124884  25.728  7.737  -6.828 0.3750000000
74802  25.595  3.077  -7.980 0.1250000000
75739  26.535  4.885  -6.959 0.3750000000
73079  24.184  0.604  -8.128 0.1250000000
74801  26.064  3.521  -7.510 0.1250000000
81115  22.128  11.117  -10.038 0.3750000000
81100  22.295  10.655  -8.805 0.3750000000
80205  22.756  10.195  -9.040 0.3750000000
79321  23.789  9.199  -8.897 0.3750000000
80204  23.217  9.709  -8.471 0.3750000000
79313  25.214  8.367  -8.670 0.3750000000
79320  24.637  8.766  -9.099 0.3750000000
79314  24.368  8.618  -8.372 0.3750000000
78450  26.387  7.428  -8.666 0.3750000000
77520  26.519  6.676  -7.210 0.3750000000
130813  25.629  7.964  -7.503 0.3750000000
74817  25.355  3.504  -9.853 0.1250000000
75746  26.468  4.645  -7.782 0.1250000000
130927  26.700  5.742  -8.742 0.2500000000
73935  24.514  1.749  -9.337 0.1250000000
131615  22.166  11.190  -11.001 0.2500000000
80226  23.225  9.995  -10.284 0.2500000000
80216  22.880  10.135  -9.611 0.3750000000
79327  25.679  8.578  -10.514 0.1250000000
80214  24.292  9.388  -9.582 0.3750000000
121160  26.538  7.777  -9.662 0.1250000000
78455  25.981  8.072  -8.916 0.2500000000
76633  26.736  5.494  -10.755 0.1250000000
77525  26.743  6.536  -8.743 0.1250000000
81907  20.770  12.221  -11.504 0.3750000000
129186  22.376  10.719  -11.546 0.2500000000
79336  24.948  9.072  -10.916 0.1250000000
80233  23.437  9.761  -11.900 0.1250000000
79335  25.552  8.365  -11.553 0.1250000000
80238  24.081  9.337  -12.641 0.1250000000
75774  26.233  4.789  -11.196 0.1250000000
79334  26.120  7.554  -12.186 0.1250000000
81125  21.571  11.130  -13.753 0.1250000000
79342  25.373  8.106  -12.838 0.1250000000
80239  23.258  9.845  -13.154 0.1250000000
77549  26.326  6.014  -12.350 0.1250000000
76642  26.336  5.432  -11.722 0.1250000000
59630  20.823  -13.065  4.469 0.8750000000
129819  24.779  -12.839  3.569 0.6250000000
67698  28.362  -4.521  -0.852 0.6250000000
71302  25.982  0.139  -0.479 0.8750000000
129303  27.163  0.555  -2.529 0.5000000000
70471  27.181  -1.049  -4.002 0.3750000000
78431  20.985  7.407  -6.012 0.6250000000
78430  21.900  7.141  -5.805 0.8750000000
77498  22.779  6.873  -5.362 0.8750000000
125792  22.942  7.971  -5.542 0.7500000000
118997  23.681  5.971  -4.327 0.8750000000
76582  24.889  6.223  -4.061 0.7500000000
76567  25.330  5.545  -3.656 0.7500000000
75708  25.500  4.849  -3.185 0.7500000000
123909  27.213  1.954  -3.565 0.5000000000
73904  26.979  2.179  -4.384 0.5000000000
73893  27.100  2.838  -3.444 0.7500000000
73058  27.082  1.304  -4.231 0.5000000000
75764  26.411  4.878  -10.138 0.1250000000
80225  23.601  9.815  -10.996 0.2500000000
79343  24.783  8.801  -12.095 0.1250000000
121413  26.534  7.055  -12.267 0.1250000000
124716  28.142  -9.197  0.895 0.5000000000
63511  27.536  -8.667  1.519 0.6250000000
121655  26.774  -8.244  1.855 0.7500000000
66710  28.416  -5.269  -1.041 0.3750000000
68678  28.307  -3.914  -1.230 0.3750000000
68698  28.336  -4.213  -3.218 0.2500000000
73882  26.599  3.028  -2.105 0.7500000000
77532  26.983  7.208  -10.229 0.1250000000
68699  28.007  -3.542  -3.651 0.1250000000
53872  18.883  -18.279  6.908 0.7500000000
54894  18.368  -17.463  6.764 0.7500000000
55849  17.780  -16.690  6.630 0.7500000000
56772  17.206  -15.914  6.499 0.7500000000
53871  19.767  -18.562  6.626 0.7500000000
54892  20.218  -17.896  6.248 0.7500000000
57730  17.312  -13.947  5.178 0.6250000000
57717  18.255  -14.983  4.811 0.7500000000
55860  21.218  -16.559  5.600 0.6250000000
56782  21.659  -15.856  5.359 0.7500000000
57724  23.175  -14.287  4.567 0.6250000000
58652  24.260  -13.745  3.947 0.5000000000
58660  25.974  -14.031  2.843 0.3750000000
58650  25.440  -13.307  3.161 0.5000000000
58669  26.966  -13.922  1.962 0.1250000000
58676  28.672  -13.030  0.554 0.1250000000
59684  29.298  -12.763  -0.247 0.1250000000
58682  30.356  -13.320  -0.663 0.1250000000
60665  30.578  -11.991  -1.690 0.1250000000
132592  30.507  -10.681  -2.157 0.1250000000
118609  29.546  -9.294  -2.009 0.1250000000
63556  29.457  -8.425  -2.479 0.1250000000
63550  28.824  -8.092  -1.938 0.1250000000
66724  28.435  -5.619  -2.078 0.1250000000
67711  28.404  -4.696  -1.706 0.2500000000
68689  28.347  -4.012  -2.189 0.2500000000
78417  19.829  7.934  -4.637 0.5000000000
69622  26.881  -3.126  -4.991 0.1250000000
69615  27.587  -2.731  -4.050 0.2500000000
70487  25.798  -2.418  -5.536 0.1250000000
72218  25.795  -0.209  -5.901 0.1250000000
72224  24.916  -0.411  -6.556 0.1250000000
80167  20.351  9.036  -5.496 0.3750000000
72236  23.650  -0.367  -7.726 0.1250000000
73088  23.944  0.852  -9.100 0.1250000000
72248  23.521  -0.181  -8.792 0.1250000000
74818  24.451  2.837  -10.585 0.1250000000
74829  23.949  2.946  -11.618 0.1250000000
81863  23.194  11.935  -5.563 0.1250000000
134188  20.400  11.616  -12.789 0.2500000000
81914  20.210  11.726  -12.920 0.1250000000
82612  20.032  12.320  -13.923 0.1250000000
80244  23.734  9.129  -14.077 0.1250000000
80240  22.475  10.487  -13.522 0.1250000000
75784  25.507  4.794  -12.289 0.1250000000
78470  26.112  6.997  -13.024 0.1250000000
60587  24.827  -10.576  3.223 0.7500000000
69567  26.634  -2.547  0.766 0.7500000000
68650  26.990  -3.291  0.930 0.7500000000
75726  19.932  4.176  -3.722 0.3750000000
74739  24.622  3.413  -1.492 0.8750000000
59628  22.581  -12.429  4.497 0.8750000000
58645  18.325  -13.680  4.150 0.7500000000
58644  19.095  -13.660  4.096 0.8750000000
123322  21.050  -12.534  4.120 0.8750000000
118548  25.638  -10.434  2.686 0.7500000000
64530  27.356  -7.857  1.463 0.6250000000
120619  25.890  -0.427  -0.152 0.8750000000
76558  23.984  5.047  -3.046 0.8750000000
74759  24.125  4.194  -1.641 0.8750000000
114557  19.463  12.783  -11.957 0.1250000000
134362  19.853  12.128  -12.412 0.2500000000
54893  19.261  -17.646  6.502 0.7500000000
54909  20.720  -17.250  5.881 0.7500000000
56787  17.078  -15.123  5.973 0.7500000000
55862  19.283  -16.125  5.826 0.7500000000
57714  21.208  -15.125  5.308 0.7500000000
119191  20.592  -13.844  4.779 0.8750000000
57725  22.244  -14.300  4.901 0.7500000000
58640  23.516  -13.311  4.434 0.7500000000
57736  23.966  -14.392  4.044 0.6250000000
59645  25.096  -12.278  3.354 0.7500000000
58659  26.456  -13.633  2.363 0.2500000000
136034  26.010  -13.293  2.664 0.5000000000
60607  26.262  -11.377  2.405 0.7500000000
123371  27.558  -11.944  1.360 0.5000000000
58677  28.003  -12.386  0.841 0.2500000000
127175  27.378  -13.425  1.383 0.1250000000
61573  28.366  -10.793  -0.037 0.2500000000
61574  28.166  -10.617  0.866 0.3750000000
62553  27.627  -9.491  1.551 0.6250000000
60652  29.213  -11.447  -1.031 0.1250000000
116515  28.608  -10.832  -0.658 0.1250000000
130471  28.389  -9.420  0.082 0.5000000000
62582  28.550  -9.157  -0.695 0.1250000000
62588  28.902  -9.439  -1.359 0.1250000000
64545  28.353  -7.775  0.561 0.5000000000
61595  29.629  -10.114  -1.738 0.1250000000
63542  28.746  -8.555  -1.307 0.1250000000
65705  28.669  -7.070  -1.277 0.1250000000
135593  28.435  -6.268  0.398 0.6250000000
115639  28.491  -6.167  -1.209 0.1250000000
133749  28.023  -4.167  0.338 0.6250000000
68649  27.828  -3.360  0.361 0.6250000000
73872  26.767  2.230  -1.585 0.7500000000
74757  25.991  3.630  -2.257 0.7500000000
71325  27.130  0.013  -2.071 0.5000000000
79289  21.805  8.307  -5.974 0.6250000000
74770  25.744  4.201  -2.633 0.7500000000
76568  24.422  5.572  -3.622 0.7500000000
117750  26.823  3.580  -3.695 0.6250000000
73051  27.227  1.162  -3.178 0.5000000000
72217  26.491  -0.010  -5.126 0.1250000000
71349  25.911  -1.110  -5.452 0.1250000000
70479  26.601  -1.501  -4.895 0.1250000000
79297  23.157  9.079  -6.337 0.7500000000
76580  26.357  5.322  -4.499 0.6250000000
115025  26.667  4.543  -4.849 0.3750000000
73069  26.329  1.424  -6.066 0.3750000000
79307  24.336  8.615  -7.510 0.3750000000
126315  26.481  3.150  -6.240 0.3750000000
73924  26.008  2.855  -7.209 0.1250000000
73070  25.640  1.333  -6.895 0.1250000000
78447  26.170  7.447  -7.586 0.3750000000
121643  26.336  4.127  -7.316 0.2500000000
73925  25.374  2.260  -7.867 0.1250000000
73087  24.726  1.561  -8.424 0.1250000000
72235  24.638  0.313  -7.232 0.1250000000
76612  26.635  5.564  -7.452 0.2500000000
73934  25.174  2.394  -8.656 0.1250000000
133575  25.759  3.914  -8.920 0.1250000000
75754  26.215  4.498  -8.586 0.1250000000
81109  22.421  10.573  -9.485 0.3750000000
79328  24.979  9.149  -9.924 0.3750000000
78451  25.785  7.977  -8.213 0.3750000000
73947  25.015  2.531  -9.619 0.1250000000
75755  25.928  4.367  -9.474 0.1250000000
75765  25.621  4.305  -10.561 0.1250000000
114569  26.444  5.081  -9.121 0.1250000000
76626  26.801  5.840  -9.584 0.1250000000
73099  23.787  1.177  -10.044 0.1250000000
73948  24.123  2.002  -10.278 0.1250000000
81118  21.669  11.235  -11.906 0.2500000000
81910  20.787  11.634  -12.249 0.2500000000
81113  23.032  10.245  -11.195 0.2500000000
79318  26.339  8.184  -10.263 0.1250000000
78458  27.034  6.953  -10.998 0.1250000000
77540  26.967  6.460  -10.374 0.1250000000
76632  26.814  6.232  -11.322 0.1250000000
81122  20.910  11.231  -12.836 0.1250000000
80234  22.735  10.304  -12.319 0.1250000000
75775  25.177  4.245  -11.813 0.1250000000
78459  26.751  7.596  -10.589 0.1250000000
81919  20.572  11.762  -13.639 0.1250000000
81126  20.738  11.421  -13.208 0.1250000000
54874  18.142  -18.063  7.273 0.7500000000
54875  17.633  -17.353  7.169 0.7500000000
138294  17.065  -14.375  5.657 0.5000000000
57718  17.549  -14.780  5.159 0.6250000000
120861  22.883  -15.185  4.723 0.6250000000
57735  24.239  -15.336  3.354 0.5000000000
64574  28.957  -7.612  -2.544 0.1250000000
130487  29.564  -7.799  -3.060 0.1250000000
115844  28.661  -7.343  -2.003 0.1250000000
71350  25.116  -1.103  -6.109 0.1250000000
74828  24.625  3.653  -11.143 0.1250000000
54876  17.066  -17.284  7.752 0.7500000000
56773  16.791  -15.314  6.797 0.5000000000
114663  18.902  -19.629  7.631 0.6250000000
53845  19.348  -19.088  7.156 0.6250000000
52847  20.256  -19.533  6.814 0.3750000000
53869  21.461  -19.008  5.927 0.2500000000
53888  21.081  -18.218  5.840 0.3750000000
127920  24.580  -14.462  3.485 0.3750000000
77510  20.058  6.859  -5.010 0.3750000000
53846  18.569  -18.772  7.460 0.6250000000
119457  21.656  -17.586  5.441 0.5000000000
55859  22.067  -16.758  5.171 0.5000000000
56792  22.508  -16.022  4.918 0.3750000000
118103  20.241  -20.168  7.267 0.5000000000
120989  23.659  -15.239  4.132 0.5000000000
52795  18.471  -20.072  8.204 0.6250000000
55850  16.796  -15.842  7.381 0.3750000000
55829  16.716  -16.549  7.984 0.3750000000
52827  18.156  -19.194  7.973 0.6250000000
128719  17.922  -18.547  7.694 0.6250000000
53847  17.493  -17.993  7.668 0.6250000000
51830  19.905  -20.549  7.591 0.3750000000
120527  16.618  -14.710  6.793 0.2500000000
52825  20.816  -20.102  6.955 0.3750000000
53887  21.767  -18.427  5.588 0.2500000000
52846  21.103  -19.562  6.418 0.2500000000
59632  17.381  -12.637  4.633 0.3750000000
54921  22.915  -16.947  4.644 0.3750000000
56798  23.945  -16.100  3.341 0.2500000000
56797  24.439  -15.984  2.820 0.2500000000
67651  16.853  -4.505  2.092 0.1250000000
70427  17.389  -1.220  0.226 0.2500000000
57741  25.680  -14.969  2.719 0.2500000000
71318  18.279  0.182  -1.235 0.3750000000
71307  17.531  -0.508  -0.156 0.2500000000
74772  19.871  3.266  -3.613 0.2500000000
79264  19.937  8.959  -4.096 0.2500000000
68639  17.277  -3.098  1.096 0.1250000000
66679  17.065  -5.262  2.018 0.2500000000
59633  16.803  -12.158  5.188 0.2500000000
55828  17.189  -16.609  7.188 0.5000000000
53870  20.634  -18.877  6.213 0.5000000000
56806  24.866  -15.254  2.923 0.2500000000
58629  16.918  -12.996  5.387 0.2500000000
57719  16.689  -14.207  6.364 0.3750000000
56791  23.381  -16.164  4.239 0.2500000000
52826  19.670  -19.934  7.394 0.5000000000
52845  21.862  -19.485  6.261 0.2500000000
51829  20.461  -20.521  7.649 0.3750000000
51802  19.789  -21.075  7.990 0.3750000000
51831  19.266  -20.639  7.857 0.5000000000
54908  22.414  -17.457  5.072 0.2500000000
55883  23.902  -16.614  3.584 0.2500000000
66662  16.936  -5.222  2.342 0.1250000000
52777  17.195  -20.113  9.146 0.5000000000
51803  19.126  -21.432  8.323 0.2500000000
50742  18.412  -21.619  8.746 0.3750000000
134873  18.693  -20.925  8.357 0.5000000000
52796  17.667  -19.619  8.518 0.5000000000
52778  16.286  -19.602  9.527 0.3750000000
53823  16.434  -18.261  8.684 0.5000000000
53822  17.380  -18.653  8.259 0.5000000000
52797  16.828  -19.151  8.918 0.5000000000
53848  16.971  -17.901  8.185 0.3750000000
51773  15.063  -20.074  10.734 0.1250000000
116718  15.659  -19.879  10.136 0.3750000000
54857  16.349  -17.317  8.524 0.2500000000
49770  15.334  -22.358  11.173 0.1250000000
51772  15.674  -20.757  10.420 0.2500000000
51784  16.546  -20.705  9.735 0.3750000000
50741  18.888  -21.910  8.737 0.2500000000
50725  17.907  -22.248  9.169 0.3750000000
51783  17.542  -21.226  9.155 0.5000000000
51774  14.737  -20.370  11.309 0.1250000000
50726  17.146  -21.846  9.656 0.3750000000
53801  14.884  -18.375  10.293 0.1250000000
131373  15.393  -17.202  9.492 0.1250000000
67722  28.444  -4.841  -2.678 0.1250000000
51804  17.981  -20.631  8.634 0.5000000000
55809  16.141  -16.493  8.773 0.2500000000
55830  16.574  -15.912  8.145 0.2500000000
127987  19.625  -21.480  8.831 0.2500000000
53809  15.931  -18.712  9.341 0.5000000000
52779  15.503  -19.127  9.857 0.2500000000
53824  15.585  -17.784  9.276 0.1250000000
131516  15.093  -20.818  10.935 0.1250000000
52770  14.670  -19.681  10.981 0.1250000000
52769  14.903  -19.148  10.457 0.1250000000
53789  14.712  -19.296  10.738 0.1250000000
54858  15.753  -17.066  9.102 0.1250000000
50700  14.833  -21.402  11.519 0.1250000000
50713  16.344  -21.600  10.230 0.3750000000
53810  15.150  -18.421  9.863 0.1250000000
133327  15.104  -17.679  10.039 0.1250000000
49796  16.867  -22.400  10.064 0.2500000000
127119  16.773  -13.648  5.890 0.2500000000
50724  18.440  -22.213  9.023 0.2500000000
50714  15.499  -21.569  10.763 0.1250000000
58614  16.508  -13.394  6.602 0.1250000000
75713  19.710  4.736  -3.488 0.1250000000
136196  19.996  5.740  -4.031 0.1250000000
76559  19.901  5.736  -3.004 0.1250000000
77479  20.187  6.531  -3.068 0.1250000000
78418  19.775  7.202  -4.042 0.1250000000
118013  19.946  6.059  -3.534 0.1250000000
77478  21.072  7.166  -2.574 0.1250000000
78397  20.207  7.314  -3.256 0.1250000000
78396  20.620  8.140  -2.751 0.1250000000
79251  20.771  8.581  -1.996 0.1250000000
74762  19.395  3.141  -2.856 0.1250000000
114596  19.477  4.131  -3.119 0.1250000000
57700  16.398  -13.977  7.333 0.1250000000
72187  17.814  0.876  -0.868 0.1250000000
130612  19.371  3.766  -2.550 0.1250000000
116746  19.496  4.407  -2.728 0.1250000000
76550  19.724  5.278  -2.885 0.1250000000
76549  21.305  5.432  -1.641 0.1250000000
133599  20.787  8.137  -1.786 0.1250000000
80131  20.818  9.194  -1.829 0.1250000000
80134  20.734  9.398  -2.696 0.1250000000
59614  16.461  -12.284  5.905 0.1250000000
77489  19.924  6.696  -3.589 0.1250000000
78407  19.931  8.166  -3.634 0.1250000000
57676  16.295  -14.387  8.071 0.1250000000
71319  17.725  0.195  -0.527 0.1250000000
135037  16.502  -12.962  6.116 0.1250000000
59583  16.435  -12.542  6.434 0.1250000000
58598  16.514  -13.381  6.878 0.1250000000
75695  19.598  4.993  -2.948 0.1250000000
130970  21.349  6.899  -2.351 0.1250000000
79256  20.254  9.044  -3.267 0.1250000000
78388  20.970  7.701  -2.256 0.1250000000
76548  21.608  5.327  -0.596 0.1250000000
80128  20.883  9.678  -0.992 0.1250000000
51801  20.421  -20.925  8.368 0.1250000000
136384  21.014  -20.489  8.069 0.1250000000
51828  21.178  -20.213  7.386 0.1250000000
52824  21.468  -19.865  6.779 0.1250000000
53868  22.326  -18.923  5.767 0.1250000000
53886  22.375  -18.151  5.311 0.1250000000
53885  23.032  -18.472  5.430 0.1250000000
54907  23.095  -17.745  4.912 0.1250000000
54906  24.271  -17.828  4.989 0.1250000000
54920  23.818  -17.610  4.553 0.1250000000
131795  23.539  -17.277  4.420 0.1250000000
54918  25.355  -17.108  4.365 0.1250000000
55882  24.264  -16.536  3.138 0.1250000000
55870  25.746  -16.973  3.440 0.1250000000
128356  25.387  -16.736  2.920 0.1250000000
56805  25.265  -15.849  2.574 0.1250000000
49794  18.139  -22.606  9.476 0.1250000000
49795  17.540  -22.607  9.753 0.1250000000
119593  18.813  -22.119  9.201 0.1250000000
51781  21.324  -20.595  8.910 0.1250000000
51782  20.680  -21.053  9.329 0.1250000000
51800  21.828  -20.110  8.219 0.1250000000
51827  22.441  -19.738  7.679 0.1250000000
132518  23.223  -19.158  6.553 0.1250000000
132304  23.578  -18.550  5.710 0.1250000000
53866  24.795  -18.330  6.541 0.1250000000
54905  25.780  -17.178  5.363 0.1250000000
56804  26.214  -15.458  2.512 0.1250000000
55891  26.380  -16.069  2.588 0.1250000000
55869  26.705  -16.903  3.561 0.1250000000
119521  26.422  -14.478  2.457 0.1250000000
55881  24.879  -16.441  2.767 0.1250000000
125927  22.158  -19.668  6.831 0.1250000000
55872  24.013  -17.021  3.761 0.1250000000
126237  17.660  -22.843  9.999 0.1250000000
116066  20.234  -21.336  9.629 0.1250000000
133774  21.780  -19.915  7.318 0.1250000000
53867  23.109  -18.969  5.961 0.1250000000
52844  22.589  -19.341  6.322 0.1250000000
118582  23.678  -18.155  5.171 0.1250000000
54919  24.440  -17.246  4.227 0.1250000000
53884  24.231  -18.281  5.720 0.1250000000
120164  25.020  -17.230  5.076 0.1250000000
55871  24.793  -16.887  3.361 0.1250000000
55880  26.070  -16.642  2.904 0.1250000000
54917  26.287  -17.096  4.465 0.1250000000
49784  18.111  -22.792  10.335 0.1250000000
49783  18.816  -22.268  10.184 0.1250000000
55879  27.104  -16.434  3.017 0.1250000000
55873  23.595  -16.850  4.106 0.2500000000
55892  25.571  -16.315  2.667 0.1250000000
57734  25.287  -14.324  3.169 0.3750000000
58651  24.769  -13.610  3.544 0.5000000000
59662  25.751  -12.572  2.798 0.6250000000
59696  29.020  -11.982  -0.449 0.1250000000
61562  27.708  -10.264  1.511 0.6250000000
61563  27.265  -10.611  1.897 0.6250000000
61594  30.959  -11.351  -2.291 0.1250000000
62567  28.049  -9.926  1.069 0.6250000000
62596  30.394  -9.896  -2.190 0.1250000000
63524  28.432  -8.600  0.301 0.5000000000
63527  21.415  -8.183  0.686 1.0000000000
64563  21.330  -7.060  0.100 1.0000000000
64568  28.732  -7.801  -1.414 0.1250000000
65673  22.437  -6.426  0.395 1.0000000000
65677  18.096  -6.035  1.018 0.5000000000
66676  26.795  -5.639  1.431 0.8750000000
67676  28.287  -3.957  -0.267 0.6250000000
67701  21.644  -5.010  -0.634 1.0000000000
67713  21.386  -4.446  -1.014 1.0000000000
68653  24.093  -3.710  0.430 1.0000000000
68667  23.303  -3.583  0.068 1.0000000000
68669  18.668  -2.899  -0.791 0.5000000000
68680  22.028  -3.186  -0.922 1.0000000000
68690  28.218  -3.335  -2.633 0.3750000000
68691  20.890  -2.873  -1.816 1.0000000000
69582  27.822  -2.531  0.081 0.6250000000
69598  21.346  -2.423  -1.653 1.0000000000
69609  20.497  -2.228  -2.147 1.0000000000
70437  25.606  -0.937  0.280 1.0000000000
70438  24.175  -1.580  -0.121 1.0000000000
70453  21.394  -1.800  -1.752 1.0000000000
70463  20.287  -1.552  -2.463 0.8750000000
71326  21.634  -0.177  -2.382 1.0000000000
71334  27.505  -0.901  -3.114 0.3750000000
71337  20.031  0.077  -3.264 1.0000000000
72175  25.853  0.731  -0.647 0.8750000000
72179  17.559  0.731  -0.237 0.1250000000
72193  21.306  0.185  -3.014 1.0000000000
73021  26.113  1.233  -0.809 0.8750000000
73053  20.517  1.684  -3.643 0.8750000000
73054  19.884  1.473  -3.441 0.8750000000
73883  25.891  3.356  -1.813 0.8750000000
74769  26.523  3.531  -2.904 0.7500000000
74807  25.963  3.858  -8.100 0.1250000000
74808  25.484  3.214  -8.823 0.1250000000
75710  23.068  4.745  -3.178 1.0000000000
76570  19.791  5.394  -3.476 0.1250000000
77501  19.951  6.390  -4.182 0.1250000000
77515  26.005  6.990  -5.592 0.3750000000
77533  26.897  6.963  -9.484 0.1250000000
77548  26.705  6.745  -11.828 0.1250000000
78416  24.779  7.319  -4.951 0.7500000000
78429  23.863  7.440  -5.148 0.7500000000
78441  26.210  7.273  -6.754 0.3750000000
78448  25.120  8.285  -7.003 0.7500000000
78463  26.702  7.300  -11.447 0.1250000000
78471  25.603  7.195  -13.623 0.1250000000
79276  20.057  8.607  -5.091 0.3750000000
79296  24.441  8.702  -6.385 0.7500000000
79319  25.654  8.452  -9.530 0.2500000000
79326  26.327  7.991  -11.062 0.1250000000
80166  20.533  9.482  -5.294 0.3750000000
80215  23.535  9.712  -9.611 0.3750000000
80224  24.209  9.630  -10.346 0.2500000000
80232  24.234  9.468  -11.416 0.1250000000
81043  22.451  10.160  -4.528 0.1250000000
81101  22.082  11.137  -8.353 0.5000000000
81110  22.047  11.001  -9.238 0.3750000000
81114  22.617  10.576  -10.382 0.3750000000
81121  21.812  10.744  -12.697 0.1250000000
81875  22.131  11.693  -6.898 0.2500000000
81906  21.588  11.737  -11.039 0.3750000000
81911  20.184  11.935  -12.419 0.2500000000
82587  22.155  12.050  -8.026 0.2500000000
82603  19.693  13.147  -11.087 0.2500000000
83291  21.384  13.723  -8.350 0.2500000000
115571  26.606  5.240  -8.283 0.2500000000
118241  17.072  -2.849  1.561 0.1250000000
119951  26.844  -13.160  1.818 0.1250000000
120020  28.376  -4.827  -0.027 0.6250000000
121650  26.529  6.906  -8.055 0.2500000000
122905  23.195  9.801  -9.167 0.3750000000
124052  22.653  0.704  -1.346 1.0000000000
127455  26.438  5.723  -5.669 0.3750000000
128268  28.510  -6.549  -2.015 0.1250000000
129586  20.629  9.010  -2.507 0.1250000000
129739  19.736  -7.474  0.489 1.0000000000
129933  23.866  9.010  -5.922 0.7500000000
131005  24.933  -9.934  2.948 0.7500000000
131180  28.302  -5.579  0.633 0.6250000000
131684  26.432  5.023  -6.154 0.3750000000
131798  26.423  -0.288  -0.427 0.7500000000
132263  27.794  -13.027  0.965 0.1250000000
132744  27.351  -2.696  0.601 0.7500000000
134260  19.784  -4.736  -1.028 1.0000000000
135140  27.200  0.446  -3.259 0.5000000000
135158  26.939  2.948  -2.710 0.7500000000
135243  28.652  -9.785  -0.956 0.1250000000
136197  21.846  5.194  -4.582 1.0000000000
136295  25.760  -15.978  2.505 0.1250000000
136820  26.477  4.742  -4.085 0.6250000000
137482  20.098  -12.302  3.176 1.0000000000
