#!ascii label  , from subject sub-v2s18x29515_ses-1 vox2ras=TkReg
977
42709  -10.821  -27.768  63.939 0.0000000000
122140  -29.934  -14.314  52.499 0.0000000000
61872  -29.751  -9.685  48.009 0.0000000000
50124  -25.155  -21.101  54.937 0.0000000000
65873  -35.727  -5.538  37.022 0.0000000000
63020  -32.354  -8.607  40.170 0.0000000000
56772  -31.768  -13.308  56.929 0.0000000000
53888  -26.840  -17.594  54.763 0.0000000000
67619  -41.000  -2.731  39.358 0.0000000000
72460  -43.468  1.502  37.686 0.0000000000
75300  -45.157  4.982  35.948 0.0000000000
64858  -33.817  -5.880  48.988 0.0000000000
62967  -29.826  -7.955  43.547 0.0000000000
65805  -35.361  -5.491  45.224 0.0000000000
62987  -37.699  -8.809  42.428 0.0000000000
52085  -19.545  -19.219  57.117 0.0000000000
40423  -7.543  -29.833  66.897 0.0000000000
57940  -30.409  -13.191  50.868 0.0000000000
62876  -33.542  -8.263  51.804 0.0000000000
51155  -21.166  -20.493  52.830 0.0000000000
50176  -24.642  -21.846  51.000 0.0000000000
76243  -42.058  5.351  31.175 0.0000000000
78942  -45.391  8.561  35.397 0.0000000000
63041  -34.788  -8.627  39.092 0.0000000000
64960  -39.743  -6.920  40.409 0.0000000000
43788  -13.466  -26.864  60.532 0.0000000000
36452  -6.162  -34.400  64.100 0.0000000000
133455  -41.848  -0.575  38.461 0.0000000000
65780  -34.837  -4.922  46.649 0.0000000000
50106  -17.659  -21.897  55.755 0.0000000000
42674  -9.427  -28.618  65.886 0.0000000000
55819  -29.504  -14.631  49.512 0.0000000000
56843  -30.622  -14.139  52.544 0.0000000000
131463  -23.127  -19.895  53.946 0.0000000000
50147  -23.432  -21.425  52.045 0.0000000000
50137  -25.253  -21.830  52.732 0.0000000000
56808  -28.594  -14.263  54.527 0.0000000000
125552  -26.200  -16.947  52.640 0.0000000000
56852  -26.854  -14.875  51.259 0.0000000000
51106  -24.502  -19.948  56.931 0.0000000000
138113  -22.499  -19.324  55.568 0.0000000000
135176  -38.728  0.956  34.971 0.0000000000
74392  -40.916  3.874  32.059 0.0000000000
77146  -45.564  6.487  35.760 0.0000000000
63001  -30.809  -8.237  41.175 0.0000000000
62000  -33.588  -9.300  39.021 0.0000000000
63007  -39.700  -8.822  41.337 0.0000000000
47862  -16.264  -23.801  58.972 0.0000000000
46831  -15.572  -24.398  61.011 0.0000000000
137532  -14.468  -24.979  62.311 0.0000000000
44768  -14.642  -26.166  59.666 0.0000000000
37426  -7.832  -34.163  63.564 0.0000000000
56811  -31.389  -14.051  54.762 0.0000000000
56831  -32.146  -14.056  53.814 0.0000000000
56786  -33.125  -12.917  56.231 0.0000000000
51133  -27.314  -19.434  56.418 0.0000000000
51159  -26.494  -20.381  53.988 0.0000000000
127535  -28.494  -17.212  57.312 0.0000000000
56781  -29.103  -14.628  56.184 0.0000000000
66703  -37.860  -3.962  38.923 0.0000000000
69587  -39.381  -1.424  38.301 0.0000000000
71515  -40.022  0.589  37.344 0.0000000000
142538  -41.041  2.764  36.253 0.0000000000
75297  -41.905  4.374  35.432 0.0000000000
73417  -43.735  3.006  36.687 0.0000000000
63900  -31.930  -7.679  48.616 0.0000000000
62939  -29.783  -8.684  45.903 0.0000000000
63931  -31.890  -6.691  46.825 0.0000000000
64913  -32.485  -5.936  44.660 0.0000000000
125882  -33.756  -6.708  42.717 0.0000000000
62984  -35.443  -7.791  41.697 0.0000000000
63973  -36.904  -6.851  43.784 0.0000000000
51089  -18.562  -20.303  58.927 0.0000000000
48995  -16.736  -22.934  57.551 0.0000000000
79818  -46.076  10.164  31.113 0.0000000000
40420  -5.532  -30.274  67.826 0.0000000000
57961  -29.693  -14.255  48.683 0.0000000000
59843  -29.987  -11.402  49.655 0.0000000000
58932  -32.377  -12.486  52.713 0.0000000000
60774  -32.131  -10.855  51.812 0.0000000000
61854  -32.002  -8.814  49.913 0.0000000000
63870  -33.496  -7.201  50.455 0.0000000000
52127  -26.416  -20.258  52.402 0.0000000000
52077  -21.505  -18.643  57.510 0.0000000000
52109  -20.519  -19.371  54.688 0.0000000000
76230  -42.850  5.963  34.588 0.0000000000
78047  -43.416  7.590  33.599 0.0000000000
78956  -43.854  9.156  31.971 0.0000000000
80690  -46.376  11.030  34.825 0.0000000000
41595  -11.023  -29.414  60.977 0.0000000000
41558  -9.712  -29.976  62.760 0.0000000000
64051  -35.336  -7.534  37.896 0.0000000000
61982  -36.703  -9.203  40.971 0.0000000000
63043  -37.078  -8.150  40.087 0.0000000000
65853  -37.718  -5.983  39.440 0.0000000000
65857  -41.008  -4.976  40.275 0.0000000000
134927  -12.161  -27.147  62.384 0.0000000000
39367  -8.459  -31.261  64.363 0.0000000000
39355  -6.751  -31.564  65.683 0.0000000000
38350  -4.502  -32.291  65.095 0.0000000000
126765  -9.842  -28.184  65.338 0.0000000000
55799  -29.337  -14.400  51.871 0.0000000000
55800  -29.845  -14.346  51.693 0.0000000000
134632  -30.402  -14.204  52.469 0.0000000000
51146  -24.523  -21.012  54.312 0.0000000000
51158  -24.797  -21.487  53.498 0.0000000000
144621  -25.275  -21.486  54.128 0.0000000000
56829  -29.669  -14.145  53.686 0.0000000000
56827  -27.696  -14.448  53.233 0.0000000000
141761  -28.354  -14.400  51.899 0.0000000000
56863  -27.840  -14.693  50.718 0.0000000000
50095  -26.280  -20.611  56.633 0.0000000000
50084  -25.754  -20.442  57.423 0.0000000000
50108  -25.044  -20.790  55.908 0.0000000000
51131  -23.660  -20.093  55.286 0.0000000000
74391  -40.521  3.278  33.177 0.0000000000
59884  -28.692  -11.098  47.862 0.0000000000
60848  -28.604  -10.748  47.011 0.0000000000
63002  -31.877  -7.995  40.867 0.0000000000
61978  -31.798  -9.400  39.753 0.0000000000
63021  -33.441  -8.601  40.119 0.0000000000
133305  -15.841  -25.179  58.797 0.0000000000
46844  -15.754  -24.429  60.293 0.0000000000
45816  -15.658  -25.030  59.766 0.0000000000
45801  -15.037  -25.153  60.673 0.0000000000
44769  -15.145  -25.881  59.365 0.0000000000
56796  -31.534  -13.884  55.225 0.0000000000
56797  -31.978  -13.800  55.346 0.0000000000
56785  -32.321  -13.410  56.232 0.0000000000
52090  -29.007  -18.868  57.952 0.0000000000
52970  -27.912  -18.327  56.851 0.0000000000
54777  -29.173  -17.197  58.217 0.0000000000
57863  -31.414  -13.441  57.579 0.0000000000
56770  -29.774  -14.514  57.234 0.0000000000
143317  -30.367  -14.065  56.799 0.0000000000
56795  -30.766  -13.942  55.335 0.0000000000
67618  -39.822  -3.581  39.354 0.0000000000
67636  -38.163  -3.047  38.620 0.0000000000
68605  -40.564  -2.140  38.907 0.0000000000
70591  -42.266  0.164  38.206 0.0000000000
70589  -40.764  0.085  37.848 0.0000000000
71516  -41.107  0.683  37.537 0.0000000000
72457  -40.670  1.344  37.032 0.0000000000
72472  -42.146  2.094  36.961 0.0000000000
73416  -42.641  2.772  36.679 0.0000000000
73405  -44.085  2.261  37.245 0.0000000000
63901  -32.650  -7.005  48.820 0.0000000000
124732  -31.417  -7.362  47.222 0.0000000000
64869  -33.229  -6.144  47.629 0.0000000000
65793  -35.492  -4.996  46.017 0.0000000000
65791  -33.796  -5.540  45.503 0.0000000000
144070  -34.504  -5.649  44.844 0.0000000000
64928  -33.638  -6.146  43.676 0.0000000000
145529  -34.740  -5.977  44.140 0.0000000000
63972  -35.177  -6.833  43.007 0.0000000000
64931  -36.125  -6.403  44.092 0.0000000000
52064  -19.571  -19.363  58.535 0.0000000000
136979  -19.219  -19.808  59.160 0.0000000000
51102  -18.460  -20.173  57.931 0.0000000000
49010  -17.277  -22.281  56.374 0.0000000000
81593  -47.280  11.271  31.927 0.0000000000
80704  -48.560  10.767  31.030 0.0000000000
40409  -6.677  -29.909  67.724 0.0000000000
123439  -29.992  -13.765  50.279 0.0000000000
56873  -29.704  -14.265  49.462 0.0000000000
57952  -29.831  -13.712  49.429 0.0000000000
58962  -29.705  -12.854  49.322 0.0000000000
59835  -30.277  -11.927  50.203 0.0000000000
57894  -33.013  -13.326  54.457 0.0000000000
57902  -32.425  -13.762  53.622 0.0000000000
146736  -33.083  -12.679  53.611 0.0000000000
61793  -33.686  -9.409  53.228 0.0000000000
60769  -32.732  -10.606  52.379 0.0000000000
60775  -32.938  -9.725  52.105 0.0000000000
60784  -31.982  -10.062  51.179 0.0000000000
61843  -32.708  -8.835  51.115 0.0000000000
62903  -32.989  -7.699  50.154 0.0000000000
63855  -33.575  -7.661  51.207 0.0000000000
134593  -23.706  -21.953  51.499 0.0000000000
52977  -27.103  -18.185  55.396 0.0000000000
52122  -26.546  -19.884  53.304 0.0000000000
126684  -26.575  -18.278  53.431 0.0000000000
133700  -25.781  -18.557  51.281 0.0000000000
51091  -22.597  -18.698  58.463 0.0000000000
52111  -22.255  -19.469  53.900 0.0000000000
146776  -21.223  -19.052  55.061 0.0000000000
52119  -20.620  -19.629  53.938 0.0000000000
50134  -20.324  -21.087  53.182 0.0000000000
75299  -43.510  4.794  35.663 0.0000000000
75308  -42.339  5.383  34.792 0.0000000000
76222  -43.230  5.446  35.184 0.0000000000
78037  -45.387  7.436  35.528 0.0000000000
78041  -44.567  7.278  34.823 0.0000000000
78945  -44.397  8.675  34.459 0.0000000000
78955  -43.430  8.479  32.238 0.0000000000
140100  -44.502  9.361  34.159 0.0000000000
79809  -45.390  10.531  33.573 0.0000000000
80677  -45.960  10.237  35.236 0.0000000000
62948  -29.590  -8.711  44.939 0.0000000000
61904  -28.647  -10.048  45.024 0.0000000000
127351  -35.233  -8.065  37.395 0.0000000000
63058  -34.892  -8.361  38.165 0.0000000000
140499  -37.050  -8.717  42.334 0.0000000000
63006  -36.031  -8.575  41.357 0.0000000000
61946  -37.217  -9.177  41.944 0.0000000000
63025  -39.626  -8.429  40.887 0.0000000000
63024  -38.752  -8.502  40.601 0.0000000000
64017  -38.702  -7.723  40.268 0.0000000000
130266  -37.882  -6.764  39.692 0.0000000000
64979  -39.269  -6.235  40.080 0.0000000000
65855  -39.546  -5.575  40.021 0.0000000000
64980  -40.024  -6.079  40.341 0.0000000000
44727  -13.996  -25.466  61.809 0.0000000000
122409  -13.357  -25.995  61.959 0.0000000000
44725  -12.904  -25.987  62.655 0.0000000000
43777  -13.059  -26.756  61.408 0.0000000000
42737  -11.897  -28.091  61.170 0.0000000000
43787  -12.586  -27.627  60.673 0.0000000000
39390  -9.366  -31.679  62.444 0.0000000000
39368  -8.867  -30.825  64.038 0.0000000000
38374  -8.870  -32.267  62.976 0.0000000000
36453  -6.815  -34.160  63.952 0.0000000000
37414  -7.121  -33.489  64.131 0.0000000000
37413  -6.067  -33.719  64.522 0.0000000000
38351  -5.236  -32.456  65.452 0.0000000000
37412  -5.081  -33.580  64.878 0.0000000000
138297  -29.767  -15.425  59.487 0.0000000000
68593  -42.724  -2.334  39.716 0.0000000000
68606  -41.296  -2.013  39.105 0.0000000000
69575  -42.685  -1.566  39.369 0.0000000000
141139  -34.490  -5.053  48.147 0.0000000000
51141  -18.785  -20.674  55.155 0.0000000000
51128  -18.547  -20.528  55.982 0.0000000000
43711  -9.211  -27.828  67.148 0.0000000000
41511  -8.276  -29.662  66.366 0.0000000000
55818  -29.306  -14.833  49.986 0.0000000000
56864  -29.695  -14.219  50.537 0.0000000000
57924  -30.817  -13.373  51.650 0.0000000000
63840  -34.649  -7.147  52.431 0.0000000000
51156  -22.800  -19.988  53.220 0.0000000000
50146  -22.544  -21.164  52.059 0.0000000000
51166  -23.178  -20.703  52.618 0.0000000000
50148  -24.465  -21.817  51.925 0.0000000000
50149  -25.540  -21.743  51.927 0.0000000000
54799  -26.950  -16.414  55.128 0.0000000000
53887  -26.553  -16.843  54.144 0.0000000000
55760  -26.663  -15.692  54.162 0.0000000000
55788  -26.481  -15.336  52.639 0.0000000000
55815  -26.377  -15.519  49.965 0.0000000000
51093  -24.363  -19.443  57.893 0.0000000000
51116  -23.058  -19.350  56.781 0.0000000000
51117  -23.850  -19.782  56.455 0.0000000000
51144  -22.944  -19.708  54.852 0.0000000000
70615  -37.840  -0.257  35.354 0.0000000000
139076  -41.286  4.390  31.754 0.0000000000
76220  -46.805  5.449  36.939 0.0000000000
76225  -45.771  5.705  36.055 0.0000000000
63987  -30.425  -7.396  43.043 0.0000000000
62017  -33.374  -10.195  38.522 0.0000000000
63040  -34.155  -9.000  39.169 0.0000000000
62971  -39.981  -8.664  43.135 0.0000000000
61948  -38.897  -9.146  41.886 0.0000000000
62990  -40.417  -8.778  42.319 0.0000000000
48969  -17.007  -22.328  59.934 0.0000000000
47855  -16.613  -23.112  60.496 0.0000000000
46810  -16.142  -23.907  62.516 0.0000000000
45784  -14.899  -24.798  61.339 0.0000000000
45800  -14.617  -25.201  61.092 0.0000000000
44767  -14.085  -26.490  60.052 0.0000000000
43803  -13.676  -27.296  59.573 0.0000000000
43804  -14.249  -26.958  59.186 0.0000000000
55779  -30.687  -14.245  53.774 0.0000000000
55780  -31.263  -14.198  53.595 0.0000000000
140632  -31.825  -14.079  54.631 0.0000000000
56813  -32.522  -13.747  54.687 0.0000000000
50110  -26.518  -20.525  55.887 0.0000000000
50126  -26.292  -20.730  54.412 0.0000000000
141774  -27.102  -19.441  55.780 0.0000000000
52984  -27.136  -18.698  55.649 0.0000000000
53880  -27.586  -17.686  56.263 0.0000000000
54776  -29.121  -16.314  58.061 0.0000000000
127850  -28.788  -15.845  57.395 0.0000000000
131716  -28.042  -15.886  56.540 0.0000000000
56793  -28.929  -14.374  55.421 0.0000000000
56809  -29.776  -14.094  54.593 0.0000000000
50096  -27.326  -20.068  57.177 0.0000000000
66702  -36.997  -4.549  38.642 0.0000000000
127052  -35.852  -4.122  37.130 0.0000000000
67635  -37.093  -2.931  38.142 0.0000000000
68614  -37.158  -2.284  37.672 0.0000000000
70586  -37.555  -1.023  37.051 0.0000000000
69588  -40.245  -1.478  38.528 0.0000000000
69597  -39.136  -0.786  37.866 0.0000000000
70599  -38.307  0.222  36.481 0.0000000000
71526  -38.679  0.755  36.251 0.0000000000
72479  -39.659  1.996  35.882 0.0000000000
73432  -40.070  2.704  34.602 0.0000000000
74374  -40.680  3.826  34.488 0.0000000000
73415  -41.458  3.239  36.072 0.0000000000
74358  -42.843  3.533  36.358 0.0000000000
74360  -44.717  3.579  36.439 0.0000000000
73406  -44.874  2.453  37.437 0.0000000000
74362  -46.071  4.083  36.851 0.0000000000
62916  -30.739  -8.559  48.046 0.0000000000
61886  -29.534  -9.384  47.249 0.0000000000
62929  -30.563  -8.349  47.446 0.0000000000
63944  -30.688  -7.604  45.932 0.0000000000
63957  -30.476  -7.363  45.023 0.0000000000
64885  -33.180  -5.902  46.818 0.0000000000
64898  -32.411  -5.945  45.560 0.0000000000
63958  -31.038  -6.736  44.571 0.0000000000
64926  -31.868  -6.457  43.149 0.0000000000
63989  -32.114  -6.849  42.311 0.0000000000
64006  -33.561  -7.459  41.481 0.0000000000
63004  -34.086  -7.985  40.757 0.0000000000
129608  -34.916  -7.208  42.266 0.0000000000
63992  -35.745  -7.466  42.431 0.0000000000
63974  -37.704  -7.493  43.610 0.0000000000
63960  -38.398  -7.218  44.410 0.0000000000
63975  -38.646  -7.901  43.775 0.0000000000
50054  -18.065  -20.837  59.530 0.0000000000
50082  -17.893  -20.924  57.351 0.0000000000
50081  -17.368  -21.539  57.814 0.0000000000
50068  -17.353  -21.636  59.072 0.0000000000
48983  -16.535  -23.011  58.540 0.0000000000
59842  -29.428  -11.928  49.243 0.0000000000
59861  -29.625  -10.965  49.050 0.0000000000
56844  -31.213  -14.116  53.112 0.0000000000
56857  -31.424  -13.882  52.973 0.0000000000
58948  -31.736  -12.710  52.255 0.0000000000
59820  -32.547  -11.528  52.532 0.0000000000
58947  -31.387  -12.174  51.578 0.0000000000
60783  -31.294  -10.607  50.742 0.0000000000
60796  -30.937  -10.072  49.880 0.0000000000
61852  -30.670  -9.648  49.102 0.0000000000
62902  -31.651  -8.439  49.080 0.0000000000
63886  -33.112  -7.182  49.668 0.0000000000
64850  -33.832  -6.074  49.762 0.0000000000
63856  -34.612  -6.601  51.882 0.0000000000
64838  -34.666  -5.504  50.901 0.0000000000
50139  -26.137  -21.326  53.600 0.0000000000
50150  -25.998  -21.634  52.830 0.0000000000
51167  -26.166  -21.145  51.999 0.0000000000
52998  -26.097  -18.488  52.058 0.0000000000
51174  -26.221  -20.369  51.634 0.0000000000
52052  -20.838  -18.701  59.022 0.0000000000
142308  -20.282  -18.761  57.331 0.0000000000
52078  -22.252  -18.876  57.155 0.0000000000
52087  -21.440  -18.748  56.664 0.0000000000
52097  -19.710  -19.394  56.162 0.0000000000
51142  -19.187  -20.776  54.445 0.0000000000
75306  -40.793  4.410  33.860 0.0000000000
75318  -41.010  4.975  33.197 0.0000000000
76240  -41.803  6.233  32.777 0.0000000000
77150  -44.202  6.602  34.781 0.0000000000
77156  -43.008  7.021  33.698 0.0000000000
77158  -42.125  6.631  32.126 0.0000000000
77160  -43.061  7.774  31.646 0.0000000000
78054  -43.632  7.803  30.884 0.0000000000
140152  -44.571  8.206  30.419 0.0000000000
79817  -45.201  9.923  31.462 0.0000000000
80698  -46.277  11.102  32.513 0.0000000000
42724  -10.519  -28.759  62.646 0.0000000000
41559  -9.991  -29.240  63.155 0.0000000000
41577  -10.180  -29.505  62.289 0.0000000000
60866  -28.853  -9.960  45.904 0.0000000000
64989  -35.672  -6.681  37.746 0.0000000000
61980  -34.617  -8.599  40.317 0.0000000000
61981  -35.422  -8.655  40.436 0.0000000000
125780  -36.077  -8.765  40.586 0.0000000000
143495  -38.414  -9.149  40.945 0.0000000000
63022  -36.872  -8.870  40.518 0.0000000000
63042  -35.889  -8.461  39.890 0.0000000000
64037  -36.215  -7.713  39.406 0.0000000000
64991  -36.845  -6.171  39.078 0.0000000000
65865  -37.024  -5.391  38.926 0.0000000000
66685  -37.802  -4.944  39.296 0.0000000000
66687  -39.482  -4.199  39.518 0.0000000000
121615  -40.683  -3.514  39.545 0.0000000000
43741  -11.620  -26.456  64.622 0.0000000000
43750  -11.883  -26.599  63.853 0.0000000000
43749  -11.512  -27.214  63.499 0.0000000000
43775  -11.628  -27.825  62.099 0.0000000000
42749  -11.613  -28.922  60.681 0.0000000000
41539  -9.405  -29.554  64.377 0.0000000000
40445  -9.009  -29.820  64.968 0.0000000000
40434  -7.754  -30.749  66.024 0.0000000000
38365  -8.027  -32.531  64.076 0.0000000000
39356  -7.486  -31.365  65.557 0.0000000000
39343  -7.144  -30.980  66.252 0.0000000000
39342  -6.358  -31.088  66.235 0.0000000000
39341  -5.391  -31.100  66.108 0.0000000000
36459  -5.116  -34.923  63.971 0.0000000000
38363  -4.540  -33.125  64.629 0.0000000000
42690  -10.522  -27.520  64.688 0.0000000000
42689  -10.163  -28.291  64.525 0.0000000000
56842  -29.504  -14.264  52.829 0.0000000000
56841  -28.520  -14.303  52.609 0.0000000000
50109  -25.766  -20.840  55.609 0.0000000000
51132  -24.355  -20.648  55.308 0.0000000000
124279  -40.308  2.771  33.763 0.0000000000
60818  -29.329  -10.535  48.339 0.0000000000
60837  -29.114  -10.179  47.569 0.0000000000
63019  -31.288  -8.794  40.376 0.0000000000
61979  -32.745  -9.212  39.527 0.0000000000
45835  -15.526  -25.573  59.139 0.0000000000
56784  -31.769  -13.681  55.925 0.0000000000
52956  -29.815  -18.284  58.912 0.0000000000
53861  -29.325  -17.926  58.279 0.0000000000
53854  -29.715  -17.610  58.826 0.0000000000
123091  -31.135  -13.577  56.734 0.0000000000
56783  -30.899  -13.766  55.982 0.0000000000
67637  -40.180  -2.834  39.149 0.0000000000
71518  -42.771  0.841  37.921 0.0000000000
71517  -41.981  0.723  37.682 0.0000000000
72459  -42.527  1.450  37.441 0.0000000000
72458  -41.593  1.407  37.259 0.0000000000
72473  -43.110  2.181  37.137 0.0000000000
64857  -33.274  -6.333  48.456 0.0000000000
64856  -32.630  -6.643  47.976 0.0000000000
65792  -34.608  -5.290  45.759 0.0000000000
121532  -34.061  -5.878  44.204 0.0000000000
64915  -35.356  -5.924  44.449 0.0000000000
64900  -36.148  -5.852  44.821 0.0000000000
52075  -19.887  -18.958  57.874 0.0000000000
131154  -18.837  -19.772  57.287 0.0000000000
81594  -48.131  11.456  32.248 0.0000000000
81605  -48.032  11.138  31.473 0.0000000000
41501  -7.573  -29.378  67.391 0.0000000000
41500  -7.132  -29.718  67.594 0.0000000000
40422  -7.003  -30.169  67.223 0.0000000000
58963  -30.131  -12.908  50.047 0.0000000000
58953  -30.484  -12.464  50.639 0.0000000000
58917  -33.325  -12.614  54.127 0.0000000000
61809  -33.485  -9.022  52.465 0.0000000000
61827  -33.065  -8.937  51.678 0.0000000000
126602  -33.157  -8.336  51.141 0.0000000000
50145  -21.629  -21.356  52.273 0.0000000000
134655  -26.807  -18.462  54.264 0.0000000000
52121  -21.963  -19.850  53.095 0.0000000000
52110  -21.305  -19.279  54.286 0.0000000000
52120  -21.247  -19.697  53.475 0.0000000000
144476  -42.432  5.798  30.974 0.0000000000
75289  -44.324  4.699  35.857 0.0000000000
76223  -44.234  5.431  35.487 0.0000000000
134245  -45.789  8.151  35.892 0.0000000000
78042  -44.790  8.117  34.915 0.0000000000
78946  -44.918  9.020  34.809 0.0000000000
79805  -45.126  9.840  34.356 0.0000000000
79797  -45.513  9.549  35.066 0.0000000000
62957  -29.909  -7.959  44.510 0.0000000000
62956  -29.344  -8.603  43.992 0.0000000000
63057  -34.275  -9.003  38.341 0.0000000000
62029  -34.262  -9.802  37.732 0.0000000000
64019  -40.150  -7.703  40.756 0.0000000000
64018  -39.348  -7.738  40.484 0.0000000000
64040  -38.999  -7.030  40.146 0.0000000000
44739  -13.686  -26.066  61.293 0.0000000000
38383  -9.387  -32.665  62.293 0.0000000000
37403  -5.574  -33.079  65.099 0.0000000000
36451  -5.427  -34.219  64.259 0.0000000000
65750  -34.959  -4.592  48.657 0.0000000000
50122  -18.645  -21.412  54.764 0.0000000000
42657  -9.306  -28.223  66.531 0.0000000000
41512  -8.794  -28.901  66.410 0.0000000000
56855  -30.040  -14.229  51.709 0.0000000000
55809  -29.521  -14.404  50.757 0.0000000000
57923  -30.219  -13.857  51.405 0.0000000000
145978  -30.409  -14.132  52.044 0.0000000000
51157  -23.733  -20.652  53.531 0.0000000000
50136  -24.134  -21.383  52.712 0.0000000000
55761  -27.394  -15.057  54.819 0.0000000000
55777  -27.088  -14.844  53.797 0.0000000000
56839  -26.909  -14.799  52.102 0.0000000000
56826  -26.962  -14.749  52.972 0.0000000000
55798  -26.420  -15.372  51.752 0.0000000000
54830  -25.943  -16.014  51.409 0.0000000000
55806  -26.315  -15.371  50.869 0.0000000000
141978  -26.998  -14.894  50.413 0.0000000000
122582  -27.799  -14.820  49.979 0.0000000000
50093  -25.056  -20.503  56.739 0.0000000000
50083  -25.188  -20.065  57.559 0.0000000000
51145  -23.731  -20.333  54.542 0.0000000000
145429  -38.494  0.661  35.299 0.0000000000
64003  -30.579  -7.684  42.085 0.0000000000
134439  -30.112  -8.443  41.760 0.0000000000
144300  -30.283  -8.732  41.256 0.0000000000
122560  -33.612  -8.964  39.522 0.0000000000
62018  -33.792  -9.622  38.502 0.0000000000
62001  -34.422  -8.815  39.749 0.0000000000
62989  -39.477  -8.931  42.393 0.0000000000
64020  -41.416  -7.751  41.503 0.0000000000
48968  -16.506  -23.082  59.513 0.0000000000
47854  -16.143  -23.814  59.977 0.0000000000
46832  -16.165  -23.857  61.013 0.0000000000
46821  -15.319  -24.490  61.574 0.0000000000
145236  -15.187  -24.675  61.005 0.0000000000
44753  -15.040  -25.637  60.101 0.0000000000
44752  -14.540  -25.724  60.542 0.0000000000
55763  -31.383  -14.192  54.210 0.0000000000
56798  -32.463  -13.525  55.625 0.0000000000
132608  -32.101  -13.908  54.859 0.0000000000
57882  -32.925  -13.329  55.271 0.0000000000
50111  -27.036  -20.145  56.192 0.0000000000
121780  -26.688  -20.331  55.225 0.0000000000
50127  -27.050  -19.869  55.653 0.0000000000
53870  -28.421  -17.874  57.233 0.0000000000
133092  -27.384  -18.702  56.305 0.0000000000
139719  -27.932  -17.912  56.705 0.0000000000
53869  -28.125  -17.360  56.869 0.0000000000
56757  -29.714  -14.868  58.830 0.0000000000
55727  -29.529  -15.754  58.591 0.0000000000
55734  -29.248  -15.302  57.725 0.0000000000
55744  -29.183  -14.950  56.949 0.0000000000
55743  -28.591  -15.438  56.742 0.0000000000
55753  -28.364  -15.095  56.067 0.0000000000
56794  -29.840  -14.141  55.463 0.0000000000
56810  -30.742  -14.104  54.641 0.0000000000
50098  -28.040  -19.522  57.581 0.0000000000
50112  -27.309  -19.793  56.627 0.0000000000
123791  -36.927  -3.723  38.359 0.0000000000
143618  -37.497  -3.408  38.522 0.0000000000
68603  -38.670  -2.115  38.378 0.0000000000
68602  -37.730  -2.394  38.172 0.0000000000
68615  -37.696  -1.756  37.732 0.0000000000
69596  -38.454  -1.205  37.824 0.0000000000
124388  -41.553  -1.327  38.748 0.0000000000
69589  -40.916  -1.553  38.699 0.0000000000
136171  -40.201  -0.173  37.950 0.0000000000
70588  -39.449  -0.175  37.622 0.0000000000
70587  -38.388  -0.327  37.195 0.0000000000
71514  -38.937  0.404  36.972 0.0000000000
71527  -39.308  0.910  36.667 0.0000000000
142568  -40.290  1.894  36.502 0.0000000000
73414  -40.386  2.495  36.116 0.0000000000
73426  -40.077  2.642  35.406 0.0000000000
73427  -40.704  3.054  35.705 0.0000000000
74359  -43.805  4.038  36.181 0.0000000000
74351  -46.454  4.064  37.461 0.0000000000
62917  -31.317  -8.175  48.314 0.0000000000
62930  -31.043  -7.942  47.654 0.0000000000
63930  -31.273  -7.155  46.428 0.0000000000
63945  -31.118  -6.899  45.530 0.0000000000
65763  -34.300  -5.200  47.385 0.0000000000
65762  -33.685  -5.663  47.278 0.0000000000
65779  -33.923  -5.434  46.462 0.0000000000
125185  -33.108  -5.724  45.158 0.0000000000
64897  -31.729  -6.291  45.088 0.0000000000
64912  -31.796  -6.285  44.115 0.0000000000
63971  -31.052  -6.738  43.551 0.0000000000
64939  -33.913  -6.469  43.183 0.0000000000
64937  -32.612  -6.488  42.884 0.0000000000
63990  -33.133  -6.894  42.302 0.0000000000
64005  -32.533  -7.443  41.557 0.0000000000
125862  -34.051  -7.100  42.200 0.0000000000
125843  -36.135  -6.998  43.202 0.0000000000
134055  -36.956  -7.429  43.121 0.0000000000
63946  -39.160  -6.897  45.106 0.0000000000
63961  -39.225  -7.634  44.449 0.0000000000
63976  -39.513  -8.244  43.851 0.0000000000
50055  -18.808  -20.295  59.856 0.0000000000
124092  -18.323  -20.815  60.300 0.0000000000
50092  -17.986  -21.088  56.329 0.0000000000
48996  -17.047  -22.224  57.176 0.0000000000
48984  -16.857  -22.231  58.173 0.0000000000
134777  -16.777  -22.431  59.064 0.0000000000
40419  -4.523  -30.305  67.276 0.0000000000
56885  -29.613  -14.615  48.543 0.0000000000
57960  -29.629  -13.597  48.768 0.0000000000
128655  -29.879  -12.223  49.715 0.0000000000
55781  -31.828  -14.190  53.989 0.0000000000
56830  -31.596  -14.101  53.552 0.0000000000
57910  -32.708  -13.075  53.323 0.0000000000
57909  -32.019  -13.441  52.993 0.0000000000
57925  -31.368  -13.426  52.322 0.0000000000
59830  -31.941  -11.816  52.070 0.0000000000
59829  -31.541  -11.278  51.404 0.0000000000
146233  -31.718  -10.679  51.297 0.0000000000
61841  -31.608  -9.644  50.329 0.0000000000
61853  -31.316  -9.249  49.479 0.0000000000
61874  -31.025  -8.893  48.707 0.0000000000
145295  -33.539  -6.668  49.917 0.0000000000
63841  -35.056  -6.686  52.677 0.0000000000
147106  -35.024  -6.125  52.215 0.0000000000
65726  -34.307  -5.714  50.341 0.0000000000
142665  -22.200  -21.792  51.859 0.0000000000
50159  -22.893  -21.753  51.658 0.0000000000
51168  -26.318  -20.954  53.000 0.0000000000
53892  -26.400  -17.339  53.356 0.0000000000
53906  -26.238  -17.874  52.624 0.0000000000
52066  -21.243  -18.592  58.260 0.0000000000
52076  -20.729  -18.646  57.779 0.0000000000
52088  -22.398  -19.118  56.343 0.0000000000
52098  -20.644  -19.004  55.768 0.0000000000
52086  -20.400  -18.822  56.718 0.0000000000
52108  -19.783  -19.600  55.187 0.0000000000
146898  -19.303  -20.179  54.897 0.0000000000
51143  -19.828  -19.985  54.235 0.0000000000
74375  -41.250  4.433  34.718 0.0000000000
75307  -41.490  5.135  34.189 0.0000000000
76236  -41.630  5.698  33.457 0.0000000000
76239  -41.381  5.460  32.557 0.0000000000
76237  -42.364  6.381  33.777 0.0000000000
142747  -44.469  6.125  35.196 0.0000000000
77145  -44.891  6.640  35.274 0.0000000000
78040  -43.805  7.138  34.272 0.0000000000
140808  -42.798  7.391  32.996 0.0000000000
77155  -42.327  6.913  32.917 0.0000000000
78050  -42.575  7.299  32.285 0.0000000000
77159  -42.595  6.919  31.542 0.0000000000
78051  -43.123  7.841  32.657 0.0000000000
78959  -43.688  8.463  31.446 0.0000000000
78055  -44.390  7.653  30.314 0.0000000000
78960  -44.232  9.003  31.249 0.0000000000
78963  -44.796  8.747  30.580 0.0000000000
79816  -44.483  9.616  31.739 0.0000000000
80697  -45.436  10.609  32.714 0.0000000000
80693  -46.344  11.271  33.697 0.0000000000
139782  -47.062  11.511  34.464 0.0000000000
42735  -10.675  -29.065  61.783 0.0000000000
41594  -10.384  -29.949  61.359 0.0000000000
61894  -29.383  -9.289  46.390 0.0000000000
60849  -28.947  -9.939  46.775 0.0000000000
64059  -35.599  -7.101  37.185 0.0000000000
64007  -34.565  -7.539  41.501 0.0000000000
63005  -35.128  -8.151  40.973 0.0000000000
122335  -36.135  -8.915  40.933 0.0000000000
140018  -35.113  -8.780  39.917 0.0000000000
61967  -39.049  -9.081  41.394 0.0000000000
61966  -38.468  -9.207  41.531 0.0000000000
63044  -38.066  -8.080  40.174 0.0000000000
63023  -37.827  -8.782  40.517 0.0000000000
125738  -36.942  -7.399  39.626 0.0000000000
64977  -37.246  -6.757  39.487 0.0000000000
65856  -40.180  -5.256  40.173 0.0000000000
122781  -39.514  -4.894  39.769 0.0000000000
66688  -40.290  -4.368  39.776 0.0000000000
43763  -12.196  -26.660  62.974 0.0000000000
44711  -12.519  -26.089  63.466 0.0000000000
43762  -11.739  -27.345  62.806 0.0000000000
42750  -12.129  -28.483  60.477 0.0000000000
41613  -12.079  -29.262  60.006 0.0000000000
41540  -9.820  -29.051  64.051 0.0000000000
129837  -9.517  -29.752  63.629 0.0000000000
40455  -8.689  -30.582  64.776 0.0000000000
40444  -8.408  -30.260  65.696 0.0000000000
133809  -8.119  -31.000  65.219 0.0000000000
36470  -8.802  -34.342  63.000 0.0000000000
37427  -8.589  -33.561  63.054 0.0000000000
37415  -7.942  -33.232  63.798 0.0000000000
38353  -7.085  -32.139  65.160 0.0000000000
38364  -7.457  -32.668  64.477 0.0000000000
39354  -5.841  -31.625  65.686 0.0000000000
39353  -4.900  -31.628  65.651 0.0000000000
39340  -4.708  -31.006  65.813 0.0000000000
37425  -4.808  -34.246  63.812 0.0000000000
146955  -4.886  -33.737  64.336 0.0000000000
42688  -9.556  -28.996  65.025 0.0000000000
55808  -29.371  -14.572  50.924 0.0000000000
50138  -25.713  -21.760  53.527 0.0000000000
56828  -28.616  -14.224  53.477 0.0000000000
56807  -27.798  -14.447  54.003 0.0000000000
56840  -27.622  -14.482  52.398 0.0000000000
56853  -27.615  -14.592  51.507 0.0000000000
147150  -27.296  -14.741  50.981 0.0000000000
56854  -28.686  -14.614  51.164 0.0000000000
49012  -26.740  -20.473  57.400 0.0000000000
50094  -25.642  -20.663  56.610 0.0000000000
51118  -24.477  -20.385  56.197 0.0000000000
72486  -39.250  1.381  34.436 0.0000000000
75317  -40.600  4.054  32.911 0.0000000000
58971  -28.530  -12.051  48.020 0.0000000000
64004  -31.490  -7.482  41.713 0.0000000000
61977  -30.783  -9.825  40.084 0.0000000000
61999  -32.920  -9.865  38.930 0.0000000000
46853  -15.914  -24.489  59.386 0.0000000000
46843  -15.436  -24.831  60.492 0.0000000000
45815  -15.393  -25.364  60.000 0.0000000000
44780  -14.831  -26.644  58.810 0.0000000000
141884  -32.761  -13.067  56.771 0.0000000000
51134  -27.712  -19.181  57.049 0.0000000000
52102  -27.928  -18.823  57.101 0.0000000000
135929  -28.472  -18.502  57.444 0.0000000000
53860  -28.823  -17.546  57.736 0.0000000000
56763  -29.645  -14.676  58.077 0.0000000000
56771  -30.377  -13.985  57.634 0.0000000000
56782  -29.942  -14.252  56.298 0.0000000000
51120  -28.892  -19.392  58.179 0.0000000000
67617  -38.908  -3.672  39.205 0.0000000000
123550  -39.291  -2.902  38.900 0.0000000000
68604  -39.757  -2.178  38.672 0.0000000000
70590  -41.480  0.050  38.012 0.0000000000
72471  -41.093  2.144  36.712 0.0000000000
126740  -41.767  2.707  36.524 0.0000000000
146410  -32.140  -7.151  48.157 0.0000000000
63915  -31.601  -7.523  47.919 0.0000000000
63916  -32.005  -6.947  47.561 0.0000000000
64868  -32.593  -6.449  47.209 0.0000000000
130374  -33.293  -5.863  44.354 0.0000000000
64927  -32.723  -6.168  43.693 0.0000000000
64929  -34.468  -6.326  43.553 0.0000000000
63991  -34.384  -6.758  42.831 0.0000000000
64930  -35.334  -6.391  43.741 0.0000000000
64916  -36.865  -6.308  44.530 0.0000000000
51078  -19.551  -19.664  59.809 0.0000000000
52051  -19.988  -19.229  59.155 0.0000000000
51090  -18.949  -19.821  58.522 0.0000000000
47879  -16.779  -23.635  56.979 0.0000000000
80702  -46.599  10.757  31.581 0.0000000000
79822  -46.555  9.678  30.424 0.0000000000
80711  -47.153  10.388  30.802 0.0000000000
80712  -48.080  10.341  30.508 0.0000000000
40421  -6.387  -30.262  67.494 0.0000000000
56832  -32.588  -13.836  54.034 0.0000000000
57903  -32.922  -13.331  53.837 0.0000000000
60770  -33.278  -10.164  52.926 0.0000000000
137055  -32.482  -10.143  51.777 0.0000000000
61826  -32.565  -9.471  51.436 0.0000000000
61842  -32.251  -9.194  50.737 0.0000000000
62895  -32.674  -8.370  50.468 0.0000000000
134338  -33.209  -7.871  50.670 0.0000000000
63871  -33.987  -6.870  51.201 0.0000000000
65713  -35.259  -5.386  52.113 0.0000000000
52983  -26.949  -18.994  54.816 0.0000000000
52123  -26.690  -19.483  54.129 0.0000000000
140517  -26.764  -18.966  54.169 0.0000000000
52991  -26.654  -19.002  53.645 0.0000000000
52999  -26.426  -19.030  52.747 0.0000000000
131522  -25.995  -16.801  51.903 0.0000000000
53905  -25.901  -17.654  51.737 0.0000000000
52067  -22.041  -18.673  57.949 0.0000000000
52100  -22.010  -19.131  54.888 0.0000000000
52099  -21.720  -18.952  55.754 0.0000000000
51154  -20.422  -20.244  53.495 0.0000000000
140921  -41.874  4.884  34.939 0.0000000000
75298  -42.603  4.884  35.361 0.0000000000
78048  -44.035  7.971  34.263 0.0000000000
78951  -43.558  8.290  33.277 0.0000000000
79807  -43.752  9.103  32.873 0.0000000000
79808  -44.273  9.588  33.377 0.0000000000
80692  -44.763  10.201  32.997 0.0000000000
138973  -44.795  9.944  33.700 0.0000000000
80689  -45.695  10.478  34.496 0.0000000000
41611  -10.908  -30.273  60.583 0.0000000000
61905  -29.198  -9.357  45.417 0.0000000000
61918  -28.925  -9.407  44.388 0.0000000000
63064  -34.795  -8.930  37.589 0.0000000000
62985  -36.103  -8.183  41.995 0.0000000000
62986  -36.610  -8.774  41.968 0.0000000000
61964  -36.658  -9.090  41.428 0.0000000000
125450  -37.137  -9.286  41.342 0.0000000000
61984  -39.141  -8.924  41.009 0.0000000000
64038  -37.600  -7.426  39.815 0.0000000000
64039  -38.303  -7.250  39.968 0.0000000000
64978  -38.527  -6.454  39.799 0.0000000000
65854  -38.763  -5.515  39.668 0.0000000000
45783  -14.526  -25.064  61.645 0.0000000000
44726  -13.717  -25.405  62.574 0.0000000000
43764  -12.712  -26.629  62.195 0.0000000000
43776  -12.370  -27.335  61.692 0.0000000000
42758  -12.585  -28.570  59.930 0.0000000000
40469  -9.225  -30.630  63.228 0.0000000000
39378  -8.849  -31.456  63.471 0.0000000000
39377  -8.399  -32.027  63.831 0.0000000000
37404  -6.554  -32.903  64.793 0.0000000000
38352  -6.164  -32.334  65.333 0.0000000000
141855  -4.891  -33.042  65.188 0.0000000000
55722  -29.886  -16.465  59.495 0.0000000000
57853  -30.728  -13.650  58.447 0.0000000000
68592  -41.825  -2.577  39.519 0.0000000000
68607  -42.045  -1.823  39.240 0.0000000000
132648  -42.288  -1.125  38.918 0.0000000000
71506  -43.003  0.352  38.475 0.0000000000
71519  -43.378  0.918  38.195 0.0000000000
65749  -34.323  -5.230  48.830 0.0000000000
65748  -33.850  -5.653  48.106 0.0000000000
65764  -35.169  -4.614  47.682 0.0000000000
65781  -35.709  -4.511  46.836 0.0000000000
136772  -36.239  -5.339  45.567 0.0000000000
51115  -18.981  -19.861  56.506 0.0000000000
50107  -18.256  -21.234  55.480 0.0000000000
41502  -8.086  -29.165  66.918 0.0000000000
62877  -34.112  -7.470  51.946 0.0000000000
51165  -22.205  -20.456  52.564 0.0000000000
53893  -26.666  -17.779  53.956 0.0000000000
54809  -26.368  -16.209  53.265 0.0000000000
55776  -26.633  -15.264  53.403 0.0000000000
54821  -26.186  -16.097  52.283 0.0000000000
54829  -25.720  -16.818  51.114 0.0000000000
138019  -23.375  -19.029  57.898 0.0000000000
51105  -23.677  -19.433  57.245 0.0000000000
51130  -23.205  -19.655  55.876 0.0000000000
138014  -23.959  -20.094  55.819 0.0000000000
75334  -41.818  4.449  31.250 0.0000000000
75291  -46.103  4.936  36.504 0.0000000000
76226  -46.387  5.714  36.486 0.0000000000
78943  -46.017  9.336  35.989 0.0000000000
62966  -29.341  -8.668  43.114 0.0000000000
62983  -29.907  -8.121  42.609 0.0000000000
62970  -39.050  -8.521  43.136 0.0000000000
62988  -38.561  -8.865  42.478 0.0000000000
61949  -39.645  -8.988  41.803 0.0000000000
63026  -40.448  -8.308  41.304 0.0000000000
135564  -40.840  -7.615  41.006 0.0000000000
64961  -40.635  -6.826  40.681 0.0000000000
47849  -16.762  -23.074  61.468 0.0000000000
45769  -15.016  -24.631  62.095 0.0000000000
44740  -14.218  -25.556  61.210 0.0000000000
44751  -13.993  -26.095  60.757 0.0000000000
139838  -6.438  -35.488  63.955 0.0000000000
55778  -30.294  -14.276  53.104 0.0000000000
55789  -30.691  -14.243  53.114 0.0000000000
56812  -32.205  -14.060  54.269 0.0000000000
50125  -25.800  -21.308  54.390 0.0000000000
134310  -26.188  -20.765  55.022 0.0000000000
51147  -26.700  -20.175  54.775 0.0000000000
52112  -26.920  -19.689  54.928 0.0000000000
52101  -27.364  -19.062  56.391 0.0000000000
52113  -27.099  -19.129  55.613 0.0000000000
53879  -27.211  -17.237  55.679 0.0000000000
54768  -29.581  -16.836  58.759 0.0000000000
54786  -28.757  -16.777  57.627 0.0000000000
54785  -28.337  -16.474  57.041 0.0000000000
54793  -27.764  -16.774  56.376 0.0000000000
143876  -27.372  -16.580  55.796 0.0000000000
55752  -27.631  -15.783  55.830 0.0000000000
55762  -28.128  -14.813  55.405 0.0000000000
49013  -27.245  -20.327  57.703 0.0000000000
65864  -36.359  -5.097  38.178 0.0000000000
66712  -35.890  -4.901  37.374 0.0000000000
66701  -36.240  -4.271  37.897 0.0000000000
67634  -36.329  -3.469  37.609 0.0000000000
67647  -36.536  -2.672  37.244 0.0000000000
70577  -40.868  -0.720  38.326 0.0000000000
70576  -39.882  -0.765  38.201 0.0000000000
70607  -37.685  -0.359  36.270 0.0000000000
71525  -38.229  0.381  35.752 0.0000000000
72468  -38.697  0.938  35.602 0.0000000000
72470  -39.839  1.344  36.594 0.0000000000
72469  -39.111  1.318  36.059 0.0000000000
72478  -39.106  1.492  35.317 0.0000000000
73425  -39.549  2.121  34.960 0.0000000000
135450  -40.398  3.247  34.322 0.0000000000
74366  -40.427  3.260  35.003 0.0000000000
74367  -41.154  3.743  35.354 0.0000000000
131765  -42.141  3.222  36.371 0.0000000000
74357  -42.017  3.777  35.999 0.0000000000
74368  -42.770  4.263  35.892 0.0000000000
75290  -44.747  4.278  36.141 0.0000000000
72461  -44.346  1.790  37.839 0.0000000000
73418  -44.768  2.893  36.884 0.0000000000
74361  -45.432  3.465  36.758 0.0000000000
121870  -45.437  4.177  36.402 0.0000000000
75292  -46.659  4.742  37.139 0.0000000000
61873  -30.435  -9.289  48.365 0.0000000000
61887  -30.197  -8.952  47.679 0.0000000000
61895  -30.030  -8.595  46.870 0.0000000000
62940  -30.715  -7.822  46.869 0.0000000000
142431  -30.288  -8.155  46.229 0.0000000000
62949  -30.109  -8.063  45.430 0.0000000000
64884  -32.477  -6.134  46.404 0.0000000000
64899  -33.108  -5.673  45.985 0.0000000000
64883  -31.783  -6.459  45.996 0.0000000000
63970  -30.374  -7.281  44.041 0.0000000000
63988  -31.178  -6.943  42.568 0.0000000000
63003  -32.974  -7.930  40.739 0.0000000000
63993  -36.579  -7.980  42.507 0.0000000000
62968  -37.361  -8.111  42.801 0.0000000000
64901  -36.971  -5.774  45.209 0.0000000000
63959  -37.580  -6.765  44.379 0.0000000000
64918  -38.196  -6.543  44.989 0.0000000000
62969  -38.152  -8.305  43.040 0.0000000000
62958  -40.322  -8.315  43.848 0.0000000000
51114  -18.405  -20.382  56.894 0.0000000000
50069  -17.911  -20.852  58.455 0.0000000000
50091  -17.464  -21.638  56.746 0.0000000000
47870  -16.506  -23.721  57.971 0.0000000000
81606  -48.844  11.166  31.751 0.0000000000
58972  -29.151  -12.627  48.622 0.0000000000
59860  -29.017  -11.505  48.600 0.0000000000
60819  -30.050  -10.070  48.713 0.0000000000
55790  -31.010  -14.193  53.099 0.0000000000
56845  -31.818  -13.987  53.479 0.0000000000
56856  -31.005  -13.797  52.313 0.0000000000
129500  -31.261  -12.891  51.770 0.0000000000
58933  -32.895  -12.194  53.167 0.0000000000
58954  -30.829  -12.631  51.237 0.0000000000
59836  -30.859  -11.698  50.878 0.0000000000
59844  -30.530  -10.990  50.183 0.0000000000
60795  -30.306  -10.492  49.433 0.0000000000
63885  -32.428  -7.881  49.520 0.0000000000
125161  -33.366  -6.518  49.260 0.0000000000
145625  -34.822  -5.806  51.584 0.0000000000
64837  -34.381  -6.137  51.089 0.0000000000
135481  -33.886  -6.403  50.476 0.0000000000
65741  -34.304  -5.430  49.579 0.0000000000
50160  -25.665  -21.399  51.039 0.0000000000
52133  -26.157  -19.390  51.845 0.0000000000
52065  -20.365  -18.844  58.463 0.0000000000
51104  -22.797  -18.962  57.563 0.0000000000
130761  -20.910  -18.625  57.202 0.0000000000
51129  -19.142  -20.030  55.640 0.0000000000
51153  -19.708  -20.864  53.779 0.0000000000
74383  -40.511  3.621  33.718 0.0000000000
75326  -41.016  4.676  32.343 0.0000000000
75333  -41.439  5.083  31.774 0.0000000000
76242  -41.724  5.892  31.924 0.0000000000
76231  -43.788  6.019  34.914 0.0000000000
77149  -43.334  6.552  34.394 0.0000000000
128994  -42.258  6.172  31.442 0.0000000000
128892  -42.767  6.282  30.841 0.0000000000
77162  -43.153  7.098  30.911 0.0000000000
77163  -43.823  7.139  30.449 0.0000000000
78964  -45.553  8.570  30.032 0.0000000000
79821  -45.560  9.401  30.642 0.0000000000
79814  -44.888  10.190  32.228 0.0000000000
80701  -45.681  10.519  31.929 0.0000000000
134510  -47.272  11.536  32.859 0.0000000000
125249  -47.551  11.651  33.815 0.0000000000
42708  -10.414  -28.527  63.569 0.0000000000
146645  -10.501  -30.700  60.889 0.0000000000
40496  -10.122  -30.749  61.498 0.0000000000
40483  -9.701  -30.769  62.269 0.0000000000
138144  -28.606  -10.519  46.282 0.0000000000
61945  -29.055  -9.541  42.848 0.0000000000
65874  -35.976  -5.805  37.692 0.0000000000
61963  -35.577  -8.582  40.753 0.0000000000
61947  -38.085  -9.206  41.994 0.0000000000
61965  -37.799  -9.285  41.457 0.0000000000
61983  -37.466  -9.204  40.883 0.0000000000
64036  -35.322  -7.923  38.823 0.0000000000
64052  -35.812  -7.180  38.563 0.0000000000
64976  -36.544  -6.949  39.140 0.0000000000
64990  -36.217  -6.411  38.466 0.0000000000
127205  -36.478  -5.764  38.495 0.0000000000
66686  -38.743  -4.517  39.437 0.0000000000
65842  -40.819  -5.837  40.504 0.0000000000
43740  -11.199  -27.058  64.277 0.0000000000
42725  -11.091  -27.984  62.972 0.0000000000
128188  -10.987  -28.410  62.174 0.0000000000
42736  -11.276  -28.600  61.465 0.0000000000
43802  -13.085  -27.791  59.818 0.0000000000
40456  -9.084  -30.174  64.174 0.0000000000
41526  -8.935  -29.371  65.749 0.0000000000
142958  -7.863  -30.250  66.367 0.0000000000
38382  -8.900  -32.989  62.693 0.0000000000
38373  -8.421  -32.796  63.352 0.0000000000
38354  -7.866  -31.847  64.712 0.0000000000
40433  -7.341  -30.440  66.633 0.0000000000
40432  -6.749  -30.567  66.835 0.0000000000
40431  -5.730  -30.674  66.965 0.0000000000
40430  -4.574  -30.654  66.400 0.0000000000
36460  -5.846  -34.934  63.972 0.0000000000
40484  -9.994  -30.170  62.047 0.0000000000
49022  -26.904  -20.400  56.831 0.0000000000
50113  -27.601  -19.458  57.048 0.0000000000
51103  -19.154  -19.507  57.902 0.0000000000
51119  -28.361  -19.246  57.617 0.0000000000
52089  -28.617  -18.881  57.651 0.0000000000
52962  -28.919  -18.225  57.809 0.0000000000
52963  -29.391  -18.609  58.398 0.0000000000
52978  -27.438  -18.275  56.221 0.0000000000
56758  -29.942  -14.501  59.451 0.0000000000
64914  -33.740  -5.700  44.797 0.0000000000
64938  -33.299  -6.440  43.069 0.0000000000
72450  -43.888  1.251  38.206 0.0000000000
76224  -45.052  5.892  35.576 0.0000000000
76229  -42.092  5.760  34.203 0.0000000000
78952  -43.928  8.895  33.853 0.0000000000
78962  -44.161  8.356  30.781 0.0000000000
79813  -44.274  9.708  32.508 0.0000000000
79820  -44.809  9.380  31.121 0.0000000000
80703  -47.874  10.724  30.972 0.0000000000
81604  -47.401  10.871  31.311 0.0000000000
131625  -38.374  0.344  34.884 0.0000000000
144821  -45.808  10.956  33.109 0.0000000000
144969  -26.099  -17.338  52.257 0.0000000000
