#!ascii label  , from subject sub-v2s18x29515_ses-1 vox2ras=TkReg
1043
135788  46.035  31.755  17.379 0.0000000000
100657  51.310  29.659  22.134 0.0000000000
96817  47.146  22.715  9.915 0.0000000000
100699  41.400  29.310  19.602 0.0000000000
98729  42.153  26.510  16.163 0.0000000000
104436  51.094  35.226  22.473 0.0000000000
101933  48.415  31.030  27.827 0.0000000000
105655  49.998  38.112  22.790 0.0000000000
94671  52.397  20.836  15.170 0.0000000000
94642  46.422  20.301  17.652 0.0000000000
102002  51.917  30.806  18.324 0.0000000000
100067  46.044  28.583  12.625 0.0000000000
100056  48.758  28.486  13.051 0.0000000000
123059  48.388  23.557  14.407 0.0000000000
109400  51.449  43.842  21.309 0.0000000000
140086  55.689  35.277  25.425 0.0000000000
96043  42.430  21.250  11.936 0.0000000000
101365  43.901  30.293  18.821 0.0000000000
99348  40.760  28.126  17.719 0.0000000000
100026  44.002  28.656  16.875 0.0000000000
102627  48.791  32.821  20.345 0.0000000000
102638  45.782  32.758  19.430 0.0000000000
141102  47.407  34.552  23.327 0.0000000000
93256  54.334  18.584  18.513 0.0000000000
93244  51.462  18.535  19.797 0.0000000000
90766  52.866  15.541  20.468 0.0000000000
108320  52.863  42.369  16.493 0.0000000000
100691  54.668  30.339  20.274 0.0000000000
100743  52.821  29.544  14.832 0.0000000000
100707  51.150  28.947  18.013 0.0000000000
97429  45.454  24.534  18.503 0.0000000000
98092  45.601  25.313  16.625 0.0000000000
96754  48.502  23.266  17.012 0.0000000000
96028  52.258  22.908  14.991 0.0000000000
103211  52.124  33.151  27.177 0.0000000000
139309  52.806  37.025  24.130 0.0000000000
101942  54.289  31.663  25.534 0.0000000000
102606  53.346  31.513  23.377 0.0000000000
98774  45.688  27.011  9.024 0.0000000000
98113  43.287  25.783  11.796 0.0000000000
96053  44.584  21.897  10.530 0.0000000000
141205  40.574  24.046  18.028 0.0000000000
122247  40.125  23.056  16.257 0.0000000000
105672  55.407  36.601  20.631 0.0000000000
106343  51.012  38.087  21.252 0.0000000000
121528  49.548  30.470  24.520 0.0000000000
100695  48.653  29.361  19.703 0.0000000000
108819  45.048  43.303  22.736 0.0000000000
108816  48.369  42.813  22.657 0.0000000000
103219  49.863  33.244  25.127 0.0000000000
95344  50.808  21.747  11.758 0.0000000000
122337  47.094  21.610  13.791 0.0000000000
94656  49.853  20.971  16.514 0.0000000000
128226  48.490  17.968  19.851 0.0000000000
102015  48.292  31.914  17.195 0.0000000000
101388  46.214  30.170  15.795 0.0000000000
101385  48.706  30.929  14.535 0.0000000000
100064  49.057  28.912  11.859 0.0000000000
98752  46.432  26.464  10.868 0.0000000000
100037  46.813  28.340  16.540 0.0000000000
98741  45.776  26.244  13.881 0.0000000000
96795  47.723  23.368  11.830 0.0000000000
96779  52.701  22.667  12.439 0.0000000000
94668  55.505  20.614  14.524 0.0000000000
108312  50.371  41.573  17.877 0.0000000000
108284  52.626  42.201  20.700 0.0000000000
132073  53.556  40.559  23.642 0.0000000000
106323  55.164  38.316  22.241 0.0000000000
103846  54.081  34.649  23.509 0.0000000000
103252  50.651  32.748  22.555 0.0000000000
99379  43.115  27.386  14.324 0.0000000000
96786  42.169  24.320  14.122 0.0000000000
95322  41.463  21.561  15.005 0.0000000000
95334  44.036  20.924  14.179 0.0000000000
101364  44.575  30.799  18.263 0.0000000000
100725  43.765  28.988  17.692 0.0000000000
101372  44.896  30.334  17.598 0.0000000000
102644  47.036  32.397  18.634 0.0000000000
142372  47.102  33.021  19.824 0.0000000000
102645  46.124  32.422  18.622 0.0000000000
101355  44.234  31.184  19.006 0.0000000000
91601  55.982  16.842  18.908 0.0000000000
92472  53.972  17.621  19.826 0.0000000000
91589  54.814  15.752  20.416 0.0000000000
95283  39.775  21.582  17.817 0.0000000000
100667  52.573  29.764  21.836 0.0000000000
100706  53.522  28.816  18.627 0.0000000000
122203  51.510  28.834  20.243 0.0000000000
96746  46.381  23.499  18.537 0.0000000000
96755  47.178  23.529  17.209 0.0000000000
101957  51.382  31.285  25.784 0.0000000000
137130  53.100  33.019  27.450 0.0000000000
101310  52.778  30.845  24.486 0.0000000000
101321  53.768  30.580  23.594 0.0000000000
96819  45.789  23.950  9.764 0.0000000000
97483  44.695  24.139  10.134 0.0000000000
142947  45.773  22.272  9.742 0.0000000000
99998  39.821  28.770  19.906 0.0000000000
100008  40.039  28.484  19.158 0.0000000000
98730  41.777  27.411  16.626 0.0000000000
98718  41.001  26.260  18.205 0.0000000000
133824  41.635  25.175  17.049 0.0000000000
97437  40.572  23.769  17.178 0.0000000000
128056  41.763  24.821  16.306 0.0000000000
105052  53.398  36.646  21.907 0.0000000000
106341  53.061  37.759  21.096 0.0000000000
105053  52.002  36.771  22.033 0.0000000000
101347  42.725  30.836  20.199 0.0000000000
100684  41.418  30.313  20.722 0.0000000000
101302  48.946  30.634  26.138 0.0000000000
121516  48.215  30.046  23.313 0.0000000000
100646  47.625  30.184  24.290 0.0000000000
102590  47.742  32.299  25.827 0.0000000000
103829  48.647  34.509  23.715 0.0000000000
133901  48.928  31.996  27.277 0.0000000000
126575  49.919  31.834  27.362 0.0000000000
143207  51.833  21.495  13.252 0.0000000000
95316  49.715  21.340  14.655 0.0000000000
94655  50.734  20.821  16.291 0.0000000000
91593  50.620  16.679  20.425 0.0000000000
123368  49.966  18.583  19.696 0.0000000000
91594  49.249  16.697  20.127 0.0000000000
102014  50.015  31.623  17.549 0.0000000000
125637  48.925  31.638  15.697 0.0000000000
102022  50.923  31.165  15.846 0.0000000000
100746  49.891  29.238  14.129 0.0000000000
100754  50.438  29.630  13.375 0.0000000000
100055  49.425  29.078  12.308 0.0000000000
99391  48.012  28.000  10.718 0.0000000000
99385  47.630  27.697  12.055 0.0000000000
100004  47.073  28.986  19.179 0.0000000000
145339  48.217  29.396  18.339 0.0000000000
100025  46.629  28.411  17.558 0.0000000000
96775  46.875  23.922  15.509 0.0000000000
140305  45.596  25.329  15.375 0.0000000000
97452  46.385  24.164  14.333 0.0000000000
97459  46.500  24.165  13.360 0.0000000000
96783  49.074  23.436  13.283 0.0000000000
96793  50.116  23.205  12.332 0.0000000000
96782  50.080  23.447  13.482 0.0000000000
96017  53.984  22.311  15.739 0.0000000000
96026  54.216  22.298  14.454 0.0000000000
108840  50.457  42.527  20.258 0.0000000000
108863  51.995  42.769  19.549 0.0000000000
129408  52.277  43.035  21.260 0.0000000000
107653  49.589  40.223  22.353 0.0000000000
108258  49.722  42.025  22.578 0.0000000000
107652  50.451  40.330  22.573 0.0000000000
105009  54.557  36.403  25.157 0.0000000000
106311  53.000  38.648  23.826 0.0000000000
105632  54.607  37.393  24.380 0.0000000000
106959  54.364  39.376  23.327 0.0000000000
105643  55.431  37.294  23.333 0.0000000000
105013  55.868  36.036  23.017 0.0000000000
103823  55.903  34.981  24.279 0.0000000000
101989  51.600  30.740  21.259 0.0000000000
103251  51.445  32.645  23.007 0.0000000000
101996  50.918  31.030  19.977 0.0000000000
101997  49.834  31.849  19.325 0.0000000000
100758  46.053  29.256  14.367 0.0000000000
100049  44.283  28.360  15.149 0.0000000000
100069  43.798  27.920  13.738 0.0000000000
131314  42.867  23.891  12.394 0.0000000000
97461  42.623  25.149  13.461 0.0000000000
96797  42.151  23.326  13.561 0.0000000000
127348  41.397  22.477  14.579 0.0000000000
95336  41.798  21.434  13.912 0.0000000000
128962  47.299  21.447  15.406 0.0000000000
125129  46.082  21.524  14.395 0.0000000000
95306  45.742  21.027  16.098 0.0000000000
100697  43.167  29.820  19.229 0.0000000000
100019  40.954  28.481  18.074 0.0000000000
100018  41.772  28.595  17.976 0.0000000000
100028  41.970  28.307  17.206 0.0000000000
99363  42.283  27.738  16.172 0.0000000000
103259  49.455  33.943  21.704 0.0000000000
101356  43.434  30.790  19.531 0.0000000000
94635  53.661  20.060  16.473 0.0000000000
141034  52.164  19.786  17.852 0.0000000000
93257  53.078  18.911  18.981 0.0000000000
92460  52.263  17.413  20.399 0.0000000000
101363  53.274  30.348  19.140 0.0000000000
101370  53.611  30.328  16.335 0.0000000000
139444  54.457  29.458  17.271 0.0000000000
100719  51.724  29.077  16.688 0.0000000000
100735  49.421  29.238  15.648 0.0000000000
98717  45.190  26.468  18.414 0.0000000000
99354  45.567  27.130  17.331 0.0000000000
97436  45.783  24.831  17.169 0.0000000000
96765  47.011  23.804  16.353 0.0000000000
96772  49.191  23.425  15.574 0.0000000000
142611  50.788  23.392  14.840 0.0000000000
96019  50.508  22.908  16.543 0.0000000000
96008  51.903  22.511  16.958 0.0000000000
95292  53.378  21.872  17.972 0.0000000000
109389  50.221  44.389  21.905 0.0000000000
104403  51.184  35.509  24.300 0.0000000000
138561  51.232  37.158  23.502 0.0000000000
103807  52.636  34.780  25.397 0.0000000000
103798  54.497  34.525  26.469 0.0000000000
103201  55.606  33.519  26.605 0.0000000000
103216  55.341  33.357  24.809 0.0000000000
101968  54.548  30.697  23.899 0.0000000000
101983  52.720  30.259  22.243 0.0000000000
99392  46.346  28.126  10.111 0.0000000000
99394  43.693  27.112  11.588 0.0000000000
98121  43.726  26.362  10.630 0.0000000000
97474  43.923  24.602  10.798 0.0000000000
95370  43.591  21.507  11.525 0.0000000000
93975  46.019  18.961  18.557 0.0000000000
93990  45.105  19.621  17.716 0.0000000000
97425  40.120  24.367  19.354 0.0000000000
99349  40.500  27.713  18.202 0.0000000000
98085  40.763  25.756  18.814 0.0000000000
96748  40.073  23.764  18.543 0.0000000000
96750  38.962  22.966  17.231 0.0000000000
96013  39.748  22.720  16.790 0.0000000000
95308  40.516  22.119  16.353 0.0000000000
105707  55.334  37.149  19.296 0.0000000000
106377  53.206  38.495  19.479 0.0000000000
101324  50.409  30.240  23.459 0.0000000000
100679  50.469  29.002  20.704 0.0000000000
100659  48.993  29.756  22.535 0.0000000000
100681  47.674  29.273  20.810 0.0000000000
99996  46.243  28.599  20.237 0.0000000000
99338  45.247  27.454  19.658 0.0000000000
139874  44.807  26.354  19.586 0.0000000000
108832  46.591  42.382  21.972 0.0000000000
107654  48.054  40.222  21.838 0.0000000000
105656  49.226  37.753  22.656 0.0000000000
104404  50.147  35.142  24.097 0.0000000000
103218  50.643  33.556  25.324 0.0000000000
143133  50.797  31.623  27.128 0.0000000000
96051  49.127  22.174  10.175 0.0000000000
95367  47.902  21.836  10.381 0.0000000000
144104  48.895  21.458  12.911 0.0000000000
95317  48.802  21.305  15.044 0.0000000000
131604  48.053  20.912  16.902 0.0000000000
93971  50.692  19.779  18.537 0.0000000000
94624  48.982  20.040  18.280 0.0000000000
93974  47.407  19.338  18.795 0.0000000000
102016  47.458  31.843  17.014 0.0000000000
101379  45.846  30.449  16.539 0.0000000000
102025  47.423  31.581  16.291 0.0000000000
101386  47.801  30.906  14.914 0.0000000000
100757  47.049  29.757  13.771 0.0000000000
101383  51.773  30.016  14.313 0.0000000000
101398  49.204  29.804  12.845 0.0000000000
100066  47.476  28.926  11.950 0.0000000000
137588  47.275  28.055  9.430 0.0000000000
98760  46.701  26.989  9.457 0.0000000000
97473  46.045  24.628  10.218 0.0000000000
100708  49.926  29.295  18.517 0.0000000000
100721  49.091  29.358  16.914 0.0000000000
100036  47.658  28.590  15.957 0.0000000000
99362  45.726  27.127  16.460 0.0000000000
99368  46.599  27.701  15.041 0.0000000000
143329  46.897  27.773  14.052 0.0000000000
98746  46.010  26.287  12.519 0.0000000000
97464  46.523  24.183  12.113 0.0000000000
96805  47.974  23.014  10.561 0.0000000000
96803  49.700  22.398  10.607 0.0000000000
95343  51.529  22.070  11.576 0.0000000000
95329  52.992  21.763  12.856 0.0000000000
96037  52.721  22.871  13.307 0.0000000000
95327  54.416  21.538  13.562 0.0000000000
94670  53.792  20.788  14.545 0.0000000000
93998  55.181  19.674  15.649 0.0000000000
108321  51.164  41.719  17.181 0.0000000000
108301  53.044  42.402  18.324 0.0000000000
107685  53.765  40.740  19.289 0.0000000000
106312  52.077  38.983  23.397 0.0000000000
108813  52.826  43.355  23.573 0.0000000000
108268  53.502  42.023  23.008 0.0000000000
107666  54.266  40.051  21.778 0.0000000000
106994  55.150  39.085  20.143 0.0000000000
105670  56.028  36.649  21.312 0.0000000000
105028  55.567  36.125  21.897 0.0000000000
142303  53.149  35.565  22.706 0.0000000000
103826  53.481  33.828  23.716 0.0000000000
103827  52.333  33.681  23.382 0.0000000000
103850  50.156  33.770  22.319 0.0000000000
102626  49.523  32.359  20.759 0.0000000000
101998  48.992  32.298  18.957 0.0000000000
100738  44.763  29.162  16.528 0.0000000000
100050  43.418  28.075  15.370 0.0000000000
98735  42.475  26.701  15.362 0.0000000000
142987  43.132  26.907  13.613 0.0000000000
98106  42.867  26.047  13.932 0.0000000000
98096  42.254  25.520  15.729 0.0000000000
96776  41.059  23.290  15.075 0.0000000000
96021  40.905  22.150  15.705 0.0000000000
125045  46.058  21.625  11.470 0.0000000000
95358  43.846  21.236  12.116 0.0000000000
95348  43.161  20.620  12.173 0.0000000000
94661  44.272  20.268  16.422 0.0000000000
94692  42.226  20.286  12.666 0.0000000000
89985  54.474  13.819  20.269 0.0000000000
89994  52.655  13.788  19.733 0.0000000000
102018  45.329  31.270  17.660 0.0000000000
101371  45.480  30.619  17.176 0.0000000000
102007  46.621  32.095  17.697 0.0000000000
102008  45.657  32.034  18.024 0.0000000000
136063  44.888  31.654  18.439 0.0000000000
92458  54.668  16.788  20.101 0.0000000000
100678  52.138  29.311  21.177 0.0000000000
100668  50.945  29.269  21.483 0.0000000000
122502  51.618  30.694  24.407 0.0000000000
137836  52.326  31.463  25.856 0.0000000000
101323  51.647  30.386  23.463 0.0000000000
101322  52.852  30.498  23.541 0.0000000000
96818  46.442  23.191  9.759 0.0000000000
96060  45.845  22.940  9.577 0.0000000000
96059  46.554  22.460  9.739 0.0000000000
100700  40.466  29.082  19.658 0.0000000000
100007  40.773  28.712  18.942 0.0000000000
121914  41.783  26.212  16.956 0.0000000000
98093  41.959  25.607  16.475 0.0000000000
105030  52.644  36.117  22.400 0.0000000000
105031  51.454  36.011  22.288 0.0000000000
100683  42.040  30.053  20.231 0.0000000000
129799  41.050  29.682  20.281 0.0000000000
121889  48.508  30.777  27.398 0.0000000000
137028  48.073  30.384  25.330 0.0000000000
101303  48.004  30.487  26.604 0.0000000000
102579  48.285  32.172  26.971 0.0000000000
102589  48.616  32.518  25.656 0.0000000000
102569  48.990  31.410  27.506 0.0000000000
95314  52.177  21.256  14.117 0.0000000000
94672  51.327  21.056  15.334 0.0000000000
126419  51.489  20.708  16.063 0.0000000000
92463  49.812  16.983  20.345 0.0000000000
129431  51.029  31.239  17.746 0.0000000000
102013  50.947  31.222  16.861 0.0000000000
99375  47.952  28.061  12.843 0.0000000000
100015  46.451  28.413  18.559 0.0000000000
96774  47.516  23.695  14.852 0.0000000000
146040  46.711  23.940  14.793 0.0000000000
96784  47.942  23.615  13.753 0.0000000000
95301  54.873  21.986  16.119 0.0000000000
109401  50.489  43.532  21.100 0.0000000000
132210  51.230  43.269  20.656 0.0000000000
124938  51.409  42.792  20.159 0.0000000000
108831  52.078  43.686  21.800 0.0000000000
106324  50.057  38.955  22.622 0.0000000000
106972  50.021  39.666  22.518 0.0000000000
105000  55.271  35.884  25.356 0.0000000000
143690  54.375  36.955  24.739 0.0000000000
105008  55.256  36.603  24.747 0.0000000000
106297  54.698  37.897  23.993 0.0000000000
104999  55.786  35.784  24.788 0.0000000000
104401  55.895  35.588  24.066 0.0000000000
104394  56.008  34.904  24.902 0.0000000000
101995  51.993  30.575  19.559 0.0000000000
102003  50.655  31.387  18.674 0.0000000000
100058  45.478  28.631  13.851 0.0000000000
100068  44.766  28.196  13.260 0.0000000000
96808  42.799  22.474  12.008 0.0000000000
142598  42.547  23.245  12.849 0.0000000000
96044  42.315  22.329  12.850 0.0000000000
96038  41.905  22.387  13.747 0.0000000000
95350  42.087  21.292  12.848 0.0000000000
94658  47.071  20.887  16.985 0.0000000000
95319  46.343  21.371  15.380 0.0000000000
94659  46.080  20.736  16.886 0.0000000000
100713  42.595  29.118  18.722 0.0000000000
100712  43.482  29.418  18.486 0.0000000000
100017  42.844  28.704  17.950 0.0000000000
100027  43.072  28.389  17.129 0.0000000000
99355  41.644  28.006  16.804 0.0000000000
100040  42.315  28.042  16.473 0.0000000000
102620  49.226  33.172  21.127 0.0000000000
103260  48.752  34.003  21.064 0.0000000000
143302  48.524  33.428  20.594 0.0000000000
103265  47.128  33.506  20.204 0.0000000000
93985  54.433  19.434  16.873 0.0000000000
93986  53.060  19.677  17.466 0.0000000000
93968  53.756  19.256  18.030 0.0000000000
92459  53.318  17.123  20.367 0.0000000000
92473  53.065  17.820  20.097 0.0000000000
91591  52.586  16.450  20.507 0.0000000000
91592  51.591  16.452  20.479 0.0000000000
133506  52.104  15.812  20.444 0.0000000000
140593  52.216  41.885  15.804 0.0000000000
108345  52.322  41.719  15.017 0.0000000000
101352  54.588  30.461  19.833 0.0000000000
101362  54.428  30.234  18.628 0.0000000000
129796  54.701  30.128  19.337 0.0000000000
140240  52.168  28.641  18.640 0.0000000000
130936  52.705  28.667  17.571 0.0000000000
139129  50.951  29.365  16.051 0.0000000000
100720  50.130  29.322  17.263 0.0000000000
98083  45.263  25.355  18.330 0.0000000000
98088  45.438  25.570  17.502 0.0000000000
127381  45.558  24.945  17.852 0.0000000000
142311  47.843  23.376  17.131 0.0000000000
96764  47.753  23.526  16.632 0.0000000000
126622  47.649  23.670  15.833 0.0000000000
96763  48.442  23.476  16.179 0.0000000000
96761  50.065  23.283  15.840 0.0000000000
96020  49.770  23.025  16.728 0.0000000000
96009  50.960  22.583  17.197 0.0000000000
95996  51.556  22.206  17.872 0.0000000000
96007  52.589  22.170  17.454 0.0000000000
95995  52.406  21.874  18.226 0.0000000000
103801  51.508  33.751  25.655 0.0000000000
103808  51.807  34.683  24.996 0.0000000000
103800  52.372  34.001  25.933 0.0000000000
102566  53.920  32.609  26.883 0.0000000000
103793  53.978  33.547  27.101 0.0000000000
103203  54.472  33.156  27.233 0.0000000000
103792  54.950  33.654  27.121 0.0000000000
102565  55.161  32.743  26.716 0.0000000000
102576  55.454  32.440  25.797 0.0000000000
102587  54.930  31.564  24.670 0.0000000000
101339  53.159  30.062  21.817 0.0000000000
101331  53.404  30.540  23.351 0.0000000000
101346  53.478  30.063  21.554 0.0000000000
101353  54.103  30.314  20.531 0.0000000000
99408  45.501  27.236  9.227 0.0000000000
98769  44.312  27.007  9.832 0.0000000000
98128  44.397  26.342  9.663 0.0000000000
96062  44.766  23.063  10.138 0.0000000000
96813  44.151  23.305  10.825 0.0000000000
140061  43.532  22.335  11.401 0.0000000000
97417  40.004  25.039  20.051 0.0000000000
98080  40.432  25.301  19.410 0.0000000000
100020  40.432  28.259  18.422 0.0000000000
140311  41.082  25.412  18.281 0.0000000000
97432  40.670  24.725  18.652 0.0000000000
96749  38.969  23.167  17.840 0.0000000000
122796  39.911  23.376  17.641 0.0000000000
97444  40.458  23.433  16.277 0.0000000000
96757  39.681  23.079  16.855 0.0000000000
96022  40.345  22.770  15.967 0.0000000000
105705  56.064  36.971  19.847 0.0000000000
105686  55.930  36.784  19.958 0.0000000000
106342  52.094  38.069  21.216 0.0000000000
106355  52.896  38.320  20.502 0.0000000000
106356  51.596  38.609  20.641 0.0000000000
100645  49.269  30.080  23.442 0.0000000000
121969  47.946  29.745  22.355 0.0000000000
100682  46.937  29.048  20.579 0.0000000000
99997  45.576  28.282  20.641 0.0000000000
98712  45.081  26.886  19.094 0.0000000000
109374  45.539  44.158  23.344 0.0000000000
107669  47.376  40.829  21.688 0.0000000000
138936  47.749  39.539  21.863 0.0000000000
106974  48.400  39.469  22.085 0.0000000000
103811  49.078  33.838  24.279 0.0000000000
103828  49.319  34.783  23.880 0.0000000000
104414  49.464  35.643  23.573 0.0000000000
103810  49.983  34.159  24.448 0.0000000000
101301  49.678  30.909  26.895 0.0000000000
101931  50.955  31.954  27.470 0.0000000000
101300  50.366  31.185  26.519 0.0000000000
101311  50.699  30.942  25.270 0.0000000000
95354  50.377  21.855  10.961 0.0000000000
125046  49.297  21.604  11.264 0.0000000000
95345  49.823  21.524  12.284 0.0000000000
95302  49.351  21.230  15.783 0.0000000000
95303  48.499  21.246  16.046 0.0000000000
94657  48.969  21.033  16.759 0.0000000000
93970  51.647  19.565  18.540 0.0000000000
93987  51.453  20.064  17.805 0.0000000000
93955  51.116  19.184  19.276 0.0000000000
93246  49.381  18.178  19.966 0.0000000000
93957  49.354  18.925  19.457 0.0000000000
93958  48.430  18.803  19.395 0.0000000000
93973  48.151  19.512  18.789 0.0000000000
93247  47.691  18.314  19.408 0.0000000000
92476  47.026  17.921  19.200 0.0000000000
92475  47.753  17.542  19.526 0.0000000000
102024  48.201  31.766  16.359 0.0000000000
139267  48.974  31.327  15.013 0.0000000000
102032  48.178  31.451  15.520 0.0000000000
101395  47.452  30.343  14.340 0.0000000000
101394  48.446  30.445  13.865 0.0000000000
101377  53.394  30.102  15.347 0.0000000000
101378  52.027  30.414  15.087 0.0000000000
101382  52.786  29.743  14.756 0.0000000000
100762  49.525  29.163  12.395 0.0000000000
100761  49.936  29.570  13.018 0.0000000000
100763  48.881  29.356  12.246 0.0000000000
100764  47.854  29.443  12.568 0.0000000000
100769  48.553  29.005  11.621 0.0000000000
100074  48.041  28.522  11.147 0.0000000000
98759  47.383  27.614  9.936 0.0000000000
98120  46.059  25.691  10.304 0.0000000000
100680  49.189  29.289  20.408 0.0000000000
100694  49.882  29.200  19.655 0.0000000000
100709  48.911  29.414  18.891 0.0000000000
100024  47.391  28.818  17.068 0.0000000000
100722  48.144  29.270  17.518 0.0000000000
100736  48.326  29.027  16.446 0.0000000000
98728  45.482  26.271  16.792 0.0000000000
124704  45.536  25.709  15.992 0.0000000000
98100  45.639  25.306  14.556 0.0000000000
98734  45.638  26.179  15.138 0.0000000000
99377  46.172  27.140  14.351 0.0000000000
98740  46.432  27.052  13.003 0.0000000000
98105  45.744  25.322  13.383 0.0000000000
125653  46.980  23.813  12.433 0.0000000000
96806  47.060  23.566  11.295 0.0000000000
96804  48.839  23.003  10.922 0.0000000000
96801  51.520  22.799  11.695 0.0000000000
96042  52.343  22.500  12.153 0.0000000000
95342  52.310  22.026  12.028 0.0000000000
95341  53.109  22.214  12.633 0.0000000000
96760  51.106  23.171  15.525 0.0000000000
96770  51.725  23.276  14.180 0.0000000000
95312  55.457  21.184  14.287 0.0000000000
96035  54.193  22.085  13.325 0.0000000000
95326  55.070  21.153  13.764 0.0000000000
94683  54.405  21.257  13.641 0.0000000000
94669  55.044  20.703  14.124 0.0000000000
108303  49.656  41.622  18.578 0.0000000000
108314  48.367  41.447  17.515 0.0000000000
123520  48.995  41.394  16.876 0.0000000000
108838  52.084  42.825  19.909 0.0000000000
108849  52.383  42.534  18.864 0.0000000000
108292  52.679  42.228  19.315 0.0000000000
108300  53.315  41.722  18.854 0.0000000000
108291  53.220  41.290  20.141 0.0000000000
105014  52.017  37.104  23.796 0.0000000000
105646  51.819  37.953  23.485 0.0000000000
144369  53.824  39.142  23.986 0.0000000000
136918  52.979  40.582  23.730 0.0000000000
107639  53.235  41.520  23.727 0.0000000000
108244  53.268  42.018  23.625 0.0000000000
137463  53.169  42.800  23.097 0.0000000000
107650  53.668  41.155  23.309 0.0000000000
106309  54.878  38.218  23.295 0.0000000000
107649  54.198  40.298  22.937 0.0000000000
106970  54.639  39.264  22.113 0.0000000000
107679  54.422  39.894  20.654 0.0000000000
106340  55.523  38.293  21.153 0.0000000000
106339  56.056  37.288  21.134 0.0000000000
104410  55.768  35.640  23.309 0.0000000000
104432  55.804  36.023  22.466 0.0000000000
104433  55.380  35.670  22.685 0.0000000000
104434  54.175  35.327  23.035 0.0000000000
103217  55.059  31.986  24.646 0.0000000000
103236  54.314  32.909  24.329 0.0000000000
103237  53.244  32.747  23.733 0.0000000000
102618  50.552  32.032  22.077 0.0000000000
126811  51.408  33.570  23.062 0.0000000000
127621  50.788  33.451  22.748 0.0000000000
103258  49.891  33.044  21.905 0.0000000000
102619  49.828  32.461  21.438 0.0000000000
102004  49.498  31.888  18.328 0.0000000000
102005  48.562  32.048  18.085 0.0000000000
102006  47.629  32.114  17.865 0.0000000000
102026  46.651  31.005  16.230 0.0000000000
100737  45.499  29.644  16.182 0.0000000000
100060  43.584  27.995  14.545 0.0000000000
99370  43.088  27.714  14.862 0.0000000000
99371  42.716  27.475  15.252 0.0000000000
98753  43.478  26.601  11.689 0.0000000000
98747  43.407  26.964  12.621 0.0000000000
98114  43.093  26.121  12.811 0.0000000000
130994  42.525  25.257  14.272 0.0000000000
98101  42.584  25.888  14.804 0.0000000000
97454  42.268  24.908  14.995 0.0000000000
97449  41.885  24.621  15.621 0.0000000000
97455  41.654  24.054  14.992 0.0000000000
96029  40.864  22.636  15.317 0.0000000000
95307  41.272  21.324  15.969 0.0000000000
122755  47.140  21.598  12.650 0.0000000000
139465  47.030  21.618  11.478 0.0000000000
95333  44.981  21.284  14.343 0.0000000000
95346  45.484  21.533  13.414 0.0000000000
95347  44.269  21.248  13.209 0.0000000000
95335  43.470  20.694  13.268 0.0000000000
93991  44.530  19.209  17.493 0.0000000000
94644  44.666  19.948  17.188 0.0000000000
93999  43.979  19.598  16.684 0.0000000000
100711  44.263  29.828  18.114 0.0000000000
100724  44.523  29.451  17.333 0.0000000000
102636  47.490  32.646  19.427 0.0000000000
102628  47.886  33.084  20.101 0.0000000000
102637  46.626  32.719  19.372 0.0000000000
102646  45.295  32.287  18.869 0.0000000000
128156  44.530  31.994  19.181 0.0000000000
93242  54.731  17.953  19.037 0.0000000000
135160  55.001  17.396  19.430 0.0000000000
91590  53.639  16.220  20.495 0.0000000000
122983  53.485  30.007  21.558 0.0000000000
100692  54.378  29.640  20.019 0.0000000000
123158  53.211  29.425  20.725 0.0000000000
100693  52.668  28.836  19.655 0.0000000000
128203  51.094  28.852  19.155 0.0000000000
146170  45.936  23.952  18.282 0.0000000000
138848  46.457  23.768  17.789 0.0000000000
96745  47.135  23.283  18.081 0.0000000000
96011  48.839  22.816  17.696 0.0000000000
101930  51.773  32.159  27.400 0.0000000000
143661  52.272  32.832  27.460 0.0000000000
101943  52.775  31.959  26.748 0.0000000000
101956  53.419  31.243  25.095 0.0000000000
101955  54.523  30.795  24.208 0.0000000000
100656  52.723  30.029  22.230 0.0000000000
97490  45.276  25.770  9.534 0.0000000000
98127  44.931  25.968  9.419 0.0000000000
97482  45.169  24.934  9.773 0.0000000000
96820  45.275  23.539  9.758 0.0000000000
95375  45.357  21.944  9.994 0.0000000000
99356  41.105  27.923  17.192 0.0000000000
144148  40.801  27.697  17.656 0.0000000000
98724  41.252  26.947  17.488 0.0000000000
98089  41.428  25.752  17.691 0.0000000000
97431  41.164  24.682  17.752 0.0000000000
97443  41.223  24.285  16.784 0.0000000000
105051  54.964  36.311  21.462 0.0000000000
105673  53.923  37.032  21.247 0.0000000000
105674  52.654  37.379  21.557 0.0000000000
141187  51.473  37.443  21.606 0.0000000000
101348  42.035  30.932  20.884 0.0000000000
101350  40.642  30.093  20.840 0.0000000000
100685  40.195  29.424  20.360 0.0000000000
101325  48.584  30.291  24.459 0.0000000000
103221  47.649  32.957  24.524 0.0000000000
103220  48.078  33.893  23.797 0.0000000000
145979  48.507  33.192  24.543 0.0000000000
102588  49.180  32.914  25.025 0.0000000000
102578  49.729  32.462  26.449 0.0000000000
101289  49.068  30.975  27.407 0.0000000000
124976  51.330  21.635  12.504 0.0000000000
122445  50.214  21.457  13.276 0.0000000000
95315  50.698  21.375  14.050 0.0000000000
94673  50.361  21.230  15.402 0.0000000000
93232  50.946  18.062  20.291 0.0000000000
93245  50.656  18.603  19.747 0.0000000000
93233  50.188  18.117  20.102 0.0000000000
141444  49.780  17.658  20.235 0.0000000000
92474  49.160  17.411  20.166 0.0000000000
139396  49.088  31.869  17.445 0.0000000000
126863  49.028  31.813  16.548 0.0000000000
143921  49.435  31.730  17.046 0.0000000000
102023  49.812  31.452  15.766 0.0000000000
102031  49.733  31.181  14.962 0.0000000000
100744  51.854  29.694  14.487 0.0000000000
100745  50.774  29.672  13.767 0.0000000000
100755  49.926  29.462  13.015 0.0000000000
99398  47.885  28.357  10.861 0.0000000000
99384  48.342  28.428  11.500 0.0000000000
98751  46.989  27.201  11.457 0.0000000000
100696  47.724  29.259  19.776 0.0000000000
100710  47.944  29.355  19.037 0.0000000000
100014  47.312  29.074  18.178 0.0000000000
97448  45.953  24.649  15.714 0.0000000000
98095  45.633  24.998  15.885 0.0000000000
97447  46.232  24.352  15.095 0.0000000000
125753  45.777  24.818  15.150 0.0000000000
97453  45.920  24.612  14.149 0.0000000000
96796  47.385  23.719  13.067 0.0000000000
139742  48.411  23.339  12.436 0.0000000000
96794  49.594  23.044  11.582 0.0000000000
96792  51.033  23.197  12.244 0.0000000000
143301  51.751  23.103  12.233 0.0000000000
125044  53.105  22.543  15.360 0.0000000000
96025  55.063  22.052  14.890 0.0000000000
108294  48.978  41.812  19.255 0.0000000000
108293  50.047  41.905  19.437 0.0000000000
108302  50.875  41.784  18.779 0.0000000000
108850  51.096  42.174  19.596 0.0000000000
108259  48.759  41.929  22.327 0.0000000000
108815  49.250  42.947  22.954 0.0000000000
130505  50.082  41.096  22.496 0.0000000000
132291  53.352  36.537  24.584 0.0000000000
105645  52.888  37.713  23.921 0.0000000000
105633  53.695  37.366  24.400 0.0000000000
105644  53.976  38.297  24.237 0.0000000000
106960  53.922  39.742  23.737 0.0000000000
138458  53.948  40.295  23.419 0.0000000000
106310  54.254  38.870  23.950 0.0000000000
105654  55.835  36.525  22.435 0.0000000000
139272  55.724  36.553  23.419 0.0000000000
104411  55.312  34.984  23.527 0.0000000000
102607  52.599  31.563  23.042 0.0000000000
101984  51.809  31.053  22.014 0.0000000000
101985  50.399  31.693  21.368 0.0000000000
101990  50.134  31.670  20.431 0.0000000000
100747  46.557  29.912  14.894 0.0000000000
100748  45.731  29.426  15.336 0.0000000000
100048  45.185  28.699  14.851 0.0000000000
100059  44.428  28.306  14.255 0.0000000000
99378  43.361  27.655  14.189 0.0000000000
97467  42.818  25.005  12.582 0.0000000000
124327  42.455  24.177  13.181 0.0000000000
96787  41.599  23.359  14.337 0.0000000000
95332  46.948  21.540  14.697 0.0000000000
143636  46.385  21.613  13.435 0.0000000000
95320  45.414  21.210  15.260 0.0000000000
100698  42.336  29.522  19.472 0.0000000000
100714  41.669  28.900  18.852 0.0000000000
100029  41.185  28.202  17.377 0.0000000000
104437  50.427  35.162  22.244 0.0000000000
103857  49.054  34.719  21.457 0.0000000000
101999  43.830  31.683  19.534 0.0000000000
101357  42.768  30.195  19.761 0.0000000000
103239  47.070  33.757  23.655 0.0000000000
102580  47.807  32.045  27.148 0.0000000000
94653  53.010  20.451  15.876 0.0000000000
94654  52.015  20.494  16.263 0.0000000000
93969  52.572  19.396  18.367 0.0000000000
93954  52.033  19.061  19.207 0.0000000000
128209  53.545  18.275  19.471 0.0000000000
93243  52.421  18.332  19.838 0.0000000000
93231  51.664  17.994  20.276 0.0000000000
92461  51.261  17.380  20.465 0.0000000000
102012  52.100  30.865  17.160 0.0000000000
130949  53.321  30.430  17.715 0.0000000000
101376  54.161  29.950  16.099 0.0000000000
100731  54.051  29.524  16.259 0.0000000000
141843  54.029  28.909  17.285 0.0000000000
100718  53.332  28.977  16.203 0.0000000000
100733  52.431  29.329  15.190 0.0000000000
100734  50.908  29.365  14.781 0.0000000000
100035  48.711  28.876  15.092 0.0000000000
99347  45.384  27.114  18.221 0.0000000000
99346  45.950  27.750  17.945 0.0000000000
98723  45.324  26.430  17.706 0.0000000000
96756  45.923  24.359  17.750 0.0000000000
97435  46.370  24.156  16.945 0.0000000000
97442  45.922  24.681  16.398 0.0000000000
97441  46.420  24.303  16.017 0.0000000000
96773  48.368  23.531  15.280 0.0000000000
96771  50.039  23.466  14.715 0.0000000000
121686  51.458  22.800  16.271 0.0000000000
140250  52.261  22.670  16.094 0.0000000000
96018  52.858  22.408  16.503 0.0000000000
96006  53.693  22.084  16.921 0.0000000000
142055  54.749  21.859  17.416 0.0000000000
109388  51.079  44.549  21.890 0.0000000000
105015  50.473  36.824  23.408 0.0000000000
105647  50.686  37.649  23.200 0.0000000000
104412  51.292  36.425  23.826 0.0000000000
144497  51.744  36.029  24.257 0.0000000000
104402  52.474  35.631  24.707 0.0000000000
103210  52.981  33.522  26.817 0.0000000000
103799  53.295  34.281  26.218 0.0000000000
104396  53.491  35.170  25.577 0.0000000000
138437  54.570  35.594  25.675 0.0000000000
104395  55.219  35.089  26.029 0.0000000000
128515  55.692  34.379  25.891 0.0000000000
103805  55.869  33.987  25.426 0.0000000000
103208  55.853  33.271  26.038 0.0000000000
102605  54.623  31.194  23.864 0.0000000000
144498  54.297  30.616  23.757 0.0000000000
101969  54.050  30.589  23.635 0.0000000000
101970  53.143  30.640  23.458 0.0000000000
101340  52.972  30.197  21.788 0.0000000000
101354  52.378  30.406  20.693 0.0000000000
100076  45.381  28.047  11.947 0.0000000000
99393  44.546  27.574  11.347 0.0000000000
98761  43.740  26.930  10.783 0.0000000000
135538  43.598  25.436  11.116 0.0000000000
125323  44.489  25.367  9.885 0.0000000000
97466  43.277  24.736  11.789 0.0000000000
96807  43.455  23.566  11.628 0.0000000000
96048  42.797  21.441  11.643 0.0000000000
93989  45.792  19.653  18.058 0.0000000000
94643  45.494  20.167  17.430 0.0000000000
93976  45.197  19.085  18.153 0.0000000000
97426  39.651  24.257  19.932 0.0000000000
99340  40.003  27.706  18.983 0.0000000000
98719  40.546  26.764  18.757 0.0000000000
140839  40.785  27.076  18.047 0.0000000000
134559  40.488  26.068  19.355 0.0000000000
96741  39.296  23.544  19.131 0.0000000000
96014  38.845  22.711  17.200 0.0000000000
95294  40.089  21.906  17.062 0.0000000000
105688  54.057  37.364  20.590 0.0000000000
106354  54.141  37.630  19.793 0.0000000000
105032  50.583  35.811  22.083 0.0000000000
130296  50.800  36.676  21.815 0.0000000000
100658  50.189  29.746  22.683 0.0000000000
122546  49.576  29.226  21.174 0.0000000000
100669  48.748  29.500  21.712 0.0000000000
140938  48.227  29.329  20.330 0.0000000000
143454  47.512  29.210  20.294 0.0000000000
99995  46.962  28.946  19.936 0.0000000000
100016  45.657  27.748  18.965 0.0000000000
98084  44.981  25.948  18.896 0.0000000000
97430  44.963  25.083  19.092 0.0000000000
108817  47.473  42.785  22.459 0.0000000000
145084  46.207  41.844  21.617 0.0000000000
108270  47.404  41.747  21.868 0.0000000000
108260  48.028  42.024  22.182 0.0000000000
146954  48.527  40.574  22.009 0.0000000000
106973  49.247  39.383  22.343 0.0000000000
105648  49.804  37.312  23.051 0.0000000000
104415  47.787  35.340  23.057 0.0000000000
105657  48.974  37.033  22.835 0.0000000000
105016  49.616  36.501  23.304 0.0000000000
104413  50.346  35.997  23.709 0.0000000000
103809  50.862  34.455  24.680 0.0000000000
103212  51.188  33.022  26.649 0.0000000000
103213  50.463  32.872  26.124 0.0000000000
102567  51.672  32.486  27.403 0.0000000000
101944  51.616  31.789  27.119 0.0000000000
122522  50.569  30.594  24.376 0.0000000000
96052  48.392  22.146  10.018 0.0000000000
95372  47.569  21.991  10.005 0.0000000000
95366  48.902  21.902  10.287 0.0000000000
95355  48.140  21.629  11.377 0.0000000000
122338  48.106  21.572  12.780 0.0000000000
95330  49.201  21.415  13.822 0.0000000000
95331  48.034  21.521  14.305 0.0000000000
95318  48.056  21.422  15.437 0.0000000000
95304  47.629  21.258  16.190 0.0000000000
94641  47.511  20.399  17.796 0.0000000000
94637  51.250  20.421  16.928 0.0000000000
93988  50.723  20.257  17.733 0.0000000000
94623  49.974  20.219  18.041 0.0000000000
93956  50.254  19.178  19.309 0.0000000000
93972  49.696  19.634  18.791 0.0000000000
94639  49.437  20.570  17.410 0.0000000000
94640  48.521  20.540  17.586 0.0000000000
94626  47.586  19.817  18.440 0.0000000000
126294  46.777  19.638  18.404 0.0000000000
93258  46.945  18.765  18.980 0.0000000000
102027  46.023  31.166  16.968 0.0000000000
102017  46.708  31.634  16.911 0.0000000000
102033  47.374  31.204  15.675 0.0000000000
101387  46.962  30.643  15.331 0.0000000000
100765  46.602  29.153  13.202 0.0000000000
102021  52.191  30.737  16.025 0.0000000000
102030  50.814  30.835  14.941 0.0000000000
102036  49.616  30.718  14.252 0.0000000000
100753  51.149  29.787  13.953 0.0000000000
101392  50.368  30.001  13.420 0.0000000000
101393  49.472  30.291  13.500 0.0000000000
100756  48.157  29.962  13.187 0.0000000000
100075  46.910  28.494  11.231 0.0000000000
99400  46.533  27.642  9.173 0.0000000000
99399  47.560  28.214  9.842 0.0000000000
98766  46.999  27.761  9.183 0.0000000000
98767  46.370  27.108  8.981 0.0000000000
98126  46.140  26.403  9.447 0.0000000000
97480  46.133  23.985  9.910 0.0000000000
132417  49.012  29.418  17.954 0.0000000000
100046  48.053  28.529  14.638 0.0000000000
99353  46.145  27.749  17.008 0.0000000000
99361  46.338  27.709  16.068 0.0000000000
129100  45.620  26.493  16.000 0.0000000000
99369  45.881  27.106  15.539 0.0000000000
100047  47.089  28.230  15.492 0.0000000000
100057  47.458  28.165  14.272 0.0000000000
99376  46.878  27.590  13.338 0.0000000000
98112  45.926  25.418  11.957 0.0000000000
97460  46.050  24.698  12.817 0.0000000000
97465  46.137  24.635  11.383 0.0000000000
97472  46.449  23.968  10.819 0.0000000000
96812  47.036  23.205  10.106 0.0000000000
96811  47.901  22.534  10.120 0.0000000000
96810  48.794  22.447  10.209 0.0000000000
95365  49.688  22.109  10.539 0.0000000000
96802  50.706  22.719  11.279 0.0000000000
95353  51.058  22.130  11.120 0.0000000000
95313  53.392  21.291  13.704 0.0000000000
96781  51.107  23.386  13.495 0.0000000000
96780  52.151  23.070  12.731 0.0000000000
96027  53.395  22.543  13.931 0.0000000000
96036  53.428  22.363  12.888 0.0000000000
95328  53.878  21.764  13.033 0.0000000000
94652  54.348  20.348  15.302 0.0000000000
93967  55.214  18.592  17.167 0.0000000000
93255  55.850  17.608  17.479 0.0000000000
108878  52.133  42.241  17.008 0.0000000000
108311  51.294  41.914  18.003 0.0000000000
108870  52.058  42.393  17.656 0.0000000000
108869  52.855  42.529  17.247 0.0000000000
140071  53.609  42.085  17.914 0.0000000000
107689  53.834  41.142  18.330 0.0000000000
133041  54.272  40.249  18.740 0.0000000000
109923  51.345  45.008  22.937 0.0000000000
109368  51.882  44.549  23.332 0.0000000000
106313  50.978  38.614  23.022 0.0000000000
144091  51.478  39.236  23.108 0.0000000000
109356  52.223  44.093  23.972 0.0000000000
109386  52.395  43.996  23.029 0.0000000000
108830  52.675  43.264  22.499 0.0000000000
108269  52.915  42.462  22.068 0.0000000000
108283  53.285  41.543  21.636 0.0000000000
107667  53.866  40.971  22.483 0.0000000000
107680  53.754  40.654  21.142 0.0000000000
134583  53.898  40.454  20.160 0.0000000000
107684  54.551  39.803  19.591 0.0000000000
106353  55.581  38.440  20.432 0.0000000000
105671  55.999  36.620  20.809 0.0000000000
105027  55.871  36.345  21.767 0.0000000000
105050  55.757  36.430  21.240 0.0000000000
105029  54.197  35.937  22.311 0.0000000000
104435  52.084  35.377  22.637 0.0000000000
103806  55.860  34.211  24.892 0.0000000000
103825  54.773  34.073  24.039 0.0000000000
103238  52.200  32.713  23.360 0.0000000000
103847  52.917  34.779  23.138 0.0000000000
103848  51.680  34.512  22.864 0.0000000000
103849  50.719  34.380  22.561 0.0000000000
102634  49.241  32.299  19.871 0.0000000000
102635  48.382  32.570  19.605 0.0000000000
102643  48.000  32.308  18.778 0.0000000000
100723  45.240  29.895  16.971 0.0000000000
100749  44.992  28.875  15.722 0.0000000000
100038  44.161  28.481  16.011 0.0000000000
100039  43.248  28.193  16.236 0.0000000000
100051  42.742  27.829  15.684 0.0000000000
126106  42.301  27.330  15.892 0.0000000000
99386  44.148  27.719  12.750 0.0000000000
136034  43.474  27.442  13.415 0.0000000000
98742  42.800  26.887  14.512 0.0000000000
96766  41.254  23.931  15.846 0.0000000000
96030  40.513  23.175  15.695 0.0000000000
95368  46.723  21.769  10.441 0.0000000000
95374  46.077  21.907  9.928 0.0000000000
143031  45.365  21.718  10.666 0.0000000000
95356  46.180  21.605  12.504 0.0000000000
95357  45.011  21.512  12.104 0.0000000000
95369  44.105  21.564  11.391 0.0000000000
95359  43.105  20.813  11.634 0.0000000000
94698  42.551  20.550  12.096 0.0000000000
94660  45.167  20.512  16.703 0.0000000000
94674  44.838  20.799  15.926 0.0000000000
95321  44.484  20.963  15.107 0.0000000000
94662  43.566  19.885  15.698 0.0000000000
94684  43.789  20.617  14.786 0.0000000000
94691  42.625  20.312  12.745 0.0000000000
95349  42.339  20.562  12.239 0.0000000000
94693  41.990  20.451  12.932 0.0000000000
94687  41.783  20.452  13.942 0.0000000000
90765  53.950  15.181  20.487 0.0000000000
89986  53.239  14.460  20.254 0.0000000000
92462  50.425  17.513  20.372 0.0000000000
93959  47.694  18.967  19.151 0.0000000000
94625  48.137  20.112  18.243 0.0000000000
94636  52.316  20.182  17.012 0.0000000000
94638  50.310  20.521  17.160 0.0000000000
94675  43.972  20.539  15.581 0.0000000000
94681  55.236  20.932  13.959 0.0000000000
94682  55.000  21.076  13.696 0.0000000000
95305  46.689  21.210  16.206 0.0000000000
95340  53.915  22.000  12.933 0.0000000000
95352  51.662  22.410  11.679 0.0000000000
95360  42.723  20.798  11.754 0.0000000000
95373  46.916  22.068  9.962 0.0000000000
96034  54.816  21.718  13.954 0.0000000000
96046  51.095  22.398  11.270 0.0000000000
96047  50.529  22.205  10.874 0.0000000000
96054  44.331  22.269  10.620 0.0000000000
96058  47.486  22.301  9.916 0.0000000000
96061  45.147  22.466  9.923 0.0000000000
96762  49.210  23.268  16.474 0.0000000000
96785  46.959  23.831  14.079 0.0000000000
96791  52.116  22.830  12.003 0.0000000000
97481  45.714  25.306  9.805 0.0000000000
98132  45.592  26.445  9.325 0.0000000000
98768  45.083  26.599  9.306 0.0000000000
99401  45.126  27.530  9.844 0.0000000000
99402  44.080  27.220  10.593 0.0000000000
99407  46.355  27.368  8.976 0.0000000000
100045  49.346  28.820  13.480 0.0000000000
100065  48.928  28.782  11.902 0.0000000000
100073  48.494  28.755  11.520 0.0000000000
100083  47.606  28.325  10.109 0.0000000000
100677  54.636  30.364  19.674 0.0000000000
100704  54.465  29.957  18.087 0.0000000000
100705  54.308  29.374  18.400 0.0000000000
100730  54.475  29.891  16.863 0.0000000000
100732  53.354  29.392  15.348 0.0000000000
100742  53.457  29.657  15.339 0.0000000000
100752  52.158  29.716  14.564 0.0000000000
101309  53.964  30.662  24.082 0.0000000000
101312  49.937  30.807  25.629 0.0000000000
101332  52.825  30.442  22.810 0.0000000000
101333  51.597  30.050  22.730 0.0000000000
101361  54.912  30.080  19.433 0.0000000000
101369  54.498  30.040  17.075 0.0000000000
101384  50.625  30.372  14.167 0.0000000000
101932  49.888  31.475  27.279 0.0000000000
101976  52.987  30.512  22.858 0.0000000000
101977  51.956  31.474  22.674 0.0000000000
102568  50.754  32.310  27.227 0.0000000000
102570  48.215  31.604  27.661 0.0000000000
102575  55.416  32.455  25.266 0.0000000000
102577  55.042  32.108  25.927 0.0000000000
103202  55.281  33.167  27.030 0.0000000000
103209  55.670  32.940  26.443 0.0000000000
103215  55.724  33.306  25.472 0.0000000000
103797  55.230  34.276  26.624 0.0000000000
103824  55.577  34.435  24.326 0.0000000000
105007  55.795  36.250  24.091 0.0000000000
105010  52.232  36.471  24.207 0.0000000000
105687  55.227  36.853  19.905 0.0000000000
106322  55.675  37.356  22.286 0.0000000000
106325  49.280  38.509  22.496 0.0000000000
106326  48.661  38.837  22.280 0.0000000000
106961  53.143  39.700  23.761 0.0000000000
106971  50.916  39.572  22.767 0.0000000000
106987  54.887  39.193  21.045 0.0000000000
106993  55.789  38.174  19.740 0.0000000000
107668  48.183  41.144  21.936 0.0000000000
108255  53.146  42.613  23.666 0.0000000000
108271  46.690  41.419  21.632 0.0000000000
108313  49.299  41.471  17.709 0.0000000000
108818  45.987  43.281  22.559 0.0000000000
108839  51.798  43.251  20.639 0.0000000000
108851  49.359  42.221  20.012 0.0000000000
108861  52.629  42.543  17.977 0.0000000000
108862  51.966  42.515  18.518 0.0000000000
109387  51.764  44.357  22.306 0.0000000000
109913  51.365  44.906  24.011 0.0000000000
109936  50.754  45.002  22.560 0.0000000000
109937  50.074  45.124  22.717 0.0000000000
121997  49.155  23.483  14.535 0.0000000000
123115  49.901  29.393  21.947 0.0000000000
123438  45.184  25.941  18.147 0.0000000000
123879  48.527  29.329  20.968 0.0000000000
125272  49.942  31.547  16.619 0.0000000000
125678  43.939  25.676  10.269 0.0000000000
127061  51.675  41.810  16.371 0.0000000000
127334  49.081  40.963  22.211 0.0000000000
129983  48.815  40.114  22.109 0.0000000000
133050  51.192  21.268  14.529 0.0000000000
134138  50.010  29.388  16.214 0.0000000000
135636  52.436  32.690  27.428 0.0000000000
137517  43.760  27.359  12.407 0.0000000000
137603  51.487  41.582  14.530 0.0000000000
138599  55.352  37.045  24.126 0.0000000000
138893  48.119  34.713  23.424 0.0000000000
138963  48.909  19.405  18.984 0.0000000000
142230  55.737  32.830  25.864 0.0000000000
142336  54.109  30.153  20.785 0.0000000000
143870  55.834  33.677  26.010 0.0000000000
143925  53.649  35.935  25.135 0.0000000000
143997  48.901  18.475  19.704 0.0000000000
144301  48.761  37.541  22.589 0.0000000000
144352  55.953  34.565  24.853 0.0000000000
144579  51.600  42.288  19.102 0.0000000000
145088  48.304  35.719  23.093 0.0000000000
147201  44.942  26.889  9.336 0.0000000000
