#!ascii label  , from subject sub-v2s18x29515_ses-1 vox2ras=TkReg
1597
31815  23.057  -45.118  -5.992 0.8999999762
31838  22.817  -45.876  -6.187 0.8000000119
31837  23.438  -45.460  -6.698 0.8000000119
30027  22.562  -47.485  -6.925 0.6999999881
30037  22.640  -47.315  -7.725 0.8000000119
31817  21.804  -45.409  -5.530 0.8999999762
32789  23.635  -44.611  -6.429 1.0000000000
32804  24.014  -44.794  -7.137 1.0000000000
31849  23.714  -45.399  -7.567 0.8999999762
30926  22.975  -46.741  -7.132 0.8000000119
130357  22.701  -46.815  -8.588 0.8000000119
30936  23.127  -46.491  -7.906 0.8999999762
30052  22.298  -47.545  -8.559 0.8000000119
30065  22.191  -47.093  -9.381 0.6999999881
29178  21.645  -48.323  -9.482 0.6999999881
32771  21.634  -44.464  -5.463 0.8000000119
32770  22.455  -44.778  -5.643 0.8999999762
33840  22.369  -43.770  -5.555 0.8999999762
33841  21.306  -43.571  -5.464 0.8999999762
35020  20.001  -42.993  -5.820 0.8999999762
32788  24.263  -44.094  -6.767 1.0000000000
32813  24.157  -44.828  -7.968 0.8999999762
32812  24.482  -44.215  -8.397 1.0000000000
122732  24.077  -44.788  -8.800 0.8999999762
31857  23.233  -46.040  -8.736 0.8999999762
30946  22.689  -46.436  -9.284 0.8000000119
30066  21.759  -47.606  -9.700 0.6999999881
35016  23.629  -42.767  -5.731 0.8999999762
35017  22.780  -42.884  -5.588 0.8999999762
132864  21.865  -42.856  -5.534 0.8999999762
35019  20.864  -42.652  -5.672 0.8999999762
33839  23.282  -43.473  -5.775 0.8999999762
33858  24.356  -43.352  -6.444 0.8999999762
32803  24.496  -44.200  -7.528 1.0000000000
31866  23.557  -45.297  -9.230 0.8000000119
141480  22.923  -45.797  -9.650 0.8000000119
30947  22.252  -46.335  -9.977 0.8000000119
30953  21.647  -46.140  -10.701 0.8000000119
30086  21.371  -47.530  -10.842 0.8000000119
31885  21.065  -45.852  -11.351 0.8000000119
133708  22.318  -42.266  -5.578 0.8999999762
35042  20.203  -42.106  -6.259 0.8999999762
131316  19.643  -41.702  -6.644 0.8999999762
146600  23.982  -42.200  -5.643 0.8999999762
36119  20.892  -40.822  -6.193 0.8999999762
36137  20.143  -41.066  -6.568 0.8000000119
36139  18.942  -41.861  -6.905 0.8000000119
35015  24.385  -42.604  -6.007 0.8999999762
37214  20.319  -40.164  -6.475 0.6999999881
36138  19.321  -40.911  -6.958 0.6999999881
127693  18.297  -40.369  -7.649 0.6999999881
35041  24.841  -42.755  -6.658 0.8999999762
37231  18.774  -39.970  -7.296 0.6999999881
37232  17.982  -39.460  -7.784 0.6999999881
35040  25.319  -42.174  -6.958 1.0000000000
38243  18.346  -39.351  -7.270 0.6000000238
35058  25.108  -42.860  -7.460 1.0000000000
35057  25.423  -42.196  -7.871 1.0000000000
35074  25.147  -42.833  -8.436 1.0000000000
33897  24.669  -43.528  -9.026 1.0000000000
32825  23.828  -44.591  -9.549 0.8999999762
33906  24.396  -43.139  -9.989 0.8999999762
33898  24.093  -43.873  -9.729 0.8000000119
32826  23.231  -45.036  -10.046 0.8000000119
31872  22.337  -45.464  -10.500 0.8000000119
32850  22.288  -43.993  -11.330 0.8000000119
31873  21.608  -45.475  -11.117 0.8000000119
124959  21.309  -44.089  -11.662 0.8000000119
33920  21.671  -43.315  -11.728 0.8000000119
32851  20.966  -44.945  -11.616 0.8000000119
36117  23.140  -42.089  -5.556 0.8999999762
35018  21.577  -42.033  -5.703 0.8999999762
128600  23.057  -41.380  -5.372 0.8999999762
36118  22.215  -41.501  -5.562 0.8999999762
141400  21.400  -41.330  -5.832 0.8999999762
141784  24.533  -41.744  -5.716 0.8999999762
37215  19.548  -40.112  -6.806 0.6999999881
36136  25.008  -41.990  -6.219 0.8999999762
38222  19.728  -39.508  -6.478 0.6000000238
38242  19.044  -39.563  -6.929 0.6000000238
36135  25.508  -41.349  -6.575 1.0000000000
38205  18.558  -39.283  -5.855 0.5000000000
38187  18.412  -39.087  -5.067 0.5000000000
36170  25.587  -41.435  -8.245 1.0000000000
35073  25.358  -42.038  -8.853 1.0000000000
36180  25.116  -41.772  -9.782 1.0000000000
35081  24.926  -42.616  -9.445 1.0000000000
139894  23.970  -42.850  -10.576 0.8999999762
33908  23.097  -43.777  -10.909 0.8000000119
35093  23.718  -42.310  -11.051 0.8999999762
33918  23.369  -43.023  -10.987 0.8000000119
35102  22.896  -42.443  -11.464 0.8000000119
36200  23.183  -41.664  -11.495 0.8999999762
35103  22.003  -42.556  -11.806 0.8000000119
33921  20.720  -43.350  -12.118 0.8000000119
128530  20.394  -41.774  -12.516 0.8000000119
35105  20.123  -42.649  -12.519 0.8000000119
37198  21.600  -40.718  -5.762 0.8999999762
36116  23.854  -41.544  -5.428 0.8999999762
37195  24.509  -40.836  -5.275 0.8999999762
38220  21.040  -40.061  -6.097 0.6999999881
38221  20.492  -39.581  -6.253 0.8000000119
36115  25.149  -41.197  -5.784 0.8999999762
39290  20.283  -39.083  -6.060 0.6999999881
38203  19.646  -39.113  -6.124 0.6000000238
38204  19.214  -38.981  -5.719 0.6000000238
39273  19.835  -38.658  -5.465 0.6999999881
39274  18.940  -38.629  -4.909 0.5000000000
36154  25.766  -40.961  -7.512 1.0000000000
134838  18.707  -38.131  -4.531 0.5000000000
39253  18.075  -38.499  -4.577 0.5000000000
37252  25.721  -40.475  -8.584 1.0000000000
36179  25.429  -41.214  -9.199 1.0000000000
37253  25.398  -40.439  -9.629 1.0000000000
35092  24.509  -42.248  -10.428 0.8999999762
38260  25.643  -39.672  -9.314 1.0000000000
38261  25.184  -39.724  -10.144 0.8999999762
36190  24.758  -41.305  -10.510 0.8999999762
36191  24.077  -41.513  -11.099 0.8999999762
37265  24.322  -40.627  -11.064 0.8999999762
126434  23.403  -40.788  -11.507 0.8999999762
37275  22.441  -41.026  -11.893 0.8999999762
36201  22.247  -41.809  -11.861 0.8999999762
37274  23.682  -39.826  -11.447 0.8999999762
130490  22.559  -40.100  -12.080 0.8999999762
36202  21.344  -41.209  -12.250 0.8999999762
37196  23.474  -40.847  -5.097 0.8999999762
37197  22.480  -40.754  -5.392 0.8999999762
38201  21.842  -39.978  -5.610 0.8999999762
124945  22.795  -40.066  -5.048 0.8999999762
39270  22.157  -39.161  -5.252 1.0000000000
38202  21.153  -39.259  -5.860 0.8000000119
38200  23.891  -40.105  -4.797 0.8999999762
37230  25.826  -40.608  -6.774 0.8999999762
37194  25.218  -40.465  -5.451 0.8999999762
39272  20.697  -38.621  -5.587 0.6999999881
39251  20.274  -38.172  -4.996 0.6999999881
39252  19.447  -38.169  -4.743 0.5000000000
129512  18.059  -37.566  -4.275 0.5000000000
37243  25.950  -40.106  -7.574 1.0000000000
38252  25.944  -39.526  -8.421 1.0000000000
39310  26.078  -38.798  -8.279 1.0000000000
39318  25.879  -38.892  -9.060 1.0000000000
135906  25.437  -38.950  -9.850 1.0000000000
135394  25.636  -38.183  -9.525 1.0000000000
133765  26.012  -38.155  -8.690 1.0000000000
38270  24.185  -39.218  -11.174 0.8999999762
38277  23.680  -39.024  -11.544 0.8999999762
123782  22.637  -39.952  -14.471 0.6999999881
133024  22.337  -39.206  -14.573 0.8000000119
135433  21.428  -39.133  -14.494 0.8000000119
39373  20.509  -38.671  -14.209 0.8000000119
38199  24.927  -39.857  -4.894 0.8999999762
38185  24.157  -39.305  -4.516 1.0000000000
38186  23.169  -39.365  -4.697 1.0000000000
142772  22.701  -38.709  -4.775 1.0000000000
39250  22.116  -38.301  -5.049 0.6999999881
39271  21.455  -38.569  -5.390 0.6999999881
37213  25.649  -40.599  -5.993 0.8999999762
38198  25.710  -39.797  -5.481 0.8999999762
40316  20.737  -37.624  -4.841 0.6999999881
40318  19.011  -37.528  -4.385 0.6000000238
38241  26.125  -39.236  -7.507 1.0000000000
38219  26.034  -39.860  -6.504 0.8999999762
144730  26.085  -39.421  -5.934 0.8999999762
41426  17.638  -36.579  -4.261 0.4000000060
39319  25.128  -38.188  -10.224 1.0000000000
40383  25.315  -37.430  -9.920 1.0000000000
39345  19.920  -38.589  -12.998 0.8999999762
38295  23.757  -39.238  -13.951 0.6000000238
38305  23.101  -39.296  -14.477 0.6000000238
39371  22.732  -38.692  -14.552 0.8000000119
39372  21.802  -38.386  -14.638 0.8000000119
38308  19.903  -39.499  -13.614 0.8999999762
38297  19.815  -39.463  -13.162 0.8999999762
38183  25.517  -39.124  -4.840 0.8999999762
38184  24.923  -39.097  -4.526 0.8999999762
40315  22.113  -37.529  -4.835 0.8000000119
40332  21.489  -37.881  -5.027 0.6999999881
41425  19.442  -36.798  -4.332 0.6000000238
42502  18.322  -35.728  -4.398 0.4000000060
123938  26.198  -38.976  -6.540 1.0000000000
39303  26.254  -38.192  -7.539 1.0000000000
40375  26.033  -37.393  -8.326 1.0000000000
41492  25.710  -36.681  -8.774 1.0000000000
41503  25.365  -36.677  -9.518 1.0000000000
42573  24.991  -35.826  -9.683 1.0000000000
39335  20.276  -38.292  -12.652 0.8999999762
40410  20.270  -37.280  -12.387 0.8999999762
40469  19.843  -37.180  -13.465 0.8999999762
40447  19.783  -37.856  -13.218 0.8999999762
38294  25.513  -39.163  -13.356 0.6000000238
144629  24.624  -39.170  -13.515 0.6000000238
39370  23.350  -38.606  -14.309 0.8000000119
40466  21.979  -37.502  -14.611 0.8000000119
40468  20.083  -37.873  -13.903 0.8999999762
39248  24.361  -38.526  -4.265 0.8999999762
39249  23.438  -38.639  -4.424 0.8999999762
134673  22.756  -38.053  -4.584 0.6999999881
40312  24.705  -37.734  -4.007 0.8999999762
40313  23.575  -37.737  -4.152 0.8999999762
136076  21.394  -37.114  -4.757 0.6000000238
39289  26.052  -38.894  -5.511 1.0000000000
40331  26.120  -37.691  -4.824 1.0000000000
39269  25.843  -38.334  -4.817 1.0000000000
41423  21.302  -36.248  -4.575 0.6000000238
41424  20.446  -36.754  -4.509 0.6000000238
134542  19.791  -35.986  -4.277 0.5000000000
39288  26.328  -38.203  -6.304 1.0000000000
40346  26.465  -37.542  -6.018 1.0000000000
40363  26.410  -37.455  -6.842 1.0000000000
40364  26.253  -37.281  -7.613 1.0000000000
41474  26.048  -36.655  -8.036 1.0000000000
132612  25.746  -35.971  -8.471 1.0000000000
136186  25.425  -36.079  -9.101 1.0000000000
42572  25.432  -35.285  -9.014 1.0000000000
42588  24.289  -35.941  -10.365 1.0000000000
133759  23.822  -36.345  -10.823 1.0000000000
41522  23.772  -36.946  -11.152 1.0000000000
42599  23.224  -36.346  -11.156 1.0000000000
41542  22.435  -36.601  -11.598 0.8999999762
41541  23.209  -37.003  -11.478 0.8999999762
131681  20.754  -37.639  -12.269 0.8999999762
40427  19.949  -37.651  -12.801 0.8999999762
41582  20.441  -37.103  -14.107 0.8999999762
39355  26.860  -37.938  -13.584 0.6000000238
39357  26.022  -38.408  -13.312 0.6000000238
39358  24.985  -38.436  -13.361 0.6000000238
39369  24.070  -38.478  -13.793 0.6000000238
132596  22.665  -37.249  -14.369 0.8000000119
41581  21.401  -36.956  -14.403 0.8000000119
41421  23.090  -36.744  -4.264 0.6999999881
41422  22.170  -36.643  -4.630 0.6000000238
40310  26.158  -37.145  -4.581 0.8999999762
143540  21.187  -35.490  -4.436 0.6000000238
42499  20.563  -35.739  -4.411 0.5000000000
40330  26.222  -37.996  -5.423 1.0000000000
137218  26.678  -36.355  -5.452 0.8999999762
41473  26.396  -36.679  -7.252 1.0000000000
42538  26.238  -35.939  -7.745 1.0000000000
42555  25.991  -35.208  -8.261 1.0000000000
43580  25.783  -34.474  -8.707 1.0000000000
43586  25.282  -34.452  -9.248 1.0000000000
136548  24.956  -35.019  -9.472 1.0000000000
134261  24.418  -35.118  -9.855 1.0000000000
42589  23.451  -35.696  -10.727 1.0000000000
42590  22.565  -35.611  -11.080 1.0000000000
41523  20.853  -36.024  -11.633 0.8999999762
121749  20.794  -36.906  -11.952 0.8999999762
40428  19.812  -36.827  -12.578 0.8999999762
136759  19.514  -35.904  -13.203 0.8999999762
40443  26.948  -37.020  -13.564 0.6000000238
40444  26.130  -37.415  -13.316 0.6000000238
40446  24.441  -37.605  -13.587 0.6000000238
135123  23.763  -37.046  -13.934 0.6999999881
41579  23.147  -36.656  -14.162 0.6999999881
41580  22.302  -36.799  -14.346 0.6999999881
41567  20.845  -36.338  -14.056 0.8000000119
42621  20.263  -35.598  -13.527 0.8999999762
40463  27.516  -37.515  -14.020 0.6000000238
124688  22.700  -36.075  -14.072 0.6999999881
42637  21.824  -36.223  -14.151 0.8000000119
42620  21.308  -35.670  -13.846 0.8999999762
121736  22.639  -35.900  -4.323 0.6999999881
125669  21.866  -35.732  -4.493 0.6000000238
41419  25.858  -36.691  -4.101 0.8999999762
40299  25.122  -36.917  -3.749 0.8000000119
135555  24.562  -36.134  -3.595 0.6999999881
135829  26.456  -37.163  -5.277 0.8999999762
41456  26.613  -36.732  -6.258 1.0000000000
42515  26.819  -35.666  -5.199 0.8000000119
130112  26.901  -35.071  -6.585 0.8999999762
42528  26.831  -35.797  -6.015 0.8000000119
42537  26.626  -35.913  -6.903 1.0000000000
42554  26.531  -35.140  -7.478 1.0000000000
43579  26.338  -34.423  -8.067 1.0000000000
131050  26.180  -33.864  -8.552 1.0000000000
134619  25.080  -33.866  -9.493 1.0000000000
43594  24.068  -34.423  -10.102 1.0000000000
124504  23.751  -35.107  -10.337 1.0000000000
131911  23.037  -35.109  -10.605 1.0000000000
42591  21.603  -35.173  -11.273 0.8999999762
42592  20.513  -35.204  -11.546 0.8999999762
41524  19.904  -35.781  -11.852 0.8999999762
42609  19.205  -34.918  -12.605 0.8999999762
41566  25.242  -36.977  -13.348 0.6000000238
145566  23.386  -35.925  -13.965 0.6999999881
41577  27.961  -36.061  -14.420 0.6000000238
141064  27.555  -36.765  -13.983 0.6000000238
132500  23.153  -35.376  -13.947 0.6999999881
42619  22.254  -35.351  -13.878 0.6999999881
41407  23.516  -36.026  -3.937 0.6999999881
42498  22.267  -35.077  -4.331 0.6000000238
41406  25.479  -36.091  -3.660 0.8000000119
42487  23.944  -35.282  -3.675 0.6999999881
42497  23.063  -35.184  -4.109 0.6999999881
42496  26.590  -35.480  -4.536 0.6999999881
41405  26.160  -35.894  -4.015 0.8000000119
43538  27.227  -34.280  -5.443 0.6999999881
43559  27.045  -35.014  -5.723 0.6999999881
44625  27.389  -33.526  -6.790 0.8000000119
44640  27.164  -33.420  -7.522 0.8000000119
44641  26.671  -33.654  -8.035 0.8000000119
44652  27.147  -32.943  -8.098 0.8000000119
44653  26.440  -33.104  -8.737 0.8999999762
44654  25.717  -33.692  -9.117 1.0000000000
44664  24.492  -33.639  -9.962 1.0000000000
43595  23.289  -34.440  -10.604 1.0000000000
44674  22.625  -33.907  -11.133 1.0000000000
44672  23.836  -33.876  -10.459 1.0000000000
43596  22.473  -34.781  -10.887 1.0000000000
43597  21.892  -34.397  -11.153 1.0000000000
135765  21.004  -34.353  -11.392 0.8999999762
43598  20.251  -33.944  -11.554 0.8999999762
42593  19.738  -35.173  -11.792 0.8999999762
128015  19.424  -34.753  -12.010 0.8999999762
41564  27.152  -36.178  -13.831 0.6000000238
41565  26.139  -36.357  -13.575 0.6000000238
41578  25.019  -36.145  -13.726 0.6000000238
42636  24.681  -35.375  -14.185 0.6999999881
42622  19.392  -35.065  -13.111 0.8999999762
137608  20.027  -34.747  -13.348 0.8999999762
43646  23.574  -34.683  -14.076 0.6999999881
138720  22.926  -34.798  -13.858 0.6999999881
43632  21.244  -34.817  -13.533 0.8999999762
133926  20.583  -34.036  -13.315 0.8999999762
43509  25.285  -34.538  -3.541 0.6999999881
42486  24.949  -35.347  -3.479 0.6000000238
43511  23.472  -34.454  -3.872 0.6000000238
43521  22.664  -34.382  -4.218 0.6000000238
43520  26.663  -34.744  -4.430 0.6999999881
43519  27.006  -34.198  -4.805 0.6999999881
44610  27.475  -33.576  -5.901 0.6999999881
45777  27.626  -32.755  -7.354 0.8000000119
45790  26.972  -32.301  -8.594 0.8000000119
45796  26.306  -32.282  -9.201 0.8000000119
44663  25.248  -33.189  -9.644 1.0000000000
44662  25.884  -32.919  -9.324 0.8000000119
45807  23.965  -33.053  -10.778 1.0000000000
44673  23.398  -33.692  -10.929 1.0000000000
45809  22.336  -32.942  -11.413 1.0000000000
45808  23.561  -32.192  -11.147 1.0000000000
124272  23.176  -33.042  -11.273 1.0000000000
44675  21.681  -33.667  -11.311 1.0000000000
45810  21.331  -32.740  -11.463 1.0000000000
44676  20.756  -33.442  -11.457 1.0000000000
43599  19.645  -34.013  -11.828 0.8999999762
42635  25.619  -35.422  -14.123 0.6000000238
43608  19.351  -34.144  -12.239 0.8999999762
147128  27.361  -35.441  -14.278 0.6000000238
42634  26.578  -35.394  -14.109 0.6000000238
43644  25.199  -34.733  -14.286 0.6999999881
44717  19.558  -33.437  -12.998 0.8999999762
43629  24.743  -34.104  -14.104 0.6999999881
44713  23.134  -33.404  -13.779 0.6999999881
146735  21.870  -33.189  -13.596 0.8999999762
45715  23.736  -32.948  -3.724 0.5000000000
43508  26.133  -34.436  -3.853 0.6000000238
45713  25.135  -32.638  -3.506 0.5000000000
44597  26.912  -33.477  -4.512 0.6999999881
44572  26.332  -33.491  -3.939 0.6999999881
45734  27.332  -32.824  -4.763 0.6999999881
45749  27.670  -32.837  -5.478 0.6999999881
45762  28.072  -32.122  -6.812 0.6999999881
45776  27.940  -32.020  -7.502 0.6999999881
45789  27.616  -32.250  -8.063 0.8000000119
46972  27.464  -31.624  -8.480 0.8000000119
47985  27.267  -30.901  -8.837 0.8000000119
46984  26.751  -31.532  -9.004 0.8000000119
47998  26.456  -30.609  -9.349 0.8000000119
46985  26.014  -31.465  -9.550 0.8000000119
46986  25.312  -31.381  -10.121 0.8999999762
133205  24.935  -31.951  -10.339 1.0000000000
47999  25.621  -30.654  -9.834 0.8000000119
48000  24.924  -30.626  -10.284 0.8999999762
45799  24.300  -32.088  -10.685 1.0000000000
47000  22.990  -31.356  -11.367 1.0000000000
134148  22.846  -32.294  -11.382 1.0000000000
45811  20.281  -32.571  -11.556 1.0000000000
44677  19.875  -33.306  -11.645 0.8999999762
44685  19.469  -33.338  -11.939 0.8999999762
44696  19.389  -33.427  -12.419 0.8999999762
47015  19.532  -31.804  -11.973 0.8999999762
126660  19.589  -32.123  -13.036 0.8999999762
43642  27.110  -34.818  -14.291 0.6000000238
43643  26.097  -34.781  -14.208 0.6000000238
44712  23.838  -33.940  -14.052 0.6999999881
131522  22.419  -32.778  -13.618 0.8000000119
134862  20.420  -32.592  -13.464 0.8999999762
123403  28.001  -34.692  -14.464 0.6000000238
139750  24.365  -33.435  -13.650 0.6999999881
146024  23.669  -33.276  -13.719 0.6999999881
130068  21.430  -32.584  -13.573 0.8000000119
131440  19.909  -31.956  -13.371 0.8999999762
131548  23.223  -32.740  -13.588 0.6999999881
127326  20.790  -31.894  -13.576 0.8999999762
44573  25.493  -33.563  -3.560 0.5000000000
45714  24.332  -32.528  -3.593 0.5000000000
45735  26.718  -32.745  -4.175 0.6999999881
46910  25.587  -31.952  -3.599 0.5000000000
45748  28.112  -32.076  -5.856 0.6999999881
46935  27.774  -32.170  -5.003 0.6999999881
46947  28.437  -31.556  -6.472 0.6999999881
47970  28.874  -30.691  -7.536 0.6999999881
46971  28.020  -31.589  -7.952 0.6999999881
141960  27.784  -30.469  -8.675 0.8000000119
47997  27.245  -30.127  -9.084 0.8000000119
48001  24.222  -30.614  -10.638 0.8999999762
46999  23.876  -31.332  -10.924 1.0000000000
133414  22.167  -31.016  -11.486 1.0000000000
47001  22.026  -31.898  -11.482 1.0000000000
143800  25.808  -30.007  -9.673 0.8000000119
48948  25.178  -29.945  -10.026 0.8000000119
48010  23.505  -30.545  -11.051 0.8999999762
127784  21.452  -31.173  -11.526 1.0000000000
48011  22.651  -30.380  -11.386 0.8999999762
48013  20.558  -30.846  -11.618 1.0000000000
47003  19.861  -31.536  -11.730 1.0000000000
130386  19.626  -30.934  -11.986 1.0000000000
47045  19.518  -31.338  -13.014 0.8999999762
43628  25.641  -34.223  -13.965 0.6999999881
127676  19.392  -30.458  -12.603 0.8999999762
43627  26.553  -34.313  -13.922 0.6000000238
44710  26.144  -33.714  -13.338 0.6000000238
125055  20.085  -31.126  -13.456 0.8999999762
44695  25.780  -33.084  -12.825 0.6999999881
45855  23.970  -32.779  -13.383 0.6999999881
45856  23.541  -32.130  -13.175 0.6999999881
45858  21.833  -31.958  -13.558 0.6999999881
47044  21.256  -31.195  -13.523 0.8000000119
45857  22.738  -32.054  -13.412 0.6999999881
48048  20.757  -30.549  -13.462 0.8000000119
48049  19.913  -30.224  -13.371 0.8999999762
47043  22.270  -31.251  -13.310 0.6999999881
46920  26.497  -31.910  -3.914 0.5000000000
46919  27.597  -31.444  -4.614 0.6999999881
145246  27.072  -31.627  -4.253 0.5000000000
46934  28.452  -31.264  -5.803 0.6999999881
47960  28.897  -30.840  -6.592 0.6999999881
47941  28.616  -30.454  -5.656 0.6999999881
47959  29.208  -30.088  -7.146 0.6999999881
48917  29.064  -30.072  -7.861 0.6999999881
46970  28.421  -31.056  -7.903 0.6999999881
48933  28.738  -29.508  -8.363 0.6999999881
47983  28.494  -30.412  -8.261 0.6999999881
48934  28.001  -29.857  -8.783 0.8000000119
48947  27.447  -29.351  -9.176 0.8000000119
143184  26.474  -29.554  -9.470 0.8000000119
140567  25.508  -29.353  -9.819 0.8000000119
49994  26.950  -28.701  -9.494 0.8000000119
49995  25.976  -28.713  -9.740 0.8000000119
129631  24.471  -29.926  -10.381 0.8000000119
48964  23.213  -29.738  -11.011 0.8999999762
48965  22.205  -29.434  -11.335 0.8999999762
48012  21.551  -30.327  -11.521 1.0000000000
51024  25.590  -27.986  -10.043 0.8000000119
49997  24.305  -28.575  -10.317 0.8000000119
48014  19.635  -30.255  -11.811 1.0000000000
128853  20.414  -29.971  -11.564 1.0000000000
44709  27.042  -33.793  -13.310 0.6000000238
130404  19.295  -29.687  -11.986 1.0000000000
45854  24.853  -32.861  -13.038 0.6999999881
45839  24.316  -32.217  -12.895 0.6999999881
48050  19.433  -29.896  -12.865 0.8999999762
127405  19.260  -29.713  -12.274 1.0000000000
47030  23.993  -31.508  -12.689 0.6999999881
48046  22.782  -30.496  -12.780 0.8000000119
48047  21.749  -30.348  -13.213 0.8000000119
48906  29.071  -29.932  -6.215 0.6999999881
48888  29.165  -29.122  -5.855 0.6999999881
126432  29.324  -29.303  -6.721 0.6999999881
48932  29.234  -29.407  -7.636 0.6999999881
49979  29.137  -28.734  -8.110 0.6999999881
130239  28.133  -29.212  -8.875 0.6999999881
51008  28.966  -27.986  -8.434 0.6999999881
49981  27.821  -28.645  -9.188 0.8000000119
51023  26.505  -27.982  -9.780 0.8000000119
52108  26.989  -27.253  -9.801 0.8000000119
51033  26.102  -27.272  -10.078 0.8000000119
49998  23.501  -28.418  -10.552 0.8999999762
48951  22.991  -28.916  -10.868 0.8999999762
51026  23.892  -27.814  -10.400 0.8000000119
139450  22.815  -28.240  -10.762 0.8999999762
129138  21.295  -28.776  -11.331 0.8999999762
44694  26.715  -33.171  -12.696 0.6000000238
50000  22.244  -27.689  -10.798 0.8999999762
50008  21.388  -27.866  -11.120 0.8999999762
144328  19.742  -29.685  -11.667 1.0000000000
44693  27.626  -33.274  -12.702 0.6000000238
136176  19.221  -28.991  -12.053 0.8999999762
48035  24.608  -30.849  -12.355 0.6999999881
50026  19.410  -28.365  -12.421 0.8999999762
49000  20.875  -29.738  -13.332 0.8999999762
50039  19.967  -28.534  -13.246 0.8000000119
49952  29.382  -28.582  -6.287 0.6999999881
49965  29.417  -28.570  -7.253 0.6999999881
146999  29.368  -28.088  -7.878 0.6999999881
51009  28.250  -27.930  -9.041 0.6999999881
52098  28.761  -27.062  -8.762 0.6999999881
51021  27.864  -27.192  -9.425 0.6999999881
51025  24.739  -27.928  -10.264 0.8000000119
51035  24.325  -27.172  -10.430 0.8000000119
52117  23.858  -26.477  -10.710 0.8000000119
50009  20.426  -28.182  -11.451 0.8999999762
45837  25.518  -32.516  -12.637 0.6000000238
51036  23.420  -27.087  -10.546 0.8000000119
52118  22.877  -26.423  -10.823 0.8999999762
51039  20.654  -27.326  -11.417 0.8999999762
51040  19.946  -27.703  -11.710 0.8999999762
45836  26.328  -32.357  -12.366 0.6000000238
45838  24.985  -32.240  -12.693 0.6999999881
51045  19.636  -27.680  -11.977 0.8999999762
48036  23.732  -30.651  -12.527 0.6999999881
50040  19.601  -28.451  -12.979 0.8000000119
48989  22.436  -29.437  -12.643 0.6999999881
50038  20.862  -28.218  -13.102 0.8000000119
50988  29.571  -27.697  -7.298 0.6999999881
134745  29.498  -27.372  -8.052 0.6999999881
52097  29.580  -26.544  -8.234 0.6999999881
52115  25.791  -26.538  -10.441 0.8000000119
52116  24.834  -26.530  -10.641 0.8000000119
53211  23.316  -25.898  -11.093 0.8000000119
51038  21.481  -26.938  -10.954 0.8999999762
131053  21.189  -26.210  -11.270 0.8999999762
47027  26.257  -31.430  -12.086 0.6000000238
52121  20.148  -27.024  -11.858 0.8999999762
127052  25.440  -31.116  -12.195 0.6999999881
48987  24.498  -29.800  -12.307 0.6999999881
52126  20.283  -26.223  -11.971 0.8999999762
50024  23.314  -28.830  -12.398 0.6999999881
50037  21.988  -28.306  -12.745 0.8000000119
51066  20.162  -27.100  -12.744 0.8000000119
51052  22.723  -27.676  -12.731 0.6999999881
123634  21.748  -27.512  -12.889 0.8000000119
142037  19.978  -27.876  -13.067 0.8000000119
52080  29.762  -26.743  -7.370 0.6999999881
146588  29.823  -26.051  -7.758 0.6000000238
47026  27.000  -30.989  -11.922 0.6000000238
53213  21.345  -25.699  -11.440 0.8999999762
53214  20.697  -25.801  -11.757 0.8999999762
48033  26.165  -30.593  -12.014 0.6000000238
53228  20.544  -25.601  -12.164 0.8999999762
48988  23.484  -29.684  -12.403 0.8000000119
52135  20.281  -26.206  -12.310 0.8999999762
52153  20.655  -26.407  -12.973 0.8000000119
51051  23.659  -27.894  -12.593 0.6999999881
52152  21.552  -26.661  -13.070 0.8000000119
138912  21.353  -25.958  -13.196 0.8000000119
48034  25.329  -30.244  -12.178 0.6999999881
53225  22.837  -25.329  -11.541 0.8000000119
50023  25.955  -28.785  -12.648 0.5000000000
145581  24.812  -29.066  -12.331 0.6000000238
50036  24.748  -27.712  -12.988 0.6000000238
124546  24.254  -28.734  -12.396 0.6999999881
53241  20.606  -25.587  -12.500 0.8000000119
51063  24.169  -27.217  -13.232 0.6000000238
51082  24.130  -26.699  -13.886 0.6000000238
52151  22.385  -26.150  -13.482 0.6999999881
53255  21.678  -25.334  -13.471 0.8000000119
52154  20.347  -26.268  -12.610 0.8000000119
52168  23.425  -26.055  -14.128 0.6000000238
54175  22.530  -24.839  -12.049 0.8000000119
54176  22.015  -24.465  -12.318 0.8000000119
54177  21.289  -24.702  -12.611 0.8999999762
50035  25.642  -28.140  -13.394 0.6000000238
53271  21.679  -24.644  -13.716 0.8000000119
53256  20.884  -25.025  -13.146 0.8000000119
54193  21.435  -24.541  -12.948 0.8000000119
52169  22.538  -25.568  -13.991 0.6000000238
54192  22.859  -24.316  -12.568 0.8000000119
55102  21.711  -24.176  -12.949 0.8000000119
140130  24.690  -27.192  -14.038 0.6000000238
54204  21.606  -24.174  -13.517 0.8000000119
52167  24.365  -26.296  -14.636 0.6000000238
140065  21.740  -23.985  -14.190 0.6999999881
55114  21.675  -23.833  -13.520 0.8000000119
54222  23.361  -24.072  -14.958 0.6000000238
55137  22.426  -23.535  -14.777 0.6000000238
55138  22.005  -22.848  -14.763 0.6999999881
52183  24.779  -26.116  -15.232 0.6000000238
53269  24.051  -25.639  -14.718 0.6000000238
56101  23.728  -22.645  -13.416 0.8000000119
55101  22.112  -23.801  -13.013 0.8000000119
51081  25.313  -27.559  -14.456 0.6000000238
51096  25.995  -27.396  -15.547 0.5000000000
56113  21.918  -22.387  -13.923 0.8000000119
56103  21.792  -23.394  -13.495 0.8000000119
145820  25.706  -26.947  -15.587 0.6000000238
52166  25.043  -26.919  -15.041 0.6000000238
134067  21.884  -22.327  -14.374 0.6000000238
52181  26.318  -26.799  -15.828 0.5000000000
53279  25.234  -25.583  -15.390 0.6000000238
53280  24.511  -25.188  -15.164 0.6000000238
146801  22.560  -22.913  -15.133 0.6000000238
54212  25.370  -24.700  -15.165 0.6000000238
54221  24.182  -24.235  -15.321 0.6000000238
55136  23.465  -23.386  -15.347 0.6000000238
128665  23.159  -22.560  -15.426 0.6000000238
57174  23.672  -21.724  -13.679 0.8000000119
129709  22.727  -22.076  -13.799 0.8000000119
58314  24.326  -21.173  -13.648 0.8000000119
58315  23.564  -21.027  -13.849 0.6999999881
57175  22.987  -21.372  -13.922 0.6999999881
53278  25.996  -26.052  -15.689 0.6000000238
56135  21.852  -21.408  -15.013 0.6000000238
58338  21.404  -20.286  -14.890 0.6000000238
57186  21.978  -21.346  -14.574 0.6999999881
54211  26.012  -24.682  -14.773 0.5000000000
143299  22.242  -21.432  -15.343 0.6000000238
55127  25.720  -23.908  -14.832 0.5000000000
55135  24.301  -23.488  -15.537 0.6000000238
56128  23.792  -22.079  -15.617 0.6000000238
58326  24.983  -20.599  -13.577 0.6999999881
138941  22.852  -19.756  -14.150 0.6000000238
59394  20.545  -19.346  -14.781 0.6000000238
58329  21.748  -20.432  -14.590 0.6000000238
59406  20.491  -18.766  -15.139 0.6000000238
59378  21.812  -19.695  -14.455 0.6000000238
55133  25.563  -23.073  -15.197 0.5000000000
56127  24.579  -22.236  -15.592 0.6000000238
57201  24.303  -21.605  -15.662 0.6000000238
57202  23.594  -21.345  -15.751 0.6000000238
57211  21.795  -20.672  -15.284 0.6000000238
60396  21.102  -18.835  -14.608 0.6000000238
56126  25.374  -22.249  -15.422 0.6000000238
57200  25.042  -21.498  -15.594 0.6000000238
55126  26.459  -23.123  -14.583 0.5000000000
56125  26.184  -22.251  -15.021 0.5000000000
57194  26.681  -21.610  -14.931 0.4000000060
57198  26.832  -20.950  -15.123 0.5000000000
58327  23.919  -20.170  -13.881 0.6000000238
59376  23.425  -19.188  -14.068 0.6000000238
58348  23.403  -20.703  -16.015 0.6000000238
59416  21.781  -19.550  -15.953 0.6000000238
60394  23.053  -18.394  -14.337 0.6000000238
58347  24.367  -20.830  -15.806 0.6000000238
59414  24.165  -19.326  -16.345 0.6000000238
57199  26.006  -21.370  -15.369 0.5000000000
58346  25.462  -20.616  -15.701 0.6000000238
58345  26.348  -20.433  -15.593 0.5000000000
58344  27.074  -20.249  -15.410 0.4000000060
60434  22.333  -18.237  -15.971 0.6000000238
60395  21.584  -18.088  -14.716 0.5000000000
136524  23.744  -17.972  -14.063 0.5000000000
144966  24.567  -18.762  -13.716 0.5000000000
59415  22.898  -19.391  -16.509 0.6000000238
61340  21.902  -17.767  -15.353 0.5000000000
59413  25.221  -19.201  -16.294 0.6000000238
59405  25.987  -19.712  -16.100 0.5000000000
59404  26.665  -19.234  -16.288 0.4000000060
61311  24.523  -17.951  -13.710 0.4000000060
129243  23.427  -18.576  -16.426 0.6000000238
61353  23.238  -17.755  -15.937 0.5000000000
60433  24.510  -18.689  -16.425 0.6000000238
130046  24.242  -17.869  -16.416 0.6000000238
61339  23.095  -17.679  -15.488 0.4000000060
60423  26.655  -18.546  -16.540 0.4000000060
60431  25.974  -18.168  -16.697 0.4000000060
62153  24.140  -16.443  -15.524 0.4000000060
130047  25.138  -17.757  -16.576 0.4000000060
143176  23.870  -17.097  -16.204 0.4000000060
128817  27.182  -18.879  -16.128 0.4000000060
61352  24.543  -17.036  -16.451 0.4000000060
62133  26.550  -16.605  -13.571 0.4000000060
63142  25.395  -16.380  -14.347 0.4000000060
62171  24.096  -16.338  -16.125 0.4000000060
62183  26.727  -16.752  -16.439 0.4000000060
61351  25.470  -17.202  -16.597 0.4000000060
62185  24.859  -16.273  -16.530 0.4000000060
62186  24.194  -16.428  -16.210 0.4000000060
63141  26.144  -16.095  -14.012 0.4000000060
63156  25.668  -15.568  -14.852 0.4000000060
63157  24.841  -16.026  -15.234 0.4000000060
63191  26.337  -15.712  -16.910 0.3000000119
63173  25.007  -15.153  -16.395 0.4000000060
63174  24.473  -15.757  -16.176 0.4000000060
63155  26.415  -15.482  -14.235 0.4000000060
142030  24.954  -15.378  -15.783 0.4000000060
38307  20.628  -39.626  -14.262 0.8000000119
37295  19.668  -40.247  -13.291 0.8999999762
37284  19.820  -40.295  -13.057 0.8999999762
144226  19.657  -40.893  -13.151 0.8999999762
39325  24.733  -38.939  -10.592 0.8999999762
40391  24.769  -37.479  -10.484 1.0000000000
41504  24.899  -36.691  -10.179 1.0000000000
141779  21.762  -40.581  -12.272 0.8999999762
39332  23.331  -38.377  -11.815 0.8999999762
40392  24.238  -37.575  -11.018 1.0000000000
37276  21.327  -39.964  -12.452 0.8999999762
38278  22.996  -39.167  -12.054 0.8999999762
39333  22.414  -38.349  -12.258 0.8999999762
40407  23.637  -37.642  -11.490 1.0000000000
38280  20.638  -39.202  -12.604 0.8999999762
40409  21.752  -37.386  -12.138 0.8999999762
61313  23.126  -17.835  -14.722 0.4000000060
61328  23.180  -17.537  -15.174 0.4000000060
61312  24.177  -17.482  -14.258 0.4000000060
141489  25.391  -17.860  -13.557 0.4000000060
32769  23.138  -44.287  -5.848 0.8999999762
33842  20.510  -43.468  -5.592 0.8999999762
33907  23.752  -43.485  -10.404 0.8000000119
33919  22.597  -43.204  -11.400 0.8000000119
128813  21.430  -41.983  -12.141 0.8000000119
146593  20.911  -40.526  -12.454 0.8999999762
127426  20.274  -40.815  -12.678 0.8000000119
38269  24.546  -39.806  -10.842 0.8999999762
38279  21.942  -39.202  -12.465 0.8999999762
40317  19.891  -37.557  -4.578 0.6000000238
135961  18.565  -36.728  -4.229 0.4000000060
39326  24.112  -38.420  -11.255 0.8999999762
128908  20.977  -40.438  -14.369 0.6999999881
40467  20.968  -37.737  -14.496 0.8000000119
39247  25.227  -38.444  -4.418 0.8999999762
38285  20.024  -39.321  -12.905 0.8999999762
38296  23.391  -40.091  -13.976 0.6000000238
39359  19.846  -38.654  -13.423 0.8999999762
145262  19.048  -36.124  -4.221 0.4000000060
39334  21.216  -38.345  -12.416 0.8999999762
41569  19.534  -36.481  -13.101 0.8999999762
41568  19.995  -36.466  -13.589 0.8999999762
40464  23.570  -37.843  -14.041 0.6999999881
132314  23.180  -37.343  -14.222 0.6999999881
41420  24.119  -36.916  -3.851 0.8000000119
40311  25.607  -37.591  -4.322 0.8999999762
43587  24.694  -34.404  -9.639 1.0000000000
40408  22.827  -37.554  -11.858 0.8999999762
128427  21.816  -35.959  -11.475 0.8999999762
130130  21.539  -36.552  -11.770 0.8999999762
143988  19.467  -36.473  -12.801 0.8999999762
41442  26.455  -36.369  -4.659 0.8000000119
43522  21.865  -34.297  -4.414 0.5000000000
42600  19.388  -35.421  -12.261 0.8999999762
43539  27.009  -34.930  -4.983 0.6999999881
43558  27.219  -34.301  -6.262 0.8000000119
43572  26.888  -34.209  -7.232 0.8999999762
136456  23.888  -35.356  -14.133 0.6999999881
43633  19.660  -34.134  -13.154 0.8999999762
43631  22.336  -34.417  -13.715 0.8000000119
43510  24.355  -34.547  -3.560 0.6000000238
44596  27.347  -33.558  -5.126 0.6999999881
45798  24.757  -32.700  -10.225 1.0000000000
44716  19.983  -33.323  -13.313 0.8999999762
44575  23.947  -33.767  -3.662 0.6000000238
44598  23.074  -33.568  -4.054 0.5000000000
45763  27.746  -32.824  -6.374 0.6999999881
45797  25.529  -32.277  -9.796 0.8999999762
46958  28.460  -31.440  -7.271 0.6999999881
47984  27.923  -31.016  -8.350 0.8000000119
47031  19.434  -31.945  -12.493 0.8999999762
46921  25.902  -31.220  -3.715 0.5000000000
142147  28.079  -31.586  -5.238 0.6999999881
131425  23.875  -29.996  -10.724 0.8999999762
49996  25.112  -28.658  -10.029 0.8000000119
48990  19.350  -29.094  -12.597 0.8999999762
47924  26.850  -31.055  -4.074 0.5000000000
48890  28.169  -30.094  -4.961 0.6999999881
49980  28.529  -28.674  -8.691 0.6999999881
51022  27.425  -27.958  -9.506 0.8000000119
48950  23.877  -29.255  -10.558 0.8999999762
49999  22.183  -28.475  -11.025 0.8999999762
145561  21.690  -29.661  -13.067 0.8000000119
52114  26.653  -26.574  -10.162 0.8000000119
51053  19.604  -27.665  -12.263 0.8999999762
53212  22.275  -25.770  -11.194 0.8999999762
50975  29.585  -27.264  -6.491 0.6000000238
51064  23.464  -27.104  -13.070 0.6999999881
131621  21.078  -24.911  -12.242 0.8999999762
53270  22.150  -24.855  -14.092 0.6999999881
126791  23.082  -25.296  -14.487 0.6000000238
54213  22.740  -24.432  -14.571 0.6000000238
56122  21.693  -22.885  -14.300 0.8000000119
56129  22.204  -22.212  -15.187 0.6000000238
57185  22.265  -21.381  -14.235 0.6999999881
55134  24.942  -23.908  -15.378 0.6000000238
58359  22.011  -20.226  -15.683 0.6000000238
133888  24.797  -23.001  -15.544 0.6000000238
60425  20.153  -18.392  -15.103 0.6000000238
125950  25.108  -17.166  -13.844 0.4000000060
62154  23.756  -17.095  -14.962 0.4000000060
63140  26.953  -15.848  -13.668 0.4000000060
63193  25.189  -14.975  -16.750 0.4000000060
37277  20.328  -40.027  -12.710 0.8999999762
23948  17.098  -53.282  -6.321 0.4000000060
25038  16.750  -52.050  -5.625 0.4000000060
26101  16.239  -51.614  -5.113 0.4000000060
25055  17.242  -52.417  -6.355 0.4000000060
26100  16.729  -51.316  -5.534 0.4000000060
27213  16.252  -50.727  -5.302 0.4000000060
25078  18.672  -51.837  -7.108 0.3000000119
143220  17.789  -51.176  -6.214 0.4000000060
26149  19.585  -51.581  -7.469 0.4000000060
26161  20.326  -51.905  -8.683 0.4000000060
26179  20.942  -51.807  -9.414 0.4000000060
26196  20.869  -51.521  -10.384 0.4000000060
27212  17.179  -50.718  -5.745 0.5000000000
124752  16.666  -50.092  -5.551 0.4000000060
142692  18.853  -50.771  -6.558 0.4000000060
27236  18.084  -50.491  -6.246 0.4000000060
27250  20.948  -50.793  -7.501 0.5000000000
26147  21.282  -51.125  -8.190 0.4000000060
26178  21.348  -51.317  -8.879 0.4000000060
137773  21.468  -50.970  -9.652 0.5000000000
27286  21.504  -50.016  -10.197 0.5000000000
28254  21.233  -49.788  -11.046 0.6000000238
26210  20.504  -51.102  -11.271 0.5000000000
27300  20.689  -50.224  -11.527 0.6000000238
28268  20.198  -49.672  -12.185 0.4000000060
28176  17.351  -49.854  -5.852 0.5000000000
28177  16.537  -49.355  -5.736 0.5000000000
28178  15.480  -49.394  -5.547 0.5000000000
28179  14.562  -49.118  -5.832 0.5000000000
27235  18.862  -50.081  -6.454 0.6000000238
28197  18.121  -49.598  -6.271 0.6000000238
27233  20.412  -50.350  -6.914 0.5000000000
28194  20.694  -49.570  -6.574 0.6000000238
27232  21.260  -50.027  -7.151 0.5000000000
27249  21.510  -50.390  -7.830 0.5000000000
28231  21.770  -49.855  -8.228 0.4000000060
130004  21.678  -50.037  -9.207 0.6000000238
28244  21.552  -49.201  -9.748 0.6000000238
29186  21.482  -48.578  -10.217 0.6000000238
29198  21.359  -48.354  -10.942 0.6000000238
30087  20.912  -47.651  -11.430 0.6000000238
28266  21.213  -49.058  -11.182 0.6000000238
29199  20.782  -48.499  -11.568 0.6000000238
30088  20.235  -47.796  -12.137 0.6000000238
141709  19.955  -47.015  -12.509 0.6000000238
124561  18.134  -48.919  -6.342 0.5000000000
29143  16.812  -48.572  -6.278 0.5000000000
29128  15.952  -48.677  -5.951 0.5000000000
29144  15.523  -48.234  -6.517 0.5000000000
29140  19.952  -48.975  -6.217 0.6000000238
28196  18.915  -49.186  -6.391 0.6000000238
28193  21.544  -49.219  -6.771 0.6000000238
29139  20.922  -48.734  -6.211 0.6000000238
28214  21.724  -49.548  -7.429 0.5000000000
28213  22.058  -48.882  -7.831 0.6000000238
29169  21.978  -48.279  -8.611 0.6000000238
30075  21.704  -47.039  -10.301 0.6000000238
136227  20.514  -46.947  -11.903 0.6000000238
30967  20.164  -46.236  -12.454 0.6999999881
29142  17.707  -48.276  -6.481 0.6000000238
30031  16.872  -47.743  -6.767 0.5000000000
30032  15.969  -47.672  -7.059 0.5000000000
124022  19.190  -48.334  -6.207 0.6000000238
30039  16.369  -47.109  -7.396 0.5000000000
140601  15.744  -46.855  -7.890 0.5000000000
29126  20.160  -48.033  -5.820 0.6000000238
29168  22.339  -48.065  -7.950 0.6000000238
31886  20.494  -45.568  -11.968 0.6999999881
30029  18.469  -47.799  -6.386 0.6000000238
30030  17.758  -47.262  -6.642 0.6000000238
30038  17.088  -47.052  -6.982 0.6000000238
29127  19.254  -47.373  -5.926 0.6000000238
30917  18.156  -46.443  -6.473 0.6000000238
30918  17.461  -46.441  -6.784 0.6000000238
30928  16.164  -46.361  -7.586 0.6000000238
30929  15.413  -46.180  -8.244 0.6000000238
30898  19.642  -46.548  -5.621 0.6000000238
29125  21.079  -48.032  -5.940 0.6000000238
31858  15.410  -45.257  -8.226 0.6000000238
133212  20.256  -44.812  -12.375 0.6999999881
30916  18.859  -46.486  -6.047 0.6000000238
31850  17.152  -45.710  -6.919 0.6000000238
31819  20.057  -45.778  -5.499 0.6000000238
31839  19.226  -45.741  -5.827 0.6000000238
31840  18.490  -45.754  -6.250 0.6000000238
31851  16.583  -45.782  -7.284 0.6000000238
31852  16.003  -45.516  -7.656 0.6000000238
30018  20.045  -47.205  -5.556 0.6000000238
32806  15.808  -44.633  -7.795 0.6000000238
30017  20.770  -47.358  -5.650 0.6000000238
30913  23.089  -46.197  -6.703 0.6000000238
33922  19.934  -43.369  -12.599 0.6999999881
35113  19.480  -42.499  -13.043 0.6999999881
31818  21.001  -45.805  -5.414 0.6000000238
136266  18.138  -45.180  -6.414 0.6999999881
136377  17.523  -45.035  -6.665 0.6999999881
143958  21.601  -46.037  -5.545 0.6000000238
139151  19.580  -41.609  -13.062 0.6999999881
32773  19.623  -44.879  -5.748 0.6999999881
138910  21.123  -44.993  -5.453 0.6999999881
32772  20.441  -45.037  -5.541 0.6999999881
133386  19.008  -44.176  -6.076 0.6999999881
32792  17.365  -44.375  -6.783 0.6999999881
32805  16.704  -44.883  -7.152 0.6000000238
134238  16.969  -44.035  -7.065 0.6999999881
33875  16.883  -43.307  -7.346 0.6000000238
146371  16.218  -43.168  -7.714 0.5000000000
37306  19.997  -40.291  -13.868 0.8000000119
143616  20.698  -44.270  -5.492 0.6999999881
33843  19.864  -43.929  -5.707 0.6999999881
33860  19.282  -43.327  -6.129 0.6999999881
33862  17.608  -43.537  -6.813 0.6999999881
33888  15.889  -42.441  -8.265 0.5000000000
35044  18.223  -42.619  -6.844 0.6999999881
35060  17.493  -42.475  -7.400 0.6000000238
36157  17.336  -41.299  -8.040 0.6000000238
53210  24.370  -25.885  -11.107 0.6999999881
132934  28.292  -26.393  -9.425 0.6000000238
53209  25.450  -25.918  -10.912 0.6999999881
53223  25.109  -25.347  -11.549 0.6999999881
53224  24.324  -25.305  -11.664 0.6999999881
54174  23.580  -24.921  -12.031 0.6999999881
52106  29.166  -26.146  -8.948 0.6000000238
53200  27.869  -25.838  -9.971 0.6000000238
52113  27.166  -26.030  -10.224 0.6999999881
54163  26.862  -24.930  -10.985 0.6999999881
53187  29.679  -25.774  -8.398 0.6000000238
128610  24.640  -24.802  -12.118 0.6999999881
55100  23.255  -23.600  -13.109 0.6999999881
141370  28.706  -25.584  -9.571 0.6000000238
54161  28.590  -24.290  -10.497 0.6000000238
53222  25.996  -25.233  -11.303 0.6999999881
54173  25.030  -24.055  -12.455 0.6999999881
55099  24.397  -23.422  -12.965 0.6999999881
53198  29.463  -25.360  -9.080 0.6000000238
54155  29.168  -24.725  -9.783 0.6000000238
55072  28.009  -23.790  -11.077 0.6000000238
55082  27.366  -23.272  -11.612 0.5000000000
55084  26.064  -23.761  -12.158 0.6999999881
56098  26.471  -22.118  -12.628 0.6999999881
142558  25.246  -22.060  -13.252 0.6999999881
62152  28.730  -17.019  -14.964 0.3000000119
61338  27.992  -17.701  -15.489 0.3000000119
145508  27.029  -17.376  -16.370 0.3000000119
23930  16.772  -52.877  -5.688 0.4000000060
25039  16.356  -52.536  -4.994 0.3000000119
25032  15.031  -52.848  -4.593 0.4000000060
121724  17.384  -52.994  -7.072 0.3000000119
26088  15.169  -52.155  -4.695 0.4000000060
25077  19.155  -52.133  -7.823 0.4000000060
27214  15.444  -50.316  -5.235 0.4000000060
25097  19.539  -52.193  -8.617 0.4000000060
26180  20.024  -52.178  -9.409 0.4000000060
25130  19.473  -52.300  -10.163 0.4000000060
27287  21.141  -50.656  -10.730 0.5000000000
27301  20.093  -50.596  -12.102 0.4000000060
27215  14.606  -49.930  -5.403 0.4000000060
29201  19.565  -48.936  -12.646 0.5000000000
28199  13.967  -49.015  -6.367 0.5000000000
30097  19.606  -47.541  -12.799 0.6000000238
29156  13.777  -48.685  -7.185 0.5000000000
29154  15.162  -47.842  -7.301 0.5000000000
30041  14.937  -47.645  -8.168 0.5000000000
134171  19.858  -44.807  -12.999 0.6000000238
30054  15.187  -47.027  -8.390 0.5000000000
30937  14.639  -46.481  -9.082 0.4000000060
33928  19.559  -43.301  -13.024 0.6999999881
32814  15.122  -44.520  -8.596 0.5000000000
33889  15.546  -43.597  -8.200 0.5000000000
36220  19.710  -42.029  -13.218 0.8000000119
122663  20.339  -40.961  -14.100 0.6999999881
35082  14.867  -41.619  -9.723 0.5000000000
35075  16.539  -41.257  -8.541 0.6000000238
48889  28.688  -29.602  -5.440 0.6000000238
126263  29.752  -24.012  -9.561 0.5000000000
55070  29.711  -23.413  -10.065 0.5000000000
56075  28.872  -22.571  -10.970 0.5000000000
55081  28.222  -22.962  -11.273 0.5000000000
57157  27.184  -21.830  -12.376 0.5000000000
57171  26.628  -21.204  -12.829 0.5000000000
58313  25.800  -20.932  -13.303 0.5000000000
62151  29.178  -16.129  -14.748 0.3000000119
62168  28.554  -16.129  -15.444 0.3000000119
62182  27.353  -16.302  -16.334 0.3000000119
30915  21.992  -46.954  -6.016 0.6000000238
30028  22.154  -47.558  -6.446 0.6000000238
29153  22.071  -48.777  -7.018 0.6000000238
35043  19.500  -42.481  -6.376 0.8000000119
30966  20.639  -46.258  -11.728 0.6999999881
32852  20.460  -44.089  -12.161 0.6999999881
36210  19.629  -42.077  -12.923 0.6999999881
52107  27.456  -26.548  -9.836 0.6999999881
123643  25.143  -21.429  -13.412 0.6000000238
61350  27.262  -18.003  -16.231 0.3000000119
36219  19.744  -41.051  -13.403 0.8000000119
35129  21.045  -42.665  -13.999 0.6999999881
53208  26.474  -25.792  -10.611 0.6999999881
26126  18.448  -51.264  -6.573 0.4000000060
127260  17.880  -52.396  -7.078 0.3000000119
26125  19.248  -51.243  -6.866 0.5000000000
26197  20.104  -51.851  -10.835 0.3000000119
28269  19.482  -49.891  -12.657 0.4000000060
127371  13.377  -50.181  -6.098 0.5000000000
35061  16.679  -42.370  -7.831 0.6000000238
128075  25.571  -24.640  -11.900 0.6999999881
54191  23.998  -24.270  -12.674 0.6999999881
53199  28.252  -25.084  -10.211 0.6000000238
53207  27.393  -25.387  -10.478 0.6999999881
54162  27.187  -24.122  -11.304 0.6999999881
55071  28.935  -23.413  -10.688 0.5000000000
54171  26.760  -23.763  -11.742 0.6999999881
55098  25.404  -23.183  -12.651 0.6999999881
56099  25.705  -22.435  -12.866 0.6999999881
55083  26.724  -23.257  -12.041 0.5000000000
55097  26.261  -22.889  -12.417 0.5000000000
57172  25.867  -21.717  -13.098 0.6999999881
55053  30.177  -23.813  -8.729 0.5000000000
56087  28.407  -22.126  -11.437 0.5000000000
58311  27.145  -20.350  -12.786 0.5000000000
35120  19.574  -42.699  -13.151 0.6000000238
35130  20.175  -42.604  -13.557 0.6000000238
35128  22.414  -42.204  -13.990 0.5000000000
33947  21.420  -43.357  -13.851 0.6000000238
36230  21.373  -41.342  -14.341 0.6000000238
36218  23.833  -41.685  -13.496 0.5000000000
36228  22.898  -41.576  -13.865 0.5000000000
36229  22.253  -41.421  -14.239 0.6000000238
145442  17.157  -38.693  -8.607 0.5000000000
38306  21.741  -39.826  -14.526 0.6000000238
36217  24.724  -41.344  -13.459 0.5000000000
37294  23.359  -40.961  -13.746 0.5000000000
37292  25.167  -40.592  -13.414 0.5000000000
38244  17.512  -38.839  -7.999 0.4000000060
38225  17.282  -38.909  -7.627 0.4000000060
37199  17.911  -39.614  -5.839 0.4000000060
37293  24.115  -40.757  -13.518 0.5000000000
37303  26.038  -40.758  -13.687 0.5000000000
131116  25.135  -39.767  -13.355 0.5000000000
142424  17.825  -39.431  -5.218 0.4000000060
39356  26.832  -38.810  -13.752 0.5000000000
37291  25.979  -39.952  -13.460 0.5000000000
129242  17.210  -39.394  -4.799 0.4000000060
43523  21.003  -34.140  -4.579 0.4000000060
121792  20.554  -34.791  -4.467 0.4000000060
43525  19.578  -34.500  -4.782 0.4000000060
42501  19.234  -35.370  -4.444 0.3000000119
142292  24.655  -31.898  -3.629 0.4000000060
45736  23.683  -32.006  -3.840 0.4000000060
44599  22.234  -33.649  -4.388 0.4000000060
44600  21.394  -33.546  -4.598 0.4000000060
121751  24.241  -31.071  -3.822 0.4000000060
135746  21.838  -32.973  -4.592 0.4000000060
45739  21.545  -32.250  -4.823 0.4000000060
43524  20.144  -33.923  -4.911 0.4000000060
45737  23.005  -32.661  -4.108 0.4000000060
125078  22.796  -31.906  -4.276 0.4000000060
143364  22.504  -33.073  -4.355 0.4000000060
126420  25.138  -30.679  -3.811 0.4000000060
46922  23.222  -31.145  -4.096 0.4000000060
45738  22.315  -32.463  -4.488 0.4000000060
46923  22.411  -31.273  -4.516 0.4000000060
46924  21.715  -31.524  -4.861 0.4000000060
44601  20.567  -33.443  -4.888 0.4000000060
132693  21.189  -31.140  -5.189 0.4000000060
46937  20.479  -31.605  -5.434 0.4000000060
43540  19.863  -33.369  -5.349 0.4000000060
47926  24.480  -30.243  -3.934 0.4000000060
47927  23.671  -30.297  -4.109 0.4000000060
48879  23.282  -29.592  -4.440 0.4000000060
47923  27.573  -30.581  -4.536 0.5000000000
48877  26.833  -30.173  -4.218 0.4000000060
47925  26.037  -30.432  -3.881 0.4000000060
48878  25.242  -29.793  -4.018 0.4000000060
47928  22.713  -30.388  -4.460 0.4000000060
47929  21.883  -30.790  -4.832 0.4000000060
47943  22.010  -30.005  -4.813 0.4000000060
48875  28.156  -29.228  -4.904 0.5000000000
49919  27.350  -28.864  -4.601 0.5000000000
124867  26.655  -29.362  -4.353 0.4000000060
124143  25.773  -29.114  -4.276 0.4000000060
123260  25.005  -29.024  -4.275 0.4000000060
124211  24.246  -29.462  -4.263 0.4000000060
130956  22.597  -29.654  -4.632 0.4000000060
49920  26.371  -28.552  -4.454 0.4000000060
49922  24.464  -28.548  -4.431 0.4000000060
135386  23.871  -27.976  -4.529 0.4000000060
129870  26.135  -27.753  -4.511 0.4000000060
49921  25.392  -28.297  -4.423 0.4000000060
50947  24.108  -27.158  -4.550 0.4000000060
52038  27.128  -26.551  -4.680 0.4000000060
53132  26.628  -25.811  -4.819 0.4000000060
52039  26.261  -26.519  -4.630 0.4000000060
52040  25.534  -26.679  -4.580 0.4000000060
53134  24.752  -25.688  -4.801 0.4000000060
49934  29.178  -28.459  -5.662 0.5000000000
138861  28.375  -27.411  -4.973 0.5000000000
132852  27.602  -25.906  -4.924 0.4000000060
53149  26.102  -25.074  -5.136 0.4000000060
53133  25.642  -25.846  -4.771 0.4000000060
54110  24.681  -24.154  -5.480 0.3000000119
136172  29.505  -28.020  -6.634 0.5000000000
50943  27.580  -27.329  -4.683 0.5000000000
50944  26.677  -27.198  -4.576 0.4000000060
140716  26.002  -27.107  -4.538 0.4000000060
50945  25.424  -27.415  -4.499 0.4000000060
52041  24.377  -26.387  -4.645 0.4000000060
146898  25.033  -26.297  -4.638 0.4000000060
50962  28.855  -26.908  -5.399 0.5000000000
52057  28.436  -26.157  -5.240 0.5000000000
53148  27.092  -25.120  -5.123 0.4000000060
54108  26.533  -24.361  -5.418 0.4000000060
53150  25.193  -25.005  -5.121 0.3000000119
52067  29.695  -26.382  -6.538 0.5000000000
54109  25.630  -24.309  -5.443 0.3000000119
53146  29.226  -25.104  -5.889 0.5000000000
53171  29.900  -25.886  -7.145 0.4000000060
55007  28.035  -23.717  -5.679 0.3000000119
54107  27.545  -24.424  -5.441 0.4000000060
55009  26.043  -23.588  -5.667 0.3000000119
55010  25.276  -23.601  -5.701 0.3000000119
55026  24.559  -23.098  -5.961 0.3000000119
132447  23.929  -23.677  -5.644 0.3000000119
53160  29.698  -25.582  -6.491 0.4000000060
54133  29.923  -25.205  -7.012 0.4000000060
54119  30.011  -24.359  -7.202 0.4000000060
128840  29.813  -25.123  -8.472 0.4000000060
54146  29.826  -24.612  -9.013 0.4000000060
55008  26.977  -23.641  -5.670 0.3000000119
55025  25.495  -22.899  -6.045 0.3000000119
56029  23.221  -22.202  -6.293 0.3000000119
56011  22.883  -22.817  -5.839 0.3000000119
54106  28.586  -24.467  -5.655 0.3000000119
56028  24.021  -22.259  -6.386 0.3000000119
57091  22.799  -21.571  -6.573 0.3000000119
55021  29.585  -24.028  -6.371 0.3000000119
55040  30.129  -23.355  -7.252 0.3000000119
146059  30.081  -23.414  -9.409 0.4000000060
56067  30.180  -22.779  -9.706 0.4000000060
56074  29.593  -22.655  -10.440 0.4000000060
56088  27.708  -22.471  -11.741 0.4000000060
56030  22.448  -22.171  -6.148 0.3000000119
55022  28.469  -23.072  -5.974 0.3000000119
54105  28.938  -23.799  -5.856 0.3000000119
129206  29.343  -23.277  -6.239 0.3000000119
55063  30.358  -22.978  -8.894 0.3000000119
56066  30.512  -22.184  -9.051 0.3000000119
57134  30.213  -21.842  -10.018 0.4000000060
57145  29.251  -21.740  -10.902 0.4000000060
57156  28.550  -21.268  -11.541 0.4000000060
131475  27.858  -21.715  -11.980 0.4000000060
57170  27.499  -21.074  -12.424 0.4000000060
55020  29.812  -23.563  -6.727 0.3000000119
57133  30.611  -21.310  -9.078 0.3000000119
57144  30.334  -21.000  -9.740 0.3000000119
58284  29.171  -20.743  -11.120 0.4000000060
58294  29.132  -20.026  -11.226 0.4000000060
58296  28.120  -20.952  -12.061 0.4000000060
59359  28.025  -18.555  -12.331 0.4000000060
59360  27.540  -19.396  -12.685 0.4000000060
59374  26.028  -19.411  -13.417 0.4000000060
59361  25.635  -20.186  -13.430 0.5000000000
58271  30.573  -20.487  -9.161 0.3000000119
58282  30.206  -20.321  -9.994 0.3000000119
58283  29.621  -20.159  -10.716 0.3000000119
59333  29.394  -19.355  -10.970 0.4000000060
59343  28.864  -19.591  -11.454 0.4000000060
130014  28.899  -18.990  -11.419 0.4000000060
59344  28.391  -19.347  -11.986 0.4000000060
60362  28.646  -18.324  -11.691 0.3000000119
60378  27.447  -18.545  -12.835 0.4000000060
60379  26.883  -18.925  -13.237 0.3000000119
125153  24.953  -19.584  -13.643 0.4000000060
60391  26.145  -18.373  -13.460 0.3000000119
60392  25.252  -18.637  -13.574 0.3000000119
132449  30.594  -19.966  -8.646 0.3000000119
135324  30.366  -19.089  -9.878 0.3000000119
60349  29.965  -18.777  -10.429 0.3000000119
60361  29.330  -18.460  -11.055 0.3000000119
61281  29.178  -17.684  -11.302 0.3000000119
61282  28.652  -17.532  -11.847 0.3000000119
121880  27.731  -17.888  -12.612 0.3000000119
60390  27.000  -17.947  -13.214 0.3000000119
61297  27.497  -17.222  -12.907 0.3000000119
60332  30.598  -18.421  -8.939 0.3000000119
62091  29.590  -17.003  -11.166 0.3000000119
127748  29.008  -17.143  -11.610 0.3000000119
62101  28.691  -16.992  -12.010 0.3000000119
62115  28.475  -16.521  -12.333 0.3000000119
62132  27.279  -16.561  -13.256 0.3000000119
61309  26.922  -17.146  -13.326 0.3000000119
62116  27.875  -16.573  -12.753 0.3000000119
132364  27.542  -15.241  -13.521 0.3000000119
49935  28.773  -28.755  -5.276 0.5000000000
134533  19.529  -43.022  -13.081 0.6000000238
32882  20.297  -43.963  -13.406 0.5000000000
33948  20.634  -43.299  -13.688 0.5000000000
123007  22.041  -43.476  -13.822 0.5000000000
32880  21.551  -44.064  -13.692 0.5000000000
35117  24.838  -42.133  -13.526 0.5000000000
127316  23.280  -43.162  -13.687 0.5000000000
33946  22.561  -43.020  -13.870 0.5000000000
35059  18.145  -41.412  -7.519 0.6000000238
36156  17.778  -40.205  -8.079 0.6000000238
37245  16.818  -38.825  -8.979 0.5000000000
37254  16.378  -38.503  -9.272 0.5000000000
38253  16.712  -38.599  -8.853 0.5000000000
38246  15.922  -38.428  -8.643 0.5000000000
37233  16.504  -39.153  -7.601 0.4000000060
37200  17.020  -40.283  -5.750 0.4000000060
38206  17.174  -39.922  -5.243 0.4000000060
38188  16.515  -39.740  -4.739 0.4000000060
43526  18.701  -34.748  -4.830 0.3000000119
45751  20.008  -32.336  -5.535 0.4000000060
43541  19.484  -33.688  -5.382 0.4000000060
47945  20.453  -30.704  -5.488 0.4000000060
49923  23.634  -28.808  -4.524 0.4000000060
47944  21.314  -30.344  -5.174 0.4000000060
49940  20.366  -29.114  -5.507 0.4000000060
48880  22.842  -29.014  -4.663 0.4000000060
48891  22.126  -29.274  -4.824 0.4000000060
49937  22.263  -28.500  -4.820 0.4000000060
53151  24.316  -24.989  -5.089 0.4000000060
53135  23.926  -25.743  -4.823 0.4000000060
54111  23.839  -24.369  -5.382 0.3000000119
136982  23.276  -23.536  -5.645 0.3000000119
55011  22.540  -23.542  -5.573 0.3000000119
36216  25.703  -41.548  -13.703 0.5000000000
128887  17.061  -37.333  -4.222 0.4000000060
143373  20.026  -31.233  -5.614 0.4000000060
49924  23.053  -28.209  -4.638 0.4000000060
134671  17.413  -38.030  -4.322 0.4000000060
37304  22.750  -40.755  -14.168 0.5000000000
141483  25.081  -31.350  -3.693 0.4000000060
132968  29.383  -27.932  -5.928 0.5000000000
126864  29.928  -25.284  -7.717 0.5000000000
58312  26.360  -20.321  -13.180 0.4000000060
59345  27.927  -20.263  -12.335 0.4000000060
127321  21.874  -42.705  -14.067 0.6000000238
35119  23.132  -42.404  -13.738 0.5000000000
35118  24.004  -42.641  -13.467 0.5000000000
44611  21.010  -32.883  -4.845 0.4000000060
46936  21.146  -31.771  -5.132 0.4000000060
45750  20.741  -32.303  -5.207 0.4000000060
48876  27.509  -29.738  -4.564 0.5000000000
140301  26.105  -29.763  -4.104 0.4000000060
141515  21.583  -28.866  -5.098 0.4000000060
48893  20.756  -29.808  -5.398 0.4000000060
49936  28.128  -28.221  -4.821 0.5000000000
135983  24.852  -26.941  -4.530 0.4000000060
50961  29.289  -27.357  -5.758 0.5000000000
130525  28.935  -27.873  -5.322 0.5000000000
50942  28.035  -26.683  -4.866 0.5000000000
52056  29.211  -26.033  -5.775 0.5000000000
136105  29.413  -26.782  -5.964 0.5000000000
53147  28.274  -25.305  -5.374 0.4000000060
140518  30.209  -23.873  -7.875 0.4000000060
55052  30.361  -23.161  -8.056 0.3000000119
130757  29.836  -20.979  -10.440 0.4000000060
56022  29.777  -22.809  -6.677 0.3000000119
58295  28.595  -20.313  -11.688 0.4000000060
128022  28.262  -17.892  -12.167 0.3000000119
138477  26.821  -19.709  -13.120 0.4000000060
59322  30.491  -19.664  -9.417 0.3000000119
59332  30.037  -19.563  -10.303 0.3000000119
60348  30.493  -18.452  -9.795 0.3000000119
61271  30.087  -17.751  -10.504 0.3000000119
62090  30.356  -16.766  -10.487 0.3000000119
63139  27.685  -15.927  -13.133 0.3000000119
146931  21.042  -29.188  -5.316 0.4000000060
31859  14.754  -45.387  -8.969 0.4000000060
33890  14.811  -43.711  -9.212 0.4000000060
32827  14.370  -44.070  -10.276 0.4000000060
33900  14.572  -42.885  -9.897 0.3000000119
33899  15.136  -42.622  -8.962 0.4000000060
35083  14.296  -41.934  -10.204 0.3000000119
30976  19.650  -46.700  -13.070 0.5000000000
36181  15.370  -40.012  -9.962 0.5000000000
139675  14.592  -40.817  -10.263 0.3000000119
31894  19.890  -45.788  -13.067 0.5000000000
31905  20.048  -45.381  -13.180 0.5000000000
128796  19.713  -46.878  -13.561 0.5000000000
36172  16.384  -39.919  -9.269 0.5000000000
135815  19.730  -43.993  -12.978 0.5000000000
129894  20.239  -45.920  -13.523 0.3000000119
32870  19.931  -44.409  -13.086 0.5000000000
31913  20.429  -44.893  -13.437 0.4000000060
145967  20.723  -44.376  -13.579 0.4000000060
31000  20.492  -46.411  -13.815 0.3000000119
31912  20.782  -45.444  -13.636 0.3000000119
130717  21.196  -45.794  -13.692 0.3000000119
31911  21.515  -44.918  -13.623 0.3000000119
32869  22.713  -44.399  -13.564 0.3000000119
31910  21.944  -45.643  -13.570 0.3000000119
125589  21.015  -44.618  -13.672 0.4000000060
36141  16.184  -40.726  -6.508 0.3000000119
129420  24.062  -44.231  -13.541 0.4000000060
33937  23.256  -43.845  -13.632 0.4000000060
33938  22.554  -43.678  -13.713 0.4000000060
36121  16.434  -40.804  -5.913 0.3000000119
132625  16.651  -38.072  -4.298 0.3000000119
43542  18.914  -34.003  -5.427 0.3000000119
44613  19.607  -32.907  -5.600 0.3000000119
44626  19.049  -32.881  -5.878 0.3000000119
45752  19.323  -32.354  -5.861 0.3000000119
128563  19.108  -31.633  -6.140 0.3000000119
48894  19.776  -29.884  -5.668 0.3000000119
49938  21.571  -28.063  -5.097 0.3000000119
49939  20.924  -28.531  -5.332 0.3000000119
50966  20.128  -28.295  -5.540 0.3000000119
49953  19.548  -28.935  -5.753 0.3000000119
49954  18.831  -28.743  -6.141 0.3000000119
50948  23.309  -27.366  -4.639 0.3000000119
52043  22.835  -26.737  -4.801 0.3000000119
50964  21.489  -27.264  -5.136 0.3000000119
133392  20.803  -27.744  -5.342 0.3000000119
52042  23.598  -26.544  -4.700 0.3000000119
52058  23.015  -25.908  -4.927 0.3000000119
129463  22.111  -26.720  -4.965 0.3000000119
131504  21.314  -26.521  -5.214 0.3000000119
141903  20.787  -27.050  -5.355 0.3000000119
53152  22.043  -25.911  -5.098 0.3000000119
131275  21.671  -25.076  -5.281 0.3000000119
53153  21.085  -25.773  -5.306 0.3000000119
136228  23.470  -25.055  -5.095 0.3000000119
125169  22.591  -25.084  -5.166 0.3000000119
145716  22.840  -43.411  -13.742 0.4000000060
37185  16.438  -40.416  -5.124 0.3000000119
50963  22.379  -27.552  -4.824 0.3000000119
145714  22.521  -26.324  -4.932 0.3000000119
127896  15.157  -38.731  -10.141 0.3000000119
38254  15.741  -38.427  -9.444 0.3000000119
37234  14.949  -38.823  -8.447 0.3000000119
27216  13.893  -50.610  -5.543 0.4000000060
27237  13.147  -51.009  -6.265 0.4000000060
28200  12.968  -50.259  -6.663 0.4000000060
127215  12.206  -50.395  -8.998 0.4000000060
28245  12.546  -49.557  -9.538 0.3000000119
28233  12.572  -49.695  -8.356 0.4000000060
28232  13.118  -48.969  -8.938 0.4000000060
26211  19.768  -51.448  -11.727 0.3000000119
29155  14.487  -48.162  -7.758 0.4000000060
29179  13.762  -48.300  -9.584 0.3000000119
30076  14.035  -47.096  -10.318 0.3000000119
29170  14.384  -48.008  -8.757 0.4000000060
30954  13.853  -46.334  -10.915 0.3000000119
30077  13.632  -47.165  -11.090 0.3000000119
136634  14.153  -44.838  -10.986 0.3000000119
30067  14.176  -47.668  -9.582 0.4000000060
30948  14.223  -46.411  -10.079 0.3000000119
31867  14.410  -44.992  -10.158 0.3000000119
26150  12.508  -51.676  -7.820 0.4000000060
27252  12.355  -50.583  -7.986 0.4000000060
32838  13.982  -44.213  -10.721 0.3000000119
131340  14.756  -50.716  -5.183 0.3000000119
143680  13.917  -44.827  -11.185 0.3000000119
25031  15.708  -52.849  -4.623 0.4000000060
25054  17.865  -51.772  -6.564 0.4000000060
25111  19.233  -52.379  -9.264 0.4000000060
26087  15.792  -52.048  -4.776 0.4000000060
26102  15.457  -51.266  -4.943 0.4000000060
26127  17.267  -51.570  -5.989 0.4000000060
26129  12.933  -51.904  -7.063 0.4000000060
26148  20.499  -51.449  -7.919 0.4000000060
27234  19.546  -50.588  -6.711 0.5000000000
27238  12.659  -50.828  -7.139 0.4000000060
27251  20.075  -51.042  -7.191 0.5000000000
27264  21.552  -50.672  -8.643 0.4000000060
28180  13.854  -49.665  -5.849 0.5000000000
28195  19.714  -49.807  -6.519 0.6000000238
28198  17.445  -49.094  -6.162 0.5000000000
28215  13.122  -49.138  -7.762 0.4000000060
28216  12.684  -49.912  -7.363 0.4000000060
28253  21.411  -49.180  -10.601 0.6000000238
28267  20.725  -49.342  -11.613 0.6000000238
29129  15.200  -48.692  -5.945 0.5000000000
29137  22.235  -48.111  -6.801 0.6999999881
29138  21.759  -48.327  -6.461 0.6000000238
29141  18.471  -48.501  -6.366 0.6000000238
29152  22.356  -48.143  -7.305 0.6000000238
29171  13.759  -48.508  -8.323 0.4000000060
29200  20.199  -48.740  -12.139 0.4000000060
29202  13.411  -47.932  -11.257 0.3000000119
30016  21.564  -47.522  -5.968 0.6000000238
30040  15.588  -47.338  -7.770 0.5000000000
30053  21.898  -47.748  -9.133 0.6999999881
30055  14.618  -47.377  -8.912 0.5000000000
30068  13.773  -47.749  -10.437 0.3000000119
30107  19.518  -47.470  -13.313 0.5000000000
30895  22.147  -46.200  -5.783 0.6000000238
30896  21.388  -46.664  -5.617 0.6000000238
30897  20.478  -46.583  -5.470 0.6000000238
30914  22.555  -46.725  -6.447 0.6000000238
30925  23.364  -46.050  -7.314 0.8999999762
30927  16.823  -46.443  -7.176 0.6000000238
30935  23.472  -45.881  -7.991 0.8999999762
30965  21.144  -46.758  -11.179 0.8000000119
30989  19.911  -46.279  -13.405 0.5000000000
31816  22.494  -45.497  -5.781 0.8999999762
31841  17.814  -45.742  -6.575 0.6000000238
31856  23.723  -45.378  -8.397 0.8999999762
31874  14.166  -45.587  -10.722 0.3000000119
31876  13.497  -45.019  -11.243 0.3000000119
31887  20.078  -45.428  -12.676 0.6999999881
32790  18.760  -45.016  -6.131 0.6999999881
32791  18.117  -44.402  -6.460 0.6999999881
32815  14.673  -44.526  -9.457 0.4000000060
32824  24.284  -44.223  -9.114 1.0000000000
32835  23.502  -44.239  -10.258 0.8000000119
32836  22.769  -44.571  -10.755 0.8000000119
32837  21.923  -44.797  -11.229 0.8000000119
32853  19.822  -44.060  -12.814 0.6999999881
32868  23.550  -44.699  -13.468 0.4000000060
32879  22.088  -44.187  -13.649 0.4000000060
32881  20.989  -43.960  -13.699 0.4000000060
33838  23.921  -43.222  -6.010 0.8999999762
33859  23.783  -43.848  -6.202 0.8999999762
33861  18.503  -43.491  -6.449 0.6999999881
33874  24.736  -43.510  -7.093 1.0000000000
33876  16.338  -43.972  -7.484 0.5000000000
33887  24.874  -43.571  -7.965 1.0000000000
33936  24.246  -43.530  -13.540 0.5000000000
33939  19.699  -43.599  -13.070 0.5000000000
33949  19.846  -43.194  -13.312 0.6000000238
35076  15.666  -41.363  -9.086 0.6000000238
35104  21.048  -42.601  -12.145 0.8000000119
35106  19.572  -42.760  -12.880 0.6999999881
36120  20.844  -41.659  -6.045 0.8999999762
36140  16.985  -39.979  -6.529 0.4000000060
36155  18.717  -40.906  -7.331 0.6999999881
36158  15.629  -40.135  -7.446 0.3000000119
36171  17.154  -40.006  -8.649 0.5000000000
36182  14.537  -39.689  -10.478 0.3000000119
36209  19.703  -41.231  -12.977 0.8999999762
37201  16.242  -40.842  -5.526 0.3000000119
37216  17.734  -39.292  -6.881 0.4000000060
37244  17.443  -39.079  -8.433 0.6999999881
37255  16.083  -38.805  -9.591 0.5000000000
37264  24.954  -40.490  -10.403 0.8999999762
37305  22.038  -40.631  -14.478 0.6000000238
38223  19.015  -39.325  -6.594 0.6000000238
38224  18.312  -39.237  -6.955 0.4000000060
38245  16.881  -38.569  -8.237 0.5000000000
38262  14.709  -38.424  -9.854 0.3000000119
38293  26.244  -39.200  -13.509 0.5000000000
39254  17.262  -38.674  -4.516 0.4000000060
40314  22.703  -37.324  -4.506 0.6999999881
40333  20.959  -38.170  -5.227 0.6999999881
40382  25.707  -37.410  -9.160 1.0000000000
40411  20.134  -36.495  -12.067 0.8999999762
40445  25.361  -37.770  -13.298 0.6000000238
40448  19.613  -37.093  -12.978 0.8999999762
40465  22.761  -37.940  -14.404 0.8000000119
41521  24.321  -36.831  -10.700 1.0000000000
41554  19.292  -35.759  -12.860 0.8999999762
42484  26.300  -35.200  -4.064 0.8000000119
42485  25.786  -35.290  -3.711 0.8000000119
42500  19.952  -35.234  -4.416 0.5000000000
42633  27.926  -35.145  -14.611 0.6000000238
43617  19.401  -34.249  -12.807 0.8999999762
43630  23.102  -34.102  -13.895 0.6999999881
43645  24.339  -34.672  -14.253 0.6999999881
44574  24.702  -33.920  -3.518 0.6000000238
44612  20.281  -32.904  -5.288 0.4000000060
44614  18.932  -33.345  -5.729 0.3000000119
44711  25.237  -33.575  -13.486 0.6999999881
44714  22.488  -33.594  -13.694 0.8000000119
44715  21.003  -33.253  -13.463 0.8999999762
45712  26.027  -32.720  -3.651 0.5000000000
45812  19.627  -32.539  -11.804 0.8999999762
45823  19.407  -32.633  -12.070 0.8999999762
45835  27.323  -32.474  -12.276 0.6000000238
45840  19.488  -32.714  -12.717 0.8999999762
45859  19.750  -32.678  -13.187 0.8999999762
46938  19.718  -31.700  -5.720 0.4000000060
46987  24.600  -31.323  -10.512 0.8999999762
47002  20.878  -31.797  -11.565 1.0000000000
47028  25.572  -31.897  -12.401 0.6999999881
47029  24.799  -31.646  -12.531 0.6999999881
47042  23.159  -31.377  -12.984 0.6999999881
47942  28.153  -30.915  -5.071 0.6999999881
48022  19.373  -30.310  -12.093 0.8999999762
48892  21.488  -29.587  -5.128 0.4000000060
48949  24.732  -29.282  -10.162 0.8000000119
48966  21.168  -29.530  -11.451 0.8999999762
48967  20.175  -29.139  -11.505 1.0000000000
48968  19.448  -29.375  -11.819 1.0000000000
48986  25.302  -29.342  -12.303 0.6999999881
48999  21.564  -29.041  -12.986 0.8000000119
49001  19.759  -29.267  -13.254 0.8000000119
50010  19.547  -28.472  -11.816 0.8999999762
50018  19.397  -28.266  -12.071 0.8999999762
50025  22.739  -28.488  -12.545 0.6999999881
50946  24.677  -27.727  -4.486 0.4000000060
51027  23.077  -27.699  -10.630 0.8999999762
51034  25.238  -27.237  -10.329 0.8000000119
51037  22.481  -27.002  -10.678 0.8999999762
51065  20.710  -27.284  -12.989 0.8000000119
51067  19.733  -27.751  -12.697 0.8000000119
51083  23.220  -26.603  -13.529 0.6000000238
52119  21.885  -26.314  -10.942 0.8999999762
52120  20.699  -26.527  -11.516 0.8999999762
52136  19.982  -26.972  -12.129 0.8999999762
52155  20.023  -26.987  -12.440 0.8999999762
52182  25.558  -26.464  -15.526 0.6000000238
53226  21.676  -25.138  -11.804 0.8999999762
53227  20.822  -25.231  -11.965 0.8999999762
53240  20.929  -25.066  -12.391 0.8999999762
53257  20.767  -25.631  -12.914 0.8000000119
53268  25.784  -25.335  -15.252 0.5000000000
53281  23.711  -24.825  -14.924 0.6000000238
54120  29.694  -24.805  -6.503 0.4000000060
54132  30.053  -24.530  -8.157 0.4000000060
54172  26.418  -24.431  -11.575 0.6999999881
54220  24.800  -24.741  -15.275 0.6000000238
55027  23.651  -22.908  -5.959 0.3000000119
55128  21.571  -23.472  -13.976 0.8000000119
56089  27.050  -22.586  -12.165 0.5000000000
56100  24.866  -22.635  -13.149 0.6999999881
56102  22.451  -22.969  -13.484 0.8000000119
56130  21.867  -22.228  -14.732 0.6999999881
57173  24.526  -21.969  -13.456 0.8000000119
57195  21.855  -21.330  -14.855 0.6000000238
57203  22.895  -21.785  -15.539 0.6000000238
57204  21.423  -20.358  -15.111 0.6000000238
58328  22.721  -20.570  -14.153 0.6000000238
58349  22.687  -20.920  -15.740 0.6000000238
58350  20.759  -19.405  -15.180 0.6000000238
58356  24.857  -19.951  -15.981 0.6000000238
58357  23.714  -20.092  -16.225 0.6000000238
58358  22.756  -20.198  -16.248 0.6000000238
58360  20.645  -19.600  -15.282 0.6000000238
59375  24.189  -19.254  -13.849 0.5000000000
59377  22.358  -18.989  -14.340 0.6000000238
59412  26.101  -18.926  -16.556 0.4000000060
59417  20.316  -18.758  -15.416 0.6000000238
60393  23.917  -18.505  -13.925 0.5000000000
60413  20.883  -17.911  -15.048 0.6000000238
60414  20.253  -18.438  -14.862 0.6000000238
60424  20.914  -18.094  -15.411 0.6000000238
60430  26.446  -17.517  -16.546 0.4000000060
60432  25.251  -18.463  -16.536 0.4000000060
61296  28.185  -17.234  -12.383 0.3000000119
61310  26.141  -17.385  -13.509 0.3000000119
61329  22.068  -17.754  -15.021 0.5000000000
62134  25.849  -16.704  -13.785 0.4000000060
62135  24.550  -16.708  -14.612 0.4000000060
62170  27.442  -17.156  -16.103 0.3000000119
62172  23.602  -16.991  -15.632 0.4000000060
62184  25.801  -16.456  -16.669 0.3000000119
62187  23.645  -16.976  -15.975 0.4000000060
63128  28.189  -16.021  -12.678 0.3000000119
63194  24.679  -15.664  -16.387 0.4000000060
121774  21.775  -49.115  -8.825 0.6000000238
123617  24.904  -42.920  -13.571 0.5000000000
124551  20.580  -28.977  -13.271 0.8000000119
124957  25.314  -15.557  -16.779 0.4000000060
125085  24.006  -36.145  -13.917 0.6999999881
126452  18.872  -42.781  -6.501 0.8000000119
126953  14.621  -48.460  -6.624 0.5000000000
127000  16.080  -49.953  -5.394 0.4000000060
127149  22.192  -44.868  -13.550 0.3000000119
127248  21.472  -34.914  -4.386 0.5000000000
127384  13.335  -49.493  -6.709 0.4000000060
128501  26.985  -31.742  -12.036 0.6000000238
128581  27.205  -32.122  -4.445 0.5000000000
128751  21.652  -33.892  -13.496 0.8999999762
128802  24.608  -38.130  -10.734 0.8999999762
130066  21.423  -42.113  -14.171 0.6000000238
130499  21.644  -23.073  -13.890 0.8000000119
131190  20.491  -41.813  -13.900 0.6000000238
131299  19.562  -30.617  -13.110 0.8999999762
133268  24.050  -22.847  -15.660 0.6000000238
133376  30.539  -18.970  -9.337 0.3000000119
133484  21.923  -41.977  -14.220 0.6000000238
133504  27.711  -24.603  -10.760 0.6000000238
134303  27.034  -27.983  -4.591 0.4000000060
134363  23.698  -25.489  -11.460 0.6999999881
134523  18.428  -52.387  -7.639 0.4000000060
134577  25.141  -28.556  -12.574 0.6000000238
134878  24.353  -39.931  -13.533 0.5000000000
135477  18.493  -47.071  -6.344 0.6000000238
136478  14.417  -45.778  -9.773 0.3000000119
137131  22.571  -26.930  -13.080 0.8000000119
137219  14.366  -47.072  -9.589 0.4000000060
137798  21.527  -47.884  -10.253 0.6000000238
138396  19.575  -36.129  -12.404 0.8999999762
139630  26.559  -26.464  -15.695 0.5000000000
139864  21.850  -18.785  -16.079 0.6000000238
140325  29.270  -24.426  -5.974 0.3000000119
141088  22.155  -31.888  -4.624 0.4000000060
141112  20.359  -52.025  -10.074 0.4000000060
141210  16.285  -53.241  -4.765 0.3000000119
141254  26.651  -19.796  -15.867 0.4000000060
141277  25.200  -41.068  -9.955 1.0000000000
141298  21.763  -23.301  -14.378 0.6999999881
141393  19.374  -33.236  -5.600 0.3000000119
141628  21.016  -51.589  -8.603 0.4000000060
141827  27.463  -22.168  -12.091 0.5000000000
141965  15.752  -38.780  -8.100 0.3000000119
142017  16.244  -48.182  -6.512 0.5000000000
142025  19.826  -51.862  -8.066 0.4000000060
142184  24.457  -36.756  -13.657 0.6000000238
142812  16.571  -53.281  -5.065 0.4000000060
142919  26.621  -34.067  -4.303 0.6999999881
143022  20.021  -34.584  -11.618 0.8999999762
143162  19.467  -31.115  -12.307 0.8999999762
144337  22.203  -28.831  -12.671 0.6999999881
144615  29.295  -24.002  -10.184 0.6000000238
145254  24.533  -33.216  -3.522 0.6000000238
145311  25.553  -41.646  -7.397 1.0000000000
145549  23.534  -23.981  -5.517 0.3000000119
145796  17.772  -39.097  -4.809 0.5000000000
146802  19.687  -48.205  -12.578 0.5000000000
147035  20.142  -44.520  -5.614 0.6999999881
147066  22.682  -18.792  -16.402 0.6000000238
