#!ascii label  , from subject sub-v2s18x29523_ses-1 vox2ras=TkReg
2002
56111  48.032  -20.071  68.167 0.0000000000
120593  38.456  -37.613  86.542 0.0000000000
36682  28.452  -41.635  89.829 0.0000000000
35825  23.380  -42.685  93.576 0.0000000000
119728  35.683  -39.061  91.150 0.0000000000
111584  34.225  -40.065  82.696 0.0000000000
109530  41.206  -29.536  74.436 0.0000000000
62148  55.367  -13.132  65.518 0.0000000000
47871  48.307  -29.559  81.901 0.0000000000
42016  41.544  -35.238  78.352 0.0000000000
131300  35.063  -35.128  74.928 0.0000000000
37455  29.894  -40.705  93.610 0.0000000000
108882  25.209  -41.489  90.952 0.0000000000
38297  26.032  -39.259  95.032 0.0000000000
36643  33.263  -41.538  91.884 0.0000000000
52387  50.424  -24.188  80.092 0.0000000000
43859  41.560  -33.854  90.431 0.0000000000
46865  42.550  -31.035  88.548 0.0000000000
47850  42.587  -29.313  83.327 0.0000000000
43919  37.337  -33.804  82.396 0.0000000000
41074  38.920  -37.090  76.239 0.0000000000
39299  38.416  -38.823  80.178 0.0000000000
37626  28.939  -40.647  80.874 0.0000000000
38497  29.818  -39.650  77.642 0.0000000000
59501  51.319  -16.320  66.600 0.0000000000
60455  50.208  -14.866  61.279 0.0000000000
36746  27.271  -41.494  84.327 0.0000000000
35110  24.982  -42.963  86.203 0.0000000000
37498  41.082  -40.223  88.943 0.0000000000
36752  39.278  -41.768  83.639 0.0000000000
36697  36.745  -41.309  88.500 0.0000000000
112710  31.746  -39.327  86.922 0.0000000000
52475  44.400  -24.260  70.959 0.0000000000
36555  25.011  -40.742  99.129 0.0000000000
32890  24.713  -46.389  96.801 0.0000000000
58555  54.722  -17.273  71.134 0.0000000000
55118  51.435  -21.243  72.688 0.0000000000
53304  47.882  -23.839  75.883 0.0000000000
47906  44.494  -29.461  78.840 0.0000000000
40132  45.756  -37.849  81.150 0.0000000000
49730  48.902  -26.772  85.381 0.0000000000
41941  44.829  -35.499  83.719 0.0000000000
37679  44.200  -41.002  76.549 0.0000000000
39379  40.673  -38.735  73.427 0.0000000000
39320  34.137  -38.692  78.942 0.0000000000
39168  29.584  -38.136  95.535 0.0000000000
38322  27.882  -39.337  93.734 0.0000000000
39156  27.831  -37.580  96.054 0.0000000000
38305  31.093  -39.761  94.626 0.0000000000
41859  41.341  -35.808  88.653 0.0000000000
42879  40.198  -34.292  87.431 0.0000000000
44878  39.625  -32.627  85.044 0.0000000000
42891  37.762  -34.916  84.695 0.0000000000
117080  36.565  -36.253  80.826 0.0000000000
40100  36.992  -37.430  83.679 0.0000000000
35954  27.019  -42.649  80.669 0.0000000000
123226  26.834  -42.459  78.565 0.0000000000
57731  49.403  -18.676  67.566 0.0000000000
59508  48.781  -16.833  65.154 0.0000000000
56964  47.111  -19.294  66.230 0.0000000000
37538  27.699  -40.677  87.316 0.0000000000
35939  26.210  -42.533  85.223 0.0000000000
36702  26.461  -41.638  88.134 0.0000000000
109960  23.690  -42.069  91.957 0.0000000000
35898  23.623  -43.063  89.159 0.0000000000
34419  22.641  -44.438  90.814 0.0000000000
33683  23.016  -45.753  91.920 0.0000000000
40919  39.165  -36.142  90.874 0.0000000000
38345  38.169  -39.795  90.335 0.0000000000
116650  39.415  -42.708  89.008 0.0000000000
108735  37.571  -42.606  91.533 0.0000000000
125229  30.770  -41.375  91.313 0.0000000000
37517  32.392  -40.151  89.157 0.0000000000
37536  29.954  -40.152  88.018 0.0000000000
38385  28.971  -39.717  85.638 0.0000000000
50715  42.291  -26.533  73.059 0.0000000000
124142  41.515  -26.572  69.274 0.0000000000
48000  41.892  -29.687  71.123 0.0000000000
31907  23.865  -46.790  97.305 0.0000000000
53318  49.103  -22.917  74.039 0.0000000000
128906  51.723  -22.609  76.258 0.0000000000
50633  49.234  -26.123  81.256 0.0000000000
50658  47.264  -26.356  79.421 0.0000000000
47884  46.201  -29.891  80.572 0.0000000000
43954  44.245  -33.547  79.907 0.0000000000
44937  46.202  -32.804  81.594 0.0000000000
44941  40.874  -33.063  80.940 0.0000000000
131454  43.731  -31.408  81.813 0.0000000000
41008  42.629  -36.165  81.597 0.0000000000
39297  44.846  -38.869  80.595 0.0000000000
40171  43.246  -37.708  77.253 0.0000000000
38539  42.006  -40.029  74.154 0.0000000000
39347  41.168  -38.909  74.994 0.0000000000
41106  37.735  -36.592  72.913 0.0000000000
37593  35.995  -40.626  83.286 0.0000000000
37636  36.162  -40.415  81.063 0.0000000000
37637  34.156  -40.243  81.022 0.0000000000
39348  29.876  -37.986  76.004 0.0000000000
63076  57.973  -12.600  62.628 0.0000000000
63071  55.005  -12.087  63.133 0.0000000000
35841  28.991  -41.722  91.804 0.0000000000
35877  26.951  -41.985  90.488 0.0000000000
36630  27.712  -41.071  91.780 0.0000000000
37471  26.119  -39.926  92.336 0.0000000000
37445  24.617  -40.687  94.699 0.0000000000
38331  33.655  -39.310  93.001 0.0000000000
125716  35.251  -42.143  93.389 0.0000000000
36596  33.054  -41.610  94.281 0.0000000000
122365  31.049  -41.471  93.467 0.0000000000
54190  53.068  -22.584  79.186 0.0000000000
127702  50.369  -26.490  83.139 0.0000000000
118607  42.218  -30.181  85.894 0.0000000000
45933  39.653  -31.460  82.462 0.0000000000
42965  38.965  -33.822  79.962 0.0000000000
42045  40.216  -35.560  76.215 0.0000000000
42000  38.005  -35.002  78.972 0.0000000000
40160  38.560  -37.544  77.775 0.0000000000
41063  36.719  -37.266  77.182 0.0000000000
37608  31.497  -40.112  81.752 0.0000000000
37651  31.878  -40.472  79.983 0.0000000000
37653  29.821  -40.670  79.728 0.0000000000
61265  53.686  -14.639  66.449 0.0000000000
62164  52.716  -13.074  63.587 0.0000000000
60439  50.348  -15.151  64.429 0.0000000000
35909  24.944  -42.524  88.646 0.0000000000
40040  41.314  -36.870  89.836 0.0000000000
38367  40.483  -39.432  87.588 0.0000000000
111233  39.096  -40.356  84.728 0.0000000000
35925  40.496  -42.146  86.266 0.0000000000
36722  37.575  -41.515  85.990 0.0000000000
122442  35.312  -40.063  85.055 0.0000000000
36679  34.877  -40.939  90.029 0.0000000000
37552  34.083  -39.729  86.995 0.0000000000
38392  33.134  -39.396  84.609 0.0000000000
38424  29.941  -39.495  83.510 0.0000000000
37596  28.243  -40.396  83.510 0.0000000000
54281  46.654  -22.465  69.777 0.0000000000
55190  45.280  -21.349  66.536 0.0000000000
119408  43.259  -23.714  67.569 0.0000000000
114777  25.620  -39.306  97.851 0.0000000000
35796  24.149  -42.181  96.451 0.0000000000
35046  24.708  -43.705  97.956 0.0000000000
34393  23.502  -44.480  95.068 0.0000000000
60406  54.564  -15.236  68.530 0.0000000000
59468  52.898  -16.689  69.087 0.0000000000
109539  51.046  -18.967  69.996 0.0000000000
56081  49.410  -21.019  70.372 0.0000000000
54247  47.868  -22.847  72.129 0.0000000000
52460  46.129  -24.091  73.357 0.0000000000
50692  44.268  -26.259  75.545 0.0000000000
52412  49.154  -24.079  77.863 0.0000000000
50669  45.684  -26.265  77.597 0.0000000000
47945  43.052  -29.137  76.942 0.0000000000
43968  42.812  -33.525  77.925 0.0000000000
40158  45.747  -37.594  78.907 0.0000000000
47837  49.839  -29.325  84.157 0.0000000000
49756  45.361  -27.619  83.744 0.0000000000
46941  46.611  -30.646  83.529 0.0000000000
44917  47.250  -32.980  83.514 0.0000000000
40098  46.439  -38.101  84.076 0.0000000000
36772  46.662  -41.452  80.409 0.0000000000
39370  39.398  -38.156  73.477 0.0000000000
38437  38.936  -40.697  81.695 0.0000000000
38483  37.170  -38.962  78.974 0.0000000000
41066  33.727  -36.765  77.219 0.0000000000
39322  31.981  -39.130  78.385 0.0000000000
40193  31.848  -37.285  76.735 0.0000000000
39155  28.932  -37.517  96.023 0.0000000000
39992  28.295  -36.963  96.399 0.0000000000
40961  39.787  -36.852  87.479 0.0000000000
42872  40.694  -35.117  88.121 0.0000000000
130438  39.207  -35.349  86.875 0.0000000000
42889  38.928  -34.178  86.030 0.0000000000
41905  38.174  -35.631  85.796 0.0000000000
40988  37.021  -36.396  83.845 0.0000000000
40083  37.484  -37.171  85.334 0.0000000000
56955  49.063  -19.314  68.045 0.0000000000
57739  48.328  -18.637  66.634 0.0000000000
56112  47.456  -19.934  67.558 0.0000000000
36700  28.508  -41.078  88.784 0.0000000000
36716  27.058  -41.142  87.712 0.0000000000
36701  27.191  -41.524  88.724 0.0000000000
35843  23.218  -42.716  92.522 0.0000000000
35083  23.110  -42.982  90.959 0.0000000000
111931  22.946  -43.194  91.839 0.0000000000
33684  22.699  -45.135  91.302 0.0000000000
34407  22.861  -44.475  92.972 0.0000000000
39202  34.979  -37.637  91.735 0.0000000000
39201  35.462  -38.010  90.909 0.0000000000
40043  37.039  -37.870  89.897 0.0000000000
38346  37.603  -40.303  91.135 0.0000000000
37478  38.244  -41.705  91.318 0.0000000000
37480  36.760  -41.294  92.203 0.0000000000
36681  29.763  -41.427  89.947 0.0000000000
36680  30.464  -40.892  89.914 0.0000000000
37520  29.226  -40.613  88.414 0.0000000000
37537  29.191  -40.212  87.496 0.0000000000
49874  41.455  -27.723  73.348 0.0000000000
49890  40.795  -27.804  71.587 0.0000000000
47068  40.785  -29.623  72.682 0.0000000000
55085  54.146  -21.597  75.849 0.0000000000
54213  51.789  -22.411  75.570 0.0000000000
54206  53.076  -22.300  76.667 0.0000000000
119208  48.568  -28.230  81.603 0.0000000000
48861  47.449  -28.605  80.937 0.0000000000
116132  46.945  -30.193  81.242 0.0000000000
45955  46.197  -31.396  81.061 0.0000000000
45942  47.028  -31.577  81.744 0.0000000000
42963  41.153  -34.675  80.706 0.0000000000
41974  41.717  -35.115  81.241 0.0000000000
41997  42.075  -35.735  80.092 0.0000000000
41045  43.085  -36.868  79.035 0.0000000000
41060  42.461  -36.333  77.697 0.0000000000
117292  42.579  -38.415  75.886 0.0000000000
40189  41.856  -36.715  76.029 0.0000000000
37594  35.032  -40.309  82.986 0.0000000000
130567  34.491  -40.292  81.552 0.0000000000
37620  33.845  -40.247  81.475 0.0000000000
124678  56.389  -11.973  64.010 0.0000000000
63055  55.615  -12.346  64.668 0.0000000000
36611  29.754  -41.158  93.017 0.0000000000
36629  28.475  -41.489  91.863 0.0000000000
37456  29.193  -40.740  93.132 0.0000000000
38310  26.983  -38.996  94.282 0.0000000000
38323  27.095  -39.382  93.575 0.0000000000
38311  26.126  -39.427  93.943 0.0000000000
37460  24.833  -40.609  93.741 0.0000000000
37444  25.134  -39.997  95.156 0.0000000000
39176  32.969  -38.281  94.255 0.0000000000
124585  33.192  -40.530  94.128 0.0000000000
38304  32.276  -39.968  94.311 0.0000000000
37441  30.806  -40.352  94.364 0.0000000000
36598  31.129  -41.109  94.117 0.0000000000
36610  30.456  -41.142  93.534 0.0000000000
36627  30.245  -41.471  92.269 0.0000000000
45833  42.501  -31.955  89.045 0.0000000000
46849  42.830  -30.673  89.690 0.0000000000
46879  42.969  -30.181  88.268 0.0000000000
47817  43.456  -29.568  87.859 0.0000000000
46894  42.369  -30.369  86.934 0.0000000000
44890  38.743  -32.991  83.988 0.0000000000
44888  39.986  -31.981  84.580 0.0000000000
44923  38.564  -32.496  82.601 0.0000000000
44957  38.833  -32.631  80.836 0.0000000000
43931  37.985  -32.970  81.227 0.0000000000
42981  38.396  -34.402  79.457 0.0000000000
42967  37.426  -34.411  80.531 0.0000000000
40136  36.770  -37.150  80.725 0.0000000000
41033  37.408  -36.434  79.273 0.0000000000
40161  38.177  -37.553  78.951 0.0000000000
40174  38.211  -38.134  77.729 0.0000000000
39316  38.353  -38.663  78.856 0.0000000000
37625  29.886  -40.187  81.174 0.0000000000
37641  30.632  -40.376  80.625 0.0000000000
37643  29.065  -41.037  80.095 0.0000000000
60430  52.506  -15.324  66.459 0.0000000000
61273  51.935  -14.893  65.380 0.0000000000
60435  50.755  -15.655  65.252 0.0000000000
59520  48.238  -16.350  63.649 0.0000000000
35948  27.464  -42.384  83.358 0.0000000000
35944  27.261  -42.272  84.025 0.0000000000
35860  26.350  -41.934  90.784 0.0000000000
35895  26.421  -42.284  89.742 0.0000000000
35896  25.420  -42.346  89.559 0.0000000000
34431  23.103  -44.449  88.272 0.0000000000
35104  23.451  -43.872  87.750 0.0000000000
40052  40.208  -37.893  89.514 0.0000000000
40041  40.688  -37.012  90.052 0.0000000000
39217  41.187  -38.558  89.128 0.0000000000
39228  41.316  -38.441  88.956 0.0000000000
38358  41.199  -39.871  88.637 0.0000000000
38378  40.454  -40.470  87.067 0.0000000000
36711  40.820  -42.081  87.645 0.0000000000
35907  38.469  -42.430  88.764 0.0000000000
36713  38.473  -42.230  87.545 0.0000000000
36714  37.589  -41.600  87.025 0.0000000000
37549  36.689  -40.907  85.739 0.0000000000
128475  36.233  -40.699  87.158 0.0000000000
35838  34.506  -42.420  93.285 0.0000000000
35855  35.726  -42.540  92.412 0.0000000000
36642  34.258  -41.714  91.596 0.0000000000
38360  32.258  -39.793  88.346 0.0000000000
37516  33.083  -39.830  88.625 0.0000000000
38382  32.479  -39.281  86.668 0.0000000000
38381  33.441  -39.441  86.352 0.0000000000
38394  31.660  -39.123  85.388 0.0000000000
38408  31.157  -39.292  84.067 0.0000000000
109154  30.927  -39.287  84.973 0.0000000000
37584  28.233  -40.020  85.141 0.0000000000
38426  28.575  -39.924  84.318 0.0000000000
37585  27.669  -40.932  83.984 0.0000000000
53349  45.780  -23.144  70.267 0.0000000000
54283  44.939  -22.838  69.171 0.0000000000
53363  43.566  -23.825  69.214 0.0000000000
50781  42.677  -26.219  67.494 0.0000000000
37415  25.354  -39.983  98.329 0.0000000000
37424  24.692  -40.773  96.591 0.0000000000
36583  24.674  -41.669  97.192 0.0000000000
33642  24.660  -45.590  97.658 0.0000000000
34388  24.774  -45.275  96.956 0.0000000000
34392  24.208  -44.582  96.138 0.0000000000
33660  24.282  -45.372  95.717 0.0000000000
113938  23.580  -45.849  94.115 0.0000000000
32910  24.490  -47.037  95.155 0.0000000000
130295  56.727  -14.271  68.011 0.0000000000
59466  54.425  -16.186  69.868 0.0000000000
58556  53.427  -17.331  70.236 0.0000000000
57708  52.104  -17.566  69.427 0.0000000000
58557  52.936  -17.779  70.272 0.0000000000
56039  52.268  -20.540  72.437 0.0000000000
56079  50.906  -20.124  71.060 0.0000000000
55131  50.292  -21.270  71.715 0.0000000000
55133  48.755  -21.968  71.187 0.0000000000
55120  49.812  -21.878  72.234 0.0000000000
53311  48.511  -23.508  75.281 0.0000000000
129017  47.874  -23.522  74.132 0.0000000000
52443  46.867  -24.006  74.809 0.0000000000
51560  45.105  -25.085  74.783 0.0000000000
51552  45.227  -25.351  75.551 0.0000000000
53278  51.659  -23.318  79.139 0.0000000000
53279  50.814  -23.584  78.682 0.0000000000
52398  50.156  -23.910  79.193 0.0000000000
49797  45.868  -27.888  79.339 0.0000000000
50659  46.507  -26.561  78.851 0.0000000000
49811  44.990  -27.735  78.325 0.0000000000
48913  44.006  -27.943  77.069 0.0000000000
47922  43.464  -29.496  77.622 0.0000000000
45978  42.507  -31.723  77.440 0.0000000000
45969  43.153  -31.663  78.207 0.0000000000
41982  44.621  -35.822  80.485 0.0000000000
41995  44.153  -35.403  79.546 0.0000000000
40146  45.518  -37.735  79.979 0.0000000000
38453  47.958  -39.956  81.782 0.0000000000
48801  49.679  -28.522  84.496 0.0000000000
47838  43.269  -28.739  84.900 0.0000000000
49734  44.789  -27.602  85.265 0.0000000000
48820  44.013  -28.541  82.860 0.0000000000
43916  43.883  -33.906  82.709 0.0000000000
45930  45.025  -31.715  82.750 0.0000000000
44918  45.629  -32.670  83.471 0.0000000000
45914  47.499  -32.192  83.779 0.0000000000
43905  46.543  -34.026  84.019 0.0000000000
41938  46.594  -34.831  83.854 0.0000000000
40986  45.833  -37.068  84.035 0.0000000000
39314  44.451  -39.649  78.040 0.0000000000
38465  45.793  -40.516  80.258 0.0000000000
116251  45.387  -41.082  77.901 0.0000000000
37668  46.066  -41.272  77.969 0.0000000000
38503  45.369  -40.603  76.438 0.0000000000
38511  44.412  -40.497  75.419 0.0000000000
39367  40.826  -39.730  73.710 0.0000000000
40222  42.236  -38.729  73.392 0.0000000000
42046  39.766  -36.006  76.062 0.0000000000
41084  39.727  -37.183  75.260 0.0000000000
40203  39.066  -37.500  74.684 0.0000000000
41119  38.319  -36.802  72.384 0.0000000000
36751  39.534  -41.498  83.851 0.0000000000
117587  38.715  -40.100  83.330 0.0000000000
37601  39.193  -41.132  82.147 0.0000000000
38470  35.024  -39.651  79.966 0.0000000000
37648  37.657  -40.048  79.972 0.0000000000
39308  35.816  -39.179  79.375 0.0000000000
40162  35.645  -38.048  78.369 0.0000000000
40163  34.583  -38.001  78.459 0.0000000000
37663  30.704  -40.348  79.129 0.0000000000
38474  32.122  -40.136  79.537 0.0000000000
38496  30.523  -39.506  77.935 0.0000000000
40194  30.550  -37.721  76.403 0.0000000000
41079  32.034  -36.571  76.142 0.0000000000
62172  51.565  -13.581  62.807 0.0000000000
62171  52.350  -13.152  62.620 0.0000000000
55198  44.855  -21.240  64.849 0.0000000000
38307  29.940  -39.310  94.626 0.0000000000
37443  29.335  -40.107  93.775 0.0000000000
39179  28.694  -38.712  94.718 0.0000000000
39170  27.883  -38.309  95.328 0.0000000000
39157  27.112  -38.215  96.247 0.0000000000
38293  30.766  -38.903  95.021 0.0000000000
42848  42.362  -34.694  90.065 0.0000000000
44820  42.392  -33.225  89.961 0.0000000000
42864  42.126  -34.562  89.294 0.0000000000
44846  41.955  -33.250  88.687 0.0000000000
44856  41.410  -32.845  87.833 0.0000000000
44866  41.070  -32.090  86.858 0.0000000000
43889  39.938  -33.054  86.421 0.0000000000
43891  38.648  -33.841  85.108 0.0000000000
42916  37.242  -34.340  83.182 0.0000000000
42933  36.750  -34.797  81.834 0.0000000000
41943  36.926  -35.742  83.437 0.0000000000
41001  36.591  -36.557  82.354 0.0000000000
40122  37.021  -38.148  82.049 0.0000000000
36767  28.233  -41.082  81.590 0.0000000000
36779  28.280  -41.408  79.846 0.0000000000
114256  27.171  -42.274  79.910 0.0000000000
58593  50.287  -17.368  66.669 0.0000000000
58600  49.971  -17.024  66.024 0.0000000000
58594  49.546  -17.675  66.462 0.0000000000
57744  48.000  -18.226  65.929 0.0000000000
36735  27.016  -40.852  85.756 0.0000000000
36747  26.791  -42.029  84.673 0.0000000000
36724  26.371  -41.360  86.258 0.0000000000
36718  25.760  -41.773  86.667 0.0000000000
35917  25.309  -42.178  87.040 0.0000000000
35861  24.346  -41.687  91.437 0.0000000000
35879  24.364  -42.239  90.242 0.0000000000
35862  23.752  -42.297  90.955 0.0000000000
35095  22.836  -43.817  89.740 0.0000000000
32934  23.397  -46.779  90.779 0.0000000000
124391  38.672  -38.189  89.543 0.0000000000
38353  39.633  -40.382  89.766 0.0000000000
36676  39.988  -42.107  89.376 0.0000000000
36657  39.361  -42.113  90.006 0.0000000000
111693  38.139  -42.590  90.511 0.0000000000
36677  36.926  -41.843  89.573 0.0000000000
110423  31.628  -41.213  91.322 0.0000000000
36663  32.628  -40.969  91.067 0.0000000000
37505  31.607  -40.444  89.772 0.0000000000
37518  31.569  -40.062  88.842 0.0000000000
38371  30.660  -39.682  87.509 0.0000000000
38396  29.804  -39.534  85.890 0.0000000000
37553  29.241  -39.861  86.567 0.0000000000
37554  28.322  -40.020  86.071 0.0000000000
51577  43.452  -25.225  72.213 0.0000000000
52477  42.658  -24.966  70.350 0.0000000000
50734  41.716  -26.277  71.445 0.0000000000
123289  41.040  -27.467  70.291 0.0000000000
33630  24.113  -45.674  98.227 0.0000000000
32891  24.457  -46.643  97.071 0.0000000000
31923  24.343  -47.371  95.593 0.0000000000
31917  24.160  -47.185  96.612 0.0000000000
55105  52.393  -21.379  73.814 0.0000000000
54232  50.757  -22.162  73.720 0.0000000000
54223  51.326  -22.149  74.287 0.0000000000
54214  50.560  -22.786  75.152 0.0000000000
53302  49.519  -23.451  76.413 0.0000000000
52374  49.887  -24.842  80.545 0.0000000000
51502  49.137  -25.142  79.927 0.0000000000
49780  48.047  -26.813  80.572 0.0000000000
49782  46.528  -27.801  79.833 0.0000000000
129510  44.907  -29.876  79.560 0.0000000000
45963  44.283  -31.819  79.513 0.0000000000
45957  44.951  -32.051  80.235 0.0000000000
43941  44.698  -33.696  80.571 0.0000000000
41006  45.494  -36.040  81.776 0.0000000000
46960  41.525  -30.690  81.511 0.0000000000
47873  42.910  -30.051  81.591 0.0000000000
44940  41.896  -33.052  81.441 0.0000000000
42931  42.627  -34.746  82.099 0.0000000000
41000  43.044  -35.995  82.141 0.0000000000
40108  44.252  -37.322  82.855 0.0000000000
40134  43.610  -37.527  80.730 0.0000000000
39306  44.152  -38.409  78.834 0.0000000000
38504  43.700  -40.670  76.573 0.0000000000
37696  42.860  -40.725  75.111 0.0000000000
38512  42.105  -40.389  75.382 0.0000000000
38513  41.398  -40.128  74.958 0.0000000000
39356  40.548  -39.321  73.880 0.0000000000
41086  37.944  -36.670  75.210 0.0000000000
41095  38.533  -37.136  74.403 0.0000000000
42063  37.518  -36.163  73.802 0.0000000000
41121  36.928  -36.339  72.302 0.0000000000
126252  36.069  -36.440  71.283 0.0000000000
36754  37.186  -41.116  83.255 0.0000000000
36760  37.493  -41.079  81.860 0.0000000000
108974  36.426  -40.672  81.840 0.0000000000
117426  34.941  -40.259  81.151 0.0000000000
38471  34.100  -39.734  79.965 0.0000000000
130341  29.807  -38.827  76.842 0.0000000000
39350  28.684  -38.855  75.531 0.0000000000
112025  58.430  -12.138  64.240 0.0000000000
111704  56.043  -12.044  62.939 0.0000000000
123692  55.365  -12.759  61.602 0.0000000000
36666  28.909  -42.090  90.693 0.0000000000
35893  28.212  -41.980  90.587 0.0000000000
35875  28.423  -42.136  91.012 0.0000000000
36648  27.968  -41.706  91.298 0.0000000000
36649  27.098  -41.379  91.181 0.0000000000
37457  27.715  -39.874  93.060 0.0000000000
37470  27.259  -40.290  92.377 0.0000000000
36632  25.548  -40.428  91.860 0.0000000000
130998  24.856  -40.963  92.374 0.0000000000
36613  24.393  -41.296  93.209 0.0000000000
35824  23.842  -41.994  93.892 0.0000000000
125398  34.350  -39.226  92.308 0.0000000000
37481  35.982  -40.936  92.630 0.0000000000
37452  34.683  -41.042  93.514 0.0000000000
36606  34.215  -41.968  94.031 0.0000000000
35822  33.275  -42.194  93.822 0.0000000000
37439  32.088  -40.724  94.444 0.0000000000
36609  31.889  -41.580  93.969 0.0000000000
36625  32.281  -41.780  92.903 0.0000000000
36645  31.208  -41.496  92.229 0.0000000000
36646  30.151  -41.567  91.503 0.0000000000
46011  41.421  -31.834  75.298 0.0000000000
46037  41.387  -31.183  73.689 0.0000000000
45025  42.390  -32.748  74.458 0.0000000000
54196  53.879  -22.221  77.859 0.0000000000
52361  50.980  -23.861  81.180 0.0000000000
52362  50.431  -24.692  81.702 0.0000000000
126139  50.130  -26.079  82.309 0.0000000000
48847  49.388  -28.388  82.308 0.0000000000
47829  43.270  -29.129  86.046 0.0000000000
47840  42.130  -29.668  83.980 0.0000000000
45885  41.149  -31.195  85.622 0.0000000000
45900  41.027  -30.929  84.655 0.0000000000
46929  41.362  -30.199  83.001 0.0000000000
121650  40.316  -32.107  80.894 0.0000000000
43942  40.008  -33.854  80.435 0.0000000000
42979  40.032  -34.509  79.165 0.0000000000
42017  40.803  -34.912  77.651 0.0000000000
42996  39.253  -34.576  78.330 0.0000000000
43010  38.887  -34.871  77.889 0.0000000000
41062  38.775  -36.589  77.251 0.0000000000
41034  37.004  -35.802  79.907 0.0000000000
41047  38.349  -36.441  77.903 0.0000000000
121276  38.739  -37.261  77.008 0.0000000000
41075  37.941  -37.084  76.133 0.0000000000
113981  36.935  -36.840  76.500 0.0000000000
127075  35.551  -36.121  76.385 0.0000000000
125021  32.660  -39.945  82.214 0.0000000000
37622  32.641  -40.351  81.176 0.0000000000
37623  31.973  -40.432  81.160 0.0000000000
127913  30.436  -40.493  79.550 0.0000000000
37664  29.798  -40.598  78.957 0.0000000000
114060  28.175  -41.402  79.220 0.0000000000
37665  28.847  -40.736  78.522 0.0000000000
61271  54.140  -14.202  65.981 0.0000000000
62155  54.007  -13.171  64.862 0.0000000000
126784  52.975  -13.858  65.068 0.0000000000
62165  51.568  -13.862  63.767 0.0000000000
61291  49.759  -14.890  63.033 0.0000000000
59512  49.183  -16.233  64.698 0.0000000000
60445  49.179  -15.470  63.404 0.0000000000
36683  26.655  -41.950  89.096 0.0000000000
35908  25.838  -42.198  88.639 0.0000000000
35930  24.673  -42.684  86.969 0.0000000000
35910  24.261  -42.849  88.664 0.0000000000
35103  24.013  -43.340  87.356 0.0000000000
42849  41.979  -34.905  90.402 0.0000000000
40935  41.641  -36.466  89.547 0.0000000000
40067  40.985  -37.657  88.311 0.0000000000
40076  39.288  -37.647  87.175 0.0000000000
39250  38.224  -38.495  85.972 0.0000000000
38379  39.707  -39.555  86.816 0.0000000000
37565  40.200  -41.659  85.602 0.0000000000
36742  39.614  -41.930  84.533 0.0000000000
118466  40.019  -42.716  87.630 0.0000000000
35927  39.614  -42.545  86.009 0.0000000000
36744  38.566  -41.874  84.217 0.0000000000
36734  37.511  -41.425  85.004 0.0000000000
37581  35.764  -40.401  84.455 0.0000000000
37582  34.959  -40.045  84.358 0.0000000000
36621  36.327  -42.240  92.694 0.0000000000
36659  36.526  -42.281  90.603 0.0000000000
36678  35.934  -41.282  89.689 0.0000000000
37490  34.026  -40.574  89.941 0.0000000000
37515  34.548  -40.092  88.464 0.0000000000
37514  35.342  -40.366  88.152 0.0000000000
37551  34.983  -40.007  86.723 0.0000000000
112304  34.641  -39.797  85.174 0.0000000000
38406  33.300  -39.617  83.578 0.0000000000
38422  32.501  -39.595  83.031 0.0000000000
38440  30.842  -39.557  82.619 0.0000000000
37609  29.713  -39.722  82.666 0.0000000000
119291  29.530  -39.509  85.120 0.0000000000
38425  29.041  -39.825  83.514 0.0000000000
37610  28.229  -40.757  82.529 0.0000000000
36761  27.788  -41.470  82.370 0.0000000000
55170  47.513  -21.328  69.042 0.0000000000
55180  46.350  -21.154  67.876 0.0000000000
55172  45.949  -21.779  68.338 0.0000000000
52488  42.223  -24.987  68.746 0.0000000000
51643  42.843  -25.492  66.979 0.0000000000
47066  42.459  -30.725  72.176 0.0000000000
40852  27.658  -36.399  96.341 0.0000000000
39143  26.886  -37.619  96.981 0.0000000000
127980  26.579  -38.191  97.232 0.0000000000
38288  26.038  -38.748  97.474 0.0000000000
122385  25.507  -39.547  95.857 0.0000000000
37432  24.543  -40.719  95.634 0.0000000000
36589  24.201  -41.350  95.180 0.0000000000
35809  23.529  -42.727  94.627 0.0000000000
35774  24.725  -42.896  98.371 0.0000000000
116329  24.226  -42.986  96.732 0.0000000000
35059  23.589  -43.577  95.388 0.0000000000
35066  23.270  -43.573  94.345 0.0000000000
33675  23.211  -45.346  93.716 0.0000000000
62135  57.085  -13.488  66.944 0.0000000000
130255  55.281  -14.305  66.908 0.0000000000
61254  53.993  -14.806  67.076 0.0000000000
60417  52.753  -15.566  67.247 0.0000000000
60396  55.799  -15.269  69.641 0.0000000000
59477  53.299  -16.163  68.730 0.0000000000
59487  52.293  -16.156  67.729 0.0000000000
58583  51.222  -17.247  67.938 0.0000000000
57719  50.230  -18.565  68.465 0.0000000000
127739  49.729  -19.569  69.192 0.0000000000
127033  51.982  -18.810  70.474 0.0000000000
56924  50.535  -19.684  70.298 0.0000000000
56094  48.569  -21.001  69.514 0.0000000000
55160  48.258  -21.515  69.877 0.0000000000
54267  47.464  -22.593  70.668 0.0000000000
53341  46.226  -23.517  71.291 0.0000000000
54234  48.770  -22.780  73.201 0.0000000000
116958  47.232  -23.434  72.683 0.0000000000
52467  45.243  -24.185  72.051 0.0000000000
125565  43.596  -25.521  73.157 0.0000000000
50704  43.245  -26.537  74.398 0.0000000000
49846  42.721  -27.761  75.182 0.0000000000
54197  52.287  -22.703  77.772 0.0000000000
53290  49.849  -23.590  77.360 0.0000000000
52425  48.095  -24.076  76.762 0.0000000000
51514  48.159  -25.183  78.730 0.0000000000
51526  47.132  -25.253  77.740 0.0000000000
52415  46.653  -24.968  76.927 0.0000000000
50682  44.662  -26.375  76.352 0.0000000000
48931  43.059  -28.106  75.896 0.0000000000
47960  42.051  -29.334  75.750 0.0000000000
45994  41.536  -31.723  76.032 0.0000000000
43998  42.299  -33.631  76.490 0.0000000000
43967  43.264  -33.904  78.629 0.0000000000
42015  43.706  -35.368  78.195 0.0000000000
49752  50.571  -27.721  83.744 0.0000000000
47857  49.518  -29.706  83.425 0.0000000000
49744  46.744  -27.080  84.103 0.0000000000
47860  44.897  -29.689  82.305 0.0000000000
48835  45.969  -28.736  82.833 0.0000000000
48817  47.452  -28.630  83.645 0.0000000000
47847  48.818  -30.242  84.204 0.0000000000
45912  48.476  -31.271  83.730 0.0000000000
46956  48.370  -31.190  82.824 0.0000000000
44936  47.149  -32.938  82.703 0.0000000000
41972  46.336  -35.959  83.368 0.0000000000
40117  46.555  -38.793  83.008 0.0000000000
39287  45.020  -39.069  82.019 0.0000000000
38445  46.266  -40.257  82.084 0.0000000000
37615  47.321  -40.681  82.102 0.0000000000
37645  48.130  -41.394  80.320 0.0000000000
128546  43.226  -39.316  73.946 0.0000000000
113458  43.835  -37.666  73.187 0.0000000000
41072  41.020  -36.461  75.677 0.0000000000
127875  40.338  -38.365  74.663 0.0000000000
39369  39.882  -38.574  73.532 0.0000000000
40224  38.906  -37.700  73.162 0.0000000000
40223  39.329  -38.014  73.129 0.0000000000
39260  37.739  -38.715  84.496 0.0000000000
39277  38.273  -39.508  82.136 0.0000000000
39288  38.549  -39.668  80.560 0.0000000000
37618  38.475  -40.682  81.161 0.0000000000
38457  38.299  -39.889  79.960 0.0000000000
38481  38.347  -39.096  79.287 0.0000000000
39318  36.787  -38.318  78.293 0.0000000000
41064  35.744  -37.055  77.438 0.0000000000
42049  34.163  -35.743  76.173 0.0000000000
37650  32.477  -40.390  80.191 0.0000000000
38473  32.738  -40.069  79.722 0.0000000000
39321  32.783  -38.906  78.527 0.0000000000
131363  30.456  -38.644  77.196 0.0000000000
39331  32.189  -38.440  77.894 0.0000000000
39330  32.813  -38.168  77.978 0.0000000000
40192  32.744  -36.894  76.843 0.0000000000
41089  33.247  -35.784  75.897 0.0000000000
62163  53.449  -12.694  63.585 0.0000000000
63087  53.832  -12.691  61.915 0.0000000000
62191  53.712  -13.604  60.831 0.0000000000
56123  45.870  -20.639  66.460 0.0000000000
40968  38.924  -36.739  86.883 0.0000000000
41874  39.449  -36.017  87.221 0.0000000000
41889  38.743  -35.884  86.539 0.0000000000
40969  38.043  -36.667  86.129 0.0000000000
40082  37.804  -37.643  85.951 0.0000000000
56957  48.090  -19.602  67.619 0.0000000000
36715  27.813  -41.097  88.229 0.0000000000
120169  27.859  -41.454  89.114 0.0000000000
114900  22.895  -43.544  92.553 0.0000000000
34413  22.703  -43.998  92.069 0.0000000000
126327  34.898  -38.604  91.546 0.0000000000
39210  36.278  -38.450  90.473 0.0000000000
38337  36.682  -39.658  91.053 0.0000000000
131566  37.004  -40.633  91.594 0.0000000000
113767  36.248  -40.248  91.783 0.0000000000
122839  29.203  -41.726  90.109 0.0000000000
36699  29.192  -41.141  89.360 0.0000000000
47980  40.978  -29.096  73.784 0.0000000000
48967  40.858  -28.503  73.043 0.0000000000
47970  40.855  -29.941  73.795 0.0000000000
54205  53.882  -21.919  76.579 0.0000000000
54195  54.483  -21.724  77.270 0.0000000000
48848  48.772  -29.013  82.030 0.0000000000
48849  48.107  -28.807  81.459 0.0000000000
47872  47.760  -30.132  81.756 0.0000000000
46957  47.470  -30.983  81.822 0.0000000000
41998  41.550  -35.223  79.462 0.0000000000
41984  41.553  -35.204  80.535 0.0000000000
120123  42.139  -35.710  79.004 0.0000000000
41046  42.573  -36.299  78.553 0.0000000000
42031  42.086  -35.781  77.977 0.0000000000
41061  41.981  -36.047  76.968 0.0000000000
37604  34.566  -40.273  82.138 0.0000000000
37605  33.688  -40.179  81.936 0.0000000000
124873  56.329  -12.655  65.521 0.0000000000
38296  27.045  -38.689  95.273 0.0000000000
131653  25.590  -39.657  94.569 0.0000000000
40011  33.536  -37.271  95.017 0.0000000000
38303  32.593  -39.396  94.002 0.0000000000
39177  32.211  -38.756  94.434 0.0000000000
37442  30.068  -40.077  94.224 0.0000000000
37454  30.492  -40.728  93.990 0.0000000000
45848  42.217  -31.686  88.332 0.0000000000
45832  42.642  -31.351  89.396 0.0000000000
46864  42.911  -30.465  89.060 0.0000000000
46880  42.587  -30.510  87.762 0.0000000000
45867  42.077  -31.079  87.547 0.0000000000
43907  38.242  -33.177  83.362 0.0000000000
44905  38.787  -32.633  83.438 0.0000000000
43918  37.874  -33.068  82.256 0.0000000000
43932  37.460  -33.559  81.621 0.0000000000
43945  37.656  -33.646  80.856 0.0000000000
40135  37.636  -37.909  80.241 0.0000000000
41017  37.387  -37.255  79.782 0.0000000000
40150  38.272  -38.217  79.499 0.0000000000
40149  38.470  -38.335  78.826 0.0000000000
59500  51.988  -15.882  66.964 0.0000000000
60431  51.745  -15.698  66.237 0.0000000000
59505  51.074  -16.047  65.911 0.0000000000
111052  26.135  -42.322  90.274 0.0000000000
35878  25.233  -42.108  90.373 0.0000000000
39218  40.227  -39.216  89.480 0.0000000000
130533  40.901  -38.593  89.310 0.0000000000
38352  41.028  -39.402  89.177 0.0000000000
38351  41.252  -39.279  88.957 0.0000000000
37512  40.979  -41.083  88.293 0.0000000000
36696  37.507  -41.912  88.909 0.0000000000
109112  37.553  -41.727  88.040 0.0000000000
120018  36.767  -41.208  87.524 0.0000000000
37532  36.735  -41.083  86.661 0.0000000000
36623  33.928  -42.233  92.621 0.0000000000
38370  31.411  -39.485  87.345 0.0000000000
38369  32.190  -39.479  87.505 0.0000000000
38383  31.707  -39.202  86.244 0.0000000000
38395  30.762  -39.288  85.927 0.0000000000
118084  27.525  -40.727  84.892 0.0000000000
36755  27.495  -41.647  83.659 0.0000000000
53350  45.017  -23.625  70.432 0.0000000000
53362  44.486  -23.439  69.593 0.0000000000
52486  43.976  -23.980  70.133 0.0000000000
37408  25.282  -39.943  99.154 0.0000000000
36574  25.076  -40.879  97.743 0.0000000000
36566  25.163  -40.917  98.815 0.0000000000
33649  24.808  -45.838  97.170 0.0000000000
126561  24.744  -45.375  97.517 0.0000000000
33659  24.810  -46.004  96.465 0.0000000000
129446  24.586  -45.345  96.344 0.0000000000
33669  24.490  -46.271  95.508 0.0000000000
32902  24.679  -46.745  96.083 0.0000000000
61238  57.810  -13.865  69.086 0.0000000000
61228  57.179  -14.435  69.576 0.0000000000
59451  54.933  -16.534  70.608 0.0000000000
59452  54.124  -16.894  70.379 0.0000000000
57698  53.405  -17.948  70.749 0.0000000000
56040  51.475  -20.737  72.116 0.0000000000
55130  50.956  -21.095  72.144 0.0000000000
55119  50.585  -21.566  72.498 0.0000000000
53312  47.700  -23.694  74.900 0.0000000000
52435  47.107  -24.083  75.621 0.0000000000
52436  46.399  -24.435  75.410 0.0000000000
52427  46.648  -24.537  76.148 0.0000000000
53268  51.016  -23.693  79.640 0.0000000000
48876  44.797  -28.580  78.693 0.0000000000
48885  45.380  -28.021  78.867 0.0000000000
47921  44.100  -29.054  78.120 0.0000000000
47907  43.841  -29.881  78.349 0.0000000000
46990  43.271  -30.340  77.766 0.0000000000
46982  43.609  -30.807  78.537 0.0000000000
130151  45.159  -36.979  80.603 0.0000000000
131327  45.392  -37.526  80.465 0.0000000000
39296  46.326  -38.468  80.722 0.0000000000
39295  47.111  -39.264  81.249 0.0000000000
49742  49.382  -27.548  84.818 0.0000000000
47849  43.215  -28.764  83.597 0.0000000000
48804  43.894  -28.223  83.930 0.0000000000
114758  43.291  -29.086  82.618 0.0000000000
42929  44.498  -34.662  83.404 0.0000000000
44919  44.872  -33.370  83.295 0.0000000000
43906  45.556  -34.220  83.847 0.0000000000
44903  45.888  -33.540  83.808 0.0000000000
42915  45.621  -35.043  84.018 0.0000000000
129011  45.697  -35.523  84.069 0.0000000000
40987  44.832  -36.302  83.690 0.0000000000
38494  44.313  -40.777  77.186 0.0000000000
37661  45.089  -40.855  78.019 0.0000000000
37670  44.744  -41.031  77.220 0.0000000000
37678  44.887  -41.143  76.897 0.0000000000
37684  44.587  -40.874  76.150 0.0000000000
37685  43.912  -40.952  75.854 0.0000000000
39378  41.490  -38.783  73.395 0.0000000000
112589  41.294  -38.031  73.028 0.0000000000
121542  39.462  -36.950  75.648 0.0000000000
37592  39.324  -41.289  82.966 0.0000000000
36758  39.100  -41.441  82.639 0.0000000000
39309  34.619  -39.198  79.428 0.0000000000
111985  35.900  -39.689  79.965 0.0000000000
39319  35.116  -38.604  78.918 0.0000000000
38488  30.206  -40.084  78.408 0.0000000000
38487  30.995  -39.908  78.666 0.0000000000
61295  50.455  -14.493  61.926 0.0000000000
61309  50.901  -14.386  61.367 0.0000000000
38295  29.438  -38.714  94.926 0.0000000000
39169  28.722  -38.142  95.439 0.0000000000
39154  29.855  -37.535  96.150 0.0000000000
39167  30.369  -38.157  95.592 0.0000000000
38294  30.126  -38.777  95.032 0.0000000000
41858  41.880  -35.353  89.335 0.0000000000
42863  42.349  -34.548  89.696 0.0000000000
42871  41.125  -34.326  88.179 0.0000000000
42870  41.775  -34.294  88.746 0.0000000000
43875  41.549  -33.690  88.347 0.0000000000
43876  40.840  -33.581  87.615 0.0000000000
44857  40.577  -32.869  87.034 0.0000000000
43882  40.183  -33.486  87.035 0.0000000000
42890  38.287  -34.743  85.364 0.0000000000
42900  38.028  -34.243  84.559 0.0000000000
42901  37.505  -34.662  84.039 0.0000000000
111822  37.068  -35.051  83.582 0.0000000000
40989  36.801  -36.563  83.154 0.0000000000
40109  36.785  -37.488  82.652 0.0000000000
36774  27.570  -41.835  80.339 0.0000000000
58585  49.858  -18.022  67.112 0.0000000000
57738  49.119  -18.369  66.894 0.0000000000
57740  47.678  -18.817  66.281 0.0000000000
57745  47.180  -18.627  65.499 0.0000000000
56965  46.521  -19.330  65.444 0.0000000000
37555  27.639  -40.432  86.412 0.0000000000
36723  26.953  -40.859  86.762 0.0000000000
36717  26.343  -41.336  87.170 0.0000000000
35916  25.769  -41.847  87.531 0.0000000000
35091  22.787  -43.736  90.448 0.0000000000
34421  22.696  -44.423  89.973 0.0000000000
33693  22.777  -45.108  89.477 0.0000000000
33686  22.698  -45.217  90.405 0.0000000000
33685  22.941  -45.970  90.991 0.0000000000
32928  23.379  -46.627  91.677 0.0000000000
40902  37.343  -36.133  91.719 0.0000000000
39209  37.982  -38.526  89.700 0.0000000000
38354  38.985  -39.247  89.710 0.0000000000
38344  38.828  -40.517  90.329 0.0000000000
37487  39.219  -41.317  90.260 0.0000000000
36640  37.716  -42.192  91.656 0.0000000000
36639  38.272  -42.216  91.118 0.0000000000
35853  38.046  -42.535  91.130 0.0000000000
35892  37.436  -42.582  90.551 0.0000000000
37492  31.871  -40.786  90.570 0.0000000000
36664  31.030  -40.896  90.561 0.0000000000
37506  30.027  -40.613  89.073 0.0000000000
108608  30.890  -40.363  89.344 0.0000000000
37519  30.749  -40.015  88.482 0.0000000000
38372  29.846  -39.859  87.247 0.0000000000
37521  28.482  -40.649  87.845 0.0000000000
116798  28.418  -40.275  86.948 0.0000000000
37571  27.710  -40.348  85.659 0.0000000000
51578  42.867  -25.854  72.692 0.0000000000
50733  42.570  -25.674  71.811 0.0000000000
50726  42.224  -26.206  72.274 0.0000000000
48991  40.772  -28.334  71.516 0.0000000000
49009  40.797  -27.982  70.967 0.0000000000
49008  41.231  -28.311  70.395 0.0000000000
49007  41.907  -28.671  69.759 0.0000000000
48010  42.389  -29.390  70.399 0.0000000000
32868  24.173  -46.237  97.784 0.0000000000
55096  51.956  -21.779  74.226 0.0000000000
54222  51.906  -22.095  74.855 0.0000000000
122633  51.008  -22.829  75.858 0.0000000000
53310  50.094  -23.083  75.721 0.0000000000
53301  50.395  -23.206  76.596 0.0000000000
130188  49.850  -25.257  81.067 0.0000000000
51488  49.327  -25.545  80.725 0.0000000000
50634  48.629  -26.149  80.655 0.0000000000
48862  46.760  -28.483  80.382 0.0000000000
49781  47.378  -27.632  80.467 0.0000000000
47895  46.271  -29.076  80.332 0.0000000000
48874  46.039  -28.491  79.863 0.0000000000
121654  45.485  -30.040  80.114 0.0000000000
46975  45.154  -30.600  79.998 0.0000000000
44954  45.408  -32.619  80.870 0.0000000000
43927  45.430  -33.481  81.250 0.0000000000
42961  44.964  -34.404  81.140 0.0000000000
116507  45.925  -34.244  81.991 0.0000000000
110169  41.236  -32.048  80.985 0.0000000000
119732  42.014  -32.009  81.258 0.0000000000
41983  42.063  -35.678  81.105 0.0000000000
114318  42.073  -34.869  81.637 0.0000000000
41973  42.333  -35.529  81.702 0.0000000000
41959  42.892  -35.311  82.242 0.0000000000
41007  43.266  -36.769  82.122 0.0000000000
41015  43.071  -36.843  81.294 0.0000000000
40159  43.538  -37.581  78.390 0.0000000000
39315  43.805  -38.581  77.800 0.0000000000
39328  43.883  -39.798  77.214 0.0000000000
115456  43.512  -38.762  77.075 0.0000000000
38505  42.940  -40.522  75.995 0.0000000000
39341  42.691  -39.559  75.964 0.0000000000
40200  42.018  -37.901  75.572 0.0000000000
39346  41.966  -39.294  75.439 0.0000000000
38528  41.006  -39.920  74.000 0.0000000000
38514  40.778  -39.569  74.272 0.0000000000
41097  37.289  -35.970  74.810 0.0000000000
113700  35.988  -35.447  72.597 0.0000000000
41122  36.065  -36.312  71.753 0.0000000000
37602  36.780  -40.882  82.541 0.0000000000
37603  35.631  -40.509  82.468 0.0000000000
113222  35.315  -40.391  81.750 0.0000000000
38460  34.484  -39.993  80.582 0.0000000000
38461  33.670  -40.079  80.517 0.0000000000
63070  55.534  -12.015  63.734 0.0000000000
63078  55.237  -12.335  62.279 0.0000000000
35874  28.934  -42.085  91.212 0.0000000000
38321  28.685  -39.354  94.009 0.0000000000
112557  28.584  -40.050  93.357 0.0000000000
37458  26.669  -39.661  93.025 0.0000000000
36631  26.644  -40.602  91.703 0.0000000000
37472  25.174  -40.401  92.754 0.0000000000
35842  23.716  -41.988  92.897 0.0000000000
36599  24.262  -41.355  94.258 0.0000000000
39187  33.466  -38.325  93.523 0.0000000000
39186  34.115  -37.588  93.479 0.0000000000
39194  33.938  -38.262  92.776 0.0000000000
38330  34.192  -40.072  92.949 0.0000000000
37453  34.128  -41.322  93.959 0.0000000000
36595  33.554  -41.480  94.214 0.0000000000
35821  34.033  -42.327  93.849 0.0000000000
36607  33.552  -42.015  94.137 0.0000000000
39178  31.321  -39.020  94.818 0.0000000000
110756  31.638  -39.905  94.486 0.0000000000
123077  31.785  -41.142  94.334 0.0000000000
35823  32.490  -41.878  93.589 0.0000000000
36626  31.628  -41.653  93.202 0.0000000000
129973  30.874  -41.573  92.874 0.0000000000
36647  29.503  -41.701  91.653 0.0000000000
108964  29.463  -42.012  91.010 0.0000000000
45026  41.686  -32.268  74.662 0.0000000000
52347  50.738  -23.974  81.653 0.0000000000
52348  50.246  -24.942  82.292 0.0000000000
120415  50.201  -25.452  82.344 0.0000000000
50621  50.215  -26.060  82.642 0.0000000000
49764  49.865  -27.500  82.508 0.0000000000
50612  50.268  -26.773  82.781 0.0000000000
129884  42.473  -32.620  89.833 0.0000000000
47825  42.768  -29.720  86.465 0.0000000000
47824  43.378  -29.389  86.981 0.0000000000
47830  42.676  -29.492  85.443 0.0000000000
46904  42.133  -29.926  84.852 0.0000000000
44867  40.347  -32.402  86.279 0.0000000000
45868  41.221  -31.457  86.352 0.0000000000
44877  40.182  -32.173  85.469 0.0000000000
45917  39.767  -31.674  83.559 0.0000000000
45901  40.439  -31.337  84.107 0.0000000000
45916  40.282  -31.082  83.045 0.0000000000
46930  40.892  -30.711  83.602 0.0000000000
46947  40.837  -30.634  82.576 0.0000000000
46961  40.933  -30.715  81.841 0.0000000000
45947  39.769  -31.638  81.437 0.0000000000
43943  39.167  -33.302  80.426 0.0000000000
44956  39.886  -33.033  80.655 0.0000000000
42964  40.160  -34.335  80.126 0.0000000000
42980  39.142  -34.255  79.216 0.0000000000
42997  38.633  -34.667  78.603 0.0000000000
42035  39.057  -35.436  77.252 0.0000000000
42018  38.420  -35.427  78.010 0.0000000000
41975  36.585  -35.580  81.298 0.0000000000
42950  36.862  -34.914  80.933 0.0000000000
41986  36.745  -35.655  80.546 0.0000000000
41048  38.184  -36.994  78.372 0.0000000000
40190  38.497  -37.309  76.650 0.0000000000
40173  38.411  -37.776  77.515 0.0000000000
40191  37.908  -37.681  76.991 0.0000000000
41088  36.079  -36.074  76.047 0.0000000000
112045  35.861  -36.522  76.827 0.0000000000
37607  32.334  -40.202  81.679 0.0000000000
116667  30.631  -40.492  80.074 0.0000000000
36780  27.604  -41.808  79.519 0.0000000000
36786  28.021  -41.047  78.068 0.0000000000
37673  28.545  -40.437  77.637 0.0000000000
113830  53.230  -14.411  65.757 0.0000000000
60438  51.230  -15.014  64.908 0.0000000000
61277  51.750  -14.365  64.631 0.0000000000
61278  50.969  -14.439  64.117 0.0000000000
61284  50.314  -14.614  63.561 0.0000000000
59507  49.594  -16.613  65.387 0.0000000000
60446  48.630  -15.921  63.358 0.0000000000
36736  26.489  -41.668  85.411 0.0000000000
35894  27.427  -41.875  89.887 0.0000000000
120087  25.149  -42.391  87.753 0.0000000000
35918  24.445  -42.831  87.904 0.0000000000
35880  23.754  -42.600  90.049 0.0000000000
35897  24.443  -42.514  89.428 0.0000000000
35112  23.790  -44.008  86.967 0.0000000000
40900  38.801  -35.496  91.303 0.0000000000
40899  39.558  -35.778  90.913 0.0000000000
40917  40.940  -36.313  90.383 0.0000000000
40898  40.297  -35.767  90.730 0.0000000000
41836  41.168  -35.681  90.519 0.0000000000
40916  41.652  -36.097  90.109 0.0000000000
41834  42.056  -35.670  89.924 0.0000000000
39235  41.201  -38.405  88.589 0.0000000000
40059  41.462  -37.414  88.913 0.0000000000
39236  40.695  -38.490  87.965 0.0000000000
40068  40.194  -37.688  87.695 0.0000000000
39243  39.827  -38.550  87.353 0.0000000000
39244  38.971  -38.599  86.692 0.0000000000
37547  40.554  -41.488  86.486 0.0000000000
36730  40.535  -41.977  86.065 0.0000000000
37579  39.796  -41.634  84.706 0.0000000000
36731  40.139  -42.044  85.467 0.0000000000
35889  39.543  -42.573  89.392 0.0000000000
35888  40.303  -42.357  88.762 0.0000000000
35905  40.090  -42.670  88.445 0.0000000000
36712  38.637  -42.271  86.270 0.0000000000
35915  39.416  -42.639  87.028 0.0000000000
36732  39.269  -42.430  85.379 0.0000000000
36733  38.533  -42.041  85.192 0.0000000000
36745  37.429  -41.315  84.082 0.0000000000
37568  35.945  -40.340  85.383 0.0000000000
37468  35.502  -41.500  93.200 0.0000000000
37467  36.291  -41.791  92.807 0.0000000000
36622  35.692  -42.038  93.228 0.0000000000
36641  35.265  -42.256  91.672 0.0000000000
35873  36.280  -42.606  91.741 0.0000000000
36660  35.572  -41.861  90.734 0.0000000000
37504  32.522  -40.507  90.036 0.0000000000
37491  33.359  -40.678  90.357 0.0000000000
37503  33.344  -40.250  89.443 0.0000000000
37535  33.781  -39.689  87.968 0.0000000000
112986  33.811  -39.977  88.770 0.0000000000
37534  34.719  -40.010  87.589 0.0000000000
37570  33.745  -39.529  85.361 0.0000000000
37583  34.087  -39.733  84.244 0.0000000000
38407  32.509  -39.280  84.016 0.0000000000
38423  31.521  -39.388  83.180 0.0000000000
124449  30.722  -39.369  83.561 0.0000000000
38411  28.878  -39.671  84.933 0.0000000000
113541  28.855  -40.143  82.658 0.0000000000
55162  47.035  -21.910  69.400 0.0000000000
55171  46.746  -21.505  68.682 0.0000000000
54295  46.320  -22.132  69.104 0.0000000000
113985  44.076  -23.235  68.725 0.0000000000
54297  44.622  -22.625  68.316 0.0000000000
53378  43.762  -23.085  67.776 0.0000000000
51587  41.982  -25.447  69.983 0.0000000000
122003  42.383  -24.906  69.449 0.0000000000
51599  41.952  -25.466  69.158 0.0000000000
50794  43.590  -25.712  66.357 0.0000000000
46036  41.960  -31.624  73.360 0.0000000000
46050  41.648  -30.911  72.821 0.0000000000
46049  42.687  -31.301  72.709 0.0000000000
40841  26.883  -36.869  96.907 0.0000000000
39980  26.379  -37.487  97.628 0.0000000000
131468  26.452  -37.763  97.608 0.0000000000
38289  25.508  -39.461  96.758 0.0000000000
37431  24.991  -40.116  96.168 0.0000000000
112112  24.260  -41.407  96.083 0.0000000000
118686  23.948  -41.896  95.654 0.0000000000
35808  23.838  -41.980  94.874 0.0000000000
34382  24.757  -44.706  97.668 0.0000000000
115680  24.492  -43.275  98.593 0.0000000000
35763  24.710  -42.444  98.734 0.0000000000
35786  24.672  -42.790  97.594 0.0000000000
35052  24.577  -43.752  97.348 0.0000000000
35058  24.088  -43.643  96.420 0.0000000000
34400  23.117  -44.505  94.068 0.0000000000
32920  23.650  -46.297  93.603 0.0000000000
113457  58.012  -13.483  67.487 0.0000000000
131094  56.068  -13.931  66.951 0.0000000000
61251  56.918  -13.906  67.542 0.0000000000
60414  55.142  -14.710  68.037 0.0000000000
61253  54.839  -14.597  67.279 0.0000000000
60415  54.272  -14.985  67.758 0.0000000000
60416  53.502  -15.299  67.509 0.0000000000
60395  56.601  -14.962  70.026 0.0000000000
59467  53.540  -16.618  69.579 0.0000000000
59476  54.032  -15.829  69.061 0.0000000000
59478  52.621  -16.436  68.459 0.0000000000
59479  51.891  -16.781  68.237 0.0000000000
58573  52.326  -17.043  68.941 0.0000000000
57709  51.549  -18.179  69.567 0.0000000000
129918  51.119  -18.007  68.990 0.0000000000
57710  50.678  -18.535  69.137 0.0000000000
56944  50.000  -19.082  68.842 0.0000000000
56932  50.291  -19.304  69.528 0.0000000000
109369  52.608  -19.000  71.082 0.0000000000
109016  52.106  -19.592  71.211 0.0000000000
56063  50.381  -20.724  71.184 0.0000000000
56080  50.000  -20.486  70.473 0.0000000000
109382  49.248  -20.644  69.766 0.0000000000
55159  48.867  -21.255  70.088 0.0000000000
54256  48.328  -22.466  71.651 0.0000000000
54266  48.115  -22.324  70.904 0.0000000000
54257  47.655  -22.763  71.397 0.0000000000
53340  46.990  -23.146  71.147 0.0000000000
53335  47.333  -23.156  71.932 0.0000000000
110701  50.002  -22.573  73.887 0.0000000000
54233  49.469  -22.566  73.376 0.0000000000
53328  46.810  -23.844  73.521 0.0000000000
53327  47.595  -23.480  73.497 0.0000000000
53336  46.418  -23.775  72.726 0.0000000000
52461  45.540  -24.170  72.808 0.0000000000
51576  44.140  -24.954  72.832 0.0000000000
52453  44.827  -24.649  73.260 0.0000000000
109848  44.599  -25.640  75.161 0.0000000000
51562  43.762  -25.799  73.994 0.0000000000
50703  43.979  -26.048  74.793 0.0000000000
49861  42.513  -27.303  74.394 0.0000000000
49860  43.109  -27.149  74.959 0.0000000000
109926  53.128  -22.547  78.285 0.0000000000
121925  53.049  -22.465  77.422 0.0000000000
53280  49.945  -23.770  78.303 0.0000000000
131195  50.540  -23.502  77.925 0.0000000000
53291  48.926  -23.865  77.033 0.0000000000
52413  48.361  -24.361  77.533 0.0000000000
51503  48.403  -25.445  79.492 0.0000000000
52389  48.845  -24.802  79.136 0.0000000000
51504  47.721  -25.751  79.147 0.0000000000
50668  46.252  -26.189  78.136 0.0000000000
51516  46.813  -25.850  78.274 0.0000000000
51527  46.385  -25.666  77.608 0.0000000000
51528  45.838  -25.597  76.919 0.0000000000
50681  45.272  -26.128  76.868 0.0000000000
49836  43.666  -27.657  76.325 0.0000000000
48915  42.687  -28.824  76.229 0.0000000000
47946  42.403  -29.615  76.485 0.0000000000
47947  41.766  -30.264  75.966 0.0000000000
126559  42.254  -30.342  76.683 0.0000000000
44977  42.716  -32.565  77.896 0.0000000000
44987  42.221  -32.492  77.155 0.0000000000
124515  42.589  -34.010  77.259 0.0000000000
120982  43.335  -34.914  77.050 0.0000000000
113915  43.346  -34.906  77.737 0.0000000000
44965  44.276  -32.687  79.711 0.0000000000
44966  43.689  -32.447  79.121 0.0000000000
43955  43.685  -33.350  79.252 0.0000000000
41029  45.034  -37.061  79.271 0.0000000000
117616  44.136  -35.771  78.742 0.0000000000
41044  44.591  -36.558  78.429 0.0000000000
42014  44.200  -35.884  77.909 0.0000000000
48800  50.267  -28.526  84.210 0.0000000000
47836  50.283  -29.046  84.004 0.0000000000
48814  50.026  -29.208  83.703 0.0000000000
47845  49.790  -29.666  83.939 0.0000000000
49746  45.180  -27.406  84.571 0.0000000000
49733  45.578  -27.086  85.239 0.0000000000
49745  45.876  -27.158  84.304 0.0000000000
50600  47.187  -26.763  84.718 0.0000000000
49755  46.209  -27.557  83.505 0.0000000000
113139  43.279  -30.866  81.574 0.0000000000
46958  43.965  -30.057  81.767 0.0000000000
46944  44.184  -31.052  81.938 0.0000000000
46942  45.901  -31.333  83.282 0.0000000000
109956  45.623  -30.337  82.793 0.0000000000
47858  46.832  -29.449  83.420 0.0000000000
47848  48.022  -30.020  84.118 0.0000000000
118134  47.582  -30.665  84.008 0.0000000000
44902  47.176  -32.861  83.633 0.0000000000
45913  47.976  -31.804  83.848 0.0000000000
44901  47.621  -32.359  83.624 0.0000000000
45929  48.040  -31.891  83.507 0.0000000000
44916  47.634  -32.422  83.215 0.0000000000
43915  47.056  -33.865  83.481 0.0000000000
114297  46.248  -36.568  83.982 0.0000000000
42928  46.697  -35.028  83.555 0.0000000000
40997  46.518  -37.086  83.974 0.0000000000
40106  46.548  -37.919  83.755 0.0000000000
40105  46.406  -38.137  84.017 0.0000000000
40133  44.304  -38.247  81.363 0.0000000000
40119  44.736  -38.411  82.945 0.0000000000
37646  46.276  -41.205  80.190 0.0000000000
38454  46.192  -40.690  81.143 0.0000000000
37632  46.700  -41.291  81.215 0.0000000000
37616  46.732  -40.456  82.259 0.0000000000
36771  47.118  -41.502  81.264 0.0000000000
36770  47.752  -41.408  81.553 0.0000000000
36776  47.510  -41.590  80.798 0.0000000000
38493  46.609  -40.587  77.522 0.0000000000
38526  42.382  -40.470  74.684 0.0000000000
38525  43.314  -40.359  74.674 0.0000000000
38538  42.878  -39.895  74.226 0.0000000000
40236  42.261  -37.878  72.808 0.0000000000
40221  43.012  -38.256  73.130 0.0000000000
40235  43.122  -37.346  72.537 0.0000000000
129737  40.692  -35.227  76.795 0.0000000000
42044  41.098  -35.793  76.226 0.0000000000
41073  40.518  -36.127  75.799 0.0000000000
40202  39.652  -37.856  74.603 0.0000000000
41083  40.338  -37.047  75.363 0.0000000000
40212  39.844  -38.729  73.953 0.0000000000
41105  38.343  -37.037  73.505 0.0000000000
40225  38.417  -37.140  72.931 0.0000000000
40240  38.772  -37.383  72.834 0.0000000000
40253  38.800  -37.264  72.681 0.0000000000
39259  38.284  -39.173  85.160 0.0000000000
38404  38.547  -39.742  84.173 0.0000000000
38438  38.726  -40.222  82.030 0.0000000000
38421  38.451  -39.751  82.738 0.0000000000
38448  38.622  -39.866  81.360 0.0000000000
37619  37.535  -40.725  81.200 0.0000000000
36766  38.434  -41.107  81.610 0.0000000000
38469  36.867  -39.595  79.635 0.0000000000
38468  37.991  -39.500  79.441 0.0000000000
38467  38.424  -39.451  79.768 0.0000000000
38482  38.117  -38.998  78.931 0.0000000000
40176  35.177  -37.430  77.900 0.0000000000
41065  34.819  -36.707  77.303 0.0000000000
41076  34.917  -36.150  76.614 0.0000000000
41077  34.183  -36.297  76.784 0.0000000000
115679  32.265  -40.462  80.461 0.0000000000
37639  32.766  -40.379  80.752 0.0000000000
38486  31.717  -39.746  78.873 0.0000000000
38485  32.419  -39.636  79.045 0.0000000000
38484  33.066  -39.540  79.229 0.0000000000
117502  29.450  -38.688  76.311 0.0000000000
39343  30.143  -38.432  76.752 0.0000000000
127181  31.181  -37.607  76.738 0.0000000000
40180  31.635  -37.963  77.294 0.0000000000
40179  32.396  -37.690  77.393 0.0000000000
40178  33.215  -37.502  77.602 0.0000000000
41090  32.422  -35.923  75.529 0.0000000000
124291  32.747  -36.271  76.200 0.0000000000
42058  33.100  -35.472  75.297 0.0000000000
62168  58.981  -13.182  62.525 0.0000000000
62156  53.288  -13.222  64.463 0.0000000000
63056  54.031  -12.659  64.210 0.0000000000
62170  53.071  -12.848  62.195 0.0000000000
62180  53.349  -13.263  61.437 0.0000000000
56114  45.922  -20.979  67.167 0.0000000000
56113  46.602  -20.414  67.225 0.0000000000
42865  41.551  -34.934  88.751 0.0000000000
41873  40.388  -36.115  87.934 0.0000000000
125438  39.851  -35.245  87.432 0.0000000000
119082  39.395  -34.630  86.794 0.0000000000
42880  38.730  -35.035  86.281 0.0000000000
41906  37.781  -35.402  85.105 0.0000000000
119075  37.311  -35.612  84.338 0.0000000000
118697  37.569  -36.179  85.252 0.0000000000
115738  37.201  -36.734  84.534 0.0000000000
40090  37.296  -37.757  84.574 0.0000000000
56960  48.618  -19.086  67.390 0.0000000000
56961  47.785  -19.323  66.935 0.0000000000
56121  47.054  -19.743  66.868 0.0000000000
122219  23.303  -42.592  91.645 0.0000000000
35084  22.737  -43.734  91.290 0.0000000000
126245  22.660  -44.435  91.529 0.0000000000
33681  22.750  -44.883  92.118 0.0000000000
40032  36.502  -36.735  91.093 0.0000000000
40921  37.116  -36.877  90.346 0.0000000000
39211  36.273  -37.464  90.536 0.0000000000
115778  37.230  -39.057  90.277 0.0000000000
37489  38.270  -40.918  91.119 0.0000000000
37479  37.613  -41.424  91.711 0.0000000000
36665  30.126  -41.574  90.663 0.0000000000
50716  41.668  -27.127  72.986 0.0000000000
50727  41.651  -26.782  72.314 0.0000000000
49881  41.084  -27.599  72.449 0.0000000000
48978  40.727  -28.373  72.136 0.0000000000
47990  40.893  -29.532  72.100 0.0000000000
32879  23.281  -46.323  97.790 0.0000000000
54212  52.563  -22.087  75.399 0.0000000000
54211  53.226  -22.047  75.965 0.0000000000
109281  52.426  -22.355  76.107 0.0000000000
54198  52.216  -22.601  76.910 0.0000000000
49771  49.080  -27.490  81.800 0.0000000000
49772  48.233  -27.501  81.146 0.0000000000
49773  47.898  -28.142  81.129 0.0000000000
47883  46.987  -29.363  80.920 0.0000000000
46968  45.815  -30.653  80.520 0.0000000000
46967  46.575  -30.761  81.137 0.0000000000
45943  46.655  -32.167  81.707 0.0000000000
43930  40.739  -33.953  80.888 0.0000000000
43929  41.494  -34.041  81.319 0.0000000000
42947  41.347  -34.556  81.118 0.0000000000
41016  42.535  -36.282  80.689 0.0000000000
41032  42.596  -36.287  79.593 0.0000000000
41059  42.966  -36.875  77.974 0.0000000000
40188  42.634  -37.560  76.313 0.0000000000
63054  57.354  -12.132  64.540 0.0000000000
108961  54.786  -12.235  64.015 0.0000000000
36628  29.610  -41.431  92.364 0.0000000000
36612  29.061  -41.288  92.478 0.0000000000
37469  28.338  -40.737  92.574 0.0000000000
38309  27.886  -38.785  94.498 0.0000000000
37459  25.627  -39.854  93.266 0.0000000000
122585  25.271  -40.031  94.220 0.0000000000
38320  33.083  -39.383  93.617 0.0000000000
121746  32.839  -41.008  94.397 0.0000000000
37440  31.431  -40.554  94.413 0.0000000000
109339  30.328  -41.403  92.945 0.0000000000
118961  42.429  -32.700  89.360 0.0000000000
45814  42.662  -31.500  89.904 0.0000000000
47809  43.397  -29.719  88.707 0.0000000000
47816  44.010  -29.054  88.253 0.0000000000
47818  42.897  -29.924  87.405 0.0000000000
44889  39.293  -32.444  84.066 0.0000000000
44904  39.132  -32.023  83.000 0.0000000000
44922  38.983  -31.848  82.025 0.0000000000
44942  39.045  -32.033  81.325 0.0000000000
44943  38.481  -32.425  81.702 0.0000000000
43944  38.369  -33.336  80.569 0.0000000000
42966  38.048  -34.030  80.185 0.0000000000
42982  37.708  -34.675  79.782 0.0000000000
41018  36.861  -36.429  80.171 0.0000000000
124709  38.557  -37.896  78.365 0.0000000000
39329  38.500  -38.208  78.195 0.0000000000
40175  37.415  -37.995  77.687 0.0000000000
108744  30.434  -39.912  81.842 0.0000000000
37624  31.040  -40.264  81.152 0.0000000000
37642  29.859  -40.519  80.381 0.0000000000
61266  53.026  -14.829  66.317 0.0000000000
61272  52.551  -14.870  65.858 0.0000000000
60433  52.085  -15.277  65.897 0.0000000000
60434  51.496  -15.449  65.596 0.0000000000
58605  48.071  -17.169  64.797 0.0000000000
59513  48.440  -16.525  64.405 0.0000000000
35094  23.051  -43.594  89.287 0.0000000000
35098  23.181  -43.739  88.572 0.0000000000
33712  23.482  -44.655  87.531 0.0000000000
118983  39.786  -36.931  90.153 0.0000000000
40918  40.098  -36.294  90.609 0.0000000000
40051  41.055  -37.758  89.457 0.0000000000
40050  41.299  -37.577  89.251 0.0000000000
122914  41.267  -39.070  88.771 0.0000000000
120751  41.061  -39.266  88.319 0.0000000000
38366  41.003  -40.281  87.916 0.0000000000
37531  40.858  -41.347  87.375 0.0000000000
36721  40.759  -41.998  86.738 0.0000000000
35906  39.401  -42.675  88.115 0.0000000000
37550  35.938  -40.388  86.420 0.0000000000
35820  34.749  -42.186  93.549 0.0000000000
35837  35.511  -42.414  93.088 0.0000000000
35856  34.909  -42.420  92.534 0.0000000000
123554  34.823  -41.508  90.909 0.0000000000
38359  32.897  -39.568  87.955 0.0000000000
38368  33.151  -39.463  87.252 0.0000000000
121179  32.668  -39.181  85.650 0.0000000000
38393  32.348  -39.098  84.837 0.0000000000
111697  31.736  -39.122  84.497 0.0000000000
38409  30.225  -39.404  84.443 0.0000000000
126087  27.992  -40.364  84.363 0.0000000000
37597  27.771  -41.117  83.190 0.0000000000
112538  27.608  -41.765  83.023 0.0000000000
54269  46.343  -22.832  70.163 0.0000000000
54282  45.837  -22.675  69.597 0.0000000000
53361  45.222  -23.131  69.830 0.0000000000
53379  43.298  -23.714  68.290 0.0000000000
49932  41.884  -26.858  68.692 0.0000000000
50767  42.166  -26.116  68.202 0.0000000000
49931  42.678  -27.386  68.384 0.0000000000
38272  25.678  -39.049  98.937 0.0000000000
37423  25.128  -40.058  97.163 0.0000000000
34376  24.513  -45.225  98.149 0.0000000000
122833  24.597  -44.437  96.983 0.0000000000
33670  23.635  -45.447  94.689 0.0000000000
32911  24.118  -46.408  94.549 0.0000000000
61239  57.001  -14.326  68.698 0.0000000000
61240  56.101  -14.561  68.348 0.0000000000
60405  55.460  -14.983  68.824 0.0000000000
59465  55.297  -15.833  70.145 0.0000000000
58566  52.794  -17.285  69.652 0.0000000000
109182  52.340  -17.970  70.041 0.0000000000
110392  52.364  -19.978  71.809 0.0000000000
56061  51.708  -20.227  71.619 0.0000000000
56062  50.948  -20.672  71.657 0.0000000000
55144  49.783  -21.119  70.966 0.0000000000
55145  49.139  -21.472  70.728 0.0000000000
55132  49.471  -21.652  71.459 0.0000000000
54255  49.057  -22.196  71.932 0.0000000000
109784  49.029  -23.213  74.812 0.0000000000
53319  48.427  -23.366  74.467 0.0000000000
53320  47.270  -23.785  74.155 0.0000000000
130622  46.687  -24.078  74.182 0.0000000000
52445  45.674  -24.642  74.356 0.0000000000
52444  46.260  -24.374  74.613 0.0000000000
51553  44.778  -25.840  75.793 0.0000000000
53277  52.375  -22.957  79.642 0.0000000000
53287  52.331  -22.865  78.692 0.0000000000
52399  49.354  -24.231  78.737 0.0000000000
128630  46.283  -27.301  79.296 0.0000000000
131066  47.132  -25.973  78.846 0.0000000000
49810  45.729  -27.295  78.724 0.0000000000
50660  45.875  -26.641  78.289 0.0000000000
49823  45.314  -27.017  77.958 0.0000000000
50670  44.912  -26.686  77.220 0.0000000000
49824  44.616  -27.446  77.542 0.0000000000
48900  43.694  -28.689  77.395 0.0000000000
47923  42.820  -29.938  77.143 0.0000000000
46991  42.553  -30.839  77.208 0.0000000000
45977  43.066  -31.072  77.824 0.0000000000
42962  44.399  -34.901  80.324 0.0000000000
42978  43.835  -34.425  79.416 0.0000000000
41030  44.455  -36.314  79.507 0.0000000000
124589  46.150  -38.029  79.651 0.0000000000
40145  46.648  -38.030  79.238 0.0000000000
39305  46.828  -38.597  80.069 0.0000000000
39294  47.702  -39.220  80.710 0.0000000000
49741  50.053  -27.691  84.614 0.0000000000
48777  44.458  -28.187  86.162 0.0000000000
49721  45.271  -27.483  86.162 0.0000000000
48788  44.046  -28.106  85.073 0.0000000000
48803  44.586  -27.754  84.290 0.0000000000
115761  44.725  -28.098  83.307 0.0000000000
44920  43.798  -32.763  82.351 0.0000000000
45931  44.112  -31.876  82.252 0.0000000000
113528  44.692  -32.483  82.810 0.0000000000
131415  45.764  -32.012  83.392 0.0000000000
46928  46.935  -31.684  83.809 0.0000000000
45915  46.607  -32.364  83.717 0.0000000000
118706  46.601  -33.272  83.841 0.0000000000
43904  46.951  -33.634  83.761 0.0000000000
42913  46.829  -34.348  83.864 0.0000000000
42914  46.363  -34.705  84.068 0.0000000000
41939  46.188  -35.493  84.087 0.0000000000
40099  46.241  -37.946  84.113 0.0000000000
122666  44.684  -38.907  79.455 0.0000000000
38466  45.263  -39.720  79.869 0.0000000000
38480  44.998  -39.858  78.810 0.0000000000
37647  45.612  -40.952  79.204 0.0000000000
36778  46.167  -41.407  79.407 0.0000000000
124885  46.354  -41.430  79.373 0.0000000000
127173  45.835  -41.304  78.490 0.0000000000
37677  45.698  -40.949  77.188 0.0000000000
39354  44.525  -39.026  74.520 0.0000000000
39366  41.584  -39.630  73.783 0.0000000000
42034  39.664  -35.402  76.692 0.0000000000
42053  40.027  -36.352  75.699 0.0000000000
126853  39.209  -37.862  74.132 0.0000000000
41120  37.928  -36.728  72.378 0.0000000000
126421  39.641  -41.179  84.268 0.0000000000
124724  39.370  -40.826  83.561 0.0000000000
38420  39.169  -40.747  82.492 0.0000000000
38459  35.454  -39.989  80.561 0.0000000000
37635  37.258  -40.361  80.563 0.0000000000
130403  36.085  -38.618  78.780 0.0000000000
40177  34.151  -37.376  77.848 0.0000000000
37662  31.437  -40.198  79.363 0.0000000000
38495  31.257  -39.315  78.214 0.0000000000
40206  29.654  -37.763  75.182 0.0000000000
40204  31.107  -36.968  76.077 0.0000000000
129826  52.079  -13.417  63.437 0.0000000000
55191  44.523  -21.954  66.121 0.0000000000
125101  44.835  -21.493  65.664 0.0000000000
55199  44.423  -22.013  65.272 0.0000000000
38308  29.399  -39.382  94.347 0.0000000000
38306  30.502  -39.541  94.622 0.0000000000
43858  42.254  -34.122  90.223 0.0000000000
43864  42.473  -34.004  89.855 0.0000000000
44833  42.427  -33.202  89.665 0.0000000000
43870  42.184  -33.903  88.970 0.0000000000
44845  42.330  -33.296  89.241 0.0000000000
44855  42.149  -32.529  88.637 0.0000000000
45849  41.702  -31.916  87.713 0.0000000000
113038  39.848  -32.681  85.797 0.0000000000
43883  39.629  -33.798  86.579 0.0000000000
43890  39.344  -33.304  85.692 0.0000000000
43896  38.373  -33.525  84.274 0.0000000000
43897  37.797  -33.913  83.768 0.0000000000
41942  37.656  -33.643  83.017 0.0000000000
127952  37.073  -34.096  81.914 0.0000000000
42932  36.999  -34.408  82.449 0.0000000000
41960  36.757  -35.069  82.812 0.0000000000
41961  36.576  -35.677  82.124 0.0000000000
41944  36.713  -35.894  82.797 0.0000000000
41009  36.508  -36.429  81.504 0.0000000000
115107  36.666  -37.377  81.729 0.0000000000
40121  37.386  -38.226  81.101 0.0000000000
36773  28.218  -41.285  80.659 0.0000000000
35957  27.056  -42.343  79.225 0.0000000000
35958  26.608  -42.815  79.794 0.0000000000
35961  26.456  -42.932  79.002 0.0000000000
59489  50.922  -16.980  66.928 0.0000000000
59502  50.645  -16.679  66.287 0.0000000000
58601  49.213  -17.282  65.810 0.0000000000
58595  48.751  -17.919  66.266 0.0000000000
58602  48.410  -17.534  65.548 0.0000000000
58603  47.650  -17.847  65.127 0.0000000000
121696  26.991  -41.335  84.990 0.0000000000
35928  25.836  -41.991  85.873 0.0000000000
35929  25.355  -42.368  86.444 0.0000000000
126793  24.540  -41.947  90.805 0.0000000000
35090  23.202  -43.150  90.018 0.0000000000
34424  22.839  -44.283  89.101 0.0000000000
33701  22.927  -44.935  88.747 0.0000000000
39220  38.074  -37.417  89.710 0.0000000000
40042  38.875  -36.865  90.073 0.0000000000
39219  39.425  -38.393  89.514 0.0000000000
111259  40.545  -40.365  89.321 0.0000000000
37499  40.594  -41.417  88.961 0.0000000000
37500  39.923  -41.333  89.627 0.0000000000
37488  38.632  -41.341  90.819 0.0000000000
35870  38.661  -42.443  90.378 0.0000000000
35890  38.806  -42.643  89.718 0.0000000000
35891  37.940  -42.483  89.753 0.0000000000
36644  32.321  -41.495  92.052 0.0000000000
131789  30.984  -40.580  89.908 0.0000000000
38361  31.467  -39.715  88.008 0.0000000000
110468  31.059  -39.366  86.784 0.0000000000
38384  30.216  -39.566  86.661 0.0000000000
52469  43.834  -24.715  71.513 0.0000000000
52476  43.471  -24.560  70.682 0.0000000000
52470  43.006  -25.087  71.259 0.0000000000
111735  42.203  -25.543  70.891 0.0000000000
51588  41.546  -26.099  70.409 0.0000000000
49889  41.086  -27.084  71.591 0.0000000000
117753  41.077  -26.803  70.746 0.0000000000
49915  41.424  -27.264  69.428 0.0000000000
49914  41.978  -27.858  69.064 0.0000000000
34377  23.988  -45.054  98.487 0.0000000000
124357  24.467  -45.789  97.893 0.0000000000
113498  24.639  -46.088  97.406 0.0000000000
31916  24.494  -47.003  96.391 0.0000000000
31924  24.162  -47.522  95.826 0.0000000000
31925  23.632  -47.532  95.997 0.0000000000
55117  52.128  -21.142  73.132 0.0000000000
55107  50.886  -21.756  73.108 0.0000000000
55106  51.548  -21.657  73.559 0.0000000000
54224  50.621  -22.538  74.460 0.0000000000
110770  51.211  -22.526  75.000 0.0000000000
54225  49.802  -22.876  74.803 0.0000000000
110419  49.273  -23.296  75.532 0.0000000000
53303  48.683  -23.636  76.179 0.0000000000
52388  49.618  -24.484  79.601 0.0000000000
51489  48.658  -25.663  80.150 0.0000000000
50650  47.995  -26.121  79.930 0.0000000000
124257  47.471  -26.763  80.042 0.0000000000
115985  46.865  -27.036  79.685 0.0000000000
48875  45.428  -28.553  79.324 0.0000000000
129699  44.997  -29.123  79.296 0.0000000000
46981  44.282  -30.251  79.038 0.0000000000
46976  44.650  -30.571  79.556 0.0000000000
45962  44.778  -31.208  79.831 0.0000000000
111576  45.439  -31.303  80.407 0.0000000000
44955  44.774  -32.983  80.425 0.0000000000
42946  44.973  -35.234  81.190 0.0000000000
50591  48.722  -26.248  86.000 0.0000000000
46945  42.052  -30.128  81.755 0.0000000000
47862  42.541  -29.623  82.339 0.0000000000
46959  42.319  -30.678  81.415 0.0000000000
45944  42.553  -31.462  81.397 0.0000000000
44939  42.759  -32.426  81.656 0.0000000000
43928  42.291  -34.120  81.774 0.0000000000
44921  42.924  -33.450  82.020 0.0000000000
43917  42.951  -34.231  82.258 0.0000000000
42930  43.368  -34.714  82.609 0.0000000000
115146  43.846  -35.772  82.850 0.0000000000
40999  43.994  -36.476  82.788 0.0000000000
40120  43.740  -37.554  81.937 0.0000000000
40147  44.215  -38.150  80.054 0.0000000000
41031  43.104  -36.852  80.149 0.0000000000
40148  43.637  -37.502  79.527 0.0000000000
37680  43.474  -40.836  76.155 0.0000000000
37681  42.577  -40.632  75.459 0.0000000000
37686  41.739  -40.544  75.006 0.0000000000
122538  41.659  -40.386  74.644 0.0000000000
38540  41.204  -40.070  74.123 0.0000000000
38541  41.064  -39.634  73.754 0.0000000000
39368  40.485  -39.134  73.740 0.0000000000
41085  38.712  -37.145  75.487 0.0000000000
41096  37.951  -36.524  74.328 0.0000000000
36753  38.482  -41.624  83.282 0.0000000000
36759  38.206  -41.379  82.361 0.0000000000
39310  33.746  -39.360  79.402 0.0000000000
38498  29.042  -39.783  77.263 0.0000000000
38506  29.532  -39.222  76.958 0.0000000000
39349  29.335  -38.286  75.592 0.0000000000
39357  28.950  -38.227  74.896 0.0000000000
111705  57.389  -12.165  63.428 0.0000000000
63077  56.963  -12.501  62.348 0.0000000000
63085  56.016  -12.533  61.959 0.0000000000
62178  54.983  -13.182  61.100 0.0000000000
60460  50.552  -15.253  60.517 0.0000000000
35876  27.779  -41.964  90.780 0.0000000000
35857  28.522  -41.932  91.317 0.0000000000
35858  28.081  -41.977  91.078 0.0000000000
35859  27.418  -41.830  90.946 0.0000000000
36650  25.989  -41.082  91.195 0.0000000000
126069  24.977  -41.062  91.621 0.0000000000
36633  24.279  -41.498  92.279 0.0000000000
40026  34.620  -37.354  92.789 0.0000000000
131434  34.383  -38.156  92.077 0.0000000000
38338  35.258  -39.750  91.942 0.0000000000
38329  34.955  -40.460  92.747 0.0000000000
36605  34.926  -41.831  93.592 0.0000000000
38319  33.776  -40.385  93.593 0.0000000000
35839  33.632  -42.338  93.357 0.0000000000
36624  33.050  -41.993  92.744 0.0000000000
131038  31.779  -39.182  94.547 0.0000000000
36597  32.418  -41.371  94.306 0.0000000000
36608  32.785  -41.897  94.104 0.0000000000
35840  32.961  -42.123  93.333 0.0000000000
117747  29.488  -41.856  90.508 0.0000000000
47017  41.228  -31.046  74.885 0.0000000000
47034  41.107  -30.734  74.131 0.0000000000
46023  41.386  -31.488  74.445 0.0000000000
45037  42.168  -32.218  73.898 0.0000000000
45036  43.072  -32.493  73.894 0.0000000000
53267  51.755  -23.388  80.064 0.0000000000
53257  51.687  -23.351  80.794 0.0000000000
52372  51.098  -23.779  80.517 0.0000000000
52373  50.585  -24.417  80.938 0.0000000000
51487  50.218  -25.020  81.371 0.0000000000
51471  49.837  -25.695  81.577 0.0000000000
51470  50.261  -25.477  82.053 0.0000000000
50622  49.631  -26.599  81.955 0.0000000000
48778  43.862  -28.807  86.627 0.0000000000
48789  43.758  -28.597  85.778 0.0000000000
47839  42.612  -29.283  84.364 0.0000000000
126703  41.528  -31.455  86.974 0.0000000000
110690  41.712  -30.874  86.390 0.0000000000
46905  41.629  -30.565  85.276 0.0000000000
45886  40.593  -31.578  85.088 0.0000000000
46916  41.547  -30.216  84.109 0.0000000000
47863  41.829  -29.947  82.419 0.0000000000
46946  41.386  -30.322  82.136 0.0000000000
45946  40.825  -31.292  81.274 0.0000000000
117682  39.525  -32.209  80.919 0.0000000000
42948  40.770  -34.310  80.687 0.0000000000
41985  40.921  -34.741  79.904 0.0000000000
41999  40.885  -34.780  78.754 0.0000000000
42032  41.414  -35.418  77.286 0.0000000000
42995  40.051  -34.665  78.015 0.0000000000
42033  40.115  -34.924  77.017 0.0000000000
43009  39.466  -34.915  77.501 0.0000000000
42047  39.275  -36.408  76.468 0.0000000000
42949  37.158  -34.201  81.265 0.0000000000
110799  37.150  -35.122  80.198 0.0000000000
42001  37.420  -35.454  79.442 0.0000000000
42019  37.788  -35.880  78.585 0.0000000000
41087  37.070  -36.388  75.699 0.0000000000
37595  33.361  -39.888  82.575 0.0000000000
37606  32.908  -40.098  81.791 0.0000000000
117720  32.323  -40.458  80.798 0.0000000000
37640  31.558  -40.456  80.500 0.0000000000
37652  31.145  -40.415  79.800 0.0000000000
37672  29.392  -40.230  78.079 0.0000000000
37654  28.953  -41.042  79.337 0.0000000000
36784  27.513  -41.739  78.591 0.0000000000
36783  28.342  -41.210  78.794 0.0000000000
62136  55.124  -13.890  66.289 0.0000000000
62149  54.482  -13.518  65.482 0.0000000000
62150  53.668  -13.739  65.315 0.0000000000
62157  52.366  -13.668  64.337 0.0000000000
61276  52.467  -14.363  65.202 0.0000000000
61283  50.918  -14.088  63.197 0.0000000000
61290  50.372  -14.466  62.679 0.0000000000
59506  50.361  -16.353  65.626 0.0000000000
59511  49.979  -15.937  64.957 0.0000000000
60440  49.509  -15.576  64.239 0.0000000000
60444  49.791  -15.079  63.758 0.0000000000
35945  26.888  -42.772  84.484 0.0000000000
130440  24.838  -42.261  89.881 0.0000000000
35097  23.743  -43.286  88.210 0.0000000000
35111  24.351  -43.431  86.615 0.0000000000
35118  24.820  -43.735  85.931 0.0000000000
120252  41.666  -34.553  90.512 0.0000000000
125715  42.214  -35.175  90.107 0.0000000000
40915  41.911  -35.760  89.600 0.0000000000
40948  41.653  -36.277  89.129 0.0000000000
40949  41.207  -36.782  88.523 0.0000000000
40960  40.544  -37.027  87.979 0.0000000000
38380  38.985  -39.699  85.903 0.0000000000
37548  39.936  -40.626  86.182 0.0000000000
37566  39.719  -40.944  85.168 0.0000000000
36695  40.732  -42.011  88.341 0.0000000000
115225  40.485  -42.493  87.654 0.0000000000
35913  40.648  -42.253  86.991 0.0000000000
35914  40.176  -42.527  86.749 0.0000000000
35926  40.106  -42.339  85.884 0.0000000000
35938  39.716  -42.283  85.281 0.0000000000
36743  39.337  -42.182  84.626 0.0000000000
37580  36.454  -40.763  83.965 0.0000000000
37567  36.632  -40.787  84.794 0.0000000000
129758  35.853  -40.540  83.861 0.0000000000
111729  35.344  -40.348  83.743 0.0000000000
115127  34.616  -40.025  83.536 0.0000000000
126890  33.965  -39.837  83.278 0.0000000000
36620  37.051  -42.024  92.322 0.0000000000
35854  37.010  -42.537  92.107 0.0000000000
35836  36.265  -42.531  92.535 0.0000000000
35872  37.144  -42.711  91.352 0.0000000000
131193  36.434  -41.202  89.110 0.0000000000
36662  33.534  -41.069  91.122 0.0000000000
36661  34.170  -40.991  90.657 0.0000000000
37502  34.310  -40.335  89.288 0.0000000000
37501  35.210  -40.503  89.075 0.0000000000
36698  36.018  -40.731  88.747 0.0000000000
37513  36.120  -40.704  87.889 0.0000000000
37533  35.555  -40.332  87.314 0.0000000000
37569  35.221  -39.988  85.831 0.0000000000
117859  34.373  -39.721  86.095 0.0000000000
38439  31.937  -39.845  82.354 0.0000000000
124858  31.898  -39.250  83.718 0.0000000000
127146  29.484  -39.995  81.987 0.0000000000
110045  28.850  -40.397  81.770 0.0000000000
126506  30.216  -39.393  85.307 0.0000000000
38410  29.322  -39.606  84.332 0.0000000000
36768  27.553  -41.866  81.386 0.0000000000
35953  27.185  -42.803  81.678 0.0000000000
56103  48.145  -20.698  68.884 0.0000000000
56104  47.245  -20.685  68.261 0.0000000000
55181  45.593  -21.538  67.513 0.0000000000
54296  45.506  -22.356  68.741 0.0000000000
54309  45.188  -22.134  67.905 0.0000000000
55182  44.852  -21.948  67.053 0.0000000000
52487  43.105  -24.414  69.762 0.0000000000
52500  42.737  -24.394  68.733 0.0000000000
52512  42.817  -24.265  67.781 0.0000000000
51627  42.420  -25.472  67.718 0.0000000000
52513  42.714  -24.825  67.306 0.0000000000
52525  43.229  -24.720  66.468 0.0000000000
47050  41.039  -30.487  73.363 0.0000000000
47067  41.082  -30.159  72.556 0.0000000000
47080  42.213  -30.243  71.618 0.0000000000
47079  43.140  -30.392  71.637 0.0000000000
126951  28.207  -35.776  96.133 0.0000000000
39993  27.320  -37.099  96.756 0.0000000000
115601  26.258  -38.893  96.278 0.0000000000
39144  26.200  -38.028  98.140 0.0000000000
36567  24.880  -41.627  98.951 0.0000000000
36575  24.998  -41.956  98.331 0.0000000000
35797  23.767  -42.663  95.733 0.0000000000
35072  23.050  -43.544  93.335 0.0000000000
33680  23.074  -45.531  92.831 0.0000000000
31931  24.305  -47.793  94.674 0.0000000000
108622  56.185  -13.386  66.276 0.0000000000
61264  54.517  -14.447  66.641 0.0000000000
61252  55.868  -14.340  67.542 0.0000000000
60429  53.245  -15.065  66.839 0.0000000000
61229  56.360  -14.719  69.175 0.0000000000
60397  54.898  -15.524  69.341 0.0000000000
59486  53.015  -15.817  68.004 0.0000000000
59488  51.521  -16.609  67.408 0.0000000000
124232  51.065  -17.119  67.397 0.0000000000
58584  50.577  -17.564  67.457 0.0000000000
57730  50.090  -18.306  67.821 0.0000000000
58574  51.559  -17.508  68.801 0.0000000000
57718  50.744  -17.923  68.386 0.0000000000
57720  49.677  -18.905  68.215 0.0000000000
56945  49.403  -19.489  68.664 0.0000000000
114472  48.735  -19.957  68.591 0.0000000000
57688  54.080  -17.982  71.288 0.0000000000
56923  51.378  -19.515  70.710 0.0000000000
56093  49.818  -19.956  69.742 0.0000000000
117754  49.267  -20.025  69.186 0.0000000000
55169  48.048  -21.269  69.387 0.0000000000
55161  47.669  -21.728  69.663 0.0000000000
54280  47.279  -22.301  70.005 0.0000000000
55146  48.494  -21.756  70.490 0.0000000000
55147  47.871  -22.042  70.257 0.0000000000
54268  46.877  -22.779  70.403 0.0000000000
53348  46.374  -23.186  70.676 0.0000000000
128958  45.779  -23.494  70.799 0.0000000000
53342  45.344  -23.927  71.307 0.0000000000
54244  50.140  -22.174  73.058 0.0000000000
54245  49.307  -22.384  72.705 0.0000000000
54246  48.538  -22.615  72.427 0.0000000000
53326  48.293  -23.206  73.700 0.0000000000
53334  47.969  -23.070  72.879 0.0000000000
130665  47.585  -23.136  72.407 0.0000000000
109794  46.739  -23.482  71.931 0.0000000000
53337  45.918  -23.789  72.024 0.0000000000
52468  44.611  -24.418  71.736 0.0000000000
52463  44.131  -24.754  72.168 0.0000000000
110019  44.287  -25.218  73.614 0.0000000000
50714  43.072  -26.138  73.533 0.0000000000
49873  42.059  -27.165  73.623 0.0000000000
49862  41.891  -27.731  73.989 0.0000000000
129900  41.433  -28.828  74.360 0.0000000000
111055  53.691  -22.156  77.172 0.0000000000
53300  51.279  -22.888  76.910 0.0000000000
53288  51.407  -23.128  77.984 0.0000000000
53289  50.677  -23.280  77.356 0.0000000000
52400  48.603  -24.584  78.311 0.0000000000
51515  47.479  -25.495  78.440 0.0000000000
52401  47.890  -24.929  77.976 0.0000000000
52414  47.557  -24.630  77.253 0.0000000000
52426  47.308  -24.341  76.469 0.0000000000
51540  45.904  -24.988  76.106 0.0000000000
51541  45.268  -25.707  76.277 0.0000000000
49835  44.299  -27.175  76.741 0.0000000000
49844  43.959  -26.917  75.977 0.0000000000
49845  43.366  -27.396  75.590 0.0000000000
48932  42.378  -28.515  75.460 0.0000000000
47961  41.476  -29.841  75.193 0.0000000000
131388  41.350  -30.543  75.262 0.0000000000
47004  41.421  -31.122  75.667 0.0000000000
130774  42.229  -31.420  76.941 0.0000000000
45004  41.973  -32.818  76.554 0.0000000000
45964  43.660  -31.633  78.917 0.0000000000
110300  43.282  -32.252  78.555 0.0000000000
42994  43.433  -34.709  78.485 0.0000000000
43985  43.051  -34.284  77.901 0.0000000000
122501  50.502  -27.046  83.461 0.0000000000
49763  50.417  -27.626  83.183 0.0000000000
48834  49.341  -29.223  82.632 0.0000000000
47870  48.941  -29.782  82.628 0.0000000000
49731  47.961  -26.713  85.042 0.0000000000
49743  47.748  -27.254  84.214 0.0000000000
123269  43.359  -29.536  81.983 0.0000000000
47861  44.102  -29.163  82.154 0.0000000000
48836  45.023  -28.748  82.574 0.0000000000
46943  44.905  -30.648  82.405 0.0000000000
48819  45.643  -28.085  83.017 0.0000000000
48818  46.530  -28.243  83.158 0.0000000000
49754  47.103  -27.676  83.555 0.0000000000
121603  48.582  -27.212  84.785 0.0000000000
48802  48.797  -28.207  84.523 0.0000000000
48815  49.242  -29.425  84.391 0.0000000000
46927  47.658  -31.507  84.009 0.0000000000
46926  48.312  -31.030  84.019 0.0000000000
46925  48.912  -30.664  84.018 0.0000000000
46940  48.927  -30.548  83.441 0.0000000000
46955  48.527  -30.303  82.516 0.0000000000
45941  47.767  -31.812  82.622 0.0000000000
44935  47.331  -32.234  82.418 0.0000000000
43926  46.580  -33.654  82.381 0.0000000000
42927  46.934  -34.557  83.663 0.0000000000
42944  46.804  -34.491  82.994 0.0000000000
42945  46.014  -35.111  82.312 0.0000000000
41005  46.083  -37.150  82.647 0.0000000000
40118  46.312  -38.114  82.563 0.0000000000
40998  44.841  -36.979  83.647 0.0000000000
40107  45.411  -37.754  83.774 0.0000000000
39267  45.916  -38.277  83.939 0.0000000000
38455  45.594  -39.726  81.142 0.0000000000
38446  45.755  -39.596  82.323 0.0000000000
38419  46.234  -38.811  83.425 0.0000000000
39276  46.369  -38.546  83.438 0.0000000000
115996  46.730  -39.371  83.080 0.0000000000
39285  46.800  -39.121  81.983 0.0000000000
38443  47.903  -40.583  81.954 0.0000000000
37613  48.507  -40.716  81.572 0.0000000000
37658  47.641  -41.195  79.314 0.0000000000
37695  43.678  -40.687  75.219 0.0000000000
38524  44.164  -40.057  74.767 0.0000000000
39355  43.710  -39.407  74.255 0.0000000000
39365  42.650  -39.244  73.737 0.0000000000
39364  43.484  -38.679  73.686 0.0000000000
40201  41.159  -37.440  75.358 0.0000000000
39380  40.141  -38.512  73.340 0.0000000000
40213  38.884  -37.687  73.734 0.0000000000
39381  39.595  -38.150  73.110 0.0000000000
39251  37.660  -38.169  85.302 0.0000000000
113181  37.374  -38.353  83.873 0.0000000000
38405  37.952  -39.183  83.619 0.0000000000
39268  37.434  -38.622  82.844 0.0000000000
39290  37.771  -38.910  81.759 0.0000000000
39289  38.345  -39.167  80.905 0.0000000000
36765  39.007  -41.252  81.993 0.0000000000
37617  38.877  -40.811  81.577 0.0000000000
37633  38.601  -40.342  80.988 0.0000000000
37634  38.182  -40.353  80.509 0.0000000000
38447  38.675  -40.279  81.066 0.0000000000
39298  38.533  -39.414  79.998 0.0000000000
39307  38.465  -38.902  79.463 0.0000000000
39317  37.968  -38.531  78.332 0.0000000000
116904  36.242  -37.645  77.811 0.0000000000
42048  35.144  -35.736  76.057 0.0000000000
42056  34.644  -35.343  75.497 0.0000000000
37621  33.194  -40.242  81.282 0.0000000000
37638  33.357  -40.287  80.938 0.0000000000
37649  33.004  -40.270  80.394 0.0000000000
38472  33.353  -39.912  79.878 0.0000000000
114893  33.433  -38.970  78.881 0.0000000000
39333  30.146  -39.031  77.269 0.0000000000
113805  30.768  -38.912  77.565 0.0000000000
39332  31.441  -38.668  77.736 0.0000000000
39342  30.858  -38.247  77.126 0.0000000000
40164  33.559  -38.208  78.371 0.0000000000
41078  33.444  -36.285  76.520 0.0000000000
42057  33.795  -35.309  75.455 0.0000000000
42066  34.298  -34.866  74.876 0.0000000000
62154  54.666  -12.775  64.807 0.0000000000
63072  54.202  -12.378  63.383 0.0000000000
63081  53.008  -12.759  62.915 0.0000000000
63080  53.647  -12.557  62.730 0.0000000000
63079  54.415  -12.390  62.496 0.0000000000
63086  54.634  -12.673  61.727 0.0000000000
62179  54.129  -13.113  61.220 0.0000000000
62190  54.440  -13.637  60.611 0.0000000000
127087  50.898  -14.745  60.800 0.0000000000
56122  46.421  -19.970  66.168 0.0000000000
114043  45.296  -20.933  65.695 0.0000000000
118851  45.735  -20.379  65.708 0.0000000000
35871  37.679  -42.677  91.073 0.0000000000
35904  40.550  -42.438  88.170 0.0000000000
36658  38.704  -41.936  90.711 0.0000000000
36764  47.427  -41.267  81.837 0.0000000000
36777  46.761  -41.541  80.188 0.0000000000
36782  47.093  -41.572  79.826 0.0000000000
37600  46.779  -39.343  82.501 0.0000000000
37614  47.878  -41.093  81.902 0.0000000000
37630  48.874  -40.713  81.201 0.0000000000
37631  47.008  -41.181  81.922 0.0000000000
37659  46.544  -41.377  78.872 0.0000000000
37660  45.675  -41.207  78.480 0.0000000000
37669  45.356  -41.084  77.646 0.0000000000
37671  44.047  -40.943  76.702 0.0000000000
38435  46.310  -39.569  82.690 0.0000000000
38436  45.729  -39.071  83.099 0.0000000000
38444  47.189  -40.004  82.371 0.0000000000
38456  38.566  -39.931  80.352 0.0000000000
38458  36.533  -40.030  80.296 0.0000000000
38527  41.434  -40.155  74.419 0.0000000000
39266  46.317  -38.253  83.974 0.0000000000
39286  46.360  -38.522  81.888 0.0000000000
39340  43.353  -39.705  76.573 0.0000000000
40053  39.108  -37.613  89.621 0.0000000000
40172  42.604  -36.780  76.979 0.0000000000
40187  43.096  -38.500  76.476 0.0000000000
40985  46.458  -37.694  84.007 0.0000000000
40996  46.473  -37.947  84.060 0.0000000000
41835  41.862  -35.446  90.279 0.0000000000
41847  42.234  -35.176  89.791 0.0000000000
41940  45.750  -36.050  84.068 0.0000000000
41958  46.319  -35.769  83.897 0.0000000000
41996  43.791  -35.163  78.886 0.0000000000
43008  42.831  -34.371  76.743 0.0000000000
43869  42.399  -33.943  89.506 0.0000000000
43895  38.983  -33.103  84.714 0.0000000000
44938  43.373  -31.808  81.774 0.0000000000
44976  43.197  -33.014  78.586 0.0000000000
45024  43.120  -32.963  74.378 0.0000000000
45038  41.652  -31.782  74.008 0.0000000000
45815  42.539  -32.284  89.690 0.0000000000
45869  40.699  -31.758  85.978 0.0000000000
45932  40.323  -31.028  82.008 0.0000000000
45945  41.740  -31.323  81.217 0.0000000000
45956  45.778  -32.012  80.976 0.0000000000
45993  41.933  -31.973  76.656 0.0000000000
46924  49.333  -30.201  83.875 0.0000000000
46977  44.168  -31.007  79.299 0.0000000000
47003  41.872  -31.107  76.487 0.0000000000
47051  40.792  -29.921  73.125 0.0000000000
47081  41.417  -29.934  71.809 0.0000000000
47846  49.323  -30.036  84.093 0.0000000000
47851  41.968  -29.771  83.184 0.0000000000
47859  45.821  -29.549  82.799 0.0000000000
47882  47.688  -29.273  81.376 0.0000000000
47896  45.591  -29.279  79.862 0.0000000000
47981  40.756  -29.359  73.162 0.0000000000
47991  40.686  -29.057  72.478 0.0000000000
48001  41.172  -29.310  71.423 0.0000000000
48002  40.763  -28.901  71.779 0.0000000000
48011  41.527  -29.057  70.649 0.0000000000
48816  48.487  -29.200  84.259 0.0000000000
48832  50.349  -28.481  83.574 0.0000000000
48833  49.845  -28.918  83.108 0.0000000000
48899  44.353  -28.238  77.855 0.0000000000
48914  43.362  -28.392  76.645 0.0000000000
48933  41.773  -29.042  74.984 0.0000000000
48952  42.012  -28.194  74.627 0.0000000000
48953  41.420  -28.339  73.869 0.0000000000
48990  40.969  -28.642  71.119 0.0000000000
49026  41.453  -27.975  69.712 0.0000000000
49753  47.926  -28.044  83.847 0.0000000000
49899  40.851  -27.430  71.013 0.0000000000
50623  48.747  -26.745  81.275 0.0000000000
50693  43.636  -26.706  75.224 0.0000000000
50705  42.630  -26.714  73.821 0.0000000000
50741  41.220  -26.696  69.899 0.0000000000
51455  50.249  -25.934  83.024 0.0000000000
51561  44.441  -25.441  74.397 0.0000000000
51600  41.587  -26.045  69.568 0.0000000000
51614  42.126  -25.482  68.449 0.0000000000
51615  41.783  -26.074  68.859 0.0000000000
52437  45.748  -24.795  75.130 0.0000000000
52446  44.951  -24.822  74.052 0.0000000000
52451  46.226  -24.296  73.942 0.0000000000
52452  45.585  -24.461  73.646 0.0000000000
52462  44.728  -24.524  72.476 0.0000000000
52501  42.367  -24.874  68.060 0.0000000000
56956  48.504  -19.602  67.976 0.0000000000
57697  53.935  -17.500  70.749 0.0000000000
59519  48.790  -15.918  64.008 0.0000000000
60407  53.764  -15.537  68.251 0.0000000000
61289  51.019  -14.021  62.171 0.0000000000
108741  42.455  -26.693  68.099 0.0000000000
109412  48.786  -20.484  69.187 0.0000000000
109991  41.148  -30.312  74.583 0.0000000000
111730  42.289  -33.237  77.227 0.0000000000
115426  48.327  -41.326  81.125 0.0000000000
116031  41.687  -30.455  72.157 0.0000000000
119292  44.389  -34.195  80.232 0.0000000000
119802  50.132  -28.235  82.946 0.0000000000
122916  43.291  -40.803  75.589 0.0000000000
125209  43.814  -35.206  82.939 0.0000000000
125946  42.085  -40.657  75.020 0.0000000000
126682  50.505  -28.372  83.975 0.0000000000
127510  48.291  -41.133  81.570 0.0000000000
127797  46.631  -40.908  81.878 0.0000000000
128684  42.170  -34.908  89.549 0.0000000000
129008  51.565  -19.858  71.180 0.0000000000
129463  44.563  -39.114  78.769 0.0000000000
129685  23.443  -42.711  90.501 0.0000000000
130311  44.705  -34.030  83.391 0.0000000000
131430  43.017  -34.515  77.321 0.0000000000
131506  51.768  -22.812  77.390 0.0000000000
