#!ascii label  , from subject sub-v2s18x29523_ses-1 vox2ras=TkReg
340
14611  42.806  -67.487  30.924 0.0000000000
9626  32.247  -73.852  27.195 0.0000000000
111915  42.339  -72.643  30.532 0.0000000000
12917  36.633  -69.298  30.331 0.0000000000
7544  38.875  -76.870  24.667 0.0000000000
111863  40.761  -74.663  27.049 0.0000000000
6927  39.167  -77.189  26.486 0.0000000000
10481  34.062  -72.337  29.530 0.0000000000
17281  35.109  -64.804  32.853 0.0000000000
13714  39.648  -68.872  33.442 0.0000000000
120813  38.473  -71.252  30.036 0.0000000000
122721  37.605  -73.357  28.133 0.0000000000
8163  35.218  -76.167  26.710 0.0000000000
6373  36.458  -79.376  22.965 0.0000000000
17276  43.012  -63.948  31.557 0.0000000000
14586  41.334  -67.276  34.478 0.0000000000
11276  42.154  -71.072  34.149 0.0000000000
17292  39.722  -64.462  31.945 0.0000000000
8128  39.674  -75.861  28.348 0.0000000000
9602  33.316  -73.407  28.590 0.0000000000
12921  32.901  -69.523  30.084 0.0000000000
10452  39.881  -71.992  32.387 0.0000000000
10471  39.841  -72.622  30.597 0.0000000000
8796  40.284  -75.590  26.081 0.0000000000
9615  39.018  -74.247  27.298 0.0000000000
8152  38.248  -75.455  26.584 0.0000000000
119675  35.923  -75.493  27.188 0.0000000000
7545  37.348  -76.874  25.028 0.0000000000
6361  33.783  -78.736  24.178 0.0000000000
14566  42.687  -67.337  35.487 0.0000000000
13702  40.909  -68.435  34.747 0.0000000000
12870  43.132  -70.128  34.992 0.0000000000
14616  37.663  -67.360  31.751 0.0000000000
15526  37.477  -65.973  32.409 0.0000000000
18981  35.484  -62.860  32.526 0.0000000000
128901  37.464  -62.335  32.880 0.0000000000
118053  43.188  -73.600  29.395 0.0000000000
10491  42.171  -72.881  28.157 0.0000000000
8139  41.062  -74.947  28.058 0.0000000000
7519  40.387  -76.219  26.290 0.0000000000
6932  39.602  -77.135  25.197 0.0000000000
12126  35.180  -70.227  30.518 0.0000000000
127533  35.547  -67.731  31.769 0.0000000000
12919  34.130  -68.933  31.097 0.0000000000
16421  34.078  -65.549  31.534 0.0000000000
9635  32.154  -73.743  25.622 0.0000000000
14599  40.962  -67.712  32.684 0.0000000000
114294  38.068  -68.782  31.558 0.0000000000
12124  37.481  -69.891  29.917 0.0000000000
10493  40.306  -72.543  27.963 0.0000000000
11341  38.386  -71.832  28.601 0.0000000000
126989  36.826  -71.570  29.045 0.0000000000
117192  35.829  -73.468  28.749 0.0000000000
8789  34.446  -75.004  28.026 0.0000000000
8165  33.174  -75.820  26.959 0.0000000000
6952  38.108  -78.161  23.634 0.0000000000
6943  35.789  -77.727  24.362 0.0000000000
7547  33.839  -77.094  25.810 0.0000000000
7549  32.031  -76.188  25.711 0.0000000000
17275  43.992  -63.785  31.213 0.0000000000
16405  43.137  -66.178  31.689 0.0000000000
114594  42.404  -65.995  32.959 0.0000000000
14585  41.583  -67.283  33.147 0.0000000000
13703  40.203  -68.611  34.101 0.0000000000
127162  40.152  -69.869  34.013 0.0000000000
10450  42.519  -72.381  32.267 0.0000000000
112811  42.636  -72.441  32.651 0.0000000000
126684  43.338  -72.686  30.973 0.0000000000
17279  37.251  -64.675  32.827 0.0000000000
15537  43.754  -67.298  30.727 0.0000000000
15550  44.807  -67.105  29.698 0.0000000000
14638  43.647  -67.385  30.055 0.0000000000
125042  32.656  -74.422  27.452 0.0000000000
111783  32.535  -71.562  28.544 0.0000000000
10464  39.817  -72.467  31.541 0.0000000000
10470  40.887  -72.835  30.213 0.0000000000
7529  39.381  -76.523  25.246 0.0000000000
8151  39.765  -75.895  25.759 0.0000000000
8161  38.499  -76.000  25.965 0.0000000000
8162  37.250  -75.747  26.460 0.0000000000
7530  37.952  -76.367  25.632 0.0000000000
5772  32.920  -79.475  23.343 0.0000000000
12861  42.620  -69.110  35.411 0.0000000000
13738  37.057  -67.866  31.282 0.0000000000
120573  37.063  -67.251  31.746 0.0000000000
19797  37.287  -60.894  32.673 0.0000000000
8764  41.902  -74.528  28.536 0.0000000000
7510  38.929  -76.752  27.640 0.0000000000
7509  39.797  -76.302  27.372 0.0000000000
116916  39.828  -76.648  26.634 0.0000000000
7520  40.128  -76.560  25.855 0.0000000000
6933  38.773  -77.781  25.653 0.0000000000
10480  35.046  -72.272  29.565 0.0000000000
12127  34.272  -69.900  30.745 0.0000000000
126378  34.133  -71.205  30.119 0.0000000000
14628  33.367  -67.322  30.661 0.0000000000
15555  33.410  -66.659  30.342 0.0000000000
17311  34.226  -64.706  30.976 0.0000000000
13726  39.712  -68.318  32.963 0.0000000000
14600  40.318  -67.829  32.652 0.0000000000
12909  37.784  -69.427  30.844 0.0000000000
12134  37.893  -70.669  29.511 0.0000000000
124595  41.653  -73.176  27.593 0.0000000000
10492  41.269  -72.699  27.870 0.0000000000
10507  40.851  -72.866  27.611 0.0000000000
129661  38.010  -73.895  27.664 0.0000000000
121834  38.878  -72.436  28.138 0.0000000000
10495  37.928  -72.446  28.310 0.0000000000
11342  37.587  -71.577  28.777 0.0000000000
128487  37.244  -72.986  28.478 0.0000000000
10496  36.732  -72.563  28.837 0.0000000000
9599  36.743  -73.468  28.447 0.0000000000
8788  35.472  -74.858  27.957 0.0000000000
115469  34.734  -75.624  27.406 0.0000000000
8154  33.775  -75.460  27.492 0.0000000000
8164  34.130  -76.084  26.953 0.0000000000
4596  35.260  -82.020  23.160 0.0000000000
5770  35.306  -80.066  23.101 0.0000000000
5769  36.720  -80.089  22.849 0.0000000000
131416  37.113  -79.706  22.793 0.0000000000
6359  37.070  -78.787  23.004 0.0000000000
6953  37.082  -78.234  23.484 0.0000000000
109801  36.069  -78.475  23.572 0.0000000000
6955  33.478  -78.068  24.726 0.0000000000
6945  33.132  -77.456  25.313 0.0000000000
7548  32.826  -76.802  25.897 0.0000000000
6946  32.163  -76.930  25.122 0.0000000000
18163  43.411  -63.033  31.592 0.0000000000
17290  43.708  -64.649  31.140 0.0000000000
118210  42.973  -64.981  31.692 0.0000000000
15503  42.192  -66.437  34.618 0.0000000000
109965  42.217  -65.854  33.815 0.0000000000
15515  41.808  -66.559  33.980 0.0000000000
15514  42.209  -66.652  33.043 0.0000000000
129630  40.732  -67.581  33.801 0.0000000000
127474  40.658  -67.890  34.322 0.0000000000
12074  41.577  -70.239  34.521 0.0000000000
12872  40.672  -69.446  34.415 0.0000000000
12088  40.892  -70.469  34.164 0.0000000000
11285  41.284  -71.390  33.600 0.0000000000
113675  42.556  -72.874  33.839 0.0000000000
9525  42.752  -72.637  32.668 0.0000000000
10449  42.941  -72.673  31.795 0.0000000000
15529  34.984  -66.221  32.556 0.0000000000
16409  36.184  -65.510  32.921 0.0000000000
17280  36.374  -64.793  33.123 0.0000000000
19811  39.550  -62.014  31.962 0.0000000000
9586  33.688  -72.911  29.081 0.0000000000
11330  33.541  -71.588  29.720 0.0000000000
12099  39.371  -70.370  33.022 0.0000000000
12895  39.206  -69.404  32.841 0.0000000000
121320  39.058  -71.042  32.257 0.0000000000
11324  39.160  -72.117  29.705 0.0000000000
8784  40.311  -74.686  26.775 0.0000000000
9614  39.827  -73.659  27.338 0.0000000000
8785  39.388  -75.060  26.537 0.0000000000
8786  37.865  -74.685  27.315 0.0000000000
8787  36.520  -74.727  27.636 0.0000000000
8153  37.063  -75.187  27.055 0.0000000000
123221  36.502  -76.238  26.210 0.0000000000
7531  35.747  -76.689  25.801 0.0000000000
6360  35.025  -79.032  23.690 0.0000000000
5754  34.071  -79.448  23.682 0.0000000000
6362  32.910  -78.451  24.306 0.0000000000
14567  41.849  -67.234  35.124 0.0000000000
14574  41.198  -67.738  34.876 0.0000000000
13692  41.834  -68.145  35.374 0.0000000000
12871  41.824  -69.446  34.960 0.0000000000
12073  42.687  -70.595  34.560 0.0000000000
15541  38.214  -66.162  32.212 0.0000000000
17293  39.011  -64.777  32.197 0.0000000000
18168  35.610  -63.429  33.003 0.0000000000
18150  36.359  -63.863  33.187 0.0000000000
18979  36.621  -62.100  32.939 0.0000000000
19796  38.011  -61.097  32.638 0.0000000000
10469  43.268  -72.585  29.976 0.0000000000
127434  42.026  -72.736  29.784 0.0000000000
10474  42.948  -73.014  28.832 0.0000000000
8782  41.997  -73.743  27.643 0.0000000000
8149  40.952  -74.824  27.161 0.0000000000
8140  40.448  -75.607  27.254 0.0000000000
8150  40.430  -75.611  26.330 0.0000000000
7527  40.381  -76.165  25.807 0.0000000000
7528  40.010  -76.484  25.563 0.0000000000
126235  35.826  -69.535  30.582 0.0000000000
13739  36.192  -68.174  31.322 0.0000000000
12918  35.001  -69.395  31.093 0.0000000000
14618  34.875  -67.504  31.889 0.0000000000
14604  34.765  -66.814  32.185 0.0000000000
117416  33.521  -69.654  30.529 0.0000000000
14620  33.780  -67.268  31.280 0.0000000000
16411  34.613  -65.308  32.440 0.0000000000
17294  34.373  -64.599  31.934 0.0000000000
18190  35.012  -63.182  31.750 0.0000000000
119966  31.949  -73.952  26.414 0.0000000000
113311  42.113  -67.570  31.798 0.0000000000
14612  41.992  -67.449  31.155 0.0000000000
108765  41.291  -67.662  31.978 0.0000000000
12910  37.359  -68.577  30.977 0.0000000000
12916  37.163  -69.225  30.324 0.0000000000
10478  39.620  -72.322  28.619 0.0000000000
9597  39.885  -72.805  27.707 0.0000000000
10494  39.254  -72.329  28.343 0.0000000000
11325  38.558  -71.576  28.978 0.0000000000
11326  37.878  -71.052  29.021 0.0000000000
12135  37.376  -70.426  29.440 0.0000000000
12136  36.771  -70.380  29.442 0.0000000000
11327  36.399  -71.106  29.338 0.0000000000
11328  35.469  -71.509  29.724 0.0000000000
9600  35.009  -73.417  28.957 0.0000000000
8773  36.079  -74.160  28.257 0.0000000000
8774  34.968  -74.161  28.546 0.0000000000
9601  34.200  -73.538  28.848 0.0000000000
8775  33.801  -74.195  28.409 0.0000000000
8790  33.369  -74.719  27.824 0.0000000000
8155  32.882  -75.092  27.287 0.0000000000
6337  38.992  -77.877  24.659 0.0000000000
4580  36.014  -81.076  23.189 0.0000000000
6357  38.369  -78.699  23.484 0.0000000000
6942  38.425  -77.481  24.315 0.0000000000
116218  37.198  -77.577  24.218 0.0000000000
123266  36.192  -77.232  25.029 0.0000000000
7546  35.023  -77.171  25.414 0.0000000000
6954  34.730  -78.256  24.333 0.0000000000
6944  34.293  -77.642  25.038 0.0000000000
7532  34.535  -76.634  26.246 0.0000000000
7533  33.482  -76.490  26.460 0.0000000000
7534  32.562  -76.066  26.366 0.0000000000
8797  31.780  -74.715  26.224 0.0000000000
8167  31.620  -74.964  25.699 0.0000000000
18187  45.160  -63.843  30.992 0.0000000000
18162  44.505  -62.981  31.423 0.0000000000
17289  44.694  -64.643  30.696 0.0000000000
117505  44.361  -65.573  30.652 0.0000000000
16418  43.949  -66.765  30.918 0.0000000000
15524  43.227  -67.073  31.455 0.0000000000
16386  41.837  -65.119  34.123 0.0000000000
16406  42.591  -65.520  32.395 0.0000000000
15525  42.695  -66.642  32.245 0.0000000000
130257  42.875  -67.051  31.788 0.0000000000
14587  40.191  -68.169  33.457 0.0000000000
12883  39.928  -69.232  33.965 0.0000000000
12884  39.635  -69.683  33.543 0.0000000000
12089  40.135  -70.548  33.645 0.0000000000
10437  41.113  -72.001  32.862 0.0000000000
10451  41.048  -72.526  32.057 0.0000000000
10436  42.408  -72.013  32.895 0.0000000000
128827  43.410  -72.605  30.603 0.0000000000
15543  36.527  -66.824  32.182 0.0000000000
16407  37.801  -65.396  32.451 0.0000000000
18166  38.848  -63.898  32.386 0.0000000000
18978  38.081  -63.001  32.689 0.0000000000
18165  39.147  -62.872  32.219 0.0000000000
5175  36.733  -80.403  23.049 0.0000000000
5755  33.208  -79.149  23.790 0.0000000000
6941  39.082  -77.381  24.502 0.0000000000
8156  32.190  -74.540  26.900 0.0000000000
8160  40.415  -76.058  25.792 0.0000000000
8166  31.829  -75.450  26.053 0.0000000000
8173  31.617  -75.491  25.386 0.0000000000
8753  43.689  -73.006  29.893 0.0000000000
8763  42.876  -73.456  28.740 0.0000000000
8769  42.383  -73.306  28.100 0.0000000000
8770  42.418  -73.991  28.103 0.0000000000
8771  41.653  -74.334  27.716 0.0000000000
8772  37.100  -74.092  27.985 0.0000000000
8776  32.825  -73.851  27.951 0.0000000000
8783  41.348  -74.011  27.347 0.0000000000
8805  31.797  -74.448  25.689 0.0000000000
9526  42.117  -73.607  33.453 0.0000000000
9573  43.505  -72.860  29.616 0.0000000000
9583  43.448  -73.066  29.321 0.0000000000
9584  35.535  -72.830  29.202 0.0000000000
9585  34.575  -72.923  29.247 0.0000000000
9598  38.739  -73.191  27.774 0.0000000000
9603  32.660  -72.998  28.307 0.0000000000
9613  40.781  -73.610  27.276 0.0000000000
10462  42.779  -72.577  31.346 0.0000000000
10463  40.923  -72.795  31.148 0.0000000000
10475  42.606  -72.778  29.004 0.0000000000
10479  36.009  -72.023  29.352 0.0000000000
10498  32.716  -72.273  28.691 0.0000000000
11286  39.997  -71.321  33.086 0.0000000000
11314  34.893  -71.045  30.146 0.0000000000
11315  33.555  -70.834  30.113 0.0000000000
11329  34.528  -71.700  29.850 0.0000000000
12125  36.310  -69.969  30.029 0.0000000000
12128  33.116  -70.262  30.115 0.0000000000
12137  35.857  -70.711  29.856 0.0000000000
12138  32.942  -70.922  29.678 0.0000000000
12911  35.094  -68.431  31.516 0.0000000000
12920  33.262  -68.814  30.527 0.0000000000
12927  37.028  -69.754  29.717 0.0000000000
13740  34.285  -67.887  31.455 0.0000000000
13741  33.578  -68.059  30.989 0.0000000000
13746  36.812  -68.615  30.743 0.0000000000
13747  35.982  -68.858  30.894 0.0000000000
14597  42.975  -67.446  31.289 0.0000000000
14598  42.427  -67.311  32.147 0.0000000000
14603  35.514  -67.007  32.223 0.0000000000
14617  36.361  -67.493  31.736 0.0000000000
14619  34.320  -67.040  31.763 0.0000000000
14625  43.502  -67.378  30.562 0.0000000000
14626  43.139  -67.381  30.463 0.0000000000
14627  42.634  -67.353  30.694 0.0000000000
14629  33.054  -67.990  30.274 0.0000000000
15527  36.767  -66.124  32.498 0.0000000000
15528  35.882  -66.227  32.598 0.0000000000
15530  34.390  -66.257  32.086 0.0000000000
15542  37.455  -66.670  32.112 0.0000000000
15544  33.913  -66.497  31.453 0.0000000000
15545  33.554  -66.758  30.960 0.0000000000
15551  44.152  -67.400  30.122 0.0000000000
16397  35.687  -64.844  33.122 0.0000000000
16408  36.982  -65.423  32.719 0.0000000000
16410  35.343  -65.488  32.852 0.0000000000
16420  38.630  -65.416  32.238 0.0000000000
16436  33.667  -66.122  30.839 0.0000000000
17265  35.467  -64.175  33.016 0.0000000000
17278  38.207  -64.668  32.469 0.0000000000
17282  34.816  -64.375  32.514 0.0000000000
18167  37.643  -63.849  32.837 0.0000000000
18169  35.129  -63.642  32.532 0.0000000000
18191  34.673  -63.928  32.095 0.0000000000
19798  36.542  -61.163  32.593 0.0000000000
110077  36.006  -62.781  33.111 0.0000000000
112108  40.692  -72.554  28.413 0.0000000000
112377  37.211  -70.900  29.090 0.0000000000
112936  38.381  -62.023  32.536 0.0000000000
113621  41.654  -72.684  28.354 0.0000000000
117665  36.978  -62.967  33.057 0.0000000000
118926  32.350  -75.299  26.671 0.0000000000
119222  37.378  -61.600  32.787 0.0000000000
122294  32.213  -73.334  26.879 0.0000000000
122949  34.259  -70.627  30.407 0.0000000000
125350  35.105  -75.288  27.705 0.0000000000
125353  33.686  -70.281  30.415 0.0000000000
126311  42.645  -74.102  28.797 0.0000000000
128362  43.600  -65.613  31.215 0.0000000000
130772  35.935  -64.409  33.228 0.0000000000
