#!ascii label  , from subject sub-v2s18x29519_ses-1 vox2ras=TkReg
1942
27437  -22.491  -46.372  0.689 0.5000000000
26688  -23.090  -47.050  0.629 0.5000000000
110191  -22.872  -45.860  0.578 0.4000000060
94340  -23.350  -46.230  0.454 0.5000000000
28958  -23.454  -44.814  -0.032 0.5000000000
28967  -23.434  -44.386  -0.603 0.5000000000
43532  -33.463  -28.694  -6.360 0.5000000000
43533  -34.117  -28.096  -6.655 0.4000000060
100978  -34.372  -27.417  -6.191 0.4000000060
102720  -34.546  -26.602  -5.821 0.5000000000
45211  -34.532  -26.636  -6.717 0.5000000000
46052  -34.677  -26.009  -6.322 0.4000000060
46046  -34.787  -25.761  -5.529 0.5000000000
99133  -34.934  -24.883  -7.436 0.4000000060
25886  -22.347  -48.698  -0.144 0.5000000000
25878  -22.798  -47.938  0.450 0.4000000060
26689  -23.706  -46.869  0.374 0.5000000000
112317  -24.191  -47.057  0.149 0.5000000000
28169  -24.366  -45.935  -0.626 0.5000000000
28175  -23.868  -45.059  -0.921 0.5000000000
28973  -23.524  -44.303  -1.535 0.5000000000
29782  -23.203  -43.548  -2.006 0.5000000000
112485  -31.093  -29.728  -6.182 0.5000000000
42739  -31.299  -29.687  -7.000 0.5000000000
42740  -32.519  -29.335  -6.804 0.5000000000
43538  -33.755  -28.516  -7.199 0.5000000000
101336  -34.356  -27.410  -7.166 0.6000000238
48649  -33.678  -22.708  -9.744 0.3000000119
46058  -34.707  -25.784  -7.335 0.4000000060
47835  -34.076  -23.200  -9.036 0.3000000119
106448  -35.097  -24.105  -7.490 0.4000000060
105840  -34.559  -23.754  -8.483 0.4000000060
110417  -22.376  -47.149  0.649 0.5000000000
28168  -23.819  -45.605  -0.012 0.5000000000
27445  -24.080  -46.417  0.048 0.5000000000
29775  -23.176  -43.728  -0.871 0.5000000000
49531  -33.808  -22.100  -8.997 0.3000000119
107064  -34.285  -22.511  -8.633 0.3000000119
14654  -26.497  -61.387  -1.184 0.3000000119
15431  -26.785  -60.625  -1.396 0.3000000119
14655  -27.023  -61.422  -1.712 0.4000000060
14663  -27.565  -61.420  -2.223 0.4000000060
100740  -27.831  -62.017  -2.492 0.4000000060
14664  -28.147  -61.497  -2.679 0.4000000060
15438  -28.453  -60.828  -2.973 0.4000000060
13898  -28.352  -62.239  -2.980 0.4000000060
15444  -29.153  -60.931  -3.533 0.4000000060
103702  -29.542  -60.169  -3.839 0.4000000060
15424  -26.370  -60.683  -0.800 0.3000000119
104664  -26.490  -59.862  -1.066 0.3000000119
16251  -26.707  -58.937  -1.309 0.4000000060
16252  -27.029  -59.750  -1.739 0.4000000060
109887  -27.102  -59.045  -1.825 0.4000000060
98233  -27.539  -60.034  -2.236 0.4000000060
103700  -28.142  -59.036  -2.806 0.4000000060
103363  -28.755  -60.206  -3.317 0.4000000060
16268  -28.830  -59.337  -3.387 0.4000000060
17091  -30.282  -58.406  -4.373 0.4000000060
16269  -29.920  -59.301  -4.149 0.4000000060
18754  -25.567  -56.520  -0.212 0.3000000119
103732  -26.160  -57.735  -0.595 0.3000000119
17920  -26.481  -56.978  -1.127 0.3000000119
17067  -27.221  -58.354  -1.923 0.4000000060
17921  -27.161  -57.370  -1.751 0.4000000060
16260  -27.521  -59.200  -2.298 0.4000000060
17927  -27.663  -57.646  -2.375 0.4000000060
104564  -28.615  -57.216  -3.225 0.4000000060
17082  -29.274  -58.466  -3.662 0.4000000060
19624  -28.904  -55.687  -3.357 0.4000000060
17935  -29.498  -57.541  -3.849 0.4000000060
21492  -29.878  -53.627  -3.420 0.4000000060
101540  -29.521  -55.052  -3.638 0.4000000060
19625  -29.734  -55.899  -3.929 0.4000000060
94669  -25.306  -55.827  0.180 0.3000000119
17909  -25.529  -57.449  0.059 0.3000000119
99238  -25.826  -55.768  -0.497 0.3000000119
18761  -27.100  -56.459  -1.717 0.3000000119
18768  -27.630  -56.835  -2.308 0.3000000119
105192  -28.079  -57.173  -2.717 0.4000000060
18769  -28.298  -56.409  -2.889 0.4000000060
20534  -28.780  -54.185  -2.960 0.4000000060
20541  -28.815  -54.848  -3.168 0.4000000060
94861  -29.577  -53.021  -3.028 0.4000000060
22457  -29.899  -52.414  -2.655 0.4000000060
19604  -25.607  -54.994  -0.080 0.3000000119
19605  -26.174  -54.944  -0.783 0.3000000119
20520  -26.097  -54.141  -0.574 0.3000000119
103429  -26.836  -55.009  -1.479 0.4000000060
19612  -27.127  -55.677  -1.753 0.4000000060
106103  -27.779  -54.236  -2.222 0.4000000060
19617  -27.625  -55.967  -2.297 0.4000000060
24222  -28.646  -50.658  -0.444 0.3000000119
23350  -28.610  -51.745  -1.525 0.4000000060
20533  -28.277  -54.571  -2.631 0.4000000060
24237  -29.288  -51.005  -1.242 0.3000000119
22456  -28.886  -52.715  -2.461 0.4000000060
21482  -28.374  -53.693  -2.493 0.4000000060
22446  -29.394  -51.816  -1.992 0.4000000060
97755  -25.245  -53.081  3.250 0.3000000119
21433  -24.806  -53.756  2.113 0.3000000119
21408  -25.918  -52.618  3.710 0.3000000119
19597  -25.211  -55.200  0.588 0.3000000119
20496  -25.043  -54.021  1.317 0.3000000119
20509  -25.325  -54.463  0.590 0.3000000119
21449  -25.466  -53.479  0.612 0.3000000119
22432  -25.824  -52.766  0.263 0.3000000119
21461  -25.916  -53.429  -0.191 0.3000000119
22433  -26.377  -52.645  -0.335 0.3000000119
22434  -27.129  -52.279  -0.749 0.3000000119
21462  -26.459  -53.492  -0.773 0.3000000119
107618  -27.441  -51.514  -0.518 0.3000000119
21472  -27.031  -53.560  -1.347 0.3000000119
23349  -27.836  -51.971  -1.195 0.3000000119
22444  -27.541  -52.829  -1.449 0.4000000060
24223  -29.796  -50.489  -0.478 0.3000000119
24224  -31.285  -50.465  -0.247 0.4000000060
23352  -31.347  -51.219  -1.596 0.4000000060
22387  -25.582  -52.386  2.938 0.3000000119
22399  -25.509  -52.414  2.058 0.3000000119
22388  -26.289  -51.779  3.186 0.3000000119
21434  -25.222  -53.180  1.582 0.3000000119
23314  -25.904  -51.801  1.745 0.3000000119
96238  -27.422  -50.254  1.528 0.3000000119
23325  -26.550  -51.191  0.643 0.3000000119
24208  -28.299  -49.940  0.982 0.3000000119
109772  -27.100  -51.101  0.061 0.3000000119
23337  -26.705  -51.730  -0.129 0.3000000119
25018  -29.040  -49.695  1.579 0.3000000119
98710  -28.152  -50.426  0.230 0.3000000119
93068  -29.077  -50.209  0.249 0.3000000119
25031  -29.575  -49.727  0.958 0.3000000119
24209  -30.406  -50.065  0.324 0.3000000119
24210  -31.953  -50.209  0.569 0.3000000119
24225  -32.633  -50.415  0.020 0.4000000060
23271  -27.493  -51.805  4.162 0.3000000119
107207  -27.811  -52.106  4.377 0.3000000119
23302  -25.885  -51.907  2.486 0.3000000119
23292  -27.904  -51.192  3.864 0.3000000119
22333  -30.986  -52.451  6.241 0.3000000119
23240  -31.403  -51.838  6.431 0.3000000119
23304  -26.900  -51.064  2.849 0.3000000119
24165  -28.713  -50.856  4.293 0.3000000119
22334  -31.737  -52.528  6.492 0.3000000119
24194  -29.198  -49.948  3.211 0.3000000119
24193  -28.506  -50.033  2.659 0.3000000119
24192  -27.611  -50.420  2.516 0.3000000119
25011  -29.350  -49.661  2.384 0.3000000119
24202  -28.269  -49.850  1.905 0.3000000119
25003  -30.179  -49.641  3.126 0.3000000119
25019  -30.207  -49.541  1.761 0.3000000119
25020  -31.607  -49.403  1.957 0.3000000119
24211  -32.763  -50.062  0.506 0.4000000060
24240  -33.053  -50.550  -0.711 0.5000000000
23272  -28.306  -51.680  4.487 0.3000000119
22347  -28.933  -52.121  5.063 0.3000000119
23273  -29.134  -51.295  4.992 0.3000000119
102320  -29.675  -51.754  5.507 0.3000000119
24183  -28.354  -50.506  3.402 0.3000000119
24166  -29.560  -50.621  4.732 0.3000000119
23241  -33.037  -51.794  6.741 0.3000000119
104515  -33.748  -52.105  6.516 0.3000000119
24185  -30.262  -50.070  4.344 0.3000000119
24184  -29.277  -50.289  3.968 0.3000000119
23243  -34.574  -51.243  6.489 0.3000000119
25004  -30.745  -49.599  3.746 0.3000000119
23257  -35.362  -51.442  6.010 0.3000000119
25854  -31.341  -48.929  3.965 0.3000000119
25012  -31.191  -49.403  3.004 0.3000000119
24994  -37.039  -49.535  4.854 0.3000000119
25013  -31.580  -49.153  2.714 0.3000000119
25033  -32.212  -49.784  1.020 0.3000000119
25868  -32.219  -49.076  1.635 0.4000000060
25034  -32.947  -50.036  0.407 0.5000000000
24149  -29.880  -50.993  5.394 0.3000000119
24130  -31.087  -51.134  6.181 0.3000000119
24167  -30.457  -50.414  5.107 0.3000000119
24150  -30.570  -50.843  5.689 0.3000000119
24131  -31.767  -50.492  6.425 0.3000000119
24132  -32.510  -50.935  6.756 0.3000000119
24168  -31.011  -49.809  4.926 0.3000000119
24133  -33.331  -51.048  6.857 0.3000000119
24993  -31.176  -49.313  4.470 0.3000000119
24135  -34.982  -50.620  6.453 0.3000000119
25827  -35.941  -49.108  6.030 0.3000000119
24982  -35.968  -49.925  5.865 0.3000000119
26647  -36.732  -47.193  4.905 0.3000000119
104381  -36.747  -47.939  5.263 0.3000000119
25825  -31.031  -47.775  5.401 0.3000000119
110992  -31.532  -49.039  3.210 0.3000000119
26661  -31.305  -48.381  3.391 0.3000000119
25860  -31.801  -48.912  2.543 0.3000000119
24151  -31.178  -50.243  5.787 0.3000000119
95712  -32.426  -49.876  6.885 0.3000000119
24981  -31.288  -49.351  5.532 0.3000000119
24965  -32.054  -48.975  6.852 0.3000000119
96357  -31.697  -49.657  6.380 0.3000000119
102204  -33.412  -49.079  7.318 0.3000000119
24955  -34.238  -49.102  7.058 0.3000000119
24113  -33.182  -50.342  7.082 0.3000000119
25843  -31.174  -48.722  4.946 0.3000000119
25826  -31.351  -48.442  5.909 0.3000000119
97839  -31.628  -48.933  6.347 0.3000000119
25812  -32.323  -48.272  7.196 0.3000000119
26612  -33.461  -47.874  7.333 0.3000000119
25813  -34.653  -48.368  6.862 0.3000000119
98833  -35.075  -49.098  6.594 0.3000000119
27382  -35.707  -46.766  5.909 0.3000000119
26632  -35.676  -47.520  6.208 0.3000000119
28099  -35.645  -45.918  5.513 0.3000000119
27383  -36.225  -46.577  5.245 0.3000000119
26633  -36.236  -47.348  5.600 0.3000000119
28108  -35.826  -45.258  4.897 0.3000000119
28100  -36.213  -45.923  4.896 0.3000000119
26645  -30.629  -47.343  4.786 0.4000000060
28109  -36.489  -45.578  4.206 0.3000000119
26660  -30.564  -47.266  3.949 0.4000000060
28951  -36.505  -44.573  1.362 0.3000000119
107380  -31.412  -48.108  2.668 0.3000000119
26667  -31.639  -48.247  2.045 0.4000000060
29779  -35.899  -43.520  -0.868 0.3000000119
25879  -32.355  -48.878  0.820 0.5000000000
25890  -32.349  -48.875  -0.088 0.5000000000
101219  -31.356  -47.707  6.155 0.3000000119
26623  -32.104  -47.411  7.080 0.3000000119
27358  -32.688  -46.858  7.192 0.3000000119
26624  -33.499  -47.204  7.256 0.3000000119
28086  -35.054  -46.288  6.242 0.3000000119
27380  -30.739  -46.778  5.476 0.4000000060
111328  -35.418  -45.331  5.411 0.3000000119
112032  -36.059  -44.777  4.193 0.3000000119
97147  -30.298  -46.586  4.700 0.4000000060
98771  -30.149  -46.393  4.034 0.5000000000
28936  -36.220  -44.475  2.325 0.3000000119
29767  -35.780  -43.091  0.547 0.4000000060
101527  -30.880  -47.333  2.992 0.5000000000
26666  -30.977  -47.390  2.219 0.6000000238
29753  -36.168  -43.766  0.876 0.3000000119
26675  -30.989  -47.491  1.515 0.6000000238
26692  -31.351  -48.087  0.274 0.6000000238
26622  -31.565  -47.107  6.525 0.3000000119
27371  -31.983  -46.409  6.806 0.3000000119
100235  -33.311  -45.553  6.781 0.3000000119
26631  -31.170  -47.191  5.963 0.3000000119
28877  -34.016  -45.009  6.380 0.3000000119
28098  -34.903  -45.377  5.914 0.3000000119
29698  -35.034  -43.991  5.050 0.4000000060
28908  -35.555  -44.577  4.739 0.4000000060
29730  -35.529  -43.595  3.441 0.4000000060
27394  -30.020  -45.810  4.504 0.5000000000
104832  -35.739  -43.835  2.575 0.4000000060
97160  -35.441  -43.105  2.744 0.4000000060
30619  -35.672  -42.499  1.066 0.4000000060
27393  -29.851  -45.796  3.666 0.6000000238
28935  -35.954  -43.908  1.750 0.4000000060
29752  -35.761  -43.232  1.376 0.4000000060
30629  -35.636  -42.381  0.263 0.4000000060
31572  -35.672  -41.403  -0.838 0.4000000060
27419  -30.360  -46.642  2.435 0.6000000238
29778  -35.648  -42.945  -0.306 0.3000000119
30638  -35.498  -42.189  -0.576 0.4000000060
27428  -30.359  -46.854  1.723 0.6000000238
27440  -30.195  -47.016  1.024 0.6000000238
26703  -30.493  -47.706  -0.413 0.6999999881
27370  -31.419  -46.371  6.368 0.3000000119
28084  -32.306  -45.350  6.677 0.3000000119
28894  -33.759  -44.248  6.152 0.3000000119
27369  -30.930  -46.111  5.960 0.3000000119
28083  -30.806  -45.453  5.894 0.3000000119
106796  -34.541  -44.496  5.779 0.3000000119
29697  -34.604  -43.150  4.996 0.4000000060
28097  -30.368  -45.809  5.334 0.5000000000
29716  -35.200  -43.366  4.322 0.4000000060
28893  -30.480  -44.763  5.536 0.5000000000
100830  -35.538  -42.568  1.970 0.4000000060
28107  -30.034  -45.210  4.899 0.5000000000
28106  -29.712  -45.146  4.190 0.6000000238
101958  -35.711  -41.846  0.747 0.4000000060
32515  -35.945  -40.652  -1.302 0.4000000060
27418  -29.791  -45.899  2.765 0.6000000238
102191  -35.861  -40.821  -2.030 0.4000000060
33413  -36.145  -39.927  -2.153 0.4000000060
27439  -29.469  -46.459  1.091 0.6999999881
26702  -29.636  -47.314  -0.457 0.6999999881
100432  -31.591  -44.776  6.354 0.4000000060
29683  -33.114  -43.932  6.256 0.4000000060
110025  -33.583  -43.784  6.030 0.4000000060
30581  -34.334  -42.386  4.880 0.4000000060
28874  -31.082  -44.465  6.033 0.4000000060
29682  -32.498  -43.361  6.077 0.4000000060
105582  -34.859  -42.740  4.437 0.4000000060
29696  -31.581  -43.171  5.726 0.4000000060
30598  -35.231  -42.718  3.688 0.4000000060
31504  -35.129  -41.898  3.616 0.4000000060
94333  -35.352  -42.227  2.901 0.4000000060
31538  -35.490  -41.594  2.287 0.4000000060
31550  -35.648  -41.744  1.434 0.4000000060
100452  -36.006  -41.005  0.838 0.4000000060
29714  -29.743  -43.750  4.357 0.6000000238
32506  -36.108  -40.631  -0.243 0.4000000060
28906  -29.468  -44.417  3.913 0.6000000238
105912  -29.070  -44.370  3.306 0.6999999881
28139  -29.010  -45.339  2.289 0.6999999881
94481  -36.661  -39.281  -3.216 0.4000000060
28151  -28.897  -45.802  1.353 0.6999999881
26710  -30.056  -47.698  -1.348 0.6999999881
30562  -33.081  -42.591  5.730 0.4000000060
29695  -30.891  -43.863  5.707 0.4000000060
30561  -32.293  -42.467  5.659 0.4000000060
30582  -34.798  -42.068  4.244 0.4000000060
29715  -30.256  -43.828  5.103 0.6000000238
30559  -30.739  -43.065  5.278 0.5000000000
31521  -35.268  -41.347  3.131 0.4000000060
100696  -35.700  -40.914  1.762 0.4000000060
106210  -29.626  -43.100  4.041 0.6999999881
93298  -36.273  -39.788  -0.207 0.4000000060
28934  -28.883  -44.671  2.809 0.6999999881
33425  -36.490  -39.175  -2.566 0.4000000060
33414  -36.342  -38.997  -1.736 0.4000000060
28933  -28.545  -44.477  2.230 0.6999999881
33426  -37.517  -39.162  -2.974 0.4000000060
27438  -28.765  -46.276  0.545 0.6999999881
27450  -28.809  -46.766  -0.306 0.6999999881
33437  -39.202  -39.350  -3.581 0.4000000060
34316  -40.438  -38.783  -3.444 0.4000000060
31483  -32.104  -41.686  5.296 0.4000000060
31484  -32.867  -41.820  5.421 0.4000000060
30580  -33.599  -42.041  5.256 0.4000000060
98663  -34.166  -41.562  4.662 0.4000000060
98034  -30.102  -43.061  4.644 0.6999999881
110058  -31.978  -41.116  4.859 0.5000000000
31503  -34.789  -41.152  3.970 0.4000000060
30578  -29.870  -42.432  4.107 0.6999999881
32471  -35.440  -40.726  2.556 0.4000000060
32488  -36.003  -40.177  1.413 0.4000000060
30597  -29.303  -42.660  3.413 0.6999999881
33387  -36.092  -39.279  1.137 0.4000000060
33398  -36.229  -39.356  0.256 0.4000000060
29742  -28.864  -43.126  2.870 0.6999999881
33404  -36.257  -38.938  -0.674 0.4000000060
102835  -28.745  -43.962  2.858 0.6999999881
34297  -36.627  -38.440  -2.045 0.4000000060
97333  -36.804  -38.932  -2.656 0.4000000060
34299  -38.164  -38.784  -2.151 0.4000000060
28150  -28.393  -45.003  1.556 0.6999999881
33427  -38.695  -39.236  -2.819 0.4000000060
28162  -28.219  -45.505  0.760 0.6999999881
34315  -39.613  -39.077  -2.916 0.4000000060
34317  -41.375  -38.424  -3.784 0.4000000060
32437  -33.078  -40.529  4.633 0.4000000060
32438  -33.964  -40.585  4.406 0.4000000060
31501  -31.280  -41.526  4.776 0.6000000238
33339  -34.133  -39.766  3.935 0.5000000000
32453  -34.556  -40.325  3.847 0.4000000060
30646  -22.992  -41.858  -2.768 0.4000000060
101583  -23.546  -41.665  -3.273 0.5000000000
32434  -30.820  -41.108  4.223 0.6000000238
33348  -35.341  -39.805  2.713 0.4000000060
31519  -29.620  -41.748  3.507 0.6000000238
110054  -28.969  -42.567  2.850 0.6000000238
109378  -36.374  -38.288  -1.446 0.4000000060
29741  -28.495  -43.433  2.104 0.6999999881
34298  -37.124  -38.563  -2.253 0.4000000060
34300  -39.210  -38.817  -2.062 0.4000000060
34301  -40.153  -38.543  -2.325 0.4000000060
35284  -41.685  -37.615  -2.314 0.4000000060
35285  -42.495  -37.351  -2.805 0.4000000060
33338  -33.418  -39.814  4.227 0.5000000000
33336  -31.993  -40.159  4.225 0.6000000238
33337  -32.649  -39.945  4.294 0.5000000000
110313  -34.338  -39.227  3.505 0.5000000000
97942  -23.274  -40.360  -2.888 0.3000000119
31585  -23.136  -41.152  -2.889 0.4000000060
31591  -23.782  -41.043  -3.213 0.5000000000
32450  -29.757  -40.826  3.305 0.6000000238
32452  -31.406  -40.025  3.829 0.6000000238
33365  -35.494  -39.056  2.441 0.4000000060
31537  -29.187  -41.243  2.758 0.6000000238
34261  -35.813  -38.720  1.904 0.5000000000
31549  -28.973  -40.943  1.835 0.6999999881
31536  -28.922  -41.715  2.222 0.6000000238
34278  -36.173  -37.872  -0.662 0.4000000060
31548  -28.723  -41.815  1.496 0.8000000119
34283  -36.480  -37.663  -1.568 0.4000000060
34285  -37.654  -38.127  -1.558 0.4000000060
34286  -38.725  -38.318  -1.358 0.4000000060
34287  -39.677  -38.234  -1.409 0.4000000060
35274  -40.704  -37.872  -1.647 0.4000000060
93247  -42.962  -36.711  -2.428 0.4000000060
36325  -43.649  -36.415  -2.676 0.4000000060
108714  -31.466  -39.413  3.488 0.6000000238
33346  -32.079  -39.593  3.867 0.6000000238
33347  -32.870  -39.155  3.855 0.5000000000
34226  -33.729  -39.173  3.747 0.5000000000
33431  -23.535  -39.578  -3.109 0.4000000060
103880  -24.112  -39.040  -3.330 0.4000000060
32469  -29.453  -40.495  2.556 0.6000000238
33345  -30.806  -39.694  3.335 0.6000000238
34241  -35.320  -38.376  2.426 0.5000000000
33432  -24.333  -39.737  -3.163 0.5000000000
33385  -29.721  -39.789  1.344 0.6999999881
111190  -24.788  -39.266  -3.138 0.5000000000
33396  -29.639  -39.901  0.430 0.6999999881
32487  -29.272  -40.406  1.024 0.6999999881
35232  -35.614  -37.836  1.749 0.5000000000
34292  -26.261  -38.648  -2.594 0.6999999881
107948  -25.425  -38.956  -2.790 0.6000000238
31571  -28.812  -40.861  -0.141 0.6999999881
32498  -29.182  -40.457  0.133 0.6999999881
31559  -28.454  -41.941  0.712 0.6999999881
35260  -36.149  -37.005  -1.211 0.5000000000
34311  -27.589  -38.095  -3.110 0.6999999881
101806  -28.516  -41.378  -0.012 0.6999999881
111128  -28.262  -41.426  -0.438 0.6999999881
30637  -28.112  -41.950  0.062 0.8000000119
35272  -38.282  -37.618  -0.969 0.4000000060
98138  -40.004  -37.703  -0.896 0.4000000060
35275  -41.449  -37.209  -1.385 0.4000000060
35276  -42.253  -37.006  -1.980 0.4000000060
36319  -43.345  -36.074  -2.111 0.4000000060
34238  -32.336  -38.205  2.913 0.6000000238
35200  -33.055  -38.016  3.038 0.6000000238
34239  -33.842  -37.986  3.023 0.6000000238
34240  -34.638  -38.150  2.811 0.5000000000
34308  -24.090  -38.218  -3.453 0.4000000060
105760  -24.828  -38.593  -3.328 0.6999999881
33386  -30.266  -39.253  1.777 0.6999999881
33362  -30.495  -39.413  2.665 0.6000000238
33363  -31.180  -39.041  3.021 0.6000000238
35212  -34.282  -37.424  2.422 0.5000000000
34271  -30.430  -38.585  0.422 0.6999999881
34259  -30.629  -38.614  1.366 0.6999999881
33361  -29.843  -39.830  2.266 0.6999999881
35231  -34.970  -37.050  1.791 0.5000000000
35213  -35.049  -37.733  2.319 0.5000000000
34309  -25.661  -38.264  -3.222 0.6999999881
33397  -30.072  -39.234  0.822 0.6999999881
35246  -35.969  -37.043  -0.018 0.5000000000
34310  -26.566  -38.015  -3.114 0.6999999881
33402  -29.566  -39.891  -0.944 0.6999999881
105267  -29.516  -40.050  -0.306 0.6999999881
33412  -30.010  -39.306  -1.168 0.6999999881
31570  -28.578  -40.977  -0.655 0.6999999881
100160  -30.509  -38.315  -2.149 0.6000000238
33424  -30.002  -39.358  -1.923 0.6000000238
108541  -29.174  -40.149  -1.328 0.6999999881
35271  -36.564  -36.991  -1.510 0.4000000060
35262  -38.818  -37.121  -0.493 0.4000000060
34322  -29.343  -38.897  -4.229 0.6999999881
34296  -30.164  -39.099  -2.579 0.6000000238
35273  -39.201  -37.753  -0.766 0.4000000060
33423  -29.584  -39.565  -2.445 0.6000000238
35263  -39.749  -37.091  -0.386 0.4000000060
36305  -41.290  -36.593  -0.590 0.4000000060
101797  -41.993  -36.657  -1.296 0.4000000060
109961  -43.115  -35.883  -1.709 0.4000000060
37224  -43.416  -35.397  -1.742 0.4000000060
35211  -33.373  -37.500  2.582 0.6000000238
35293  -25.000  -37.720  -3.575 0.6000000238
103392  -31.361  -37.019  0.531 0.6000000238
35245  -31.377  -37.450  1.128 0.6999999881
34260  -31.367  -38.056  1.818 0.6999999881
35209  -31.981  -37.883  2.393 0.6000000238
105280  -29.961  -39.383  -0.214 0.6000000238
35244  -30.849  -37.771  0.196 0.6000000238
34272  -30.898  -38.068  0.981 0.6999999881
35257  -30.707  -37.836  -0.833 0.6000000238
96455  -35.591  -37.069  1.040 0.5000000000
35295  -27.030  -37.404  -3.625 0.6999999881
35269  -30.669  -37.872  -1.573 0.6000000238
98455  -36.266  -36.486  -1.355 0.4000000060
35309  -29.633  -38.675  -5.328 0.6999999881
35296  -28.231  -37.855  -3.712 0.6999999881
34277  -30.359  -38.644  -1.550 0.6999999881
36317  -36.694  -36.342  -1.490 0.4000000060
105853  -38.066  -37.019  -0.777 0.4000000060
35283  -30.448  -38.364  -2.929 0.6000000238
36302  -38.513  -36.434  -0.498 0.4000000060
34323  -30.166  -39.108  -5.010 0.6999999881
34324  -30.673  -38.955  -5.581 0.6999999881
34314  -30.399  -39.045  -4.647 0.6999999881
93088  -30.176  -39.118  -3.625 0.6000000238
37207  -40.745  -36.220  0.011 0.4000000060
37209  -42.325  -35.264  -0.519 0.4000000060
36306  -42.125  -36.057  -0.854 0.4000000060
38119  -43.088  -34.815  -1.050 0.4000000060
110293  -43.532  -34.819  -1.559 0.4000000060
38120  -43.645  -34.175  -1.407 0.3000000119
35210  -32.607  -37.649  2.514 0.6000000238
36333  -24.714  -36.868  -3.783 0.5000000000
36299  -31.326  -36.283  -0.713 0.6000000238
36287  -31.659  -36.217  0.326 0.6000000238
35230  -32.098  -37.320  1.859 0.6000000238
36265  -32.873  -37.158  2.187 0.6000000238
36266  -33.551  -36.932  2.134 0.6000000238
36334  -25.596  -37.034  -3.855 0.6000000238
35258  -31.117  -37.043  -0.283 0.6000000238
36278  -33.691  -36.320  1.729 0.5000000000
36267  -34.233  -36.773  1.975 0.4000000060
35294  -25.996  -37.593  -3.587 0.6999999881
36279  -34.490  -36.270  1.568 0.5000000000
36280  -35.205  -36.296  1.159 0.4000000060
36289  -35.652  -36.419  0.481 0.4000000060
35307  -27.786  -37.046  -4.131 0.8000000119
36316  -31.079  -36.382  -1.692 0.6000000238
36300  -36.140  -35.938  -1.304 0.4000000060
35308  -28.695  -37.822  -4.602 0.6999999881
36324  -30.932  -36.601  -2.671 0.6000000238
37236  -31.127  -36.038  -3.191 0.6000000238
36301  -37.587  -36.482  -1.099 0.4000000060
34334  -30.329  -38.938  -5.923 0.6999999881
36323  -30.706  -37.527  -3.080 0.6000000238
37206  -39.148  -35.933  0.027 0.4000000060
36290  -39.927  -36.264  0.118 0.4000000060
34335  -30.764  -38.893  -6.284 0.6999999881
35323  -31.101  -38.782  -6.117 0.6999999881
35310  -30.926  -38.826  -5.114 0.6999999881
36350  -31.307  -37.235  -4.745 0.6999999881
37190  -40.533  -35.607  0.351 0.4000000060
37208  -41.431  -35.703  -0.051 0.4000000060
36357  -31.566  -37.773  -6.037 0.6999999881
38088  -41.036  -34.301  0.668 0.4000000060
38089  -41.929  -33.951  0.233 0.3000000119
38101  -42.486  -34.431  -0.337 0.4000000060
39115  -42.922  -33.244  -0.491 0.4000000060
38102  -43.100  -33.965  -0.701 0.3000000119
37200  -31.852  -35.499  -0.287 0.6000000238
37201  -32.563  -34.923  0.046 0.6000000238
36288  -32.454  -35.963  1.014 0.6000000238
37185  -33.199  -35.167  0.832 0.6000000238
37186  -34.174  -35.027  0.918 0.5000000000
36347  -26.214  -36.521  -4.229 0.6000000238
37219  -31.555  -35.506  -1.226 0.6000000238
37220  -32.150  -34.788  -0.757 0.6000000238
37187  -34.861  -35.102  0.699 0.5000000000
35306  -26.865  -36.857  -4.066 0.6999999881
38084  -35.242  -34.874  0.144 0.5000000000
37177  -34.718  -35.598  1.140 0.4000000060
37178  -35.395  -35.604  0.482 0.4000000060
36349  -28.264  -36.660  -4.844 0.6999999881
37228  -31.321  -35.525  -2.316 0.6000000238
37202  -35.760  -35.341  -0.532 0.5000000000
37221  -36.620  -35.737  -1.425 0.5000000000
35321  -29.113  -37.696  -5.482 0.8000000119
95166  -38.050  -35.370  -1.030 0.4000000060
37222  -37.315  -35.851  -1.346 0.4000000060
35322  -29.892  -38.496  -6.213 0.8000000119
95679  -31.345  -35.239  -3.289 0.6000000238
37205  -38.574  -35.645  -0.364 0.4000000060
111452  -30.526  -38.785  -6.532 0.6999999881
99289  -31.246  -36.083  -4.009 0.6999999881
96731  -38.915  -31.303  0.940 0.5000000000
93651  -38.760  -32.172  0.773 0.5000000000
40053  -39.415  -32.967  1.041 0.5000000000
38085  -38.881  -34.502  0.320 0.4000000060
37188  -39.004  -35.175  0.221 0.4000000060
35331  -31.333  -38.381  -7.069 0.6999999881
37251  -31.546  -36.270  -5.002 0.6999999881
108560  -39.059  -30.629  0.959 0.5000000000
41012  -39.496  -31.967  1.136 0.5000000000
98719  -40.253  -33.118  1.125 0.4000000060
39102  -40.027  -33.931  1.074 0.4000000060
38087  -40.314  -34.834  0.693 0.4000000060
103018  -39.886  -29.493  0.732 0.4000000060
96611  -39.763  -30.993  1.056 0.5000000000
41852  -40.855  -30.976  0.684 0.4000000060
41014  -41.357  -31.661  0.562 0.4000000060
40056  -42.041  -32.625  0.286 0.4000000060
112227  -41.399  -33.770  0.571 0.4000000060
42672  -40.348  -30.208  0.750 0.4000000060
108320  -41.809  -32.084  0.382 0.4000000060
39114  -42.341  -33.239  0.035 0.4000000060
38095  -32.827  -34.243  -0.358 0.6000000238
38081  -33.198  -34.527  0.214 0.6000000238
101745  -26.577  -35.794  -4.579 0.5000000000
38113  -31.840  -34.654  -1.667 0.6000000238
38114  -32.458  -34.002  -1.136 0.6000000238
39110  -33.172  -33.546  -0.751 0.6000000238
38097  -34.333  -34.085  -0.096 0.5000000000
99611  -34.972  -34.350  -0.156 0.5000000000
38083  -34.576  -34.637  0.374 0.5000000000
36348  -27.199  -36.397  -4.429 0.6999999881
38133  -32.221  -33.728  -2.081 0.6000000238
39112  -35.050  -33.717  -0.686 0.5000000000
38098  -35.630  -34.577  -0.727 0.5000000000
37258  -28.348  -35.857  -5.383 0.6000000238
38132  -31.646  -34.521  -2.601 0.6000000238
108007  -36.360  -34.731  -1.336 0.5000000000
110664  -28.813  -36.723  -5.587 0.8000000119
39113  -38.419  -33.700  -0.508 0.5000000000
38117  -37.964  -34.727  -1.385 0.5000000000
38116  -37.061  -35.180  -1.481 0.5000000000
36356  -29.501  -37.427  -6.236 0.8000000119
38155  -31.816  -34.361  -4.367 0.6000000238
41010  -37.921  -30.864  0.211 0.5000000000
40062  -38.002  -32.156  -1.117 0.5000000000
41024  -38.271  -32.198  0.281 0.5000000000
107009  -38.421  -34.412  -0.605 0.5000000000
38118  -38.263  -34.788  -0.956 0.5000000000
38099  -38.565  -34.867  -0.301 0.4000000060
36362  -30.412  -38.308  -6.971 0.8000000119
96794  -31.500  -35.210  -4.196 0.6999999881
41023  -37.842  -31.602  -0.185 0.5000000000
41011  -38.319  -31.463  0.468 0.5000000000
40052  -38.592  -33.075  0.386 0.5000000000
39100  -38.625  -34.062  0.089 0.5000000000
37260  -31.925  -36.568  -6.159 0.6999999881
38170  -31.816  -35.342  -5.163 0.6999999881
41851  -37.834  -30.091  0.234 0.5000000000
42671  -38.341  -29.623  0.575 0.4000000060
112290  -38.866  -30.110  0.833 0.4000000060
38096  -33.564  -34.019  -0.152 0.5000000000
38154  -25.858  -35.108  -4.700 0.5000000000
39149  -32.871  -32.901  -2.141 0.6000000238
39124  -32.803  -33.312  -1.443 0.6000000238
37256  -26.838  -35.042  -4.931 0.5000000000
39127  -35.521  -33.327  -1.508 0.5000000000
39128  -36.612  -33.784  -1.946 0.5000000000
38167  -27.069  -34.337  -5.322 0.5000000000
37257  -27.524  -35.742  -4.857 0.5000000000
39147  -31.889  -33.850  -2.906 0.6000000238
40113  -33.010  -32.661  -3.029 0.6000000238
39130  -38.218  -33.445  -2.491 0.5000000000
39129  -38.003  -34.036  -2.106 0.5000000000
101655  -37.058  -34.485  -1.673 0.5000000000
39161  -32.005  -33.655  -3.629 0.6000000238
39162  -32.522  -32.945  -3.693 0.6000000238
40077  -38.387  -32.763  -2.093 0.5000000000
97278  -38.339  -33.360  -1.425 0.5000000000
95394  -38.173  -34.158  -1.474 0.5000000000
101201  -29.953  -36.932  -6.907 0.6999999881
39173  -32.260  -33.428  -4.559 0.6000000238
40063  -38.207  -32.697  -0.436 0.5000000000
38156  -32.175  -34.476  -5.344 0.6999999881
41035  -37.606  -31.202  -1.089 0.5000000000
36363  -30.804  -37.842  -7.501 0.6999999881
42670  -37.727  -29.235  0.209 0.4000000060
35334  -31.144  -38.299  -7.411 0.8000000119
110340  -32.443  -36.819  -7.165 0.6999999881
107712  -38.040  -28.869  0.468 0.5000000000
102565  -38.315  -28.089  0.473 0.5000000000
96315  -32.065  -37.479  -8.422 0.6999999881
36364  -32.082  -37.667  -7.449 0.8000000119
43479  -38.718  -28.901  0.660 0.4000000060
43480  -39.430  -28.974  0.690 0.5000000000
93081  -41.117  -26.889  -0.549 0.4000000060
45171  -41.132  -25.898  -0.682 0.5000000000
44350  -42.184  -27.302  -1.548 0.5000000000
45184  -41.738  -26.646  -1.126 0.5000000000
99314  -41.930  -25.877  -1.404 0.5000000000
39125  -33.623  -32.882  -1.380 0.6000000238
39126  -34.650  -32.997  -1.211 0.5000000000
40094  -33.776  -32.488  -2.432 0.6000000238
40095  -34.729  -32.363  -2.471 0.6000000238
40075  -34.390  -32.602  -1.799 0.6000000238
39150  -36.056  -33.080  -2.228 0.5000000000
38168  -27.912  -34.316  -5.541 0.5000000000
97746  -27.727  -35.038  -5.299 0.5000000000
38169  -28.649  -35.080  -5.755 0.6999999881
40114  -33.709  -32.301  -3.409 0.6000000238
100892  -34.366  -32.198  -3.066 0.6000000238
40098  -38.498  -32.901  -3.154 0.5000000000
39151  -37.256  -33.531  -2.556 0.5000000000
39187  -27.322  -33.613  -5.532 0.5000000000
40131  -32.795  -32.623  -4.426 0.6000000238
39152  -38.048  -33.467  -2.956 0.5000000000
101921  -29.386  -35.628  -6.335 0.6999999881
40132  -33.611  -32.089  -4.372 0.6000000238
41036  -37.939  -31.789  -1.938 0.5000000000
102510  -30.072  -35.658  -6.877 0.6999999881
97775  -33.130  -32.374  -5.153 0.6000000238
41861  -37.625  -30.583  -0.352 0.5000000000
42688  -37.508  -29.657  -0.410 0.6000000238
41875  -37.392  -30.164  -1.369 0.4000000060
100509  -37.412  -28.783  -0.405 0.5000000000
38171  -32.621  -34.786  -6.453 0.6999999881
39189  -32.524  -33.597  -5.610 0.6999999881
107642  -32.280  -35.670  -6.239 0.6999999881
43478  -37.665  -28.418  0.175 0.5000000000
45995  -38.945  -25.780  0.111 0.4000000060
46006  -40.052  -24.957  -0.276 0.4000000060
37261  -32.870  -36.231  -7.407 0.6999999881
102410  -40.399  -25.554  -0.295 0.4000000060
110636  -33.763  -36.494  -8.728 0.6999999881
37272  -32.662  -37.219  -8.894 0.6999999881
45185  -42.302  -26.590  -1.851 0.5000000000
44355  -42.674  -27.243  -2.470 0.5000000000
46020  -42.492  -25.912  -2.218 0.5000000000
40096  -35.606  -32.472  -2.652 0.5000000000
40097  -36.635  -32.882  -2.905 0.5000000000
40115  -34.508  -31.886  -3.834 0.6000000238
102280  -36.169  -32.321  -3.459 0.5000000000
39163  -37.626  -33.349  -3.168 0.5000000000
39188  -28.122  -33.547  -5.682 0.6000000238
38176  -28.584  -34.188  -5.795 0.6000000238
39153  -38.300  -33.206  -3.515 0.5000000000
38177  -29.313  -34.568  -6.262 0.6000000238
40133  -34.562  -31.725  -4.817 0.5000000000
41047  -38.391  -32.209  -2.824 0.5000000000
41046  -37.799  -31.334  -2.643 0.5000000000
38178  -30.111  -34.609  -6.805 0.6999999881
41074  -33.823  -31.891  -5.416 0.6000000238
98514  -37.504  -30.957  -1.915 0.5000000000
105847  -37.395  -30.343  -2.572 0.6000000238
105711  -37.292  -29.148  -1.236 0.5000000000
38186  -30.998  -35.673  -7.610 0.6999999881
40164  -33.445  -32.862  -6.622 0.6999999881
94305  -37.287  -26.695  -1.281 0.5000000000
46004  -37.811  -25.342  -0.801 0.4000000060
37266  -30.805  -36.972  -7.655 0.6999999881
39197  -32.989  -33.795  -6.606 0.6999999881
39198  -33.677  -34.165  -7.634 0.6999999881
43502  -37.362  -27.939  -0.405 0.5000000000
45152  -37.840  -26.773  0.028 0.5000000000
45167  -37.596  -26.273  -0.625 0.4000000060
105643  -38.561  -25.233  -0.313 0.4000000060
46005  -39.296  -25.079  -0.165 0.4000000060
37271  -31.713  -37.203  -8.373 0.6999999881
46850  -39.596  -24.361  -0.376 0.4000000060
46851  -40.453  -24.155  -0.546 0.4000000060
38187  -32.003  -36.528  -8.607 0.6999999881
38188  -34.531  -36.084  -9.635 0.6999999881
46852  -41.238  -24.305  -0.887 0.4000000060
37278  -33.353  -36.991  -9.261 0.6999999881
108205  -33.770  -36.696  -9.345 0.6999999881
46007  -40.816  -24.976  -0.571 0.4000000060
46865  -41.888  -24.377  -1.388 0.4000000060
45193  -42.642  -26.540  -2.573 0.5000000000
104929  -42.252  -25.134  -1.708 0.5000000000
40117  -38.012  -33.252  -4.387 0.5000000000
40116  -37.348  -33.051  -3.657 0.5000000000
40134  -35.623  -31.873  -4.306 0.5000000000
40137  -38.517  -32.978  -4.629 0.5000000000
39165  -38.316  -33.126  -4.256 0.5000000000
99377  -38.288  -31.734  -3.289 0.5000000000
39195  -29.645  -33.600  -6.462 0.6000000238
39196  -30.686  -33.859  -7.056 0.6000000238
99338  -36.663  -32.353  -5.269 0.5000000000
41066  -38.511  -32.397  -3.626 0.5000000000
41082  -35.391  -31.802  -5.447 0.5000000000
41902  -37.718  -31.016  -3.372 0.6000000238
42701  -37.240  -29.377  -2.151 0.5000000000
41093  -35.058  -31.894  -6.426 0.6000000238
41092  -34.099  -32.074  -6.444 0.6999999881
43508  -37.205  -28.313  -1.201 0.5000000000
45183  -37.430  -25.852  -1.440 0.4000000060
39203  -31.751  -35.025  -8.025 0.6999999881
44348  -37.198  -27.506  -1.211 0.5000000000
105542  -37.130  -27.118  -1.913 0.5000000000
105503  -38.242  -24.736  -0.675 0.4000000060
46849  -38.823  -24.517  -0.422 0.4000000060
98928  -39.822  -23.713  -0.486 0.4000000060
40178  -35.933  -32.999  -8.382 0.6000000238
47761  -40.397  -23.277  -0.613 0.4000000060
38180  -34.118  -35.990  -8.723 0.6999999881
40187  -36.019  -34.550  -9.609 0.6000000238
96084  -36.952  -33.516  -9.373 0.6000000238
47762  -41.091  -23.526  -0.817 0.4000000060
38196  -33.750  -36.482  -9.590 0.6999999881
38197  -34.272  -36.191  -9.758 0.6000000238
39213  -35.551  -35.173  -10.103 0.6999999881
39214  -36.502  -34.405  -10.161 0.6000000238
40196  -37.521  -33.494  -9.863 0.6000000238
47775  -41.609  -23.764  -1.190 0.4000000060
38195  -32.777  -36.377  -9.207 0.6999999881
39222  -37.064  -33.826  -10.316 0.6000000238
40197  -37.915  -33.121  -10.118 0.6000000238
46879  -42.518  -24.352  -1.961 0.5000000000
41118  -37.856  -32.778  -10.342 0.6000000238
109374  -38.080  -32.695  -9.835 0.6000000238
46031  -42.797  -25.153  -2.607 0.5000000000
46041  -42.902  -26.116  -3.121 0.5000000000
41065  -38.385  -31.767  -3.993 0.6000000238
40162  -29.031  -32.605  -6.283 0.5000000000
103672  -37.900  -33.062  -5.120 0.5000000000
41076  -38.556  -32.565  -4.442 0.6000000238
40154  -38.335  -32.802  -5.583 0.6000000238
40155  -38.531  -32.685  -5.235 0.6000000238
102808  -37.222  -29.451  -3.083 0.5000000000
43512  -37.065  -28.633  -2.695 0.5000000000
112467  -37.158  -28.660  -1.898 0.5000000000
40174  -30.668  -32.633  -7.106 0.6000000238
106261  -31.544  -33.288  -7.643 0.6000000238
40153  -37.717  -32.711  -5.944 0.6000000238
40168  -38.257  -32.536  -6.417 0.6000000238
101962  -36.933  -27.859  -3.171 0.5000000000
45192  -37.250  -26.377  -2.241 0.5000000000
46018  -37.562  -24.927  -1.726 0.4000000060
46863  -37.859  -24.585  -1.065 0.4000000060
39204  -32.382  -34.632  -8.443 0.6999999881
39205  -32.431  -33.435  -8.376 0.6000000238
40166  -35.972  -32.356  -7.279 0.6999999881
40167  -37.399  -32.506  -7.011 0.6000000238
95334  -37.016  -27.884  -2.123 0.5000000000
44354  -37.059  -27.127  -2.727 0.5000000000
46864  -38.265  -23.968  -0.861 0.4000000060
95091  -39.071  -23.768  -0.534 0.4000000060
47760  -39.520  -23.006  -0.636 0.4000000060
40177  -35.176  -33.838  -8.573 0.6999999881
40179  -37.100  -32.701  -8.174 0.6999999881
41103  -38.324  -32.302  -7.900 0.6999999881
43518  -37.068  -28.663  -3.693 0.5000000000
48566  -40.273  -22.517  -0.708 0.4000000060
39212  -33.946  -33.995  -9.517 0.6000000238
40188  -38.065  -32.813  -9.159 0.6000000238
41934  -37.738  -30.626  -7.604 0.6999999881
48567  -40.991  -22.723  -0.807 0.4000000060
39211  -33.287  -35.319  -9.348 0.6999999881
38198  -35.338  -35.312  -10.102 0.6000000238
38199  -35.902  -34.887  -10.216 0.6000000238
103188  -38.144  -31.484  -8.373 0.6000000238
42751  -37.429  -29.497  -7.677 0.6000000238
48584  -41.705  -22.982  -1.250 0.4000000060
39220  -35.688  -34.549  -10.374 0.6000000238
39221  -36.544  -34.162  -10.368 0.6000000238
41945  -37.730  -30.934  -9.467 0.6000000238
43540  -37.345  -28.504  -7.761 0.6000000238
48585  -42.108  -22.313  -1.535 0.4000000060
110541  -37.462  -29.771  -9.431 0.6000000238
47790  -42.797  -23.518  -2.259 0.5000000000
47776  -42.194  -23.644  -1.594 0.4000000060
46896  -43.338  -24.619  -3.265 0.5000000000
41075  -38.514  -31.898  -4.881 0.6000000238
41083  -38.557  -32.045  -5.807 0.6000000238
41912  -37.702  -30.738  -4.254 0.6000000238
102807  -37.304  -29.638  -3.938 0.5000000000
96898  -30.947  -31.938  -7.536 0.6000000238
42724  -37.390  -29.815  -4.745 0.5000000000
101960  -37.379  -25.797  -2.991 0.5000000000
100266  -37.743  -24.014  -1.589 0.4000000060
40185  -32.444  -32.257  -8.582 0.6000000238
40186  -33.240  -32.546  -9.092 0.6000000238
41094  -38.453  -32.059  -6.772 0.6000000238
41926  -37.977  -31.065  -6.280 0.6000000238
102814  -37.247  -29.004  -5.099 0.5000000000
44364  -37.189  -27.381  -4.786 0.5000000000
44358  -37.149  -27.033  -3.745 0.5000000000
47759  -38.617  -23.093  -0.839 0.4000000060
48564  -38.970  -22.482  -0.878 0.4000000060
40181  -38.259  -32.382  -6.852 0.6999999881
102813  -37.367  -29.131  -5.978 0.5000000000
43523  -37.089  -28.330  -4.577 0.5000000000
105496  -36.977  -27.850  -3.996 0.5000000000
49447  -40.181  -21.813  -0.900 0.4000000060
40193  -34.116  -32.986  -9.617 0.6000000238
43534  -37.347  -27.998  -7.009 0.6000000238
49448  -40.779  -22.083  -0.876 0.4000000060
40194  -34.993  -33.389  -10.287 0.6000000238
41120  -36.408  -32.365  -10.537 0.6000000238
49466  -41.486  -22.027  -1.189 0.4000000060
41121  -37.182  -32.460  -10.653 0.6000000238
104048  -42.403  -22.885  -1.783 0.4000000060
98664  -37.450  -31.984  -10.456 0.6000000238
47791  -43.279  -23.817  -2.833 0.5000000000
104568  -42.857  -22.721  -2.288 0.4000000060
47805  -43.679  -23.718  -3.479 0.5000000000
41920  -37.806  -30.787  -5.352 0.6000000238
46048  -37.435  -25.511  -4.562 0.5000000000
46040  -37.496  -25.227  -3.674 0.5000000000
46030  -37.521  -25.021  -2.788 0.5000000000
47789  -37.654  -23.345  -2.329 0.4000000060
42734  -37.424  -29.735  -5.422 0.6000000238
105579  -37.372  -25.983  -5.029 0.5000000000
45196  -37.343  -26.083  -3.790 0.5000000000
47774  -37.962  -23.164  -1.401 0.4000000060
48582  -38.381  -22.318  -1.351 0.4000000060
48583  -38.994  -21.865  -1.146 0.4000000060
44367  -37.290  -27.322  -5.643 0.5000000000
48565  -39.584  -22.214  -0.830 0.4000000060
108343  -34.380  -32.244  -9.735 0.6000000238
41117  -35.252  -32.125  -10.087 0.6000000238
101904  -36.859  -31.476  -10.506 0.6000000238
103157  -37.371  -27.642  -7.895 0.6000000238
49467  -42.148  -21.528  -1.693 0.4000000060
43552  -37.017  -29.011  -10.344 0.6000000238
44374  -37.408  -26.882  -8.113 0.6000000238
48601  -42.580  -22.160  -2.000 0.4000000060
41949  -37.372  -30.857  -10.178 0.6000000238
43550  -37.282  -29.017  -9.945 0.6000000238
105983  -37.331  -28.125  -8.591 0.6000000238
48602  -43.116  -22.110  -2.567 0.4000000060
48607  -43.583  -22.082  -3.274 0.3000000119
104338  -43.391  -22.965  -2.847 0.5000000000
104071  -44.060  -21.991  -4.049 0.3000000119
46895  -37.555  -24.365  -3.490 0.5000000000
47804  -37.569  -23.529  -3.293 0.5000000000
48600  -37.796  -22.530  -2.114 0.5000000000
49462  -37.970  -21.751  -1.993 0.5000000000
105667  -37.492  -24.785  -5.015 0.6000000238
49463  -38.529  -21.438  -1.572 0.5000000000
94820  -39.159  -21.150  -1.359 0.4000000060
107291  -35.076  -31.016  -9.662 0.6000000238
104074  -36.264  -30.377  -10.281 0.6000000238
46054  -37.425  -25.457  -5.526 0.6000000238
95450  -39.933  -21.118  -1.176 0.4000000060
41947  -35.875  -31.215  -10.183 0.6000000238
105614  -37.364  -26.899  -6.200 0.6999999881
50290  -41.548  -19.970  -1.820 0.3000000119
43551  -36.640  -28.600  -10.723 0.6000000238
46060  -37.516  -25.060  -6.971 0.6000000238
50276  -41.870  -20.714  -1.734 0.3000000119
42764  -37.003  -29.664  -10.310 0.6000000238
102429  -37.155  -28.296  -10.573 0.6000000238
45218  -37.435  -26.182  -7.759 0.6000000238
103102  -42.363  -20.875  -2.086 0.4000000060
102908  -37.353  -28.198  -9.690 0.6000000238
44379  -37.394  -27.311  -9.068 0.6000000238
106207  -37.501  -25.614  -8.384 0.6000000238
49485  -42.719  -21.425  -2.311 0.3000000119
49486  -43.276  -21.328  -2.927 0.3000000119
50305  -43.390  -20.555  -3.404 0.3000000119
49498  -43.684  -21.305  -3.732 0.3000000119
49509  -44.139  -21.279  -4.493 0.3000000119
102806  -37.557  -23.736  -4.152 0.6000000238
96533  -37.721  -22.053  -2.849 0.5000000000
46907  -37.549  -23.997  -4.924 0.6000000238
50272  -38.650  -20.546  -1.788 0.4000000060
50273  -39.528  -20.330  -1.495 0.4000000060
41944  -35.355  -30.328  -9.913 0.6000000238
42761  -35.670  -29.654  -10.255 0.6000000238
105502  -37.468  -25.042  -6.309 0.6000000238
50274  -40.424  -20.510  -1.371 0.3000000119
51070  -40.836  -19.871  -1.587 0.3000000119
42763  -36.431  -29.546  -10.421 0.6000000238
44386  -36.790  -27.764  -11.032 0.6000000238
45232  -37.181  -26.651  -10.454 0.6000000238
46065  -37.495  -25.376  -7.618 0.6000000238
44383  -37.321  -27.413  -10.481 0.6000000238
50291  -42.193  -20.191  -2.168 0.3000000119
45228  -37.520  -26.664  -9.943 0.6000000238
45223  -37.481  -26.264  -8.943 0.6000000238
50292  -42.826  -20.550  -2.631 0.3000000119
50313  -43.799  -20.605  -4.236 0.3000000119
51117  -43.942  -20.019  -4.671 0.3000000119
47818  -37.517  -23.192  -4.781 0.6000000238
48619  -37.542  -22.857  -4.010 0.6000000238
110758  -37.589  -22.276  -3.589 0.5000000000
105761  -37.632  -21.658  -3.499 0.5000000000
49483  -37.803  -21.321  -2.651 0.4000000060
47827  -37.531  -23.445  -5.555 0.6000000238
102602  -38.413  -19.671  -2.357 0.4000000060
51067  -38.996  -19.775  -1.807 0.4000000060
47831  -37.570  -23.558  -6.459 0.6000000238
51068  -39.619  -19.448  -1.721 0.4000000060
110757  -40.162  -19.854  -1.530 0.3000000119
43549  -35.651  -28.781  -10.561 0.6000000238
46923  -37.540  -24.338  -6.774 0.6000000238
51069  -40.371  -19.243  -1.747 0.3000000119
107516  -36.862  -27.172  -10.901 0.6000000238
46931  -37.589  -24.548  -7.657 0.6000000238
99244  -41.352  -18.757  -2.341 0.3000000119
102771  -37.586  -24.909  -8.464 0.6000000238
51088  -41.899  -19.360  -2.337 0.3000000119
102811  -37.486  -26.011  -9.914 0.6000000238
46071  -37.530  -25.416  -9.199 0.6000000238
51104  -42.527  -19.133  -3.004 0.3000000119
51116  -43.529  -19.836  -3.968 0.3000000119
101425  -37.505  -22.172  -5.063 0.6000000238
95621  -37.552  -22.049  -4.286 0.5000000000
97194  -37.673  -20.859  -3.240 0.5000000000
50289  -38.034  -20.553  -2.425 0.4000000060
48630  -37.514  -22.699  -5.383 0.6000000238
51086  -38.990  -19.049  -2.066 0.4000000060
105612  -37.555  -22.958  -6.100 0.6000000238
51835  -40.663  -18.621  -2.143 0.3000000119
101946  -36.217  -27.272  -10.965 0.6000000238
48637  -37.698  -22.773  -7.048 0.6000000238
52571  -40.221  -17.945  -2.383 0.3000000119
45231  -36.381  -26.622  -10.724 0.6000000238
47836  -37.711  -23.613  -7.581 0.6000000238
52572  -41.099  -18.051  -2.644 0.3000000119
46941  -37.742  -24.025  -8.588 0.6000000238
46077  -36.747  -25.912  -10.378 0.6000000238
46074  -37.169  -25.264  -9.934 0.6000000238
46947  -37.512  -24.603  -9.300 0.6000000238
96616  -37.512  -21.549  -4.916 0.6000000238
105770  -37.491  -20.613  -4.876 0.4000000060
50304  -37.541  -20.312  -3.828 0.4000000060
51103  -37.599  -19.437  -3.495 0.4000000060
51085  -37.896  -19.247  -2.857 0.4000000060
101422  -37.559  -22.351  -6.116 0.5000000000
107234  -37.533  -21.844  -5.676 0.5000000000
51834  -38.966  -18.334  -2.256 0.4000000060
52570  -39.363  -17.788  -2.329 0.3000000119
53329  -39.856  -17.211  -2.541 0.3000000119
46076  -35.587  -25.786  -10.535 0.6000000238
105534  -37.875  -23.305  -8.497 0.5000000000
46073  -36.160  -25.165  -10.318 0.6000000238
111048  -37.629  -24.014  -9.187 0.6000000238
111515  -36.747  -24.662  -9.952 0.6000000238
46946  -35.550  -24.356  -10.198 0.5000000000
103504  -36.963  -24.039  -9.623 0.5000000000
93860  -37.501  -20.510  -5.943 0.4000000060
51126  -37.468  -19.733  -5.390 0.3000000119
51851  -37.714  -18.652  -3.220 0.3000000119
101421  -37.708  -21.976  -6.921 0.5000000000
96599  -37.595  -21.336  -6.419 0.4000000060
52604  -37.521  -18.035  -3.808 0.3000000119
52568  -37.911  -17.834  -3.047 0.3000000119
51833  -38.348  -18.627  -2.621 0.3000000119
101420  -37.874  -22.141  -8.063 0.5000000000
99893  -37.966  -16.416  -3.372 0.3000000119
53328  -39.013  -16.975  -2.482 0.3000000119
48650  -37.907  -22.725  -8.788 0.5000000000
107187  -40.432  -16.804  -2.906 0.3000000119
47843  -37.635  -23.441  -9.175 0.5000000000
51139  -37.490  -19.724  -6.430 0.3000000119
51871  -37.452  -18.863  -5.797 0.3000000119
108502  -37.489  -19.085  -4.895 0.3000000119
93859  -37.627  -20.512  -7.031 0.3000000119
51860  -37.494  -18.863  -4.065 0.3000000119
50340  -38.077  -20.452  -8.212 0.3000000119
52588  -37.576  -17.084  -3.663 0.3000000119
49532  -37.988  -21.262  -8.551 0.4000000060
52589  -38.252  -17.012  -2.946 0.3000000119
53345  -38.711  -16.176  -3.008 0.3000000119
103911  -37.886  -22.027  -8.882 0.5000000000
54126  -39.526  -15.598  -3.320 0.3000000119
102848  -37.390  -22.677  -9.233 0.5000000000
111599  -40.246  -15.463  -3.600 0.3000000119
47847  -36.041  -23.366  -9.800 0.4000000060
51884  -37.474  -19.059  -6.882 0.3000000119
51149  -37.758  -19.688  -7.569 0.3000000119
52615  -37.363  -17.871  -5.586 0.3000000119
99424  -37.454  -18.363  -4.780 0.3000000119
105827  -38.119  -19.623  -8.715 0.3000000119
111997  -37.240  -16.728  -4.413 0.3000000119
53361  -37.409  -16.094  -3.894 0.3000000119
50348  -38.082  -20.425  -8.842 0.3000000119
49540  -37.787  -21.341  -8.994 0.3000000119
54124  -38.092  -15.076  -3.719 0.3000000119
54125  -38.689  -15.364  -3.469 0.3000000119
48657  -37.353  -22.043  -9.148 0.4000000060
54127  -39.840  -14.926  -3.771 0.3000000119
48656  -36.115  -22.479  -9.569 0.4000000060
54145  -40.616  -15.076  -4.091 0.3000000119
51895  -37.584  -18.693  -7.954 0.3000000119
52629  -37.388  -18.273  -6.651 0.3000000119
53373  -37.061  -16.925  -5.321 0.3000000119
111252  -36.919  -16.735  -5.990 0.3000000119
53360  -36.955  -16.073  -4.745 0.3000000119
50352  -37.315  -20.620  -9.189 0.3000000119
97480  -38.048  -19.578  -9.055 0.3000000119
54961  -38.100  -14.527  -3.917 0.3000000119
49546  -36.662  -21.659  -9.349 0.4000000060
54962  -38.637  -14.686  -3.769 0.3000000119
54980  -39.302  -14.270  -4.023 0.3000000119
49545  -34.802  -22.175  -9.808 0.4000000060
55807  -39.798  -13.633  -4.539 0.3000000119
55808  -40.554  -13.884  -4.759 0.3000000119
55825  -41.226  -13.843  -5.362 0.3000000119
109077  -37.303  -17.834  -7.312 0.3000000119
52614  -37.158  -17.325  -6.403 0.3000000119
53382  -36.834  -16.469  -6.625 0.3000000119
51158  -37.640  -18.864  -9.234 0.3000000119
93195  -38.050  -18.930  -8.999 0.3000000119
53372  -36.783  -16.172  -5.664 0.3000000119
54159  -36.721  -15.223  -5.225 0.3000000119
104652  -37.630  -14.825  -4.074 0.3000000119
94983  -37.062  -19.631  -9.390 0.3000000119
54143  -37.126  -14.552  -4.592 0.3000000119
106951  -35.893  -21.291  -9.511 0.4000000060
54978  -37.742  -14.149  -4.259 0.3000000119
55806  -38.980  -13.481  -4.423 0.3000000119
56550  -41.083  -13.170  -5.777 0.3000000119
52638  -37.324  -17.720  -8.172 0.3000000119
52628  -37.105  -17.117  -7.415 0.3000000119
51906  -37.582  -18.201  -8.865 0.3000000119
96623  -36.696  -15.817  -7.183 0.3000000119
105554  -37.577  -18.415  -9.139 0.3000000119
54977  -37.247  -13.723  -4.750 0.3000000119
55805  -38.107  -13.398  -4.530 0.3000000119
56534  -38.682  -12.949  -4.747 0.3000000119
55823  -39.408  -12.802  -4.915 0.3000000119
55824  -40.397  -13.157  -5.145 0.3000000119
93479  -33.406  -22.112  -9.858 0.3000000119
56561  -41.318  -12.829  -6.513 0.3000000119
55850  -41.972  -13.200  -7.101 0.3000000119
93102  -37.346  -17.734  -9.391 0.3000000119
53404  -37.145  -16.869  -8.493 0.3000000119
104333  -36.898  -16.459  -7.567 0.3000000119
54170  -36.626  -15.584  -6.248 0.3000000119
51911  -37.203  -18.196  -9.448 0.3000000119
55004  -36.550  -14.707  -6.086 0.3000000119
55837  -36.558  -13.812  -6.099 0.3000000119
54995  -36.719  -14.202  -5.288 0.3000000119
55822  -36.867  -13.342  -5.402 0.3000000119
55804  -37.496  -12.977  -5.021 0.3000000119
56533  -38.164  -12.786  -4.904 0.3000000119
57303  -39.987  -12.448  -5.374 0.3000000119
57302  -39.330  -11.844  -5.520 0.3000000119
112205  -40.164  -12.035  -5.834 0.3000000119
56549  -40.641  -12.589  -5.827 0.3000000119
57319  -40.797  -12.044  -6.617 0.3000000119
56570  -41.596  -12.406  -7.395 0.3000000119
52661  -37.237  -17.035  -9.965 0.3000000119
53410  -37.287  -17.011  -9.553 0.3000000119
53393  -36.859  -15.989  -8.183 0.3000000119
51910  -36.607  -17.888  -9.804 0.3000000119
52655  -37.072  -17.574  -9.674 0.3000000119
53409  -37.194  -16.392  -10.319 0.3000000119
54195  -36.768  -15.358  -8.713 0.3000000119
54182  -36.614  -15.237  -7.680 0.3000000119
109274  -35.765  -18.186  -9.834 0.3000000119
51909  -34.813  -18.850  -9.880 0.3000000119
57300  -37.557  -11.758  -5.695 0.3000000119
56548  -38.656  -12.384  -5.104 0.3000000119
57301  -38.363  -11.759  -5.495 0.3000000119
57317  -39.318  -11.157  -6.062 0.3000000119
57332  -40.531  -11.237  -6.989 0.3000000119
53414  -36.959  -16.459  -10.578 0.3000000119
110739  -34.836  -17.081  -10.467 0.3000000119
53413  -35.684  -16.723  -10.668 0.3000000119
52658  -33.918  -17.410  -10.494 0.3000000119
52659  -35.538  -17.507  -10.166 0.3000000119
52660  -36.710  -17.181  -10.162 0.3000000119
93441  -33.398  -18.280  -10.384 0.3000000119
102662  -34.745  -18.017  -10.034 0.3000000119
106080  -37.202  -29.060  -4.405 0.5000000000
102812  -37.367  -28.878  -6.888 0.6999999881
104171  -33.195  -33.651  -8.955 0.6000000238
37267  -32.856  -37.244  -8.207 0.6999999881
13128  -25.208  -62.929  -0.716 0.3000000119
13886  -25.869  -62.638  -1.223 0.3000000119
13135  -26.373  -63.261  -1.921 0.3000000119
13887  -26.599  -62.233  -1.597 0.3000000119
13896  -27.034  -62.768  -2.161 0.4000000060
13897  -27.736  -62.748  -2.671 0.4000000060
13905  -29.065  -62.428  -3.715 0.4000000060
14674  -29.538  -61.745  -3.909 0.4000000060
15445  -29.973  -61.030  -4.247 0.4000000060
18781  -30.066  -56.759  -4.263 0.4000000060
17944  -30.679  -57.604  -4.602 0.4000000060
20543  -30.148  -54.404  -3.830 0.4000000060
23367  -31.771  -51.621  -2.240 0.4000000060
22348  -29.614  -52.595  5.419 0.3000000119
21361  -31.322  -53.141  6.197 0.3000000119
22336  -33.277  -52.580  6.489 0.3000000119
23353  -32.730  -51.130  -1.464 0.5000000000
23258  -36.247  -51.179  5.280 0.3000000119
24169  -36.742  -50.432  4.906 0.3000000119
25048  -33.125  -50.198  -0.316 0.5000000000
25891  -33.019  -49.721  0.044 0.5000000000
93168  -35.342  -42.662  -2.248 0.3000000119
29784  -35.458  -42.798  -1.203 0.3000000119
31594  -35.649  -41.350  -3.358 0.3000000119
25889  -31.143  -48.197  -0.764 0.6000000238
32524  -35.881  -40.616  -2.829 0.4000000060
32525  -36.208  -39.744  -3.279 0.4000000060
33434  -36.525  -39.536  -3.820 0.4000000060
33436  -38.198  -39.340  -3.721 0.4000000060
34325  -39.868  -39.198  -4.319 0.4000000060
34326  -40.808  -38.746  -4.513 0.4000000060
30642  -23.024  -42.693  -2.435 0.4000000060
30647  -23.634  -42.426  -3.464 0.5000000000
97792  -28.226  -46.665  -0.967 0.6999999881
35300  -42.732  -37.678  -3.750 0.4000000060
27448  -27.563  -46.197  -1.233 0.6999999881
35286  -43.238  -37.069  -3.129 0.4000000060
31592  -24.320  -41.022  -3.219 0.5000000000
32521  -25.111  -39.848  -2.662 0.6000000238
32531  -24.491  -40.320  -3.075 0.6000000238
33419  -26.004  -39.335  -2.177 0.8000000119
28949  -27.685  -43.707  0.959 0.8000000119
28961  -27.823  -44.643  0.964 0.6999999881
29765  -27.157  -43.343  0.257 0.8000000119
28171  -27.163  -45.523  -0.593 0.6999999881
36326  -44.242  -36.125  -2.886 0.4000000060
29766  -27.899  -42.740  0.748 0.8000000119
34293  -27.116  -38.526  -2.497 0.8000000119
31569  -27.784  -41.737  -0.449 0.8000000119
30636  -27.463  -42.479  -0.036 0.8000000119
37229  -43.959  -35.601  -2.405 0.4000000060
105035  -28.522  -38.738  -3.352 0.6999999881
31579  -28.169  -41.152  -0.900 0.8000000119
34312  -29.259  -39.270  -3.534 0.6999999881
34313  -29.910  -39.252  -3.926 0.6999999881
32513  -27.943  -40.735  -1.297 0.8000000119
33433  -29.437  -39.451  -3.108 0.6999999881
40079  -44.269  -33.064  -2.054 0.3000000119
41862  -41.305  -30.242  0.299 0.4000000060
41026  -42.832  -31.896  -0.563 0.4000000060
40065  -43.230  -32.590  -0.807 0.4000000060
39131  -43.467  -33.356  -1.039 0.3000000119
42673  -40.758  -29.448  0.404 0.4000000060
41853  -41.732  -31.020  0.211 0.4000000060
94549  -42.350  -31.331  -0.218 0.4000000060
41025  -42.319  -32.013  -0.008 0.4000000060
43481  -40.167  -28.646  0.473 0.4000000060
43503  -41.809  -28.712  -0.673 0.4000000060
44339  -42.023  -27.991  -1.150 0.5000000000
102147  -39.285  -28.261  0.582 0.5000000000
45170  -40.307  -26.353  -0.089 0.4000000060
44338  -41.263  -27.847  -0.487 0.5000000000
43509  -42.507  -28.773  -1.470 0.5000000000
43513  -42.942  -28.548  -2.252 0.4000000060
99632  -42.571  -27.974  -1.948 0.5000000000
44318  -38.211  -27.230  0.331 0.5000000000
45153  -38.584  -26.540  0.255 0.5000000000
45154  -39.389  -26.391  0.245 0.4000000060
45197  -42.897  -26.827  -3.097 0.5000000000
105978  -43.172  -25.479  -3.397 0.5000000000
97777  -43.545  -25.267  -4.006 0.5000000000
99765  -28.247  -31.813  -6.306 0.5000000000
46908  -43.851  -24.436  -4.053 0.5000000000
48621  -44.325  -22.653  -4.536 0.4000000060
41101  -30.352  -31.031  -7.702 0.6000000238
41102  -31.084  -31.280  -7.971 0.6000000238
40175  -31.710  -32.114  -8.037 0.6000000238
104674  -44.385  -21.891  -4.734 0.3000000119
41109  -32.577  -31.446  -8.802 0.6000000238
41110  -33.516  -31.620  -9.271 0.6000000238
41116  -34.369  -31.276  -9.508 0.6000000238
49510  -44.550  -21.332  -5.232 0.3000000119
41943  -34.565  -30.385  -9.463 0.6000000238
44385  -36.012  -27.932  -11.045 0.6000000238
44384  -35.527  -27.260  -10.681 0.6000000238
45229  -34.996  -26.442  -10.366 0.6000000238
110620  -34.888  -25.394  -10.414 0.6000000238
46075  -34.882  -25.730  -10.392 0.6000000238
48655  -34.343  -23.073  -10.062 0.4000000060
48648  -33.692  -22.747  -9.873 0.4000000060
57316  -38.681  -11.184  -5.879 0.3000000119
58134  -40.205  -10.482  -7.328 0.3000000119
58135  -40.955  -10.995  -7.795 0.3000000119
108071  -41.603  -11.943  -7.806 0.3000000119
51913  -32.185  -18.749  -10.461 0.3000000119
34318  -42.087  -38.174  -4.040 0.4000000060
43519  -43.023  -28.025  -2.792 0.5000000000
14673  -28.751  -61.615  -3.270 0.4000000060
17060  -26.344  -58.460  -0.738 0.3000000119
99157  -26.719  -57.961  -1.204 0.3000000119
17928  -28.227  -57.781  -2.865 0.4000000060
18760  -26.483  -55.896  -1.179 0.3000000119
23351  -30.156  -51.292  -1.632 0.4000000060
20495  -24.704  -54.428  1.844 0.3000000119
21474  -28.132  -53.038  -2.068 0.4000000060
23315  -26.370  -51.221  1.500 0.3000000119
24226  -33.022  -50.216  0.080 0.4000000060
24152  -35.738  -50.583  5.954 0.3000000119
24967  -34.594  -49.860  6.761 0.3000000119
25814  -35.468  -48.301  6.422 0.3000000119
27395  -36.667  -46.417  4.539 0.3000000119
94829  -36.562  -44.999  2.928 0.3000000119
25802  -33.028  -48.403  7.415 0.3000000119
26611  -32.779  -47.670  7.338 0.3000000119
26613  -34.177  -47.709  7.102 0.3000000119
27373  -34.414  -46.851  6.850 0.3000000119
29785  -35.595  -43.470  -1.809 0.3000000119
28071  -32.702  -46.101  7.000 0.3000000119
28085  -34.229  -45.889  6.606 0.3000000119
30645  -35.417  -41.997  -1.450 0.4000000060
27427  -29.697  -46.202  1.849 0.6000000238
26690  -29.499  -46.881  0.358 0.6999999881
108638  -31.406  -45.626  6.358 0.3000000119
33435  -37.124  -39.312  -3.877 0.4000000060
104133  -33.364  -43.335  5.935 0.4000000060
33403  -36.210  -39.823  -1.059 0.4000000060
30579  -30.554  -42.243  4.722 0.6000000238
27449  -27.961  -46.100  -0.153 0.6999999881
32454  -35.057  -40.501  3.300 0.4000000060
31520  -30.248  -41.276  3.863 0.6000000238
34302  -41.100  -38.255  -2.778 0.4000000060
35299  -41.938  -37.927  -3.258 0.4000000060
32451  -30.612  -40.510  3.711 0.6000000238
28950  -28.116  -44.111  1.591 0.6999999881
32470  -30.053  -40.053  3.061 0.6000000238
34273  -35.919  -37.804  0.646 0.5000000000
30618  -28.449  -42.612  1.460 0.6999999881
101035  -29.393  -40.267  1.824 0.6999999881
32505  -29.092  -40.463  -0.717 0.6999999881
35264  -40.634  -37.265  -0.769 0.4000000060
34236  -30.917  -38.766  2.253 0.6999999881
105048  -30.366  -38.573  -0.536 0.6000000238
36315  -30.747  -37.435  -2.161 0.6000000238
33411  -29.045  -39.974  -1.824 0.6999999881
95170  -28.633  -40.520  -1.237 0.6999999881
32523  -28.411  -40.119  -1.698 0.8000000119
38135  -44.353  -34.852  -2.465 0.4000000060
108200  -44.286  -34.034  -2.126 0.3000000119
37184  -32.308  -35.523  0.409 0.6000000238
36276  -31.873  -36.691  1.147 0.6000000238
37175  -33.208  -35.892  1.376 0.6999999881
35270  -30.918  -37.136  -1.200 0.6000000238
35298  -31.021  -38.048  -4.591 0.6999999881
35297  -30.629  -38.443  -4.003 0.6999999881
33422  -28.908  -39.725  -2.403 0.8000000119
36336  -30.975  -37.076  -3.735 0.6999999881
36277  -32.795  -36.579  1.677 0.4000000060
37204  -37.994  -36.005  -0.825 0.3000000119
37189  -39.734  -35.423  0.426 0.3000000119
38100  -41.732  -34.812  0.143 0.3000000119
106744  -42.572  -33.758  -0.251 0.3000000119
38082  -33.829  -34.521  0.421 0.5000000000
106826  -39.483  -30.164  0.904 0.4000000060
40054  -40.102  -32.494  1.181 0.4000000060
39101  -39.115  -33.858  0.682 0.4000000060
38086  -39.510  -34.613  0.633 0.4000000060
106529  -38.458  -30.579  0.608 0.5000000000
40055  -41.089  -32.563  0.796 0.4000000060
39103  -40.880  -33.507  0.864 0.4000000060
39111  -34.072  -33.433  -0.605 0.5000000000
38115  -35.989  -34.067  -1.331 0.5000000000
37259  -29.100  -36.216  -6.002 0.6999999881
107886  -38.262  -32.771  -1.251 0.5000000000
36365  -32.507  -37.322  -8.479 0.8000000119
102793  -32.618  -32.869  -5.122 0.6999999881
37273  -33.204  -37.199  -9.021 0.6999999881
46019  -41.531  -25.087  -1.083 0.4000000060
44349  -41.686  -27.334  -0.938 0.5000000000
44317  -37.694  -27.583  0.121 0.5000000000
40151  -33.427  -32.323  -5.876 0.6999999881
45169  -39.715  -25.657  0.005 0.4000000060
45168  -38.189  -25.965  -0.165 0.4000000060
40176  -34.186  -33.092  -7.532 0.8000000119
44336  -37.433  -27.116  -0.475 0.5000000000
39206  -34.570  -34.902  -8.728 0.6000000238
39207  -35.205  -35.367  -9.695 0.6000000238
46880  -42.949  -24.292  -2.564 0.5000000000
40163  -29.920  -32.615  -6.686 0.5000000000
40165  -34.938  -32.467  -7.383 0.6999999881
104706  -37.881  -33.017  -8.990 0.6999999881
38204  -34.580  -35.641  -10.024 0.6000000238
41111  -38.207  -32.230  -9.165 0.6000000238
40201  -36.925  -33.249  -10.657 0.6000000238
40173  -30.108  -31.708  -7.166 0.5000000000
104179  -37.410  -30.220  -3.444 0.6000000238
101961  -37.236  -26.486  -3.115 0.5000000000
103158  -37.396  -25.590  -2.224 0.4000000060
40180  -38.140  -32.474  -7.747 0.6999999881
42742  -37.537  -30.024  -6.746 0.6999999881
106535  -37.925  -31.120  -6.978 0.6999999881
39219  -34.825  -34.486  -10.180 0.6000000238
42757  -37.605  -30.178  -8.531 0.6000000238
40195  -36.025  -33.496  -10.577 0.6000000238
46878  -37.577  -24.198  -2.529 0.4000000060
109568  -37.546  -30.113  -5.951 0.5000000000
45202  -37.318  -26.423  -4.566 0.5000000000
43528  -37.214  -28.150  -5.516 0.5000000000
108910  -37.322  -28.339  -6.314 0.6000000238
49465  -40.820  -21.334  -1.155 0.4000000060
44369  -37.408  -27.034  -7.090 0.6000000238
107833  -41.547  -21.241  -1.434 0.4000000060
41948  -37.043  -30.589  -10.359 0.6000000238
48620  -43.883  -22.825  -3.709 0.4000000060
106141  -37.539  -24.579  -4.309 0.6000000238
101486  -37.607  -22.754  -3.066 0.5000000000
49484  -38.129  -21.082  -1.983 0.4000000060
45212  -37.428  -25.953  -6.596 0.6000000238
51087  -41.142  -19.265  -1.918 0.3000000119
50314  -44.284  -20.599  -4.972 0.3000000119
46915  -37.501  -24.354  -5.779 0.6000000238
51089  -42.531  -19.786  -2.620 0.3000000119
51105  -43.059  -19.774  -3.175 0.3000000119
51815  -39.727  -18.604  -2.024 0.4000000060
51836  -41.880  -18.563  -2.795 0.3000000119
49497  -37.563  -21.203  -4.121 0.5000000000
105768  -37.876  -22.898  -8.078 0.5000000000
106601  -37.522  -21.186  -5.554 0.4000000060
51115  -37.483  -19.667  -4.419 0.4000000060
52569  -38.594  -17.738  -2.550 0.3000000119
53346  -39.621  -16.425  -2.798 0.3000000119
96598  -37.841  -21.304  -7.582 0.4000000060
104827  -37.350  -17.500  -4.575 0.3000000119
54963  -39.198  -14.953  -3.644 0.3000000119
54982  -41.100  -14.555  -4.745 0.3000000119
111388  -37.635  -15.407  -3.864 0.3000000119
54981  -40.197  -14.373  -4.283 0.3000000119
54144  -37.192  -15.354  -4.361 0.3000000119
55838  -41.691  -13.549  -6.262 0.3000000119
52648  -37.371  -17.532  -8.944 0.3000000119
93358  -36.563  -15.134  -6.839 0.3000000119
51157  -36.556  -18.730  -9.588 0.3000000119
93155  -36.479  -14.390  -7.094 0.3000000119
56546  -37.050  -12.473  -5.624 0.3000000119
57318  -39.997  -11.474  -6.202 0.3000000119
57333  -41.196  -11.705  -7.467 0.3000000119
56583  -42.033  -12.089  -8.186 0.3000000119
53403  -37.181  -16.135  -9.459 0.3000000119
107124  -37.221  -15.708  -10.518 0.3000000119
104440  -33.174  -19.391  -10.389 0.3000000119
105701  -32.019  -19.999  -10.421 0.3000000119
58121  -39.735  -10.820  -6.611 0.3000000119
94556  -31.123  -59.242  -4.953 0.4000000060
28161  -27.489  -45.165  0.276 0.6999999881
46948  -34.475  -25.085  -10.278 0.5000000000
44321  -40.607  -28.025  0.053 0.4000000060
42735  -43.745  -28.936  -5.812 0.3000000119
44365  -43.412  -27.355  -5.223 0.4000000060
43541  -44.005  -28.144  -7.321 0.3000000119
43520  -43.280  -28.182  -3.693 0.4000000060
44360  -43.297  -27.496  -4.292 0.4000000060
44359  -43.101  -27.423  -3.370 0.4000000060
107678  -43.769  -27.105  -6.767 0.3000000119
103061  -43.567  -27.136  -6.077 0.3000000119
44337  -40.519  -27.291  -0.071 0.3000000119
45198  -43.183  -26.777  -3.761 0.4000000060
45203  -43.362  -26.670  -4.614 0.4000000060
46049  -43.611  -25.787  -4.865 0.3000000119
46055  -44.421  -25.111  -6.358 0.3000000119
46916  -44.100  -25.078  -5.349 0.3000000119
101833  -43.881  -25.006  -4.605 0.4000000060
46042  -43.298  -26.039  -3.977 0.4000000060
46917  -44.443  -24.333  -5.768 0.3000000119
47820  -44.495  -23.397  -5.313 0.3000000119
46909  -44.215  -24.318  -4.850 0.3000000119
41108  -31.696  -31.198  -8.388 0.5000000000
47819  -44.155  -23.572  -4.278 0.3000000119
41932  -30.827  -30.563  -7.938 0.5000000000
42748  -31.175  -30.012  -7.706 0.5000000000
41933  -31.672  -30.390  -8.148 0.5000000000
41938  -32.907  -30.678  -8.828 0.5000000000
48638  -44.876  -22.934  -6.266 0.3000000119
42755  -33.310  -29.873  -8.551 0.5000000000
42760  -34.891  -29.494  -9.864 0.5000000000
42750  -33.747  -28.986  -8.179 0.5000000000
43544  -34.305  -28.349  -8.792 0.5000000000
104577  -34.636  -27.809  -9.554 0.4000000060
43539  -34.136  -28.136  -7.673 0.5000000000
42741  -33.295  -28.966  -7.254 0.5000000000
44373  -34.440  -27.453  -8.379 0.4000000060
44378  -34.690  -27.142  -9.345 0.5000000000
46072  -34.522  -25.552  -10.134 0.5000000000
45222  -34.619  -26.611  -8.840 0.4000000060
98706  -34.635  -25.868  -8.559 0.5000000000
45217  -34.553  -26.634  -7.761 0.4000000060
46064  -34.601  -25.080  -8.560 0.5000000000
103373  -34.580  -25.931  -9.435 0.4000000060
46070  -34.304  -25.196  -9.576 0.4000000060
46945  -34.247  -24.515  -10.228 0.4000000060
46944  -34.122  -24.663  -10.126 0.3000000119
46939  -34.011  -24.457  -9.660 0.3000000119
47841  -33.858  -23.988  -10.060 0.3000000119
47846  -34.168  -23.815  -10.175 0.3000000119
46930  -34.530  -24.338  -8.579 0.3000000119
46940  -33.863  -23.802  -9.601 0.3000000119
47842  -33.693  -23.340  -10.022 0.3000000119
41927  -44.350  -30.229  -6.673 0.3000000119
92586  -31.993  -29.835  -7.645 0.5000000000
44319  -39.082  -27.279  0.458 0.4000000060
45155  -39.849  -26.973  0.252 0.3000000119
41937  -32.194  -30.735  -8.559 0.5000000000
41939  -33.792  -30.543  -9.109 0.5000000000
44382  -35.249  -27.954  -10.501 0.5000000000
43536  -43.951  -28.846  -6.957 0.3000000119
43535  -43.680  -28.222  -6.323 0.3000000119
43524  -43.397  -28.238  -4.536 0.4000000060
98890  -43.556  -28.759  -4.947 0.4000000060
108641  -43.547  -27.683  -5.905 0.3000000119
43514  -43.342  -28.904  -2.965 0.4000000060
45208  -43.543  -26.550  -5.522 0.3000000119
47828  -44.727  -23.731  -6.199 0.3000000119
41931  -29.942  -30.312  -7.586 0.5000000000
42747  -30.314  -29.885  -7.438 0.5000000000
98804  -32.882  -29.471  -7.811 0.5000000000
42749  -32.451  -30.126  -8.314 0.5000000000
42756  -34.082  -29.719  -9.026 0.5000000000
43548  -34.739  -28.622  -9.939 0.5000000000
99979  -34.249  -29.057  -9.182 0.4000000060
45227  -34.728  -26.483  -9.828 0.5000000000
42717  -43.540  -29.038  -4.104 0.4000000060
31586  -25.279  -40.752  -2.227 0.6999999881
31578  -27.376  -41.279  -0.824 0.6999999881
102838  -26.502  -41.380  -0.955 0.6999999881
32512  -26.771  -40.599  -1.235 0.6999999881
31577  -25.909  -41.049  -1.419 0.6999999881
33420  -26.703  -39.649  -1.638 0.6999999881
32522  -25.891  -40.140  -1.746 0.6999999881
33410  -27.514  -40.053  -1.501 0.6999999881
105257  -26.748  -38.992  -2.064 0.6999999881
41864  -42.894  -31.076  -0.825 0.3000000119
41037  -43.439  -31.813  -1.286 0.3000000119
41876  -42.831  -30.214  -1.139 0.3000000119
41877  -43.389  -30.869  -1.685 0.3000000119
42702  -43.230  -29.955  -1.874 0.3000000119
33421  -27.727  -39.290  -2.040 0.6999999881
41863  -42.189  -30.404  -0.352 0.3000000119
105848  -42.793  -29.526  -1.469 0.3000000119
42713  -43.425  -29.642  -2.553 0.3000000119
108801  -43.952  -30.624  -3.079 0.3000000119
41904  -44.185  -30.542  -3.756 0.3000000119
34294  -28.676  -39.319  -2.890 0.6000000238
111881  -27.885  -38.716  -2.694 0.6999999881
42689  -41.600  -29.495  -0.171 0.3000000119
42690  -42.311  -29.513  -0.847 0.3000000119
41903  -43.708  -29.851  -3.323 0.3000000119
41913  -43.906  -29.885  -4.286 0.3000000119
42712  -43.096  -29.196  -2.086 0.3000000119
42725  -43.779  -29.390  -4.969 0.3000000119
43482  -41.070  -28.682  -0.020 0.3000000119
102185  -26.818  -42.808  -0.270 0.6999999881
28959  -26.705  -44.017  -0.022 0.6999999881
29776  -25.785  -43.454  -1.116 0.6999999881
97476  -25.020  -41.621  -2.998 0.6999999881
30635  -26.165  -42.709  -0.722 0.6999999881
30644  -25.962  -41.901  -1.058 0.6999999881
40078  -43.753  -32.718  -1.451 0.3000000119
112172  -43.687  -31.496  -1.869 0.3000000119
41048  -43.904  -31.202  -2.483 0.3000000119
41914  -44.338  -30.532  -4.586 0.3000000119
42726  -44.083  -29.975  -5.000 0.3000000119
42736  -44.068  -29.719  -5.723 0.3000000119
41890  -43.608  -30.353  -2.512 0.3000000119
22470  -33.286  -52.342  -3.842 0.4000000060
23377  -33.417  -51.666  -3.641 0.4000000060
23376  -33.323  -51.644  -3.169 0.4000000060
96232  -32.853  -51.459  -2.309 0.4000000060
23389  -33.455  -52.021  -5.416 0.4000000060
25059  -33.133  -49.934  -1.221 0.4000000060
105186  -33.190  -50.563  -1.313 0.4000000060
24249  -33.445  -50.853  -2.395 0.4000000060
23368  -33.333  -51.267  -2.582 0.4000000060
25066  -32.371  -49.474  -2.169 0.5000000000
24254  -33.343  -50.727  -3.577 0.4000000060
24260  -33.062  -50.649  -4.746 0.4000000060
25897  -32.756  -49.480  -0.637 0.4000000060
98927  -31.875  -48.736  -1.150 0.5000000000
108293  -32.494  -49.652  -2.929 0.5000000000
24267  -32.786  -50.795  -5.711 0.5000000000
95971  -31.554  -48.819  -2.140 0.5000000000
25904  -31.499  -49.014  -3.336 0.5000000000
25090  -32.306  -50.073  -5.413 0.5000000000
24265  -31.392  -50.124  -6.050 0.5000000000
23387  -30.728  -50.776  -5.919 0.5000000000
25903  -30.735  -48.324  -2.965 0.6000000238
24266  -32.083  -50.362  -5.990 0.5000000000
25910  -30.792  -48.150  -4.316 0.5000000000
25089  -31.570  -49.480  -5.931 0.5000000000
25087  -30.412  -48.907  -6.053 0.6000000238
25088  -30.987  -49.065  -6.182 0.5000000000
25919  -29.721  -48.465  -5.698 0.5000000000
25911  -31.413  -48.678  -4.946 0.6000000238
26719  -30.092  -47.770  -2.564 0.6000000238
25921  -31.196  -48.749  -5.872 0.5000000000
25926  -29.181  -47.659  -5.536 0.5000000000
103685  -27.492  -47.082  -4.750 0.5000000000
25917  -28.079  -47.727  -4.701 0.5000000000
26732  -28.629  -47.254  -5.439 0.5000000000
28184  -24.398  -45.279  -2.954 0.4000000060
28192  -24.523  -44.971  -3.996 0.5000000000
26726  -30.182  -47.612  -3.828 0.6000000238
28185  -24.883  -45.668  -3.593 0.5000000000
26718  -29.472  -47.160  -3.391 0.6000000238
26725  -29.606  -47.007  -4.551 0.6000000238
28193  -25.182  -45.215  -4.615 0.5000000000
26733  -29.605  -47.079  -5.176 0.6000000238
27493  -29.049  -46.647  -5.314 0.6000000238
26741  -29.607  -47.556  -5.491 0.5000000000
26724  -26.905  -46.833  -4.321 0.5000000000
26740  -29.009  -47.048  -5.532 0.5000000000
26731  -28.019  -46.726  -5.407 0.5000000000
26739  -28.496  -46.419  -5.380 0.5000000000
28176  -24.424  -45.517  -1.726 0.4000000060
28980  -24.130  -44.580  -3.278 0.5000000000
28987  -24.472  -44.058  -4.132 0.5000000000
96328  -29.451  -47.427  -2.231 0.6000000238
26709  -28.893  -46.956  -2.679 0.6000000238
28200  -25.092  -44.408  -4.701 0.5000000000
27476  -29.171  -46.562  -4.341 0.6000000238
27484  -29.037  -46.296  -4.988 0.6000000238
27475  -28.672  -46.006  -4.511 0.6000000238
102398  -28.572  -45.652  -4.984 0.6000000238
26730  -27.411  -46.139  -5.218 0.5000000000
27491  -27.774  -45.358  -5.223 0.5000000000
104157  -27.042  -45.391  -5.173 0.5000000000
28974  -23.909  -44.870  -2.231 0.4000000060
28986  -23.960  -43.876  -3.450 0.5000000000
29793  -24.786  -43.378  -4.275 0.5000000000
30652  -25.134  -43.132  -4.150 0.5000000000
29798  -25.140  -43.496  -4.441 0.5000000000
29799  -25.493  -43.591  -4.537 0.5000000000
27458  -28.183  -46.587  -2.093 0.6000000238
28996  -25.766  -43.923  -4.928 0.5000000000
27457  -27.521  -46.065  -2.254 0.6000000238
27474  -28.180  -45.583  -4.106 0.6000000238
104146  -26.647  -46.085  -4.869 0.5000000000
28196  -28.304  -45.350  -4.941 0.5000000000
27482  -26.130  -45.452  -4.997 0.5000000000
28202  -26.991  -44.710  -5.129 0.5000000000
29792  -24.152  -43.231  -3.855 0.5000000000
30653  -25.139  -42.700  -3.671 0.6000000238
29794  -25.642  -43.344  -4.141 0.5000000000
27466  -27.893  -46.098  -3.041 0.6000000238
29795  -26.109  -43.703  -4.613 0.5000000000
28201  -25.987  -44.469  -5.124 0.5000000000
28187  -27.388  -45.419  -3.307 0.6000000238
28997  -26.508  -44.087  -4.999 0.5000000000
28195  -27.706  -45.022  -4.619 0.5000000000
28990  -27.086  -44.545  -4.877 0.5000000000
28979  -23.673  -44.123  -2.612 0.4000000060
30651  -24.498  -42.668  -3.897 0.4000000060
31576  -25.444  -41.650  -1.876 0.6000000238
30648  -25.283  -42.405  -2.639 0.6000000238
28178  -26.244  -44.787  -1.671 0.6000000238
29788  -25.471  -43.192  -3.340 0.5000000000
28989  -26.574  -44.041  -4.529 0.5000000000
28976  -26.084  -44.390  -2.481 0.6000000238
103170  -24.142  -41.803  -3.535 0.5000000000
31593  -24.761  -40.849  -2.995 0.5000000000
29783  -25.454  -43.301  -2.044 0.5000000000
28981  -25.755  -43.789  -2.826 0.5000000000
27473  -25.417  -45.953  -4.154 0.5000000000
27465  -26.080  -46.537  -4.024 0.5000000000
25896  -30.843  -48.265  -1.807 0.6000000238
27459  -28.972  -47.166  -1.387 0.6000000238
28960  -27.237  -44.272  0.457 0.6000000238
28969  -26.844  -44.719  -0.185 0.6000000238
28968  -26.256  -44.243  -0.759 0.6000000238
28170  -26.542  -45.058  -0.896 0.6000000238
30643  -25.598  -42.585  -1.478 0.6000000238
98430  -24.687  -42.051  -3.486 0.5000000000
25074  -32.103  -49.504  -4.021 0.5000000000
24264  -30.497  -49.858  -5.865 0.5000000000
26742  -30.132  -47.668  -5.428 0.6000000238
26734  -30.223  -47.500  -4.908 0.6000000238
27468  -28.968  -46.594  -3.689 0.6000000238
28210  -28.247  -45.708  -5.298 0.5000000000
27467  -28.462  -46.338  -3.370 0.6000000238
28203  -27.780  -45.058  -5.022 0.5000000000
28179  -26.864  -45.579  -1.788 0.6000000238
28186  -26.589  -44.910  -2.833 0.6000000238
28194  -27.054  -44.545  -4.132 0.6000000238
28982  -26.403  -44.159  -3.554 0.5000000000
32533  -36.195  -39.892  -4.212 0.3000000119
32532  -35.875  -40.468  -3.807 0.3000000119
33441  -37.686  -39.417  -4.815 0.3000000119
33448  -37.043  -39.888  -5.707 0.3000000119
33449  -37.935  -39.615  -5.985 0.3000000119
33451  -39.735  -39.147  -6.432 0.3000000119
33442  -38.837  -39.421  -4.459 0.3000000119
33443  -39.374  -39.310  -5.315 0.3000000119
96438  -38.505  -39.434  -5.336 0.3000000119
34336  -40.767  -38.777  -6.680 0.3000000119
99932  -40.287  -38.970  -5.400 0.3000000119
35314  -44.869  -36.869  -4.076 0.3000000119
36338  -44.692  -36.286  -3.446 0.3000000119
37238  -45.287  -35.647  -3.641 0.3000000119
37237  -44.678  -35.381  -3.008 0.3000000119
38146  -45.272  -34.785  -3.513 0.3000000119
38145  -44.751  -34.378  -2.904 0.3000000119
24273  -32.536  -51.144  -6.217 0.4000000060
32540  -35.925  -40.575  -4.744 0.3000000119
33455  -37.547  -40.199  -6.904 0.3000000119
24272  -31.968  -50.823  -6.252 0.4000000060
33456  -38.278  -39.793  -7.125 0.3000000119
33458  -40.052  -39.368  -7.910 0.3000000119
110199  -41.053  -38.663  -5.419 0.3000000119
34328  -42.525  -38.129  -4.641 0.3000000119
35301  -43.601  -37.313  -3.826 0.3000000119
97788  -44.193  -37.522  -4.535 0.3000000119
97873  -45.141  -37.414  -4.742 0.3000000119
36351  -45.592  -36.659  -4.421 0.3000000119
37252  -45.779  -35.932  -4.243 0.3000000119
38157  -45.734  -35.144  -4.143 0.3000000119
34346  -41.693  -38.622  -7.427 0.3000000119
19596  -22.262  -55.377  0.688 0.4000000060
20508  -22.339  -54.518  0.717 0.3000000119
20517  -22.824  -54.235  0.057 0.3000000119
21459  -22.707  -53.306  -0.206 0.3000000119
101155  -27.547  -50.176  -2.955 0.4000000060
25072  -27.991  -49.202  -3.292 0.4000000060
24252  -27.834  -50.729  -3.631 0.4000000060
98147  -27.071  -47.877  -2.799 0.4000000060
26717  -27.371  -47.689  -3.722 0.4000000060
25908  -27.855  -48.400  -3.673 0.4000000060
25909  -28.303  -48.628  -4.106 0.4000000060
25080  -29.145  -49.513  -4.817 0.4000000060
24257  -28.232  -50.809  -4.096 0.4000000060
24258  -28.793  -50.467  -4.514 0.4000000060
25888  -24.661  -48.520  -0.306 0.3000000119
26716  -26.681  -47.255  -3.318 0.4000000060
25918  -28.821  -48.312  -5.181 0.4000000060
27447  -25.290  -46.855  -0.941 0.3000000119
27446  -24.711  -46.835  -0.382 0.3000000119
24259  -29.559  -50.239  -5.144 0.4000000060
25073  -28.523  -49.214  -4.140 0.4000000060
27464  -25.550  -46.370  -2.969 0.4000000060
93030  -27.217  -51.201  -3.339 0.4000000060
25065  -27.321  -49.305  -2.444 0.4000000060
24253  -28.360  -49.996  -3.795 0.4000000060
14682  -30.400  -61.870  -4.716 0.3000000119
16277  -30.711  -60.272  -4.725 0.3000000119
17092  -31.422  -58.380  -5.160 0.3000000119
18782  -31.189  -56.938  -4.841 0.3000000119
103262  -31.708  -56.434  -5.015 0.3000000119
19646  -32.642  -55.967  -5.969 0.3000000119
18790  -32.514  -56.071  -6.100 0.3000000119
106523  -32.358  -56.006  -6.296 0.3000000119
20566  -33.085  -54.841  -5.986 0.3000000119
19654  -32.578  -55.478  -6.284 0.3000000119
103929  -31.944  -55.449  -6.510 0.3000000119
20558  -33.152  -54.067  -5.513 0.3000000119
20567  -33.157  -54.044  -6.003 0.3000000119
20577  -33.000  -53.599  -6.243 0.3000000119
22479  -33.443  -52.745  -4.876 0.3000000119
22492  -32.599  -52.842  -6.447 0.3000000119
19635  -30.731  -56.145  -4.500 0.3000000119
23388  -33.144  -51.488  -6.002 0.3000000119
22486  -33.356  -52.714  -5.728 0.3000000119
17945  -31.738  -57.665  -5.402 0.3000000119
13879  -26.085  -61.930  -1.049 0.3000000119
13888  -27.295  -62.110  -2.126 0.4000000060
15432  -27.297  -60.677  -1.943 0.4000000060
15437  -27.858  -60.736  -2.442 0.4000000060
15453  -30.809  -61.207  -4.960 0.3000000119
16261  -28.150  -59.910  -2.747 0.4000000060
17075  -27.840  -58.396  -2.573 0.4000000060
17081  -28.470  -58.458  -3.107 0.4000000060
17934  -28.758  -57.872  -3.343 0.4000000060
18755  -26.046  -56.430  -0.715 0.3000000119
18776  -29.151  -56.576  -3.576 0.4000000060
18796  -31.620  -57.169  -6.501 0.3000000119
18797  -32.269  -56.656  -6.213 0.3000000119
19618  -28.252  -55.413  -2.751 0.4000000060
19626  -30.398  -55.270  -4.220 0.3000000119
19636  -31.626  -55.653  -4.775 0.3000000119
19647  -32.781  -55.477  -6.061 0.3000000119
19653  -31.689  -56.196  -6.488 0.3000000119
20519  -25.669  -54.170  -0.054 0.3000000119
20527  -26.581  -54.227  -1.166 0.4000000060
20528  -27.233  -54.283  -1.712 0.3000000119
20532  -27.552  -55.022  -2.160 0.4000000060
20542  -29.348  -54.270  -3.356 0.4000000060
20576  -32.910  -54.684  -6.224 0.3000000119
21420  -25.139  -53.048  2.479 0.3000000119
21473  -27.660  -53.607  -1.905 0.4000000060
21483  -29.110  -53.563  -3.005 0.4000000060
21506  -33.293  -53.417  -5.551 0.3000000119
21520  -33.215  -53.313  -6.004 0.3000000119
22335  -32.504  -52.536  6.588 0.3000000119
22349  -30.293  -52.199  5.911 0.3000000119
22365  -28.150  -52.522  4.471 0.3000000119
22377  -26.697  -52.072  3.947 0.3000000119
22415  -25.622  -52.418  1.063 0.3000000119
22416  -26.139  -52.043  0.414 0.3000000119
22443  -26.876  -52.953  -0.953 0.3000000119
22445  -28.295  -52.433  -1.773 0.4000000060
22471  -33.480  -51.903  -4.437 0.4000000060
22478  -33.206  -53.081  -4.467 0.4000000060
22491  -31.407  -52.013  -6.408 0.4000000060
22493  -33.093  -52.715  -6.211 0.3000000119
23242  -33.874  -51.474  6.658 0.3000000119
23255  -30.375  -51.449  5.830 0.3000000119
23291  -27.096  -51.441  3.575 0.3000000119
23303  -26.352  -51.404  2.310 0.3000000119
23324  -26.043  -51.680  1.055 0.3000000119
23326  -27.334  -50.519  0.611 0.3000000119
23338  -27.749  -50.836  -0.198 0.3000000119
23339  -28.238  -51.252  -0.876 0.3000000119
23354  -33.255  -50.962  -1.709 0.4000000060
23369  -33.483  -51.240  -3.126 0.4000000060
23394  -31.386  -51.135  -6.221 0.5000000000
23395  -32.136  -51.495  -6.455 0.4000000060
23397  -33.265  -52.119  -6.093 0.3000000119
24134  -34.042  -50.641  6.855 0.3000000119
24153  -36.239  -50.370  5.502 0.3000000119
24182  -27.523  -50.888  3.271 0.3000000119
24191  -26.814  -50.729  1.984 0.3000000119
24201  -26.775  -50.644  1.242 0.3000000119
24238  -30.589  -50.796  -1.089 0.4000000060
24239  -32.197  -50.809  -0.785 0.4000000060
24261  -33.439  -51.238  -4.058 0.4000000060
24268  -33.327  -51.298  -5.108 0.4000000060
24954  -32.681  -49.051  7.260 0.3000000119
24966  -33.739  -49.795  7.136 0.3000000119
24968  -35.409  -49.870  6.311 0.3000000119
24983  -36.459  -49.691  5.436 0.3000000119
24992  -30.918  -49.640  4.283 0.3000000119
25005  -31.253  -49.277  3.613 0.3000000119
25021  -32.200  -49.512  1.236 0.4000000060
25032  -31.041  -49.697  1.092 0.3000000119
25067  -33.136  -50.213  -2.102 0.5000000000
25075  -33.067  -50.202  -3.164 0.5000000000
25082  -31.863  -49.302  -5.315 0.5000000000
25083  -32.650  -50.065  -4.391 0.5000000000
25803  -33.846  -48.420  7.244 0.3000000119
25811  -31.721  -48.109  6.706 0.3000000119
25869  -32.496  -49.569  0.879 0.4000000060
25902  -27.483  -48.489  -2.926 0.4000000060
25920  -30.694  -48.146  -5.349 0.5000000000
25927  -30.417  -48.387  -5.790 0.6000000238
26625  -34.967  -47.613  6.675 0.3000000119
26646  -30.992  -48.139  4.411 0.3000000119
26676  -31.656  -48.227  1.248 0.5000000000
26691  -30.323  -47.412  0.258 0.6999999881
27372  -33.467  -46.386  7.066 0.3000000119
27374  -35.212  -46.997  6.434 0.3000000119
27381  -31.167  -46.694  6.080 0.3000000119
27409  -30.296  -46.499  3.284 0.6000000238
27455  -24.926  -46.235  -1.229 0.3000000119
27483  -28.600  -45.873  -5.130 0.6000000238
27492  -27.975  -46.034  -5.481 0.5000000000
28122  -29.342  -45.115  3.281 0.6000000238
28160  -23.162  -45.415  0.375 0.4000000060
28204  -28.293  -45.389  -5.108 0.5000000000
28873  -31.026  -45.004  6.101 0.3000000119
28875  -32.364  -44.332  6.388 0.4000000060
28876  -33.150  -44.712  6.511 0.3000000119
28895  -35.241  -44.815  5.316 0.3000000119
28907  -29.908  -44.518  4.705 0.6000000238
28917  -36.040  -44.376  3.323 0.3000000119
28975  -25.739  -44.048  -1.685 0.6000000238
28988  -26.130  -43.589  -3.967 0.5000000000
28995  -25.092  -43.804  -4.598 0.5000000000
29729  -29.232  -43.626  3.550 0.6999999881
29751  -28.138  -43.308  1.396 0.6999999881
29768  -36.184  -43.594  0.013 0.3000000119
29777  -26.474  -43.440  -0.408 0.6999999881
29787  -23.509  -43.337  -3.056 0.5000000000
30560  -31.409  -42.335  5.318 0.5000000000
30563  -33.855  -42.848  5.441 0.4000000060
30608  -28.768  -42.474  2.254 0.6000000238
31499  -30.156  -41.850  4.130 0.6999999881
31500  -30.597  -41.592  4.364 0.6000000238
31502  -32.642  -41.157  4.999 0.4000000060
31560  -28.808  -41.091  0.698 0.6999999881
31561  -35.766  -41.588  0.048 0.4000000060
31568  -26.828  -42.050  -0.556 0.6999999881
31580  -35.667  -41.301  -1.578 0.4000000060
31587  -35.569  -41.577  -2.353 0.4000000060
32435  -31.480  -40.710  4.343 0.6000000238
32436  -32.315  -40.595  4.586 0.5000000000
32514  -29.559  -39.740  -1.662 0.6000000238
32530  -23.956  -40.312  -3.200 0.5000000000
33364  -34.924  -38.953  3.028 0.5000000000
33440  -36.743  -39.616  -4.565 0.3000000119
33447  -36.358  -40.092  -5.104 0.3000000119
33450  -38.829  -39.429  -6.231 0.3000000119
33457  -39.107  -39.537  -7.460 0.3000000119
34223  -32.014  -38.843  3.390 0.6000000238
34224  -32.741  -38.526  3.371 0.6000000238
34225  -33.402  -38.551  3.428 0.6000000238
34237  -31.615  -38.431  2.657 0.6000000238
34284  -36.808  -37.770  -1.737 0.4000000060
34295  -29.860  -39.339  -3.202 0.6000000238
34327  -41.705  -38.431  -4.809 0.3000000119
35259  -35.882  -36.233  -0.697 0.4000000060
35261  -37.173  -37.103  -1.474 0.4000000060
35292  -24.052  -37.373  -3.592 0.5000000000
35302  -44.253  -36.983  -3.800 0.3000000119
35311  -31.252  -38.320  -5.337 0.6999999881
35330  -30.925  -38.748  -6.837 0.6999999881
36303  -39.241  -36.576  -0.214 0.4000000060
36304  -40.464  -36.704  -0.276 0.4000000060
36318  -42.696  -36.308  -1.674 0.4000000060
36335  -26.299  -37.076  -3.892 0.6999999881
36337  -43.941  -36.731  -3.281 0.4000000060
36339  -45.302  -36.267  -3.883 0.3000000119
36370  -31.462  -37.746  -7.910 0.6999999881
36371  -31.661  -37.789  -7.833 0.8000000119
37176  -33.896  -35.620  1.387 0.5000000000
37191  -41.022  -35.087  0.475 0.4000000060
37203  -36.199  -35.280  -1.228 0.5000000000
37223  -42.817  -35.630  -1.279 0.4000000060
37250  -25.816  -35.905  -4.416 0.5000000000
38134  -43.887  -34.819  -1.964 0.4000000060
38144  -31.622  -34.418  -3.481 0.6000000238
38179  -33.380  -35.542  -7.743 0.6999999881
38189  -34.907  -35.762  -9.955 0.6000000238
38203  -34.016  -36.062  -9.973 0.6000000238
39104  -41.654  -33.280  0.483 0.4000000060
39132  -43.917  -33.464  -1.588 0.3000000119
39148  -32.391  -33.253  -2.889 0.6000000238
39164  -38.076  -33.342  -3.712 0.5000000000
39194  -28.859  -33.508  -5.963 0.6000000238
39223  -37.505  -33.407  -10.302 0.6000000238
39224  -37.241  -33.477  -10.463 0.6000000238
40064  -42.631  -32.595  -0.265 0.4000000060
40076  -35.139  -32.698  -1.887 0.5000000000
40118  -38.520  -32.993  -4.004 0.5000000000
40135  -36.994  -32.592  -4.352 0.5000000000
40136  -38.338  -33.031  -4.893 0.6000000238
40150  -32.897  -32.844  -5.829 0.6999999881
40152  -36.269  -32.211  -6.255 0.6000000238
40169  -38.454  -32.508  -6.058 0.6000000238
40202  -37.661  -33.160  -10.414 0.6000000238
41013  -40.446  -31.776  1.014 0.4000000060
41015  -41.969  -31.608  0.203 0.4000000060
41049  -44.299  -31.249  -3.289 0.3000000119
41081  -34.529  -31.736  -5.697 0.6000000238
41122  -37.483  -32.878  -10.588 0.6000000238
42762  -37.306  -29.860  -10.076 0.6000000238
43529  -43.484  -28.143  -5.357 0.4000000060
43545  -37.340  -29.017  -8.776 0.6000000238
44320  -39.942  -27.718  0.359 0.3000000119
45207  -37.344  -26.498  -5.470 0.6999999881
45230  -35.541  -26.559  -10.631 0.6000000238
46949  -35.024  -25.066  -10.427 0.6000000238
49464  -39.568  -21.633  -1.069 0.4000000060
50275  -41.206  -20.589  -1.485 0.3000000119
50288  -37.760  -19.986  -2.939 0.4000000060
53344  -38.037  -15.750  -3.519 0.3000000119
54979  -38.483  -14.052  -4.098 0.3000000119
56547  -37.862  -12.339  -5.276 0.3000000119
93277  -35.165  -32.017  -3.249 0.5000000000
94329  -41.544  -11.521  -8.103 0.3000000119
94515  -35.595  -44.090  4.185 0.4000000060
98027  -32.691  -49.424  0.402 0.5000000000
99448  -33.090  -32.498  -3.773 0.6000000238
100063  -30.923  -47.587  0.860 0.6000000238
100385  -33.411  -36.853  -8.611 0.6999999881
100672  -36.238  -40.067  0.561 0.4000000060
101067  -35.810  -39.531  1.986 0.4000000060
101124  -40.312  -16.061  -3.238 0.3000000119
101168  -34.127  -43.674  5.654 0.4000000060
101399  -39.098  -29.547  0.803 0.4000000060
101769  -30.665  -49.514  2.548 0.3000000119
101902  -36.113  -38.618  0.336 0.4000000060
102151  -34.974  -27.207  -10.159 0.5000000000
102667  -33.384  -41.268  4.928 0.4000000060
102713  -37.893  -32.030  -10.032 0.6000000238
103637  -34.731  -39.739  3.412 0.4000000060
104291  -29.098  -42.060  2.837 0.6000000238
104327  -32.149  -51.834  6.664 0.3000000119
104478  -34.169  -38.624  3.323 0.5000000000
104499  -43.705  -27.606  -6.627 0.3000000119
104627  -36.541  -40.511  -5.999 0.3000000119
105748  -30.797  -51.806  6.187 0.3000000119
105883  -35.645  -43.372  2.066 0.4000000060
105967  -37.326  -27.629  -6.279 0.6999999881
106561  -31.641  -43.969  6.140 0.4000000060
106595  -33.332  -53.448  -4.988 0.3000000119
106895  -32.355  -49.255  -1.455 0.5000000000
107598  -33.825  -35.052  -9.629 0.6999999881
108061  -38.318  -31.704  -7.542 0.6999999881
108231  -29.896  -49.875  3.696 0.3000000119
108300  -35.683  -40.225  2.100 0.4000000060
108503  -32.600  -49.866  0.736 0.4000000060
108687  -33.073  -49.648  7.271 0.3000000119
108928  -29.910  -46.622  1.417 0.6000000238
109190  -31.989  -49.184  1.993 0.3000000119
110061  -43.376  -27.805  -4.843 0.4000000060
110126  -37.519  -22.275  -5.531 0.6000000238
110626  -37.589  -21.889  -6.276 0.5000000000
110750  -35.954  -38.444  1.213 0.5000000000
111324  -25.912  -57.019  -0.549 0.3000000119
111421  -31.770  -51.239  6.491 0.3000000119
111617  -37.512  -22.575  -4.700 0.6000000238
111844  -30.753  -49.989  4.646 0.3000000119
112071  -39.835  -39.145  -3.569 0.4000000060
112161  -25.880  -54.569  -0.386 0.3000000119
112375  -28.765  -52.176  -1.957 0.4000000060
112409  -36.434  -45.040  3.631 0.3000000119
