#!ascii label  , from subject sub-v2s18x29510_ses-1 vox2ras=TkReg
861
93123  46.928  19.483  45.068 0.0000000000
92451  53.359  19.056  35.908 0.0000000000
93947  49.613  21.279  35.509 0.0000000000
90097  52.818  15.178  28.870 0.0000000000
90001  46.990  14.995  40.901 0.0000000000
94626  52.168  21.305  42.612 0.0000000000
93245  58.310  20.540  30.692 0.0000000000
94731  45.303  22.226  32.315 0.0000000000
93149  56.384  20.529  42.209 0.0000000000
92404  50.889  17.757  41.880 0.0000000000
128927  50.307  14.947  35.909 0.0000000000
97475  51.517  25.681  32.856 0.0000000000
94736  50.398  21.178  30.084 0.0000000000
129673  56.499  22.470  36.322 0.0000000000
129416  52.106  20.500  30.059 0.0000000000
96816  46.653  24.017  34.409 0.0000000000
93131  51.877  18.451  45.095 0.0000000000
91610  49.223  17.414  44.262 0.0000000000
90026  48.558  15.183  38.427 0.0000000000
95398  48.470  22.590  37.730 0.0000000000
97451  50.168  25.196  36.858 0.0000000000
96814  50.493  24.173  33.419 0.0000000000
96114  50.660  24.032  29.842 0.0000000000
95427  50.748  22.047  31.664 0.0000000000
93166  54.482  19.941  39.446 0.0000000000
93886  57.037  21.377  39.741 0.0000000000
93928  56.124  20.599  36.233 0.0000000000
137985  55.997  18.075  27.781 0.0000000000
93258  55.170  19.594  30.085 0.0000000000
92499  52.483  19.842  27.718 0.0000000000
92494  51.160  18.765  30.546 0.0000000000
90085  50.813  15.439  29.967 0.0000000000
86547  48.827  11.421  33.270 0.0000000000
92392  45.086  18.316  44.656 0.0000000000
90820  47.442  16.625  43.365 0.0000000000
93890  50.305  20.882  38.993 0.0000000000
91700  53.866  17.174  33.094 0.0000000000
92465  55.994  19.544  33.314 0.0000000000
131762  56.565  17.084  31.267 0.0000000000
91732  59.725  17.367  28.758 0.0000000000
93863  58.123  22.036  44.315 0.0000000000
93117  54.140  19.640  45.024 0.0000000000
93152  53.345  19.153  41.416 0.0000000000
92426  51.510  18.595  38.438 0.0000000000
123245  48.351  16.503  41.112 0.0000000000
91653  49.971  17.212  38.393 0.0000000000
91674  51.779  17.293  35.649 0.0000000000
89191  52.493  14.330  33.492 0.0000000000
92381  42.635  18.659  45.581 0.0000000000
98631  53.081  27.331  34.477 0.0000000000
97462  49.084  25.854  34.799 0.0000000000
96105  47.341  23.842  31.998 0.0000000000
94738  47.193  22.005  30.876 0.0000000000
93219  48.784  19.733  34.365 0.0000000000
94623  56.444  21.491  41.982 0.0000000000
122275  53.907  21.570  39.159 0.0000000000
93929  52.128  21.038  36.175 0.0000000000
94713  57.628  22.150  33.623 0.0000000000
93969  54.109  20.871  33.766 0.0000000000
130718  51.205  20.395  33.534 0.0000000000
139743  51.258  20.263  30.516 0.0000000000
92477  50.184  18.841  32.359 0.0000000000
96807  45.612  24.383  35.452 0.0000000000
96806  46.527  24.402  35.325 0.0000000000
135736  49.778  19.561  45.283 0.0000000000
93133  48.447  18.849  44.968 0.0000000000
94680  48.767  21.864  36.646 0.0000000000
96080  48.875  23.397  35.666 0.0000000000
95416  49.388  22.328  34.287 0.0000000000
95422  50.157  22.633  32.770 0.0000000000
94717  49.816  21.770  33.666 0.0000000000
93193  53.875  19.742  37.490 0.0000000000
93192  55.618  20.443  38.029 0.0000000000
141021  54.865  20.045  36.195 0.0000000000
142112  54.349  16.600  28.291 0.0000000000
130278  54.286  18.767  27.568 0.0000000000
90953  52.988  17.024  28.344 0.0000000000
130584  51.643  16.690  29.326 0.0000000000
90098  51.400  15.328  29.497 0.0000000000
88354  50.289  13.026  30.713 0.0000000000
88367  50.931  12.954  29.457 0.0000000000
90810  45.317  16.745  44.313 0.0000000000
93883  49.650  21.227  40.123 0.0000000000
93875  50.823  21.039  41.323 0.0000000000
90067  53.966  15.582  32.407 0.0000000000
90911  55.017  16.989  32.019 0.0000000000
90075  56.094  15.482  31.184 0.0000000000
131147  60.259  15.850  29.872 0.0000000000
89223  57.922  14.443  29.187 0.0000000000
90093  57.452  15.170  28.877 0.0000000000
92400  51.175  17.570  43.475 0.0000000000
92395  52.499  18.282  43.383 0.0000000000
92403  51.641  18.172  41.981 0.0000000000
92406  52.746  19.150  40.501 0.0000000000
127064  50.935  18.341  39.900 0.0000000000
89985  46.955  15.850  41.884 0.0000000000
90834  48.233  16.559  42.096 0.0000000000
90842  47.806  15.975  40.641 0.0000000000
126560  49.304  14.707  37.085 0.0000000000
90025  49.141  15.702  38.061 0.0000000000
90874  50.043  16.306  37.085 0.0000000000
91660  50.657  17.413  37.355 0.0000000000
90047  50.772  15.880  35.759 0.0000000000
90897  51.843  16.113  34.687 0.0000000000
89183  51.309  14.788  34.675 0.0000000000
87403  54.329  12.032  34.159 0.0000000000
134717  51.609  25.501  33.603 0.0000000000
98057  52.581  26.555  34.684 0.0000000000
98072  52.248  26.469  33.758 0.0000000000
98066  51.331  27.211  34.416 0.0000000000
123256  50.238  25.971  33.585 0.0000000000
96822  48.761  24.883  33.311 0.0000000000
97481  50.326  25.317  32.212 0.0000000000
95464  50.888  22.973  26.709 0.0000000000
95457  48.260  23.160  29.079 0.0000000000
94747  49.303  22.002  29.671 0.0000000000
94728  48.268  21.659  31.824 0.0000000000
93983  49.627  20.972  31.453 0.0000000000
93868  57.089  21.101  43.148 0.0000000000
139294  57.108  21.560  43.358 0.0000000000
94622  56.923  21.222  41.870 0.0000000000
94654  57.197  22.086  38.346 0.0000000000
122264  55.690  21.933  39.165 0.0000000000
94666  54.182  21.832  37.524 0.0000000000
94667  52.979  21.522  37.751 0.0000000000
94677  54.113  21.822  36.621 0.0000000000
92474  57.520  20.175  31.962 0.0000000000
93224  57.115  20.762  33.635 0.0000000000
93978  57.973  21.830  32.126 0.0000000000
140341  53.583  19.565  30.975 0.0000000000
93980  55.452  21.208  32.561 0.0000000000
93235  53.901  20.055  32.514 0.0000000000
93970  53.025  20.373  33.890 0.0000000000
93236  52.818  19.664  32.311 0.0000000000
93982  51.723  20.359  30.879 0.0000000000
93250  51.626  20.396  30.423 0.0000000000
90923  50.276  16.880  31.154 0.0000000000
91701  50.317  18.322  31.953 0.0000000000
130804  49.323  16.751  32.263 0.0000000000
91693  49.259  17.751  33.275 0.0000000000
94610  52.534  21.726  44.082 0.0000000000
96090  44.867  23.526  33.830 0.0000000000
96099  45.218  23.261  32.973 0.0000000000
93854  51.681  19.863  45.686 0.0000000000
93855  50.573  19.970  45.503 0.0000000000
91609  50.532  17.759  44.559 0.0000000000
91619  50.335  17.280  43.541 0.0000000000
90011  47.799  15.085  39.520 0.0000000000
128145  48.975  24.118  36.994 0.0000000000
96804  49.541  24.225  35.346 0.0000000000
96821  51.374  25.229  32.441 0.0000000000
96824  50.896  24.958  31.581 0.0000000000
96095  51.156  24.825  31.724 0.0000000000
95444  51.401  22.763  29.364 0.0000000000
123202  51.454  21.736  29.706 0.0000000000
134587  54.757  19.894  40.268 0.0000000000
93873  56.878  21.137  40.912 0.0000000000
93165  56.310  20.480  39.948 0.0000000000
93902  57.108  21.315  38.203 0.0000000000
93926  57.503  22.013  37.167 0.0000000000
93266  57.847  20.102  29.051 0.0000000000
93996  57.567  21.084  30.724 0.0000000000
93267  56.103  19.811  29.032 0.0000000000
125593  53.767  20.051  27.948 0.0000000000
93260  52.452  21.053  28.702 0.0000000000
93261  52.201  20.708  28.906 0.0000000000
126061  51.781  19.031  29.170 0.0000000000
90932  51.254  16.981  29.856 0.0000000000
90078  49.833  15.508  31.299 0.0000000000
85611  49.071  10.649  32.440 0.0000000000
93135  46.351  18.888  44.759 0.0000000000
91612  47.324  17.723  44.393 0.0000000000
91613  46.450  17.586  44.372 0.0000000000
90821  46.433  16.442  43.727 0.0000000000
89986  46.477  15.409  42.390 0.0000000000
95378  48.532  22.554  40.489 0.0000000000
94657  49.109  21.491  38.081 0.0000000000
134604  49.801  21.029  36.925 0.0000000000
92459  53.126  18.111  34.977 0.0000000000
123682  54.761  19.489  34.910 0.0000000000
91690  54.328  18.053  33.318 0.0000000000
91698  55.518  18.086  32.217 0.0000000000
92484  57.856  19.628  31.107 0.0000000000
90931  57.778  16.201  30.674 0.0000000000
128148  59.030  17.294  30.244 0.0000000000
142676  58.671  19.369  29.694 0.0000000000
91733  57.476  17.693  28.404 0.0000000000
90105  55.786  16.213  28.490 0.0000000000
89225  54.314  14.450  29.280 0.0000000000
87466  51.987  12.557  29.619 0.0000000000
121627  56.267  20.547  44.817 0.0000000000
124023  54.710  19.606  43.477 0.0000000000
93118  53.106  19.297  45.185 0.0000000000
93140  53.934  19.310  43.840 0.0000000000
93151  54.462  19.505  41.907 0.0000000000
140075  53.712  19.471  40.614 0.0000000000
93167  53.134  19.499  39.070 0.0000000000
141167  52.325  18.905  37.049 0.0000000000
91621  48.690  17.032  43.707 0.0000000000
91628  48.999  16.856  42.778 0.0000000000
91632  49.649  17.268  41.393 0.0000000000
90852  48.606  16.144  39.466 0.0000000000
90840  49.107  16.736  39.768 0.0000000000
92408  50.362  17.796  40.364 0.0000000000
92427  50.876  18.133  38.213 0.0000000000
92436  51.373  18.352  37.644 0.0000000000
91665  52.156  18.071  36.025 0.0000000000
91683  52.804  17.365  34.609 0.0000000000
90905  52.837  15.952  33.582 0.0000000000
88334  53.844  13.861  32.471 0.0000000000
87420  52.846  12.736  33.738 0.0000000000
87429  53.979  12.986  32.811 0.0000000000
126290  45.056  19.740  45.418 0.0000000000
92393  44.107  18.410  44.838 0.0000000000
91606  41.782  17.265  45.579 0.0000000000
98050  53.939  27.480  35.465 0.0000000000
99201  51.792  28.261  35.523 0.0000000000
96805  47.457  24.542  34.921 0.0000000000
136521  46.711  23.771  33.440 0.0000000000
96106  46.137  23.446  31.692 0.0000000000
96831  49.043  24.199  30.554 0.0000000000
96116  47.173  23.447  30.393 0.0000000000
135746  45.773  22.462  31.364 0.0000000000
94625  53.404  21.421  42.691 0.0000000000
94637  56.356  21.575  40.558 0.0000000000
94638  54.653  21.542  40.629 0.0000000000
93880  52.436  21.131  40.405 0.0000000000
94645  51.921  21.121  38.779 0.0000000000
122654  51.345  20.900  37.189 0.0000000000
93945  51.359  20.677  35.528 0.0000000000
93218  56.178  20.552  35.108 0.0000000000
93958  57.507  21.785  34.821 0.0000000000
94685  57.119  22.440  35.639 0.0000000000
93979  57.193  22.079  32.319 0.0000000000
94715  56.479  22.338  33.905 0.0000000000
94701  54.617  21.764  35.019 0.0000000000
93943  53.421  21.267  35.233 0.0000000000
93962  51.445  20.477  34.568 0.0000000000
94702  50.396  20.814  33.941 0.0000000000
93972  51.127  20.631  32.652 0.0000000000
94735  51.455  21.134  30.258 0.0000000000
93252  50.962  20.399  30.206 0.0000000000
92486  51.463  19.808  29.970 0.0000000000
93251  50.888  19.947  30.789 0.0000000000
93239  50.163  20.199  31.768 0.0000000000
93228  49.721  19.665  32.934 0.0000000000
86540  48.359  11.363  34.202 0.0000000000
96796  46.102  24.934  36.170 0.0000000000
97464  47.315  25.101  35.847 0.0000000000
93857  48.078  20.479  45.455 0.0000000000
93121  48.872  19.783  45.232 0.0000000000
138875  47.674  18.935  44.905 0.0000000000
95417  48.951  22.486  35.072 0.0000000000
94704  49.228  21.810  35.042 0.0000000000
94703  49.699  21.450  34.567 0.0000000000
93204  53.530  19.447  36.662 0.0000000000
119208  54.143  19.611  36.107 0.0000000000
90107  53.298  15.975  28.617 0.0000000000
90952  53.812  16.793  28.257 0.0000000000
90108  52.468  16.082  28.803 0.0000000000
128159  52.042  15.271  29.108 0.0000000000
130852  51.235  13.793  29.486 0.0000000000
131003  51.892  13.859  29.268 0.0000000000
130947  51.602  21.748  43.861 0.0000000000
94618  51.099  21.475  43.018 0.0000000000
118896  50.628  21.316  42.209 0.0000000000
94633  51.560  21.132  42.062 0.0000000000
132612  54.803  14.715  31.690 0.0000000000
90922  54.933  16.149  31.749 0.0000000000
90076  55.244  15.501  31.534 0.0000000000
89222  59.100  14.419  29.363 0.0000000000
138203  58.294  13.818  29.426 0.0000000000
88360  57.320  13.735  29.489 0.0000000000
130818  45.632  21.659  33.403 0.0000000000
135320  51.260  17.800  42.589 0.0000000000
92399  51.863  17.989  42.954 0.0000000000
126964  51.138  18.189  40.954 0.0000000000
89992  47.214  15.592  41.094 0.0000000000
90835  47.601  16.186  41.505 0.0000000000
90042  49.721  14.855  36.530 0.0000000000
90035  49.510  15.496  37.230 0.0000000000
90041  50.140  15.688  36.488 0.0000000000
90883  50.567  16.485  36.515 0.0000000000
89176  50.808  14.935  35.251 0.0000000000
131183  50.987  14.182  34.954 0.0000000000
97468  51.943  26.045  33.300 0.0000000000
97469  51.413  26.056  33.132 0.0000000000
97476  51.035  25.776  32.683 0.0000000000
123783  49.936  25.589  33.098 0.0000000000
94754  50.730  21.766  28.080 0.0000000000
95445  49.838  22.179  28.486 0.0000000000
94737  48.744  21.741  30.683 0.0000000000
93138  56.473  20.608  42.725 0.0000000000
93870  57.006  21.198  42.294 0.0000000000
94676  56.550  22.428  37.055 0.0000000000
121277  56.018  22.205  38.306 0.0000000000
123239  55.462  22.263  37.305 0.0000000000
130946  55.359  22.280  36.456 0.0000000000
93246  58.230  20.952  31.443 0.0000000000
93232  58.078  21.461  32.095 0.0000000000
140822  58.137  21.502  31.595 0.0000000000
93249  53.186  19.593  31.616 0.0000000000
127910  52.110  20.020  30.983 0.0000000000
93237  52.024  19.987  31.766 0.0000000000
90924  49.565  16.282  31.640 0.0000000000
91711  49.917  17.327  31.909 0.0000000000
90914  48.894  16.075  32.278 0.0000000000
91703  48.815  16.798  32.878 0.0000000000
96817  45.633  23.999  34.614 0.0000000000
96091  44.659  22.903  33.342 0.0000000000
96089  45.711  23.676  33.624 0.0000000000
93844  51.087  20.774  46.154 0.0000000000
133509  49.735  17.863  44.665 0.0000000000
92387  50.245  18.249  44.931 0.0000000000
134403  50.040  17.382  44.185 0.0000000000
140682  50.705  17.424  44.102 0.0000000000
96059  48.482  23.252  38.289 0.0000000000
96780  48.819  24.100  38.614 0.0000000000
96066  48.528  23.341  37.206 0.0000000000
96087  49.316  23.119  34.402 0.0000000000
96079  49.463  23.692  34.717 0.0000000000
125074  50.605  24.633  34.094 0.0000000000
96096  50.967  24.201  32.368 0.0000000000
96104  50.948  23.659  31.528 0.0000000000
95434  51.170  22.718  30.420 0.0000000000
93179  55.907  20.420  39.094 0.0000000000
93914  56.717  20.893  37.350 0.0000000000
93913  57.323  21.648  37.568 0.0000000000
93927  57.348  21.634  36.842 0.0000000000
93275  57.032  19.547  28.475 0.0000000000
132446  57.024  19.978  28.800 0.0000000000
93276  56.111  19.415  28.288 0.0000000000
122114  53.390  19.424  27.467 0.0000000000
92508  53.966  19.609  27.673 0.0000000000
93278  52.816  20.688  27.435 0.0000000000
93269  52.765  21.215  27.939 0.0000000000
93279  52.216  21.186  27.362 0.0000000000
93270  51.765  20.660  28.417 0.0000000000
92500  51.943  19.887  28.322 0.0000000000
90942  51.196  16.087  29.637 0.0000000000
90933  50.632  16.315  30.364 0.0000000000
90086  50.348  15.511  30.638 0.0000000000
88345  50.271  13.985  31.258 0.0000000000
87455  50.236  12.096  30.105 0.0000000000
87440  49.785  12.251  30.926 0.0000000000
93136  45.502  19.013  44.861 0.0000000000
92391  45.952  18.260  44.592 0.0000000000
91614  45.629  17.536  44.446 0.0000000000
90822  45.842  16.179  43.913 0.0000000000
89977  46.318  15.799  43.253 0.0000000000
89987  46.008  14.991  42.960 0.0000000000
142684  50.205  20.946  39.666 0.0000000000
125232  49.051  21.538  39.729 0.0000000000
93905  49.645  21.134  38.547 0.0000000000
93916  49.724  21.108  37.738 0.0000000000
93904  50.390  20.886  38.238 0.0000000000
91682  53.419  17.898  34.283 0.0000000000
92467  54.060  18.391  33.967 0.0000000000
91691  53.726  17.719  33.670 0.0000000000
91709  55.969  17.527  31.602 0.0000000000
92485  56.608  18.728  31.721 0.0000000000
91708  56.958  18.084  31.137 0.0000000000
90084  57.049  15.396  30.767 0.0000000000
90083  58.285  15.300  30.515 0.0000000000
90939  60.319  16.159  29.003 0.0000000000
90929  59.995  16.857  29.897 0.0000000000
91715  60.104  17.155  29.508 0.0000000000
91717  58.690  18.328  30.258 0.0000000000
92503  59.124  18.278  28.854 0.0000000000
92504  58.578  19.064  28.946 0.0000000000
133355  58.691  17.680  28.551 0.0000000000
131313  55.848  14.374  29.334 0.0000000000
90094  56.111  15.196  28.965 0.0000000000
131312  55.153  14.758  29.254 0.0000000000
140703  54.505  15.150  29.082 0.0000000000
88363  54.063  13.644  29.508 0.0000000000
93851  55.052  20.198  45.478 0.0000000000
93840  55.818  20.765  46.118 0.0000000000
136016  55.159  20.016  44.800 0.0000000000
93865  56.065  20.410  44.079 0.0000000000
120935  54.687  19.676  44.226 0.0000000000
93119  52.236  19.095  45.327 0.0000000000
93130  52.578  18.630  44.700 0.0000000000
92398  52.561  18.549  42.323 0.0000000000
93141  53.127  18.740  43.842 0.0000000000
93146  53.121  18.771  42.976 0.0000000000
93145  54.094  19.344  42.935 0.0000000000
129622  53.452  19.068  42.307 0.0000000000
92415  52.414  19.182  39.622 0.0000000000
92425  52.227  19.081  38.748 0.0000000000
135210  52.834  19.394  38.356 0.0000000000
92435  52.189  18.970  37.748 0.0000000000
91611  48.325  17.547  44.333 0.0000000000
90819  47.799  17.075  43.850 0.0000000000
91633  48.982  16.895  41.689 0.0000000000
139181  49.500  17.141  42.133 0.0000000000
91637  49.155  16.935  40.682 0.0000000000
89139  48.035  14.639  38.891 0.0000000000
89999  48.052  15.720  39.861 0.0000000000
90010  48.301  15.451  39.150 0.0000000000
90865  49.457  16.528  38.420 0.0000000000
142018  49.093  16.516  39.109 0.0000000000
91646  49.655  17.167  39.125 0.0000000000
91636  49.703  17.332  40.009 0.0000000000
91635  50.282  17.808  39.519 0.0000000000
91645  50.346  17.739  38.692 0.0000000000
91667  50.873  17.221  36.718 0.0000000000
91659  51.135  17.879  37.076 0.0000000000
91666  51.460  17.644  36.377 0.0000000000
92445  51.834  18.442  36.879 0.0000000000
91673  52.473  17.695  35.298 0.0000000000
90888  52.127  16.925  34.967 0.0000000000
141384  52.427  15.132  33.652 0.0000000000
134627  52.161  15.652  34.106 0.0000000000
90059  52.955  15.015  33.195 0.0000000000
89198  53.538  14.827  32.642 0.0000000000
89190  53.117  14.107  32.971 0.0000000000
87405  52.514  12.492  34.271 0.0000000000
87418  54.116  12.500  33.414 0.0000000000
121616  54.788  12.705  32.796 0.0000000000
143728  44.575  20.041  45.784 0.0000000000
93127  42.868  19.419  45.986 0.0000000000
92380  43.490  19.038  45.401 0.0000000000
91604  43.203  18.189  45.008 0.0000000000
129898  42.475  17.829  45.262 0.0000000000
98065  52.613  26.765  33.985 0.0000000000
121416  52.958  26.792  35.679 0.0000000000
98056  53.338  27.385  34.631 0.0000000000
98623  54.101  28.114  34.928 0.0000000000
98630  53.807  27.860  34.788 0.0000000000
99200  53.102  28.067  34.810 0.0000000000
131476  52.369  27.684  34.716 0.0000000000
97461  50.248  26.443  34.293 0.0000000000
97471  48.188  25.177  35.034 0.0000000000
96825  48.628  24.510  32.200 0.0000000000
96097  47.632  24.145  32.985 0.0000000000
142298  46.707  23.677  32.582 0.0000000000
96830  50.192  24.377  30.726 0.0000000000
96125  49.405  24.003  29.389 0.0000000000
95447  47.446  22.925  29.735 0.0000000000
96126  47.626  23.260  29.735 0.0000000000
95448  46.778  23.035  30.268 0.0000000000
134801  46.156  22.742  30.889 0.0000000000
94739  46.102  22.044  31.167 0.0000000000
94730  45.966  21.671  31.978 0.0000000000
94729  46.849  21.724  31.786 0.0000000000
93974  48.581  20.684  33.656 0.0000000000
95365  58.152  22.106  44.602 0.0000000000
94615  56.631  21.499  42.739 0.0000000000
94608  55.685  21.719  43.708 0.0000000000
94624  55.074  21.516  42.792 0.0000000000
94631  54.626  21.491  41.995 0.0000000000
93879  57.018  21.069  40.212 0.0000000000
93878  56.974  21.342  40.405 0.0000000000
94644  55.118  21.649  39.886 0.0000000000
94639  53.203  21.255  40.881 0.0000000000
120847  53.385  21.374  39.949 0.0000000000
93888  52.178  21.124  39.682 0.0000000000
135806  52.794  21.327  39.187 0.0000000000
94678  52.862  21.463  36.863 0.0000000000
94679  52.134  21.267  37.372 0.0000000000
143381  51.930  21.125  36.800 0.0000000000
93930  51.276  20.777  36.360 0.0000000000
143881  54.560  19.045  34.287 0.0000000000
93225  55.688  19.823  34.193 0.0000000000
93957  57.667  21.837  33.961 0.0000000000
94698  57.584  22.189  34.323 0.0000000000
93941  57.603  22.211  35.256 0.0000000000
94699  57.286  22.399  34.528 0.0000000000
93257  56.490  20.326  30.081 0.0000000000
93991  57.454  21.598  31.528 0.0000000000
93247  56.209  20.592  30.884 0.0000000000
93981  54.369  20.708  33.123 0.0000000000
93968  55.356  21.557  33.450 0.0000000000
93959  55.006  21.669  34.239 0.0000000000
93960  53.758  21.087  34.490 0.0000000000
122619  51.967  20.147  33.776 0.0000000000
93961  52.646  20.635  34.626 0.0000000000
141977  51.313  20.945  29.941 0.0000000000
92493  51.584  19.916  29.646 0.0000000000
122705  50.623  19.236  31.412 0.0000000000
93238  50.229  19.430  32.104 0.0000000000
92468  49.894  18.999  33.063 0.0000000000
90906  48.233  16.414  33.487 0.0000000000
91694  48.615  17.304  33.719 0.0000000000
125955  48.843  12.153  33.143 0.0000000000
118855  45.087  24.585  35.975 0.0000000000
93856  49.564  20.349  45.518 0.0000000000
93132  49.469  18.708  45.028 0.0000000000
92388  48.865  18.023  44.734 0.0000000000
95405  48.507  22.471  36.937 0.0000000000
127749  48.551  23.097  36.419 0.0000000000
95410  48.682  22.558  35.947 0.0000000000
123020  49.789  23.101  33.506 0.0000000000
139431  49.701  22.467  33.635 0.0000000000
93180  53.999  19.841  38.455 0.0000000000
93203  54.847  20.142  36.842 0.0000000000
133390  54.509  17.458  27.883 0.0000000000
91735  55.232  18.309  27.759 0.0000000000
91736  53.633  18.033  27.764 0.0000000000
91737  52.864  18.377  27.979 0.0000000000
91726  52.282  18.590  28.560 0.0000000000
90940  52.266  17.137  28.784 0.0000000000
90941  51.798  16.063  29.179 0.0000000000
88353  50.696  13.780  30.098 0.0000000000
89229  51.031  14.615  29.730 0.0000000000
130307  50.612  12.757  29.889 0.0000000000
86579  49.829  11.380  30.323 0.0000000000
91615  44.704  17.518  44.528 0.0000000000
129677  49.238  21.766  41.430 0.0000000000
130480  49.910  21.440  41.824 0.0000000000
93882  50.497  20.965  40.353 0.0000000000
93889  51.119  20.867  39.500 0.0000000000
90913  53.858  16.361  32.706 0.0000000000
131034  54.322  16.876  32.525 0.0000000000
90912  54.421  16.248  32.210 0.0000000000
90921  55.745  16.425  31.481 0.0000000000
90081  60.372  14.994  29.887 0.0000000000
121292  60.312  14.899  29.775 0.0000000000
90091  60.103  15.235  29.247 0.0000000000
90102  59.760  15.989  28.678 0.0000000000
90103  58.337  15.951  28.583 0.0000000000
89224  56.767  14.438  29.265 0.0000000000
93852  53.699  19.895  45.665 0.0000000000
92396  51.944  17.772  43.908 0.0000000000
92384  52.412  18.196  44.133 0.0000000000
92402  52.172  18.648  41.238 0.0000000000
92407  51.784  18.765  40.242 0.0000000000
92416  51.604  18.725  39.322 0.0000000000
90828  47.406  16.328  42.508 0.0000000000
90827  48.115  16.672  43.068 0.0000000000
90036  48.919  14.954  37.688 0.0000000000
90875  49.608  16.194  37.699 0.0000000000
90864  50.111  16.887  37.707 0.0000000000
91652  50.467  17.587  37.982 0.0000000000
132568  50.471  16.871  37.075 0.0000000000
90882  51.134  16.846  36.044 0.0000000000
90889  51.483  16.456  35.352 0.0000000000
90052  51.301  15.604  35.030 0.0000000000
90051  51.667  15.378  34.490 0.0000000000
90060  51.871  14.699  34.049 0.0000000000
86538  53.707  11.725  34.778 0.0000000000
87402  55.233  12.077  34.408 0.0000000000
97450  50.704  25.462  35.662 0.0000000000
140032  50.834  25.745  36.370 0.0000000000
97460  51.919  25.828  34.099 0.0000000000
97459  52.329  26.307  34.176 0.0000000000
98636  52.285  27.032  34.017 0.0000000000
98073  51.686  26.583  33.788 0.0000000000
97470  49.004  25.371  34.108 0.0000000000
96124  50.665  23.690  28.226 0.0000000000
96135  49.362  23.416  28.292 0.0000000000
95465  50.029  23.130  27.451 0.0000000000
95446  48.362  22.753  29.095 0.0000000000
95435  47.746  22.396  29.999 0.0000000000
93984  48.796  21.075  32.549 0.0000000000
93973  49.420  20.439  32.772 0.0000000000
93864  57.421  21.344  44.037 0.0000000000
94606  58.017  22.083  44.124 0.0000000000
93867  57.614  21.780  43.695 0.0000000000
94614  56.931  21.248  42.954 0.0000000000
138709  56.973  21.243  42.209 0.0000000000
135501  57.048  21.917  39.121 0.0000000000
94655  54.183  21.743  38.389 0.0000000000
94656  52.907  21.438  38.517 0.0000000000
94688  53.121  21.421  35.997 0.0000000000
93233  57.355  20.609  32.794 0.0000000000
93223  57.894  21.851  33.009 0.0000000000
93248  54.840  19.881  31.083 0.0000000000
93992  55.968  21.040  31.697 0.0000000000
93234  54.433  20.064  31.825 0.0000000000
93226  53.414  20.139  33.183 0.0000000000
93227  52.406  19.838  33.019 0.0000000000
93971  51.691  20.128  32.659 0.0000000000
91720  50.861  17.465  30.567 0.0000000000
91710  50.606  17.922  31.275 0.0000000000
144039  49.926  17.819  32.360 0.0000000000
92478  49.824  18.263  32.777 0.0000000000
91702  49.497  17.433  32.585 0.0000000000
94617  52.315  21.504  43.324 0.0000000000
96081  44.674  24.003  34.939 0.0000000000
95429  45.176  22.766  32.654 0.0000000000
93120  51.330  19.056  45.330 0.0000000000
92378  50.406  18.919  45.203 0.0000000000
92386  51.091  18.200  44.986 0.0000000000
91608  51.264  17.674  44.351 0.0000000000
91626  50.612  17.476  42.714 0.0000000000
90000  47.435  15.189  40.269 0.0000000000
89140  47.462  14.341  39.650 0.0000000000
88280  47.825  13.867  38.938 0.0000000000
140653  48.126  14.147  38.594 0.0000000000
89163  48.479  14.356  38.163 0.0000000000
89162  48.985  14.181  37.389 0.0000000000
89170  49.484  14.096  36.745 0.0000000000
89169  50.023  14.098  36.128 0.0000000000
89177  50.564  14.099  35.499 0.0000000000
96787  49.386  24.576  38.168 0.0000000000
96073  48.898  23.817  36.330 0.0000000000
96795  49.682  24.654  36.246 0.0000000000
96803  50.620  25.074  34.834 0.0000000000
96813  51.556  25.434  33.030 0.0000000000
97480  51.233  25.315  32.398 0.0000000000
96829  50.905  24.351  31.034 0.0000000000
123172  51.066  24.126  30.969 0.0000000000
96113  51.054  23.751  30.165 0.0000000000
95443  51.507  23.177  28.228 0.0000000000
94745  50.295  21.871  28.821 0.0000000000
93150  56.103  20.346  41.535 0.0000000000
93156  56.287  20.452  40.681 0.0000000000
93887  57.089  21.028  39.588 0.0000000000
134893  57.018  20.937  38.900 0.0000000000
93901  57.158  21.559  38.923 0.0000000000
133894  57.309  21.851  37.963 0.0000000000
94664  57.254  22.163  37.568 0.0000000000
94675  57.288  22.275  36.680 0.0000000000
123737  58.258  20.354  29.946 0.0000000000
93989  58.145  20.990  30.717 0.0000000000
93256  57.560  20.454  29.703 0.0000000000
93277  54.972  19.458  28.179 0.0000000000
93268  54.854  19.532  28.795 0.0000000000
141497  54.077  19.509  30.406 0.0000000000
93259  53.018  20.058  29.685 0.0000000000
91719  51.416  18.192  29.952 0.0000000000
91727  51.774  17.625  29.271 0.0000000000
90934  50.073  16.084  30.995 0.0000000000
89208  49.734  14.793  31.671 0.0000000000
86554  49.224  11.636  32.360 0.0000000000
87430  49.462  12.425  31.935 0.0000000000
93134  47.145  18.578  44.711 0.0000000000
92390  46.647  18.202  44.566 0.0000000000
91622  46.932  16.964  43.920 0.0000000000
90809  46.132  16.886  44.165 0.0000000000
90829  46.901  16.353  43.253 0.0000000000
130530  46.782  15.988  42.621 0.0000000000
89993  46.711  15.176  41.568 0.0000000000
124965  48.478  23.119  40.037 0.0000000000
141216  48.444  22.847  38.909 0.0000000000
94640  49.105  21.637  40.585 0.0000000000
94647  48.706  21.851  39.231 0.0000000000
94670  48.674  21.913  37.652 0.0000000000
94669  49.154  21.459  37.219 0.0000000000
93932  49.332  21.406  36.369 0.0000000000
139384  49.888  20.985  36.222 0.0000000000
126539  53.405  18.680  35.318 0.0000000000
93212  53.981  19.238  35.416 0.0000000000
92458  53.846  18.700  34.722 0.0000000000
92466  54.860  18.888  33.659 0.0000000000
91699  54.634  17.618  32.667 0.0000000000
92476  55.167  18.550  32.946 0.0000000000
92475  56.296  19.223  32.524 0.0000000000
90920  56.757  16.295  31.041 0.0000000000
90930  59.205  16.237  30.316 0.0000000000
142891  58.310  16.757  30.514 0.0000000000
91718  57.646  17.315  30.732 0.0000000000
91707  57.865  18.539  30.680 0.0000000000
92492  58.400  19.458  30.358 0.0000000000
93255  58.538  19.876  30.003 0.0000000000
93265  58.452  19.672  29.393 0.0000000000
93274  57.953  19.519  28.673 0.0000000000
91734  56.827  18.283  28.174 0.0000000000
90949  57.750  16.854  28.490 0.0000000000
90950  56.516  17.142  28.315 0.0000000000
90951  55.459  17.248  28.013 0.0000000000
136692  54.889  16.458  28.347 0.0000000000
90106  54.229  15.898  28.641 0.0000000000
89226  53.296  14.301  29.187 0.0000000000
138866  52.610  13.880  29.274 0.0000000000
88364  53.177  13.462  29.485 0.0000000000
87465  52.910  12.768  29.727 0.0000000000
93850  57.520  21.405  44.843 0.0000000000
93139  55.701  20.196  43.420 0.0000000000
93144  55.421  19.976  42.833 0.0000000000
93853  52.682  19.764  45.743 0.0000000000
93129  53.503  19.210  44.505 0.0000000000
124944  55.315  19.876  42.275 0.0000000000
93157  54.744  19.711  41.051 0.0000000000
130180  53.436  19.522  39.902 0.0000000000
93181  53.055  19.459  37.833 0.0000000000
93194  52.850  19.277  37.192 0.0000000000
92389  47.970  18.219  44.733 0.0000000000
91620  49.540  17.107  43.613 0.0000000000
91627  49.850  17.140  42.844 0.0000000000
134696  50.130  17.421  42.005 0.0000000000
91631  50.352  17.634  41.190 0.0000000000
90841  48.478  16.366  40.232 0.0000000000
90866  48.819  15.935  38.766 0.0000000000
134949  49.840  17.403  40.703 0.0000000000
92417  50.871  18.280  39.029 0.0000000000
92437  50.876  17.917  37.634 0.0000000000
92444  52.656  18.823  36.471 0.0000000000
92452  52.843  18.412  35.645 0.0000000000
91692  53.215  17.007  33.834 0.0000000000
90896  52.492  16.518  34.298 0.0000000000
90904  53.422  16.447  33.231 0.0000000000
90068  53.416  15.711  32.954 0.0000000000
134769  54.158  14.762  32.140 0.0000000000
89197  54.456  14.078  31.976 0.0000000000
134730  51.468  13.923  34.462 0.0000000000
88317  52.075  13.720  33.899 0.0000000000
88324  52.769  13.411  33.427 0.0000000000
87404  53.375  12.247  34.031 0.0000000000
87419  53.395  12.805  33.356 0.0000000000
88323  53.400  13.392  32.977 0.0000000000
88333  54.613  13.364  32.305 0.0000000000
134331  46.344  20.274  45.519 0.0000000000
93124  45.958  19.628  45.171 0.0000000000
92379  44.657  19.035  45.047 0.0000000000
93125  44.203  19.575  45.551 0.0000000000
144392  44.091  19.030  45.187 0.0000000000
91616  43.741  17.520  44.642 0.0000000000
92382  41.913  18.221  45.859 0.0000000000
91605  42.509  17.030  44.929 0.0000000000
90813  42.801  16.191  44.753 0.0000000000
98624  50.538  28.291  36.224 0.0000000000
98633  50.242  27.636  35.647 0.0000000000
98059  49.259  27.339  36.035 0.0000000000
96815  48.190  24.809  34.347 0.0000000000
123490  47.588  24.318  33.978 0.0000000000
96098  45.822  23.514  32.653 0.0000000000
96107  45.505  23.163  32.110 0.0000000000
95428  45.487  22.623  31.848 0.0000000000
119923  49.605  24.603  31.431 0.0000000000
96115  48.048  24.045  31.062 0.0000000000
126287  48.429  23.524  29.224 0.0000000000
119159  48.154  23.808  29.940 0.0000000000
131813  46.880  23.602  31.125 0.0000000000
96117  46.338  23.186  30.862 0.0000000000
95437  45.774  22.981  31.360 0.0000000000
126354  45.572  21.846  32.303 0.0000000000
94720  45.964  21.615  32.973 0.0000000000
94718  47.911  21.477  32.832 0.0000000000
94607  57.434  22.038  43.820 0.0000000000
94616  53.715  21.579  43.541 0.0000000000
93872  56.915  21.186  41.749 0.0000000000
94629  56.809  21.278  41.264 0.0000000000
94630  55.780  21.594  41.287 0.0000000000
94643  56.719  21.634  39.823 0.0000000000
139148  54.186  21.454  41.324 0.0000000000
94632  52.951  21.220  41.834 0.0000000000
93874  52.056  21.008  41.169 0.0000000000
93881  51.534  20.939  40.402 0.0000000000
133990  51.030  20.831  38.697 0.0000000000
94668  52.138  21.280  37.997 0.0000000000
93903  51.322  20.940  37.999 0.0000000000
93915  50.525  20.843  37.457 0.0000000000
93931  50.520  20.795  36.644 0.0000000000
93946  50.449  20.787  35.729 0.0000000000
93211  54.890  19.876  35.649 0.0000000000
143503  56.965  20.946  34.344 0.0000000000
93942  57.395  21.671  35.823 0.0000000000
94674  57.614  22.165  36.274 0.0000000000
93990  58.104  21.485  31.385 0.0000000000
94725  57.586  22.194  32.990 0.0000000000
94726  56.802  22.352  33.062 0.0000000000
94714  57.387  22.382  33.685 0.0000000000
94700  56.091  22.359  34.820 0.0000000000
94686  55.641  22.317  35.668 0.0000000000
94687  54.284  21.816  35.800 0.0000000000
93944  52.352  20.843  35.400 0.0000000000
122618  50.661  20.672  34.920 0.0000000000
93963  50.075  20.963  34.901 0.0000000000
94716  50.414  21.364  32.701 0.0000000000
94727  51.177  20.971  31.499 0.0000000000
123763  51.087  21.130  29.605 0.0000000000
133316  52.358  20.304  30.122 0.0000000000
127727  51.224  19.943  30.538 0.0000000000
92487  50.894  19.048  30.992 0.0000000000
137727  49.247  19.959  33.618 0.0000000000
138572  49.519  18.530  33.451 0.0000000000
92469  48.999  18.248  33.982 0.0000000000
88366  51.471  13.150  29.391 0.0000000000
86578  50.413  11.321  29.837 0.0000000000
86553  49.502  11.507  31.194 0.0000000000
86584  51.988  11.895  29.928 0.0000000000
87431  49.047  12.646  32.761 0.0000000000
87454  50.730  12.146  29.597 0.0000000000
87467  51.112  12.335  29.410 0.0000000000
88365  52.335  13.286  29.434 0.0000000000
89216  50.633  14.798  30.326 0.0000000000
89217  50.261  14.828  31.027 0.0000000000
89221  60.071  14.322  29.728 0.0000000000
89227  52.355  14.500  29.130 0.0000000000
89228  51.629  14.553  29.356 0.0000000000
90077  54.544  15.512  31.896 0.0000000000
90082  59.838  15.186  30.148 0.0000000000
90090  60.294  15.570  29.603 0.0000000000
90092  58.876  15.176  28.893 0.0000000000
90095  55.094  15.576  28.848 0.0000000000
90096  53.737  15.132  28.954 0.0000000000
90104  56.901  16.051  28.631 0.0000000000
90928  60.343  16.429  29.490 0.0000000000
90947  60.040  16.655  28.741 0.0000000000
90948  59.206  16.761  28.525 0.0000000000
91716  59.483  17.862  29.771 0.0000000000
91724  60.206  16.899  29.025 0.0000000000
91725  59.742  17.682  29.212 0.0000000000
92385  51.915  18.033  44.603 0.0000000000
92460  49.356  19.173  33.835 0.0000000000
92491  58.721  18.977  29.860 0.0000000000
92498  58.966  18.731  29.418 0.0000000000
92505  58.043  18.639  28.533 0.0000000000
92506  56.174  18.948  27.874 0.0000000000
92507  55.083  19.090  27.868 0.0000000000
92509  51.931  20.847  27.716 0.0000000000
93122  47.858  19.656  45.143 0.0000000000
93231  58.211  21.236  31.232 0.0000000000
93860  45.008  20.436  46.040 0.0000000000
93891  49.600  21.164  39.330 0.0000000000
93997  52.151  21.190  28.253 0.0000000000
94001  52.339  21.330  27.344 0.0000000000
94002  52.499  21.108  27.824 0.0000000000
94006  52.307  20.921  27.438 0.0000000000
94599  58.190  22.030  45.071 0.0000000000
94634  49.806  21.292  40.974 0.0000000000
94641  48.656  21.939  40.128 0.0000000000
94646  49.088  21.485  38.904 0.0000000000
94658  48.775  21.788  38.477 0.0000000000
94665  56.710  22.355  37.786 0.0000000000
94689  48.976  21.828  35.754 0.0000000000
94721  45.307  21.885  32.966 0.0000000000
94732  45.105  22.311  32.927 0.0000000000
94740  45.568  22.027  31.712 0.0000000000
94744  50.412  22.546  27.532 0.0000000000
94746  50.634  21.429  29.018 0.0000000000
94752  51.109  22.014  26.924 0.0000000000
94753  50.608  22.251  27.407 0.0000000000
95392  48.528  22.304  38.547 0.0000000000
95436  46.764  22.576  30.465 0.0000000000
95454  51.071  22.407  26.825 0.0000000000
95455  50.432  22.414  27.445 0.0000000000
95456  49.184  22.966  28.232 0.0000000000
95462  51.206  22.768  26.598 0.0000000000
95463  51.251  22.498  26.619 0.0000000000
95470  51.199  22.900  26.523 0.0000000000
95471  51.059  23.065  26.589 0.0000000000
96051  48.549  23.443  39.263 0.0000000000
96088  48.880  23.061  35.132 0.0000000000
96123  51.185  23.442  28.952 0.0000000000
96132  51.371  23.299  27.196 0.0000000000
96133  51.312  23.273  27.187 0.0000000000
96134  50.568  23.265  27.244 0.0000000000
96140  51.362  23.114  26.761 0.0000000000
96141  51.073  23.067  26.670 0.0000000000
96788  48.833  24.039  37.771 0.0000000000
97440  50.010  25.099  37.799 0.0000000000
97449  51.763  25.973  35.156 0.0000000000
97467  52.207  26.437  33.735 0.0000000000
98632  51.332  27.729  35.134 0.0000000000
122153  48.485  22.514  39.528 0.0000000000
122360  49.488  24.604  37.342 0.0000000000
124502  49.631  14.011  32.068 0.0000000000
125120  48.737  23.800  40.061 0.0000000000
128090  53.866  19.650  29.297 0.0000000000
131963  51.467  23.283  27.818 0.0000000000
135118  51.171  22.742  26.580 0.0000000000
136517  52.364  13.050  33.901 0.0000000000
139835  51.922  26.853  33.875 0.0000000000
141365  51.527  12.135  29.591 0.0000000000
141443  57.151  19.057  28.300 0.0000000000
142310  51.745  21.107  37.643 0.0000000000
143268  50.499  14.349  30.738 0.0000000000
