#Insight Transform File V1.0
#Transform 0
Transform: AffineTransform_float_3_3
Parameters: 0.999996 0.000689749 -0.00271719 -0.000723409 0.999922 -0.0124448 0.00270885 0.0124462 0.999919 -0.0480274 -0.0729153 -0.341179
FixedParameters: 0 0 0

#Transform 1
Transform: AffineTransform_float_3_3
Parameters: 0.999996 0.000771133 -0.00272537 -0.000806382 0.999917 -0.0129016 0.00271518 0.0129034 0.999913 -0.0531321 -0.0786647 -0.383086
FixedParameters: 0 0 0

#Transform 2
Transform: AffineTransform_float_3_3
Parameters: 0.999996 0.000858388 -0.00242016 -0.000893993 0.999892 -0.0146497 0.00240665 0.0146513 0.99989 -0.0543547 -0.0726234 -0.348597
FixedParameters: 0 0 0

#Transform 3
Transform: AffineTransform_float_3_3
Parameters: 0.999997 0.000771543 -0.00252177 -0.000811576 0.99987 -0.0161408 0.00250888 0.0161432 0.999866 -0.0481022 -0.126944 -0.333989
FixedParameters: 0 0 0

#Transform 4
Transform: AffineTransform_float_3_3
Parameters: 0.999996 0.000541004 -0.0027617 -0.000583909 0.999881 -0.0153661 0.00275301 0.0153679 0.999878 -0.0535682 -0.129012 -0.45282
FixedParameters: 0 0 0

#Transform 5
Transform: AffineTransform_float_3_3
Parameters: 0.999995 0.000563295 -0.00312278 -0.000612665 0.999878 -0.0155968 0.00311354 0.0155982 0.999873 -0.0551807 -0.100747 -0.451301
FixedParameters: 0 0 0

#Transform 6
Transform: AffineTransform_float_3_3
Parameters: 0.999999 0.00062838 -0.00166103 -0.000651464 0.9999 -0.0141579 0.00165199 0.0141582 0.999899 -0.0307742 -0.0866577 -0.227967
FixedParameters: 0 0 0

#Transform 7
Transform: AffineTransform_float_3_3
Parameters: 0.999996 0.000478422 -0.00258392 -0.000511979 0.999917 -0.0128215 0.00257757 0.0128235 0.999914 -0.0201199 -0.123257 -0.29288
FixedParameters: 0 0 0

#Transform 8
Transform: AffineTransform_float_3_3
Parameters: 0.999995 0.000397898 -0.00311435 -0.00043998 0.999905 -0.0137783 0.00310925 0.0137787 0.999901 -0.0457318 -0.0844065 -0.361868
FixedParameters: 0 0 0

#Transform 9
Transform: AffineTransform_float_3_3
Parameters: 0.999996 0.000725023 -0.00250954 -0.000763653 0.999879 -0.01552 0.00249827 0.015522 0.999876 -0.0407922 -0.0875638 -0.24033
FixedParameters: 0 0 0

#Transform 10
Transform: AffineTransform_float_3_3
Parameters: 0.999996 0.000648537 -0.00296163 -0.000692483 0.99989 -0.0148587 0.00295114 0.0148603 0.999886 -0.0461028 -0.123905 -0.39284
FixedParameters: 0 0 0

#Transform 11
Transform: AffineTransform_float_3_3
Parameters: 0.999997 0.000714199 -0.00259157 -0.000755983 0.999868 -0.0162318 0.00258029 0.0162332 0.999865 -0.04678 -0.0951496 -0.324234
FixedParameters: 0 0 0

#Transform 12
Transform: AffineTransform_float_3_3
Parameters: 0.999997 0.000667213 -0.00261259 -0.000708166 0.999876 -0.0157179 0.00260164 0.0157191 0.999873 -0.0527866 -0.118324 -0.415237
FixedParameters: 0 0 0

#Transform 13
Transform: AffineTransform_float_3_3
Parameters: 0.999998 0.000823727 -0.00151892 -0.000843863 0.999917 -0.0129027 0.00150789 0.0129043 0.999915 -0.0394877 -0.0728314 -0.196697
FixedParameters: 0 0 0

#Transform 14
Transform: AffineTransform_float_3_3
Parameters: 1 8.1121e-05 0.00117121 -0.000102302 0.999838 0.0179879 -0.00116963 -0.0179881 0.999837 0.0164685 0.0901507 0.1668
FixedParameters: 0 0 0

#Transform 15
Transform: AffineTransform_float_3_3
Parameters: 0.999999 0.000384334 0.00079603 -0.000386638 0.999997 0.00264969 -0.000795148 -0.00264931 0.999996 0.0123451 0.0153386 0.178613
FixedParameters: 0 0 0

#Transform 16
Transform: AffineTransform_float_3_3
Parameters: 1 0.000257887 -7.3974e-05 -0.000258654 0.999999 0.00154202 7.48525e-05 -0.00154198 0.999999 -0.0106592 -0.00220365 0.0294185
FixedParameters: 0 0 0

#Transform 17
Transform: AffineTransform_float_3_3
Parameters: 1 0.000334664 0.000168598 -0.000335223 0.999999 0.00141494 -0.000168646 -0.00141506 0.999999 -0.0184286 0.0138978 -0.00580603
FixedParameters: 0 0 0

#Transform 18
Transform: AffineTransform_float_3_3
Parameters: 1 0.000334862 0.000168203 -0.000334941 1 0.000234944 -0.000168045 -0.000235056 1 0.00223046 0.0220901 0.0379971
FixedParameters: 0 0 0

#Transform 19
Transform: AffineTransform_float_3_3
Parameters: 1 0.000115036 4.47635e-05 -0.000115067 1 0.000349995 -4.4683e-05 -0.000350005 1 -0.00226812 -0.0141584 -0.0106477
FixedParameters: 0 0 0

#Transform 20
Transform: AffineTransform_float_3_3
Parameters: 1 -2.46569e-05 -8.02498e-05 2.466e-05 1 1.8998e-05 8.02489e-05 -1.9002e-05 1 -0.00145087 -0.0130326 -0.00370596
FixedParameters: 0 0 0

#Transform 21
Transform: AffineTransform_float_3_3
Parameters: 1 -8.89095e-05 -0.000214423 8.88298e-05 1 -0.000186019 0.000214456 0.000185981 1 -0.00339128 -0.00139691 -0.000631707
FixedParameters: 0 0 0

#Transform 22
Transform: AffineTransform_float_3_3
Parameters: 1 -4.86291e-05 -0.000214756 4.88876e-05 1 0.000601989 0.000214697 -0.00060201 1 -0.000189536 -0.00257797 -0.0192032
FixedParameters: 0 0 0

#Transform 23
Transform: AffineTransform_float_3_3
Parameters: 1 -5.32674e-05 -9.89777e-05 5.33093e-05 1 0.000211995 9.89551e-05 -0.000212005 1 -0.00106434 -0.0124946 0.0138765
FixedParameters: 0 0 0

#Transform 24
Transform: AffineTransform_float_3_3
Parameters: 1 0.000134595 -0.00036136 -0.000135109 0.999999 -0.000710951 0.000361168 0.000711048 0.999999 0.000634589 -0.010903 -0.0256614
FixedParameters: 0 0 0

#Transform 25
Transform: AffineTransform_float_3_3
Parameters: 1 0.000335474 0.000166979 -0.000335244 0.999994 -0.00341606 -0.000168192 0.00341594 0.999994 0.00219905 -0.00865496 -0.0935384
FixedParameters: 0 0 0

#Transform 26
Transform: AffineTransform_float_3_3
Parameters: 1 -8.85154e-05 4.46992e-05 8.88015e-05 0.999995 -0.00321999 -4.41282e-05 0.00322 0.999995 0.000809151 -0.00179845 -0.0563046
FixedParameters: 0 0 0

#Transform 27
Transform: AffineTransform_float_3_3
Parameters: 1 -7.51858e-05 0.000202079 7.5242e-05 0.999996 -0.00260798 -0.000201605 0.00260801 0.999996 -0.00755031 0.0102054 -0.0786168
FixedParameters: 0 0 0

#Transform 28
Transform: AffineTransform_float_3_3
Parameters: 1 -7.52239e-05 0.000202065 7.52041e-05 0.999997 -0.00241999 -0.000201619 0.00242002 0.999997 -0.00754393 0.0124482 -0.0511201
FixedParameters: 0 0 0

#Transform 29
Transform: AffineTransform_float_3_3
Parameters: 1 -7.51639e-05 0.000202088 7.5264e-05 0.999997 -0.00271699 -0.000201597 0.00271702 0.999997 -0.00754589 0.00131556 -0.064987
FixedParameters: 0 0 0

#Transform 30
Transform: AffineTransform_float_3_3
Parameters: 1 -7.51893e-05 0.000202078 7.52386e-05 0.999996 -0.00259098 -0.000201606 0.00259101 0.999996 -0.00754613 0.00924902 -0.0681826
FixedParameters: 0 0 0

#Transform 31
Transform: AffineTransform_float_3_3
Parameters: 1 -5.99903e-05 0.000378483 6.14311e-05 0.999995 -0.00322198 -0.000378009 0.00322202 0.999994 -0.00819248 -0.00122315 -0.01121
FixedParameters: 0 0 0

#Transform 32
Transform: AffineTransform_float_3_3
Parameters: 1 -7.51386e-05 0.000202097 7.52892e-05 0.999996 -0.00284198 -0.000201588 0.00284201 0.999996 -0.000855226 -0.0167984 -0.0833626
FixedParameters: 0 0 0

#Transform 33
Transform: AffineTransform_float_3_3
Parameters: 1 -6.34266e-05 0.000336662 6.48775e-05 0.999994 -0.00363798 -0.000336113 0.00363802 0.999994 0.00534106 0.00267326 0.00812891
FixedParameters: 0 0 0

#Transform 34
Transform: AffineTransform_float_3_3
Parameters: 1 0.00022786 0.000176207 -0.000227586 0.999995 -0.00336804 -0.000176662 0.00336796 0.999995 -0.00919791 -0.0470779 -0.0151884
FixedParameters: 0 0 0

#Transform 35
Transform: AffineTransform_float_3_3
Parameters: 1 -0.000417304 0.000518789 0.000412148 0.999958 0.0090933 -0.000522673 -0.0090927 0.999959 0.00452317 0.0111484 0.144405
FixedParameters: 0 0 0

#Transform 36
Transform: AffineTransform_float_3_3
Parameters: 1 -4.792e-05 0.000553599 4.66529e-05 0.999998 0.00204403 -0.000553874 -0.00204397 0.999998 0.0144664 0.0269598 0.18229
FixedParameters: 0 0 0

#Transform 37
Transform: AffineTransform_float_3_3
Parameters: 1 -0.000190883 0.000374336 0.000189964 0.999996 0.00255507 -0.000375391 -0.00255493 0.999996 0.0097355 -0.0270433 0.0543904
FixedParameters: 0 0 0

#Transform 38
Transform: AffineTransform_float_3_3
Parameters: 1 -9.04117e-05 2.33608e-05 9.03474e-05 0.999999 0.001369 -2.36083e-05 -0.001369 0.999999 0.0165299 0.0170716 0.00120077
FixedParameters: 0 0 0

#Transform 39
Transform: AffineTransform_float_3_3
Parameters: 1 -0.000100841 -0.000105186 0.000101142 1 0.00103799 0.000105973 -0.00103801 1 0.000736146 0.0225617 -0.0328291
FixedParameters: 0 0 0

#Transform 40
Transform: AffineTransform_float_3_3
Parameters: 1 -7.56961e-05 0.000201889 7.57292e-05 1 -8.19847e-05 -0.000201876 8.20153e-05 1 0.0242798 0.0294681 0.0826757
FixedParameters: 0 0 0

#Transform 41
Transform: AffineTransform_float_3_3
Parameters: 1 -6.32261e-05 0.000352395 6.34537e-05 1 -0.000322978 -0.000352354 0.000323022 1 0.0237002 -0.0141454 0.130894
FixedParameters: 0 0 0

#Transform 42
Transform: AffineTransform_float_3_3
Parameters: 1 -7.5839e-05 0.000201835 7.55862e-05 1 0.000626015 -0.00020193 -0.000625984 1 0.00198132 -0.012288 0.0102097
FixedParameters: 0 0 0

#Transform 43
Transform: AffineTransform_float_3_3
Parameters: 1 -7.58801e-05 0.00020182 7.5545e-05 0.999999 0.000830015 -0.000201945 -0.000829984 0.999999 0.00197232 0.0102985 -0.0259039
FixedParameters: 0 0 0

#Transform 44
Transform: AffineTransform_float_3_3
Parameters: 1 -7.57257e-05 0.000201878 7.56995e-05 1 6.50153e-05 -0.000201888 -6.49847e-05 1 0.0133446 0.0131219 0.0707461
FixedParameters: 0 0 0

#Transform 45
Transform: AffineTransform_float_3_3
Parameters: 1 -7.08573e-05 0.000259716 7.1063e-05 1 -0.000395981 -0.000259659 0.000396018 1 0.0211185 0.00534965 0.11841
FixedParameters: 0 0 0

#Transform 46
Transform: AffineTransform_float_3_3
Parameters: 1 -9.43864e-05 -2.53813e-05 9.44028e-05 1 0.000323998 2.53201e-05 -0.000324002 1 -0.00469962 -0.00848463 -0.0156529
FixedParameters: 0 0 0

#Transform 47
Transform: AffineTransform_float_3_3
Parameters: 1 3.62724e-05 -0.000315039 -3.63449e-05 1 -0.000114989 0.00031503 0.000115011 1 6.5051e-06 0.0149864 -0.013054
FixedParameters: 0 0 0

#Transform 48
Transform: AffineTransform_float_3_3
Parameters: 1 0.000323246 0.000168525 -0.000323634 0.999999 -0.00180106 -0.000169608 0.00180095 0.999999 0.0251287 0.011889 0.104597
FixedParameters: 0 0 0

#Transform 49
Transform: AffineTransform_float_3_3
Parameters: 1 0.000302235 0.000170434 -0.00030179 0.999999 -0.00130305 -0.000171221 0.00130295 0.999999 0.0196314 -0.0227898 0.0111763
FixedParameters: 0 0 0

#Transform 50
Transform: AffineTransform_float_3_3
Parameters: 1 0.000400536 -0.000308662 -0.000401702 0.999998 -0.00189388 0.000307142 0.00189412 0.999998 0.00520309 -0.00128357 -0.0224505
FixedParameters: 0 0 0

#Transform 51
Transform: AffineTransform_float_3_3
Parameters: 1 0.000409013 0.000161149 -0.000409208 0.999998 -0.00222907 -0.000161895 0.00222894 0.999998 0.0251303 0.0200822 0.128747
FixedParameters: 0 0 0

#Transform 52
Transform: AffineTransform_float_3_3
Parameters: 1 0.000408862 -0.00016187 -0.000409493 0.999998 -0.00195793 0.000160268 0.00195807 0.999998 0.0155924 -0.0322093 0.0450037
FixedParameters: 0 0 0

#Transform 53
Transform: AffineTransform_float_3_3
Parameters: 1 0.000306357 0.000169857 -0.000305561 0.999997 -0.00210005 -0.000170146 0.00209995 0.999998 0.00228401 -0.0110235 -0.0146428
FixedParameters: 0 0 0

#Transform 54
Transform: AffineTransform_float_3_3
Parameters: 1 0.000498889 0.000152941 -0.000498646 0.999994 -0.00349908 -0.000154356 0.00349892 0.999994 0.0298224 0.000366444 0.126164
FixedParameters: 0 0 0

#Transform 55
Transform: AffineTransform_float_3_3
Parameters: 1 0.00041605 4.18605e-05 -0.000415722 0.999995 -0.00289402 -4.3271e-05 0.00289398 0.999996 0.00721763 -0.0414881 -0.00994197
FixedParameters: 0 0 0

#Transform 56
Transform: AffineTransform_float_3_3
Parameters: 1 0.000650296 0.000140129 -0.000649218 0.999994 -0.00323409 -0.000142338 0.00323391 0.999995 0.0120829 0.000879709 -0.0210825
FixedParameters: 0 0 0

#Transform 57
Transform: AffineTransform_float_3_3
Parameters: 0.999999 0.000818887 0.000124392 -0.000818324 0.999988 -0.00487611 -0.000128308 0.00487689 0.999988 0.0160823 -0.0185694 0.0799679
FixedParameters: 0 0 0

#Transform 58
Transform: AffineTransform_float_3_3
Parameters: 0.999999 0.000780149 -0.000320774 -0.000780819 0.999988 -0.00468775 0.000317279 0.00468825 0.999989 0.00576758 -0.0444025 -0.0497571
FixedParameters: 0 0 0

#Transform 59
Transform: AffineTransform_float_3_3
Parameters: 0.999999 0.000774118 -0.0003888 -0.000775705 0.999987 -0.00505169 0.000384794 0.00505131 0.999987 0.00796208 -0.0123386 -0.0776067
FixedParameters: 0 0 0

#Transform 60
Transform: AffineTransform_float_3_3
Parameters: 0.999999 0.000809095 1.06473e-05 -0.000808517 0.999979 -0.00632401 -1.5894e-05 0.00632399 0.99998 0.00768388 -0.0376096 0.0564565
FixedParameters: 0 0 0

#Transform 61
Transform: AffineTransform_float_3_3
Parameters: 0.999999 0.000723166 -0.000316288 -0.000724185 0.999985 -0.00531177 0.000312423 0.00531222 0.999986 -0.000496312 -0.0549545 -0.115942
FixedParameters: 0 0 0

#Transform 62
Transform: AffineTransform_float_3_3
Parameters: 0.999999 0.000779598 -0.000322113 -0.000781287 0.999979 -0.00640475 0.000316936 0.00640426 0.99998 0.0072989 -0.0187283 -0.0284812
FixedParameters: 0 0 0

#Transform 63
Transform: AffineTransform_float_3_3
Parameters: 0.999999 0.000756984 -0.000571842 -0.000760858 0.999973 -0.00733756 0.000566357 0.00733744 0.999973 0.00569747 -0.0459882 -0.000865757
FixedParameters: 0 0 0

#Transform 64
Transform: AffineTransform_float_3_3
Parameters: 0.999999 0.000779445 -0.000322482 -0.000781362 0.999976 -0.00687775 0.000317562 0.00687825 0.999977 -0.0121837 -0.0604586 -0.145209
FixedParameters: 0 0 0

#Transform 65
Transform: AffineTransform_float_3_3
Parameters: 0.999999 0.000774026 -0.000378361 -0.000776688 0.999966 -0.00829379 0.000372229 0.00829421 0.999965 0.00237984 -0.0261994 -0.0447496
FixedParameters: 0 0 0

#Transform 66
Transform: AffineTransform_float_3_3
Parameters: 1 0.000732731 -0.000833561 -0.000739178 0.999964 -0.00838038 0.000826631 0.0083816 0.999964 -0.0056614 -0.0657607 -0.177563
FixedParameters: 0 0 0

#Transform 67
Transform: AffineTransform_float_3_3
Parameters: 0.999999 0.000752651 -0.000609085 -0.000758208 0.999957 -0.00917853 0.000601784 0.00917846 0.999957 -0.00906676 -0.0536889 -0.183368
FixedParameters: 0 0 0

#Transform 68
Transform: AffineTransform_float_3_3
Parameters: 0.999999 0.000743453 -0.000703367 -0.000749929 0.999949 -0.0100835 0.000695708 0.0100835 0.999949 0.00402891 -0.0566016 -0.110837
FixedParameters: 0 0 0

#Transform 69
Transform: AffineTransform_float_3_3
Parameters: 1 0.000731549 -0.000828197 -0.000740349 0.999944 -0.0105744 0.00081995 0.0105746 0.999944 -0.0175913 -0.0848354 -0.23666
FixedParameters: 0 0 0

#Transform 70
Transform: AffineTransform_float_3_3
Parameters: 0.999999 0.000813727 -0.00103014 -0.000825712 0.999938 -0.0111002 0.00102109 0.0111008 0.999938 -0.0192821 -0.0656596 -0.250853
FixedParameters: 0 0 0

#Transform 71
Transform: AffineTransform_float_3_3
Parameters: 0.999999 0.000774745 -0.00128423 -0.000791853 0.999917 -0.012911 0.00127473 0.012912 0.999916 0.00269132 -0.0783247 -0.128835
FixedParameters: 0 0 0

#Transform 72
Transform: AffineTransform_float_3_3
Parameters: 0.999999 0.000377067 -0.00135261 -0.000394198 0.999923 -0.0124565 0.00134867 0.0124575 0.999921 -0.0274599 -0.0912735 -0.256617
FixedParameters: 0 0 0

#Transform 73
Transform: AffineTransform_float_3_3
Parameters: 0.999999 0.000636632 -0.00114216 -0.000652269 0.999905 -0.0138023 0.0011331 0.0138027 0.999904 -0.0225718 -0.0872746 -0.297716
FixedParameters: 0 0 0

#Transform 74
Transform: AffineTransform_float_3_3
Parameters: 0.999998 0.000608258 -0.00146899 -0.00062996 0.999884 -0.015205 0.00145932 0.015206 0.999884 -0.0171652 -0.0939095 -0.246832
FixedParameters: 0 0 0

#Transform 75
Transform: AffineTransform_float_3_3
Parameters: 0.999998 0.000636788 -0.00176029 -0.000662949 0.999881 -0.0153968 0.00175002 0.0153982 0.99988 -0.0188985 -0.113828 -0.298298
FixedParameters: 0 0 0

#Transform 76
Transform: AffineTransform_float_3_3
Parameters: 0.999998 0.000564774 -0.00179845 -0.000593127 0.999881 -0.0153738 0.00178948 0.0153752 0.99988 -0.0202449 -0.108544 -0.299399
FixedParameters: 0 0 0

#Transform 77
Transform: AffineTransform_float_3_3
Parameters: 0.999998 0.000551421 -0.00178959 -0.000580813 0.999871 -0.0160409 0.00178118 0.0160421 0.99987 -0.020636 -0.115708 -0.283073
FixedParameters: 0 0 0

#Transform 78
Transform: AffineTransform_float_3_3
Parameters: 0.999998 0.00063205 -0.00177159 -0.000662903 0.999846 -0.0175238 0.00176039 0.0175242 0.999845 -0.00783796 -0.135807 -0.149955
FixedParameters: 0 0 0

#Transform 79
Transform: AffineTransform_float_3_3
Parameters: 0.999998 0.000618941 -0.00192027 -0.000650509 0.999862 -0.0165857 0.00190963 0.0165873 0.99986 -0.015308 -0.157387 -0.298924
FixedParameters: 0 0 0

#Transform 80
Transform: AffineTransform_float_3_3
Parameters: 0.999998 0.000646839 -0.00160901 -0.00067597 0.99983 -0.0184619 0.00159616 0.0184632 0.999829 -0.0173054 -0.127079 -0.146078
FixedParameters: 0 0 0

#Transform 81
Transform: AffineTransform_float_3_3
Parameters: 0.999998 0.00062556 -0.00183917 -0.000657254 0.999848 -0.0173776 0.00182828 0.0173784 0.999848 -0.0204997 -0.16055 -0.266141
FixedParameters: 0 0 0

#Transform 82
Transform: AffineTransform_float_3_3
Parameters: 0.999999 0.000645207 -0.00163354 -0.000673515 0.999839 -0.0179268 0.00162148 0.0179272 0.999838 -0.0130742 -0.137618 -0.277582
FixedParameters: 0 0 0

#Transform 83
Transform: AffineTransform_float_3_3
Parameters: 0.999999 0.000471572 -0.00176741 -0.000503813 0.999824 -0.018749 0.00175838 0.0187499 0.999822 -0.0127722 -0.137276 -0.213265
FixedParameters: 0 0 0

#Transform 84
Transform: AffineTransform_float_3_3
Parameters: 0.999998 0.000472598 -0.00170491 -0.000503052 0.999833 -0.0183051 0.00169548 0.0183059 0.999831 -0.0214123 -0.138356 -0.298877
FixedParameters: 0 0 0

#Transform 85
Transform: AffineTransform_float_3_3
Parameters: 0.999999 0.000470105 -0.00173306 -0.000501885 0.999825 -0.0186991 0.00172422 0.0186999 0.999823 -0.0213127 -0.13811 -0.227133
FixedParameters: 0 0 0

#Transform 86
Transform: AffineTransform_float_3_3
Parameters: 0.999997 0.000599567 -0.0020931 -0.000636471 0.999843 -0.0177045 0.00208222 0.0177055 0.999841 -0.0134491 -0.141827 -0.3284
FixedParameters: 0 0 0

#Transform 87
Transform: AffineTransform_float_3_3
Parameters: 0.999999 0.00058288 -0.00172849 -0.000615809 0.999822 -0.0188529 0.0017173 0.0188541 0.999821 -0.0138113 -0.130831 -0.224622
FixedParameters: 0 0 0

#Transform 88
Transform: AffineTransform_float_3_3
Parameters: 0.999998 0.000584763 -0.00223554 -0.000624848 0.999838 -0.0179574 0.00222457 0.0179586 0.999837 -0.0206787 -0.142257 -0.351499
FixedParameters: 0 0 0

#Transform 89
Transform: AffineTransform_float_3_3
Parameters: 0.999995 0.000519457 -0.00291461 -0.000568336 0.999855 -0.0169711 0.00290509 0.0169729 0.999852 -0.0555079 0.0187908 -0.529075
FixedParameters: 0 0 0

#Transform 90
Transform: AffineTransform_float_3_3
Parameters: 0.999993 0.000443284 -0.00373494 -0.000500428 0.999879 -0.0155337 0.00372749 0.0155353 0.999872 -0.104282 0.171701 -0.733585
FixedParameters: 0 0 0

#Transform 91
Transform: AffineTransform_float_3_3
Parameters: 0.999988 0.000169913 0.00489357 -0.000557109 0.99685 0.0793072 -0.0048647 -0.0793088 0.996838 -0.203237 0.792203 -2.23194
FixedParameters: 0 0 0

#Transform 92
Transform: AffineTransform_float_3_3
Parameters: 0.999998 -0.000190603 0.00157159 -2.53204e-06 0.992517 0.122108 -0.00158346 -0.122108 0.992515 -0.268535 1.10604 -3.85322
FixedParameters: 0 0 0

#Transform 93
Transform: AffineTransform_float_3_3
Parameters: 0.999998 -7.78663e-05 0.00198154 -3.5623e-05 0.998364 0.0571892 -0.00198325 -0.0571888 0.998362 -0.13587 0.64074 -2.33149
FixedParameters: 0 0 0

#Transform 94
Transform: AffineTransform_float_3_3
Parameters: 0.999996 -0.00149078 0.00244596 0.00143666 0.999759 0.0219317 -0.00247747 -0.0219283 0.999756 -0.0178268 0.19669 -0.410557
FixedParameters: 0 0 0

#Transform 95
Transform: AffineTransform_float_3_3
Parameters: 0.999993 -0.000166068 0.00370658 -5.63191e-05 0.998205 0.0598778 -0.00370934 -0.0598772 0.998199 0.0293246 0.658851 -0.990831
FixedParameters: 0 0 0

#Transform 96
Transform: AffineTransform_float_3_3
Parameters: 0.999998 -0.000281862 -0.00167131 0.000320503 0.999733 0.0231336 0.00166455 -0.0231344 0.999731 -0.00394389 0.362403 -1.04838
FixedParameters: 0 0 0

#Transform 97
Transform: AffineTransform_float_3_3
Parameters: 0.999998 -0.000265076 -0.00172235 0.0002689 0.999998 0.00226762 0.00172147 -0.00226838 0.999996 -0.022102 0.149075 -0.719212
FixedParameters: 0 0 0

#Transform 98
Transform: AffineTransform_float_3_3
Parameters: 0.999999 -0.000182194 -0.000686684 0.000183593 0.999997 0.00240987 0.000686963 -0.00240913 0.999997 -0.00468894 0.126526 -0.643191
FixedParameters: 0 0 0

#Transform 99
Transform: AffineTransform_float_3_3
Parameters: 0.999999 -0.000192851 -0.000826352 0.000194797 0.999996 0.00298784 0.00082544 -0.00298816 0.999995 -0.0231975 0.107324 -0.686839
FixedParameters: 0 0 0

#Transform 100
Transform: AffineTransform_float_3_3
Parameters: 1 -0.000210052 -0.00105279 0.000213884 0.999993 0.00367478 0.00105255 -0.00367522 0.999992 -0.0317597 0.135893 -0.818994
FixedParameters: 0 0 0

#Transform 101
Transform: AffineTransform_float_3_3
Parameters: 0.999999 -0.00019205 -0.000817401 0.000194207 0.999995 0.00309784 0.000817447 -0.00309816 0.999995 -0.0290131 0.14114 -0.798799
FixedParameters: 0 0 0

#Transform 102
Transform: AffineTransform_float_3_3
Parameters: 1 -0.000376224 -0.000925887 0.000377932 0.999998 0.00199973 0.000924543 -0.00200027 0.999998 -0.0252679 0.139803 -0.744911
FixedParameters: 0 0 0

#Transform 103
Transform: AffineTransform_float_3_3
Parameters: 0.999999 -0.000195928 -0.000828676 0.000195202 1 -0.000438162 0.000828847 0.000437838 0.999999 -0.0162581 0.117268 -0.625458
FixedParameters: 0 0 0

#Transform 104
Transform: AffineTransform_float_3_3
Parameters: 1 -0.000223084 -0.00117477 0.000223916 0.999999 0.000778812 0.0011745 -0.000778187 0.999999 -0.0385113 0.112283 -0.788178
FixedParameters: 0 0 0

#Transform 105
Transform: AffineTransform_float_3_3
Parameters: 0.999999 7.88807e-05 -0.000819264 -7.93969e-05 1 -0.000314935 0.000819214 0.000315065 0.999999 -0.0262898 0.138471 -0.739598
FixedParameters: 0 0 0

#Transform 106
Transform: AffineTransform_float_3_3
Parameters: 0.999999 0.000150531 -0.000888619 -0.000151901 0.999999 -0.00133187 0.000888135 0.00133213 0.999998 -0.0238269 0.0968786 -0.680199
FixedParameters: 0 0 0

#Transform 107
Transform: AffineTransform_float_3_3
Parameters: 0.999999 5.80787e-05 -0.00131833 -5.92861e-05 0.999999 -0.00083584 0.00131815 0.000836158 0.999999 -0.0312346 0.0962409 -0.810907
FixedParameters: 0 0 0

#Transform 108
Transform: AffineTransform_float_3_3
Parameters: 0.999999 0.00011946 -0.00130535 -0.000120452 0.999999 -0.000761755 0.00130509 0.000761245 0.999999 -0.0409235 0.126563 -0.82663
FixedParameters: 0 0 0

#Transform 109
Transform: AffineTransform_float_3_3
Parameters: 0.999998 0.000157293 -0.00168476 -0.000158699 0.999999 -0.00071257 0.00168446 0.000713429 0.999999 -0.0389904 0.130142 -0.822598
FixedParameters: 0 0 0

#Transform 110
Transform: AffineTransform_float_3_3
Parameters: 1 0.000294746 -0.00103845 -0.000297181 0.999997 -0.0021336 0.00103703 0.00213339 0.999997 -0.0315699 0.118505 -0.688771
FixedParameters: 0 0 0

#Transform 111
Transform: AffineTransform_float_3_3
Parameters: 0.999999 0.000213232 -0.00129419 -0.000215167 1 -0.00113272 0.00129362 0.00113328 0.999998 -0.0386071 0.105606 -0.821408
FixedParameters: 0 0 0

#Transform 112
Transform: AffineTransform_float_3_3
Parameters: 0.999999 0.000187849 -0.000827484 -0.000189853 0.999999 -0.00121084 0.000827026 0.00121116 0.999999 -0.027258 0.12394 -0.767599
FixedParameters: 0 0 0

#Transform 113
Transform: AffineTransform_float_3_3
Parameters: 0.999999 -0.000242112 -0.0013716 0.000240324 0.999999 -0.00137825 0.0013721 0.00137775 0.999998 -0.024017 0.117639 -0.725667
FixedParameters: 0 0 0

#Transform 114
Transform: AffineTransform_float_3_3
Parameters: 1 -0.000221491 -0.00112141 0.000219732 0.999998 -0.00163717 0.00112097 0.00163683 0.999998 -0.0249232 0.106973 -0.789693
FixedParameters: 0 0 0

#Transform 115
Transform: AffineTransform_float_3_3
Parameters: 0.999999 -0.000231721 -0.00123792 0.000228676 0.999998 -0.0020022 0.00123768 0.0020018 0.999997 -0.0194856 0.124485 -0.741582
FixedParameters: 0 0 0

#Transform 116
Transform: AffineTransform_float_3_3
Parameters: 1 -0.000220279 -0.00110646 0.000218566 0.999999 -0.00167424 0.00110703 0.00167376 0.999998 -0.0249669 0.119373 -0.785418
FixedParameters: 0 0 0

#Transform 117
Transform: AffineTransform_float_3_3
Parameters: 0.999999 -0.000164563 -0.00128874 0.000161766 0.999999 -0.00185813 0.00128919 0.00185787 0.999998 -0.022587 0.11598 -0.781865
FixedParameters: 0 0 0

#Transform 118
Transform: AffineTransform_float_3_3
Parameters: 0.999999 -0.000239636 -0.00133563 0.000236821 0.999999 -0.00176932 0.00133531 0.00176967 0.999997 -0.0302694 0.132619 -0.818771
FixedParameters: 0 0 0

#Transform 119
Transform: AffineTransform_float_3_3
Parameters: 0.999999 -0.000206329 -0.000944097 0.000204726 0.999999 -0.00133419 0.000943567 0.00133381 0.999998 -0.0427231 0.136513 -0.82707
FixedParameters: 0 0 0

#Transform 120
Transform: AffineTransform_float_3_3
Parameters: 1 -0.000157205 -0.00118503 0.000156067 0.999999 -0.0013211 0.00118528 0.0013209 0.999999 -0.0400847 0.139008 -0.812192
FixedParameters: 0 0 0

#Transform 121
Transform: AffineTransform_float_3_3
Parameters: 1 -0.000101229 -0.00120977 9.87142e-05 0.999998 -0.00227512 0.00120998 0.00227488 0.999996 -0.026114 0.153387 -0.70051
FixedParameters: 0 0 0

#Transform 122
Transform: AffineTransform_float_3_3
Parameters: 0.999998 -0.000271158 -0.00172141 0.000268799 0.999999 -0.00126438 0.00172193 0.00126362 0.999997 -0.0396359 0.140595 -0.809111
FixedParameters: 0 0 0

#Transform 123
Transform: AffineTransform_float_3_3
Parameters: 0.999999 -0.00024962 -0.00145016 0.000246759 0.999998 -0.00201728 0.00145092 0.00201672 0.999997 -0.0407039 0.151605 -0.77601
FixedParameters: 0 0 0

#Transform 124
Transform: AffineTransform_float_3_3
Parameters: 0.999999 9.82959e-05 -0.001347 -0.000100683 0.999998 -0.00199678 0.00134636 0.00199622 0.999997 -0.0332606 0.148109 -0.799404
FixedParameters: 0 0 0

#Transform 125
Transform: AffineTransform_float_3_3
Parameters: 0.999998 3.52152e-05 -0.00174715 -3.87561e-05 0.999997 -0.00215477 0.00174666 0.00215423 0.999996 -0.0324125 0.140956 -0.791121
FixedParameters: 0 0 0

#Transform 126
Transform: AffineTransform_float_3_3
Parameters: 1 0.00010548 -0.00102266 -0.000108721 0.999996 -0.00304789 0.00102176 0.00304811 0.999995 -0.0278929 0.154542 -0.717489
FixedParameters: 0 0 0

#Transform 127
Transform: AffineTransform_float_3_3
Parameters: 0.999999 -9.94749e-05 -0.00126311 9.5201e-05 0.999996 -0.00287504 0.00126343 0.00287496 0.999995 -0.0383072 0.134223 -0.724232
FixedParameters: 0 0 0

#Transform 128
Transform: AffineTransform_float_3_3
Parameters: 1 7.62971e-05 -0.00115266 -7.9318e-05 0.999996 -0.00307491 0.00115285 0.00307509 0.999994 -0.0348175 0.155194 -0.765657
FixedParameters: 0 0 0

#Transform 129
Transform: AffineTransform_float_3_3
Parameters: 0.999999 -2.38135e-05 -0.00125851 2.05617e-05 0.999996 -0.00287595 0.00125831 0.00287605 0.999995 -0.0388724 0.12555 -0.755085
FixedParameters: 0 0 0

#Transform 130
Transform: AffineTransform_float_3_3
Parameters: 1 3.61652e-05 -0.00121841 -3.94551e-05 0.999996 -0.00257786 0.00121797 0.00257713 0.999996 -0.0353765 0.13647 -0.82771
FixedParameters: 0 0 0

#Transform 131
Transform: AffineTransform_float_3_3
Parameters: 1 -0.000229573 -0.0011958 0.000226013 0.999995 -0.00315419 0.00119691 0.00315381 0.999995 -0.0417015 0.13674 -0.750239
FixedParameters: 0 0 0

#Transform 132
Transform: AffineTransform_float_3_3
Parameters: 0.999998 -1.27662e-05 -0.00166687 8.52353e-06 0.999997 -0.00249293 0.00166759 0.00249207 0.999995 -0.0415312 0.126894 -0.841769
FixedParameters: 0 0 0

#Transform 133
Transform: AffineTransform_float_3_3
Parameters: 0.999999 -3.66773e-05 -0.00134776 3.341e-05 0.999996 -0.00306097 0.00134756 0.00306104 0.999995 -0.0411063 0.142143 -0.760817
FixedParameters: 0 0 0

#Transform 134
Transform: AffineTransform_float_3_3
Parameters: 0.999998 2.00933e-05 -0.00166359 -2.4381e-05 0.999997 -0.00221179 0.00166424 0.00221121 0.999996 -0.0349008 0.129983 -0.837803
FixedParameters: 0 0 0

#Transform 135
Transform: AffineTransform_float_3_3
Parameters: 0.999999 4.56786e-05 -0.00133869 -4.93075e-05 0.999996 -0.00284485 0.00133809 0.00284515 0.999995 -0.0372937 0.142112 -0.76998
FixedParameters: 0 0 0

#Transform 136
Transform: AffineTransform_float_3_3
Parameters: 0.999999 5.21513e-05 -0.00145462 -5.58021e-05 0.999997 -0.00265284 0.00145501 0.00265316 0.999996 -0.0303532 0.127487 -0.779963
FixedParameters: 0 0 0

#Transform 137
Transform: AffineTransform_float_3_3
Parameters: 0.999999 -5.95069e-05 -0.00137889 5.58532e-05 0.999997 -0.002409 0.00137893 0.002409 0.999996 -0.038602 0.137265 -0.77466
FixedParameters: 0 0 0

#Transform 138
Transform: AffineTransform_float_3_3
Parameters: 0.999999 8.66393e-05 -0.00141554 -9.19816e-05 0.999995 -0.00332379 0.00141562 0.00332421 0.999994 -0.0365461 0.142951 -0.753564
FixedParameters: 0 0 0

#Transform 139
Transform: AffineTransform_float_3_3
Parameters: 0.999999 5.08057e-05 -0.00149167 -5.51499e-05 0.999996 -0.00279284 0.00149104 0.00279316 0.999995 -0.0346378 0.1283 -0.785704
FixedParameters: 0 0 0

#Transform 140
Transform: AffineTransform_float_3_3
Parameters: 1 -4.92193e-05 -0.00118408 4.62238e-05 0.999996 -0.00256097 0.00118507 0.00256102 0.999996 -0.0278552 0.127121 -0.762383
FixedParameters: 0 0 0

#Transform 141
Transform: AffineTransform_float_3_3
Parameters: 0.999999 -8.51882e-05 -0.00134361 8.15722e-05 0.999996 -0.00282903 0.00134376 0.00282897 0.999995 -0.0360939 0.139568 -0.758926
FixedParameters: 0 0 0

#Transform 142
Transform: AffineTransform_float_3_3
Parameters: 0.999998 -2.93084e-05 -0.00174674 2.51102e-05 0.999998 -0.00234297 0.00174654 0.00234303 0.999995 -0.0345926 0.136565 -0.809037
FixedParameters: 0 0 0

#Transform 143
Transform: AffineTransform_float_3_3
Parameters: 0.999999 4.25747e-05 -0.00123206 -4.68599e-05 0.999995 -0.00295286 0.00123155 0.00295313 0.999995 -0.0332875 0.137149 -0.746152
FixedParameters: 0 0 0

#Transform 144
Transform: AffineTransform_float_3_3
Parameters: 1 -4.85193e-05 -0.00113898 4.54498e-05 0.999996 -0.00265997 0.00113898 0.00266003 0.999996 -0.0341442 0.135133 -0.763972
FixedParameters: 0 0 0

#Transform 145
Transform: AffineTransform_float_3_3
Parameters: 0.999999 -2.66633e-05 -0.00178312 2.27718e-05 0.999997 -0.00251088 0.00178383 0.00251112 0.999996 -0.0342882 0.13121 -0.759361
FixedParameters: 0 0 0

#Transform 146
Transform: AffineTransform_float_3_3
Parameters: 0.999998 -8.16268e-05 -0.00159382 7.71041e-05 0.999995 -0.00298196 0.00159389 0.00298204 0.999995 -0.0329008 0.144315 -0.72743
FixedParameters: 0 0 0

#Transform 147
Transform: AffineTransform_float_3_3
Parameters: 0.999998 -0.000286276 -0.00186039 0.000280531 0.999995 -0.00312937 0.00186068 0.00312864 0.999994 -0.0311323 0.131652 -0.71728
FixedParameters: 0 0 0

#Transform 148
Transform: AffineTransform_float_3_3
Parameters: 0.999998 -0.000273229 -0.00172108 0.000268721 0.999997 -0.0024673 0.00172209 0.0024667 0.999996 -0.0287817 0.134349 -0.765275
FixedParameters: 0 0 0

#Transform 149
Transform: AffineTransform_float_3_3
Parameters: 0.999998 -0.000273346 -0.00172106 0.000268604 0.999997 -0.0025353 0.00172211 0.0025347 0.999996 -0.0278568 0.155124 -0.728357
FixedParameters: 0 0 0

#Transform 150
Transform: AffineTransform_float_3_3
Parameters: 0.999998 -0.000273796 -0.00172099 0.000269151 0.999996 -0.00279639 0.0017221 0.00279661 0.999994 -0.028085 0.144475 -0.739364
FixedParameters: 0 0 0

#Transform 151
Transform: AffineTransform_float_3_3
Parameters: 0.999998 -0.000289607 -0.00191842 0.000284792 0.999998 -0.00229348 0.00191941 0.00229352 0.999995 -0.0285116 0.136524 -0.769974
FixedParameters: 0 0 0

#Transform 152
Transform: AffineTransform_float_3_3
Parameters: 0.999998 -0.000271614 -0.00169306 0.000266743 0.999995 -0.00290929 0.00169422 0.00290871 0.999995 -0.0284758 0.165497 -0.732284
FixedParameters: 0 0 0

#Transform 153
Transform: AffineTransform_float_3_3
Parameters: 0.999998 -0.000291463 -0.00194236 0.000286867 0.999997 -0.0022094 0.00194331 0.0022086 0.999995 -0.0335109 0.140747 -0.786787
FixedParameters: 0 0 0

#Transform 154
Transform: AffineTransform_float_3_3
Parameters: 0.999998 -0.000292048 -0.00194228 0.00028728 0.999997 -0.00250941 0.00194332 0.00250959 0.999995 -0.0394568 0.163331 -0.792784
FixedParameters: 0 0 0

#Transform 155
Transform: AffineTransform_float_3_3
Parameters: 0.999998 -0.000292516 -0.00194221 0.000286812 0.999996 -0.00275041 0.00194339 0.00275059 0.999995 -0.0394961 0.160465 -0.772129
FixedParameters: 0 0 0

#Transform 156
Transform: AffineTransform_float_3_3
Parameters: 0.999998 -0.000194886 -0.0019505 0.000189101 0.999996 -0.00276021 0.00195115 0.00275979 0.999995 -0.0371904 0.166243 -0.772364
FixedParameters: 0 0 0

#Transform 157
Transform: AffineTransform_float_3_3
Parameters: 0.999999 -0.000134045 -0.00178809 0.000126897 0.999992 -0.00394915 0.00178855 0.00394885 0.99999 -0.0292317 0.136504 -0.777557
FixedParameters: 0 0 0

#Transform 158
Transform: AffineTransform_float_3_3
Parameters: 0.999998 -5.01734e-05 -0.00161738 3.11892e-05 0.999934 -0.0114379 0.00161783 0.0114381 0.999934 -0.0505812 0.0604713 -0.801892
FixedParameters: 0 0 0

#Transform 159
Transform: AffineTransform_float_3_3
Parameters: 0.999999 0.000579908 -0.0012655 -0.000588944 0.999976 -0.00689225 0.00126177 0.00689274 0.999975 -0.0506524 0.214715 -0.894102
FixedParameters: 0 0 0

#Transform 160
Transform: AffineTransform_float_3_3
Parameters: 0.999999 -0.00083935 -0.000434851 0.000839528 0.999999 0.000204635 0.000434507 -0.000205365 1 0.0080834 0.136157 -0.378373
FixedParameters: 0 0 0

#Transform 161
Transform: AffineTransform_float_3_3
Parameters: 1 -0.000650288 -0.00069685 0.000651234 0.999999 0.00133554 0.00069619 -0.00133546 0.999999 -0.00955309 0.161474 -0.506874
FixedParameters: 0 0 0

#Transform 162
Transform: AffineTransform_float_3_3
Parameters: 0.999988 0.00102589 0.00474511 -0.00111831 0.999811 0.0194208 -0.00472503 -0.0194262 0.9998 0.0882495 0.356738 -0.358537
FixedParameters: 0 0 0

#Transform 163
Transform: AffineTransform_float_3_3
Parameters: 0.999947 0.00101977 -0.010296 -0.000578635 0.999085 0.0427695 0.0103294 -0.0427615 0.999032 -0.609781 0.532335 -4.86873
FixedParameters: 0 0 0

#Transform 164
Transform: AffineTransform_float_3_3
Parameters: 0.999618 0.00199108 -0.0275872 -0.00117384 0.99956 0.0296154 0.0276338 -0.0295715 0.99918 -1.01149 0.681632 -6.26608
FixedParameters: 0 0 0

#Transform 165
Transform: AffineTransform_float_3_3
Parameters: 0.999852 -0.000463384 -0.0172378 0.000798656 0.999811 0.0194173 0.0172247 -0.0194277 0.999663 -0.599066 0.551288 -5.36139
FixedParameters: 0 0 0

#Transform 166
Transform: AffineTransform_float_3_3
Parameters: 0.999951 -0.00201832 -0.00973665 0.00232524 0.999498 0.0315897 0.00966769 -0.0316112 0.999454 -0.429021 0.651351 -4.80285
FixedParameters: 0 0 0

#Transform 167
Transform: AffineTransform_float_3_3
Parameters: 0.99995 -0.00186768 -0.00989806 0.00214724 0.999596 0.0283441 0.00984135 -0.0283639 0.999549 -0.383526 0.692311 -4.67854
FixedParameters: 0 0 0

#Transform 168
Transform: AffineTransform_float_3_3
Parameters: 0.999955 -0.00177692 -0.00925048 0.00202758 0.99963 0.0271559 0.00919882 -0.0271731 0.999589 -0.370244 0.695701 -4.53177
FixedParameters: 0 0 0

#Transform 169
Transform: AffineTransform_float_3_3
Parameters: 0.999966 -0.00151637 -0.0080866 0.0017697 0.999507 0.0313664 0.00803535 -0.0313796 0.999476 -0.339082 0.722812 -4.27241
FixedParameters: 0 0 0

#Transform 170
Transform: AffineTransform_float_3_3
Parameters: 0.99998 -0.00156741 -0.00621427 0.00177955 0.999411 0.0342681 0.00615709 -0.0342778 0.999393 -0.292278 0.75796 -4.09896
FixedParameters: 0 0 0

#Transform 171
Transform: AffineTransform_float_3_3
Parameters: 0.999988 -0.00149074 -0.0048169 0.00166446 0.99934 0.0362933 0.00475878 -0.0363007 0.99933 -0.243907 0.773688 -3.85366
FixedParameters: 0 0 0

#Transform 172
Transform: AffineTransform_float_3_3
Parameters: 0.99999 -0.00098658 -0.00452734 0.00113169 0.999487 0.032006 0.00449341 -0.032011 0.999478 -0.224629 0.756958 -3.71461
FixedParameters: 0 0 0

#Transform 173
Transform: AffineTransform_float_3_3
Parameters: 0.999988 -0.00107017 -0.00474916 0.00121384 0.999535 0.0304645 0.00471353 -0.0304694 0.999525 -0.221271 0.72318 -3.66582
FixedParameters: 0 0 0

#Transform 174
Transform: AffineTransform_float_3_3
Parameters: 0.999989 -0.000994135 -0.00473283 0.00113017 0.999584 0.0288109 0.00470285 -0.028816 0.999574 -0.219843 0.708443 -3.56956
FixedParameters: 0 0 0

#Transform 175
Transform: AffineTransform_float_3_3
Parameters: 0.999986 -0.0011598 -0.00520395 0.0013113 0.999575 0.0291187 0.00516743 -0.0291253 0.999562 -0.254555 0.685964 -3.637
FixedParameters: 0 0 0

#Transform 176
Transform: AffineTransform_float_3_3
Parameters: 0.999984 -0.000988635 -0.00565751 0.00115211 0.999581 0.0289292 0.00562602 -0.0289348 0.999565 -0.273664 0.701816 -3.66342
FixedParameters: 0 0 0

#Transform 177
Transform: AffineTransform_float_3_3
Parameters: 0.99998 -0.00117131 -0.0061927 0.00133623 0.999643 0.0266839 0.00615938 -0.0266921 0.999625 -0.288151 0.671702 -3.63518
FixedParameters: 0 0 0

#Transform 178
Transform: AffineTransform_float_3_3
Parameters: 0.999971 -0.00150508 -0.00743952 0.00169846 0.999658 0.0261113 0.00739789 -0.0261227 0.999631 -0.331077 0.663701 -3.7177
FixedParameters: 0 0 0

#Transform 179
Transform: AffineTransform_float_3_3
Parameters: 0.999957 -0.00143951 -0.00913455 0.00167563 0.999665 0.0258043 0.00909448 -0.0258177 0.999626 -0.366174 0.677334 -3.72541
FixedParameters: 0 0 0

#Transform 180
Transform: AffineTransform_float_3_3
Parameters: 0.999949 -0.0015277 -0.0100393 0.00177926 0.999683 0.0250895 0.00999807 -0.0251064 0.999635 -0.357702 0.652206 -3.59514
FixedParameters: 0 0 0

#Transform 181
Transform: AffineTransform_float_3_3
Parameters: 0.999951 -0.00129925 -0.00974849 0.00152609 0.99973 0.0232081 0.00971544 -0.0232219 0.999683 -0.34521 0.6541 -3.35591
FixedParameters: 0 0 0

#Transform 182
Transform: AffineTransform_float_3_3
Parameters: 0.999963 -0.00169227 -0.00849152 0.00196678 0.999473 0.0323954 0.00843258 -0.0324106 0.999439 -0.334852 0.706718 -3.06143
FixedParameters: 0 0 0

#Transform 183
Transform: AffineTransform_float_3_3
Parameters: 0.999977 -0.00183089 -0.00642341 0.0022066 0.998263 0.0588837 0.00630452 -0.0588973 0.998244 -0.354886 0.959313 -3.4153
FixedParameters: 0 0 0

#Transform 184
Transform: AffineTransform_float_3_3
Parameters: 0.999978 -0.00116955 -0.00655317 0.00146237 0.998988 0.0449591 0.00649407 -0.0449679 0.998967 -0.335014 0.859792 -3.15664
FixedParameters: 0 0 0

#Transform 185
Transform: AffineTransform_float_3_3
Parameters: 0.999972 -0.000320372 -0.00740812 0.000634139 0.999104 0.0423028 0.00738739 -0.0423062 0.999078 -0.340923 0.847876 -3.21635
FixedParameters: 0 0 0

#Transform 186
Transform: AffineTransform_float_3_3
Parameters: 0.999978 -0.000527238 -0.00668051 0.000837493 0.998916 0.0465403 0.0066485 -0.0465458 0.998894 -0.344331 0.875397 -3.16273
FixedParameters: 0 0 0

#Transform 187
Transform: AffineTransform_float_3_3
Parameters: 0.999976 -0.000570203 -0.00681182 0.00092101 0.998666 0.0516209 0.00677368 -0.0516251 0.998644 -0.361036 0.9035 -3.377
FixedParameters: 0 0 0

#Transform 188
Transform: AffineTransform_float_3_3
Parameters: 0.999977 -0.000263838 -0.00680406 0.000607345 0.998726 0.0504469 0.00678221 -0.050449 0.998703 -0.349794 0.91481 -3.32922
FixedParameters: 0 0 0

#Transform 189
Transform: AffineTransform_float_3_3
Parameters: 0.999978 -0.000578399 -0.00657961 0.000901856 0.998783 0.0493118 0.00654324 -0.0493161 0.998761 -0.342379 0.897087 -3.26399
FixedParameters: 0 0 0

#Transform 190
Transform: AffineTransform_float_3_3
Parameters: 0.999978 -0.000204982 -0.00652179 0.000520833 0.998826 0.0484443 0.00650453 -0.0484466 0.998804 -0.319971 0.886451 -3.26433
FixedParameters: 0 0 0

#Transform 191
Transform: AffineTransform_float_3_3
Parameters: 0.999982 -0.00056241 -0.00595453 0.000850396 0.998819 0.0485663 0.00592067 -0.0485707 0.998802 -0.340121 0.884719 -3.18009
FixedParameters: 0 0 0

#Transform 192
Transform: AffineTransform_float_3_3
Parameters: 0.999979 -0.000573807 -0.00653691 0.000898402 0.998759 0.0497989 0.00650031 -0.0498031 0.998737 -0.34835 0.882132 -3.25752
FixedParameters: 0 0 0

#Transform 193
Transform: AffineTransform_float_3_3
Parameters: 0.999981 -0.000375418 -0.00611908 0.000679847 0.99876 0.0497713 0.00609351 -0.0497746 0.998742 -0.34756 0.92969 -3.27798
FixedParameters: 0 0 0

#Transform 194
Transform: AffineTransform_float_3_3
Parameters: 0.999968 -0.000467803 -0.00796258 0.000943349 0.99821 0.0598 0.00792019 -0.059805 0.998179 -0.442665 0.994113 -3.94797
FixedParameters: 0 0 0

#Transform 195
Transform: AffineTransform_float_3_3
Parameters: 0.999995 0.00304196 -0.000723055 -0.00293948 0.993463 0.11411 0.00106607 -0.114108 0.993468 -0.323239 1.61788 -5.03806
FixedParameters: 0 0 0

#Transform 196
Transform: AffineTransform_float_3_3
Parameters: 0.999992 0.00319885 -0.0024788 -0.00305795 0.99849 0.0548418 0.00265011 -0.0548331 0.998492 -0.131827 0.863609 -2.98041
FixedParameters: 0 0 0

#Transform 197
Transform: AffineTransform_float_3_3
Parameters: 0.99999 0.00210209 -0.00398514 -0.00217342 0.999833 -0.0181121 0.00394587 0.0181209 0.999828 -0.189831 0.230518 -3.07489
FixedParameters: 0 0 0

#Transform 198
Transform: AffineTransform_float_3_3
Parameters: 0.999998 -0.00124463 -0.00162167 0.00106979 0.994584 -0.10393 0.00174205 0.103927 0.994584 -0.125507 -1.1831 -1.34313
FixedParameters: 0 0 0

#Transform 199
Transform: AffineTransform_float_3_3
Parameters: 0.999999 2.34493e-05 0.00136817 -1.69412e-05 0.999986 -0.00532095 -0.00136873 0.00532105 0.999985 -0.0872118 0.10557 -1.43905
FixedParameters: 0 0 0

#Transform 200
Transform: AffineTransform_float_3_3
Parameters: 0.999999 0.000723696 0.000450392 -0.000723118 0.999996 -0.00266833 -0.000452095 0.00266768 0.999997 -0.095245 0.321476 -1.75187
FixedParameters: 0 0 0

#Transform 201
Transform: AffineTransform_float_3_3
Parameters: 1 0.000799997 0.000880462 -0.000795008 0.999985 -0.00546371 -0.00088478 0.00546329 0.999984 -0.110898 0.325921 -1.74118
FixedParameters: 0 0 0

#Transform 202
Transform: AffineTransform_float_3_3
Parameters: 0.999999 0.000571485 0.0011221 -0.00057122 1 0.000325441 -0.00112181 -0.00032656 1 -0.11259 0.381139 -1.38491
FixedParameters: 0 0 0

#Transform 203
Transform: AffineTransform_float_3_3
Parameters: 0.999993 0.00352539 -0.000545178 -0.00345027 0.994664 0.103108 0.000905254 -0.103105 0.99467 -0.170171 0.836652 -0.320448
FixedParameters: 0 0 0

#Transform 204
Transform: AffineTransform_float_3_3
Parameters: 0.999984 0.00503251 -0.00253797 -0.00480866 0.996641 0.0817528 0.00294086 -0.0817393 0.99665 -0.161357 1.03034 -1.25242
FixedParameters: 0 0 0

#Transform 205
Transform: AffineTransform_float_3_3
Parameters: 0.999991 0.00195847 -0.0037229 -0.00197643 0.999986 -0.0048103 0.00371353 0.0048177 0.999982 -0.0782817 0.344423 -0.478913
FixedParameters: 0 0 0

#Transform 206
Transform: AffineTransform_float_3_3
Parameters: 0.999996 0.0013484 -0.00220711 -0.001349 0.999999 -0.000133914 0.00220675 0.000136085 0.999997 -0.0653349 0.264843 -0.24764
FixedParameters: 0 0 0

#Transform 207
Transform: AffineTransform_float_3_3
Parameters: 0.999997 0.00141834 -0.00225126 -0.00141719 0.999999 0.000957296 0.00225222 -0.000953708 0.999997 -0.0781467 0.26436 -0.508054
FixedParameters: 0 0 0

#Transform 208
Transform: AffineTransform_float_3_3
Parameters: 1 0.000616355 -6.85912e-06 -0.000615808 0.99938 0.035196 2.92289e-05 -0.035196 0.999381 -0.0416583 0.625843 -0.303739
FixedParameters: 0 0 0

#Transform 209
Transform: AffineTransform_float_3_3
Parameters: 0.999999 -0.000157103 -0.00100048 0.000206337 0.99875 0.0499968 0.000991463 -0.0499972 0.998749 -0.143777 0.799407 -1.05823
FixedParameters: 0 0 0

#Transform 210
Transform: AffineTransform_float_3_3
Parameters: 0.999998 7.97423e-05 -0.00172625 -2.55726e-05 0.999507 0.0313972 0.001728 -0.0313968 0.999505 -0.10004 0.85969 -1.08607
FixedParameters: 0 0 0

#Transform 211
Transform: AffineTransform_float_3_3
Parameters: 0.999998 0.000379093 -0.0016166 -0.000300924 0.998822 0.0485276 0.00163308 -0.0485273 0.99882 -0.0855716 0.838289 -1.19614
FixedParameters: 0 0 0

#Transform 212
Transform: AffineTransform_float_3_3
Parameters: 0.999999 0.000652456 -0.00162815 -0.000578613 0.99898 0.0451631 0.00165579 -0.0451619 0.998979 -0.0750273 0.875185 -1.22109
FixedParameters: 0 0 0

#Transform 213
Transform: AffineTransform_float_3_3
Parameters: 1 0.00104175 -2.53871e-05 -0.00103907 0.99889 0.0470919 7.44322e-05 -0.047092 0.99889 -0.0739435 0.899462 -1.25333
FixedParameters: 0 0 0

#Transform 214
Transform: AffineTransform_float_3_3
Parameters: 1 -0.000382786 0.00110078 0.000337016 0.999174 0.0406345 -0.00111563 -0.0406345 0.999174 -0.018317 0.770802 -0.95494
FixedParameters: 0 0 0

#Transform 215
Transform: AffineTransform_float_3_3
Parameters: 0.999998 -0.00125752 0.00191441 0.0011884 0.999365 0.0356055 -0.00195802 -0.0356035 0.999364 -0.00837568 0.666631 -0.927835
FixedParameters: 0 0 0

#Transform 216
Transform: AffineTransform_float_3_3
Parameters: 0.999993 0.000756491 0.00369825 -0.000902355 0.999215 0.0396045 -0.00366458 -0.0396075 0.999209 -0.0202013 0.822866 -0.995658
FixedParameters: 0 0 0

#Transform 217
Transform: AffineTransform_float_3_3
Parameters: 0.999994 0.001093 0.0031242 -0.00119846 0.999419 0.0340728 -0.00308493 -0.0340762 0.999415 0.00964483 0.670572 -0.724795
FixedParameters: 0 0 0

#Transform 218
Transform: AffineTransform_float_3_3
Parameters: 0.999993 0.00155858 0.00342744 -0.00168982 0.999258 0.0385019 -0.00336421 -0.0385082 0.999253 0.00754371 0.747011 -0.970027
FixedParameters: 0 0 0

#Transform 219
Transform: AffineTransform_float_3_3
Parameters: 0.999996 0.00135991 0.00241999 -0.00145562 0.999199 0.0399789 -0.00236441 -0.0399812 0.999198 0.00849227 0.818681 -1.07703
FixedParameters: 0 0 0

#Transform 220
Transform: AffineTransform_float_3_3
Parameters: 0.999997 0.00129163 0.00216229 -0.00137724 0.99921 0.0397023 -0.00210835 -0.0397057 0.999209 0.0084522 0.827432 -1.06231
FixedParameters: 0 0 0

#Transform 221
Transform: AffineTransform_float_3_3
Parameters: 0.999998 0.00123331 0.00195881 -0.00130914 0.999237 0.0390356 -0.00190885 -0.0390384 0.999236 0.0082994 0.829686 -1.0628
FixedParameters: 0 0 0

#Transform 222
Transform: AffineTransform_float_3_3
Parameters: 0.999997 0.00143943 0.00221935 -0.0015255 0.999233 0.0391508 -0.00216143 -0.0391542 0.99923 0.0115716 0.807342 -1.08005
FixedParameters: 0 0 0

#Transform 223
Transform: AffineTransform_float_3_3
Parameters: 0.999997 0.00162227 0.00194183 -0.00169679 0.999243 0.0388709 -0.00187704 -0.0388741 0.999242 0.0139685 0.806803 -1.03424
FixedParameters: 0 0 0

#Transform 224
Transform: AffineTransform_float_3_3
Parameters: 0.999995 0.00176365 0.00260242 -0.00185848 0.99931 0.0370945 -0.00253508 -0.0370995 0.999308 0.0276144 0.793312 -0.88071
FixedParameters: 0 0 0

#Transform 225
Transform: AffineTransform_float_3_3
Parameters: 0.999997 0.00173844 0.00204604 -0.00181799 0.999216 0.0395495 -0.00197508 -0.0395525 0.999216 0.0197271 0.797258 -1.04392
FixedParameters: 0 0 0

#Transform 226
Transform: AffineTransform_float_3_3
Parameters: 0.999997 0.00168487 0.0018307 -0.00174873 0.999366 0.035546 -0.00177007 -0.035549 0.999366 0.0220552 0.807833 -1.23064
FixedParameters: 0 0 0

#Transform 227
Transform: AffineTransform_float_3_3
Parameters: 0.999998 -0.00122072 -0.00194549 0.00130409 0.99905 0.0435487 0.00189054 -0.0435513 0.99905 -0.180485 0.783562 -1.87296
FixedParameters: 0 0 0

#Transform 228
Transform: AffineTransform_float_3_3
Parameters: 0.999965 0.00058291 -0.00834697 0.00019712 0.995652 0.0931415 0.00836585 -0.0931395 0.995618 -0.555656 0.676556 -2.217
FixedParameters: 0 0 0

#Transform 229
Transform: AffineTransform_float_3_3
Parameters: 0.99999 0.00032348 -0.00430455 -0.000107616 0.998748 0.0500177 0.00431575 -0.0500173 0.998739 -0.280175 0.947158 -1.92204
FixedParameters: 0 0 0

#Transform 230
Transform: AffineTransform_float_3_3
Parameters: 0.999999 0.000108815 -0.000776752 -0.000100435 0.999944 0.0105661 0.000778622 -0.0105659 0.999944 -0.054128 0.416516 -0.701361
FixedParameters: 0 0 0

#Transform 231
Transform: AffineTransform_float_3_3
Parameters: 1 6.57365e-05 -0.00119028 -4.95169e-05 0.999908 0.0135752 0.00119117 -0.0135748 0.999907 -0.050071 0.508666 -0.910079
FixedParameters: 0 0 0

#Transform 232
Transform: AffineTransform_float_3_3
Parameters: 0.999999 0.000297624 -0.00179388 -0.00027497 0.999918 0.0128026 0.00179812 -0.0128014 0.999916 -0.0508678 0.525361 -0.980102
FixedParameters: 0 0 0

#Transform 233
Transform: AffineTransform_float_3_3
Parameters: 0.999998 0.00039608 -0.00224443 -0.00036927 0.999933 0.01162 0.00224939 -0.011619 0.99993 -0.0479919 0.505822 -1.04169
FixedParameters: 0 0 0

#Transform 234
Transform: AffineTransform_float_3_3
Parameters: 0.999997 0.000453767 -0.00242637 -0.000427179 0.99994 0.0109263 0.00243115 -0.0109257 0.999938 -0.0489143 0.502868 -1.03699
FixedParameters: 0 0 0

#Transform 235
Transform: AffineTransform_float_3_3
Parameters: 0.999997 0.000400781 -0.00247825 -0.000375392 0.99995 0.0100401 0.00248202 -0.0100389 0.999946 -0.0673583 0.488061 -1.01485
FixedParameters: 0 0 0

#Transform 236
Transform: AffineTransform_float_3_3
Parameters: 0.999996 0.000389601 -0.00295922 -0.000362729 0.999958 0.00916545 0.00296234 -0.00916454 0.999953 -0.0645943 0.483615 -1.01165
FixedParameters: 0 0 0

#Transform 237
Transform: AffineTransform_float_3_3
Parameters: 0.999995 0.000400106 -0.00296049 -0.00037506 0.999965 0.00833449 0.00296394 -0.00833351 0.999961 -0.0635403 0.475814 -0.985004
FixedParameters: 0 0 0

#Transform 238
Transform: AffineTransform_float_3_3
Parameters: 0.999996 0.000730404 -0.00249135 -0.000711741 0.999972 0.00745406 0.00249659 -0.00745194 0.999969 -0.0373358 0.505413 -0.89967
FixedParameters: 0 0 0

#Transform 239
Transform: AffineTransform_float_3_3
Parameters: 0.999995 0.000825844 -0.00288367 -0.000764597 0.999777 0.0210666 0.00290009 -0.0210643 0.999774 -0.0888791 0.707156 -1.09299
FixedParameters: 0 0 0
