#Insight Transform File V1.0
#Transform 0
Transform: AffineTransform_float_3_3
Parameters: 0.999993 -0.00366852 0.00099243 0.00366712 0.999993 0.0006795 -0.000995571 -0.000676208 1 0.159943 -0.184453 -0.209287
FixedParameters: 0 0 0

#Transform 1
Transform: AffineTransform_float_3_3
Parameters: 0.999992 -0.00380492 0.000715686 0.00380406 0.999992 0.000583664 -0.00071831 -0.000580208 0.999999 0.142408 -0.184955 -0.336557
FixedParameters: 0 0 0

#Transform 2
Transform: AffineTransform_float_3_3
Parameters: 0.999995 -0.00313696 -0.00117901 0.00313622 0.999995 -0.000339526 0.00117999 0.000336127 1 0.163192 -0.0851605 -0.620311
FixedParameters: 0 0 0

#Transform 3
Transform: AffineTransform_float_3_3
Parameters: 0.999996 -0.00175491 -0.0021255 0.00175797 0.999997 0.0014139 0.0021235 -0.00141832 0.999996 0.111524 -0.18557 -0.451323
FixedParameters: 0 0 0

#Transform 4
Transform: AffineTransform_float_3_3
Parameters: 0.999998 0.000561743 0.00148375 -0.000563633 0.999999 0.00131514 -0.00148325 -0.00131583 0.999998 0.0512549 -0.412983 -0.636702
FixedParameters: 0 0 0

#Transform 5
Transform: AffineTransform_float_3_3
Parameters: 0.999997 -0.0018818 0.00163105 0.00188117 0.999998 0.000488841 -0.00163194 -0.000485715 0.999998 0.0418146 -0.200119 -0.2637
FixedParameters: 0 0 0

#Transform 6
Transform: AffineTransform_float_3_3
Parameters: 0.999995 -0.00163997 0.00250053 0.00163638 0.999998 0.00150735 -0.00250246 -0.00150321 0.999995 -0.00310115 -0.12554 0.0623729
FixedParameters: 0 0 0

#Transform 7
Transform: AffineTransform_float_3_3
Parameters: 0.999996 -0.00203159 0.0016222 0.00203008 0.999997 0.00137206 -0.0016248 -0.0013695 0.999997 -0.00291039 -0.0891737 -0.20373
FixedParameters: 0 0 0

#Transform 8
Transform: AffineTransform_float_3_3
Parameters: 0.999996 -0.00261566 0.000509481 0.00261327 0.999991 0.00327415 -0.000518519 -0.00327348 0.999995 0.0397839 -0.144661 0.124296
FixedParameters: 0 0 0

#Transform 9
Transform: AffineTransform_float_3_3
Parameters: 0.999997 -0.00187185 0.00173361 0.00186671 0.999994 0.0029094 -0.00173939 -0.00290597 0.999994 -0.0237097 -0.0799774 0.125252
FixedParameters: 0 0 0

#Transform 10
Transform: AffineTransform_float_3_3
Parameters: 0.999998 -0.00182379 0.000617951 0.00182132 0.999994 0.00278495 -0.000623047 -0.0027837 0.999996 0.0259364 -0.0670593 -0.246417
FixedParameters: 0 0 0

#Transform 11
Transform: AffineTransform_float_3_3
Parameters: 0.999998 -0.00182727 0.000671682 0.00182553 0.999992 0.00349005 -0.000678321 -0.00348963 0.999993 0.0378117 -0.138673 -0.10881
FixedParameters: 0 0 0

#Transform 12
Transform: AffineTransform_float_3_3
Parameters: 0.999998 -0.00191589 0.000136497 0.00191509 0.999994 0.0028868 -0.000141502 -0.00288627 0.999996 0.0582488 -0.131945 -0.365369
FixedParameters: 0 0 0

#Transform 13
Transform: AffineTransform_float_3_3
Parameters: 0.999998 -0.0019587 0.00023809 0.00195698 0.999992 0.00355648 -0.000244906 -0.00355554 0.999993 0.0509803 -0.171356 -0.213108
FixedParameters: 0 0 0

#Transform 14
Transform: AffineTransform_float_3_3
Parameters: 0.999999 -0.00188586 8.55677e-05 0.00188535 0.999994 0.00289512 -9.14313e-05 -0.00289479 0.999996 0.0592884 -0.121917 -0.232173
FixedParameters: 0 0 0

#Transform 15
Transform: AffineTransform_float_3_3
Parameters: 0.999999 -0.00143955 -0.000132061 0.00144029 0.999995 0.00284899 0.000127938 -0.00284936 0.999996 0.0470608 -0.137591 -0.240163
FixedParameters: 0 0 0

#Transform 16
Transform: AffineTransform_float_3_3
Parameters: 0.999999 -0.0012586 -0.000655221 0.00125999 0.999996 0.00258986 0.000651779 -0.00259148 0.999997 0.0657809 -0.139451 -0.0826354
FixedParameters: 0 0 0

#Transform 17
Transform: AffineTransform_float_3_3
Parameters: 0.999999 -0.00106144 -0.00148273 0.00106245 0.999999 0.000668671 0.00148228 -0.000669806 0.999998 0.0557982 -0.0623596 -0.14748
FixedParameters: 0 0 0

#Transform 18
Transform: AffineTransform_float_3_3
Parameters: 1 -0.000679415 0.000560438 0.00068016 0.999999 -0.000664175 -0.000560562 0.000664937 0.999999 -0.0627843 0.0398041 0.586121
FixedParameters: 0 0 0

#Transform 19
Transform: AffineTransform_float_3_3
Parameters: 1 6.22105e-05 0.000270951 -6.17838e-05 0.999999 -0.000787227 -0.000271049 0.000787194 0.999999 -0.0146743 0.0493688 0.0416823
FixedParameters: 0 0 0

#Transform 20
Transform: AffineTransform_float_3_3
Parameters: 1 9.3409e-05 -2.70027e-05 -9.34106e-05 1 -2.86961e-05 2.69973e-05 2.87011e-05 1 0.00156417 -0.0328721 -0.00372373
FixedParameters: 0 0 0

#Transform 21
Transform: AffineTransform_float_3_3
Parameters: 1 0.00010721 -2.20953e-05 -0.000107255 1 -0.0010186 2.19047e-05 0.00101861 1 0.0186907 0.00775992 -0.066448
FixedParameters: 0 0 0

#Transform 22
Transform: AffineTransform_float_3_3
Parameters: 1 -2.44909e-05 0.000198004 2.35613e-05 1 -0.000177341 -0.000197996 0.000177365 1 0.0156637 -0.00931867 0.159762
FixedParameters: 0 0 0

#Transform 23
Transform: AffineTransform_float_3_3
Parameters: 0.999999 8.4707e-05 0.000750047 -8.55533e-05 1 0.000564179 -0.000749951 -0.000564307 0.999999 0.00916866 -0.00913444 0.0936454
FixedParameters: 0 0 0

#Transform 24
Transform: AffineTransform_float_3_3
Parameters: 0.999999 -0.000384717 0.000663549 0.000384112 0.999999 0.001209 -0.000663451 -0.0012085 0.999999 -0.0127622 -0.0426298 0.0495292
FixedParameters: 0 0 0

#Transform 25
Transform: AffineTransform_float_3_3
Parameters: 1 -0.00039904 -2.28742e-05 0.000399141 0.999998 0.00229564 2.11257e-05 -0.00229566 0.999998 0.0156322 -0.0452836 -0.0536898
FixedParameters: 0 0 0

#Transform 26
Transform: AffineTransform_float_3_3
Parameters: 1 -0.000364114 0.000421074 0.000364285 1 -0.000202951 -0.000420926 0.000203258 1 0.00442649 -0.0343685 0.0550144
FixedParameters: 0 0 0

#Transform 27
Transform: AffineTransform_float_3_3
Parameters: 1 -0.00121371 -2.18914e-05 0.00121371 1 -0.000100983 2.21086e-05 0.000100929 1 -0.0179364 -0.0163519 0.0160659
FixedParameters: 0 0 0

#Transform 28
Transform: AffineTransform_float_3_3
Parameters: 0.999999 -0.00123973 0.000420894 0.00123927 0.999998 0.00171038 -0.000423107 -0.00171034 0.999999 -0.0330269 -0.0680221 0.141536
FixedParameters: 0 0 0

#Transform 29
Transform: AffineTransform_float_3_3
Parameters: 0.999999 -0.00124055 0.000267797 0.00124059 0.999997 0.00178718 -0.000270204 -0.00178653 0.999999 -0.0288986 -0.0149538 0.103138
FixedParameters: 0 0 0

#Transform 30
Transform: AffineTransform_float_3_3
Parameters: 1 -0.000693058 -4.28818e-05 0.000693166 0.999999 0.00129242 4.11181e-05 -0.00129248 0.999999 0.00725866 -0.0112002 -0.147146
FixedParameters: 0 0 0

#Transform 31
Transform: AffineTransform_float_3_3
Parameters: 0.999999 -0.000597914 -0.000425864 0.000598176 0.999998 0.00146754 0.000425137 -0.00146704 0.999999 0.0254407 -0.0531395 -0.166011
FixedParameters: 0 0 0

#Transform 32
Transform: AffineTransform_float_3_3
Parameters: 0.999999 -0.000366509 -0.00099048 0.000367176 0.999999 0.00134666 0.000989519 -0.00134736 0.999998 0.0604758 -0.0497625 -0.0689331
FixedParameters: 0 0 0

#Transform 33
Transform: AffineTransform_float_3_3
Parameters: 0.999999 -0.000364285 -0.00144243 0.000365799 0.999999 0.00121751 0.00144257 -0.00121854 0.999998 0.0710091 -0.0155228 -0.240316
FixedParameters: 0 0 0

#Transform 34
Transform: AffineTransform_float_3_3
Parameters: 0.999999 -0.000774281 -0.00158038 0.000776962 0.999998 0.00179314 0.00157862 -0.00179455 0.999997 0.0666927 -0.0306369 -0.217271
FixedParameters: 0 0 0

#Transform 35
Transform: AffineTransform_float_3_3
Parameters: 0.999999 -0.000291376 -0.00142859 0.00029438 0.999997 0.00210172 0.00142741 -0.00210251 0.999997 0.0780847 -0.0855016 0.110899
FixedParameters: 0 0 0

#Transform 36
Transform: AffineTransform_float_3_3
Parameters: 0.999998 -0.000292269 -0.00159744 0.000294254 0.999998 0.00155661 0.00159656 -0.0015565 0.999997 0.0816284 -0.0351788 0.0190121
FixedParameters: 0 0 0

#Transform 37
Transform: AffineTransform_float_3_3
Parameters: 0.999999 0.000118776 -0.00135779 -0.000116199 0.999998 0.00168498 0.00135821 -0.00168463 0.999997 0.0830376 -0.00263812 -0.104193
FixedParameters: 0 0 0

#Transform 38
Transform: AffineTransform_float_3_3
Parameters: 0.999999 0.000228112 -0.0013577 -0.000226683 0.999999 0.00126262 0.0013583 -0.00126198 0.999999 0.085942 -0.0126833 -0.069638
FixedParameters: 0 0 0

#Transform 39
Transform: AffineTransform_float_3_3
Parameters: 0.999999 -6.75832e-05 -0.00135809 6.98019e-05 0.999999 0.00155311 0.00135791 -0.00155327 0.999998 0.0795692 0.00260294 -0.0251362
FixedParameters: 0 0 0

#Transform 40
Transform: AffineTransform_float_3_3
Parameters: 0.999998 0.000356789 -0.00207359 -0.000355184 1 0.00111384 0.00207441 -0.00111332 0.999997 0.116746 -0.00936424 -0.161006
FixedParameters: 0 0 0

#Transform 41
Transform: AffineTransform_float_3_3
Parameters: 0.999997 -0.000242083 -0.00217439 0.000246483 0.999998 0.00170124 0.00217361 -0.00170226 0.999996 0.108569 -0.0474173 -0.0619065
FixedParameters: 0 0 0

#Transform 42
Transform: AffineTransform_float_3_3
Parameters: 0.999997 -6.16272e-05 -0.00270308 6.56083e-05 0.999999 0.00147611 0.00270292 -0.0014764 0.999996 0.119929 -0.0191089 0.116479
FixedParameters: 0 0 0

#Transform 43
Transform: AffineTransform_float_3_3
Parameters: 0.999999 2.51828e-05 -0.00181998 -2.36393e-05 0.999999 0.000973494 0.00182002 -0.000973377 0.999998 0.0823701 0.0115086 -0.12398
FixedParameters: 0 0 0

#Transform 44
Transform: AffineTransform_float_3_3
Parameters: 0.999998 -0.000170382 -0.00187142 0.000175402 0.999997 0.00267656 0.00187158 -0.00267714 0.999994 0.0673634 -0.0867556 -0.0665014
FixedParameters: 0 0 0

#Transform 45
Transform: AffineTransform_float_3_3
Parameters: 0.999999 -0.000258032 -0.0015617 0.000263116 0.999995 0.00290426 0.0015613 -0.00290402 0.999994 0.0550476 -0.0490889 0.0224536
FixedParameters: 0 0 0

#Transform 46
Transform: AffineTransform_float_3_3
Parameters: 0.999999 -0.000259939 -0.000909689 0.000263223 0.999995 0.00290441 0.000909309 -0.00290485 0.999996 0.0162653 -0.0676406 -0.0645357
FixedParameters: 0 0 0

#Transform 47
Transform: AffineTransform_float_3_3
Parameters: 0.999999 -0.00185623 -0.000373303 0.00185719 0.999991 0.00397679 0.0003657 -0.00397714 0.999992 -0.00714877 -0.039472 -0.106602
FixedParameters: 0 0 0

#Transform 48
Transform: AffineTransform_float_3_3
Parameters: 0.999999 -0.000619946 -0.00127647 0.000623172 0.999997 0.00243479 0.00127453 -0.00243533 0.999996 0.0411331 -0.044392 -0.100416
FixedParameters: 0 0 0

#Transform 49
Transform: AffineTransform_float_3_3
Parameters: 0.999999 -0.000463259 -0.00121421 0.000466788 0.999997 0.00268423 0.00121279 -0.00268431 0.999995 0.0412521 -0.0350778 -0.140685
FixedParameters: 0 0 0

#Transform 50
Transform: AffineTransform_float_3_3
Parameters: 1 -0.000233503 -0.00106063 0.000235677 0.999996 0.00290579 0.00105938 -0.00290523 0.999995 0.0521439 -0.0323751 -0.0266703
FixedParameters: 0 0 0

#Transform 51
Transform: AffineTransform_float_3_3
Parameters: 0.999998 -0.000227789 -0.00163054 0.000231203 0.999996 0.00257671 0.00162947 -0.00257639 0.999996 0.0679895 -0.00957442 -0.0648583
FixedParameters: 0 0 0

#Transform 52
Transform: AffineTransform_float_3_3
Parameters: 0.999999 -0.000226971 -0.00127852 0.000229226 0.999997 0.00244079 0.00127849 -0.00244032 0.999996 0.0576963 -0.0219689 -0.0863492
FixedParameters: 0 0 0

#Transform 53
Transform: AffineTransform_float_3_3
Parameters: 0.999999 -2.97367e-05 -0.00154103 3.21371e-05 0.999999 0.00142767 0.00154097 -0.00142774 0.999998 0.0437506 0.0347928 -0.131041
FixedParameters: 0 0 0

#Transform 54
Transform: AffineTransform_float_3_3
Parameters: 0.999999 -0.000215268 -0.00122531 0.000216971 0.999999 0.00151088 0.00122469 -0.00151138 0.999998 0.0347031 -0.0240354 -0.14143
FixedParameters: 0 0 0

#Transform 55
Transform: AffineTransform_float_3_3
Parameters: 0.999999 -0.000997385 -0.00101563 0.000998737 0.999998 0.00164423 0.00101337 -0.00164522 0.999998 0.0362345 -0.0274732 -0.125437
FixedParameters: 0 0 0

#Transform 56
Transform: AffineTransform_float_3_3
Parameters: 0.999997 -0.00122939 -0.00176173 0.00123241 0.999998 0.0014158 0.00175927 -0.00141811 0.999998 0.0446244 0.0136765 -0.274775
FixedParameters: 0 0 0

#Transform 57
Transform: AffineTransform_float_3_3
Parameters: 0.999999 -0.00100664 -0.000189466 0.00100697 0.999994 0.0035241 0.000186535 -0.00352447 0.999993 -0.0112899 -0.0653923 0.100522
FixedParameters: 0 0 0

#Transform 58
Transform: AffineTransform_float_3_3
Parameters: 0.999999 -0.000789317 -0.000238476 0.000789845 0.999995 0.00322311 0.000235525 -0.00322347 0.999995 -0.00873992 -0.0136198 0.0315034
FixedParameters: 0 0 0

#Transform 59
Transform: AffineTransform_float_3_3
Parameters: 1 -0.000336739 -0.000120994 0.000336501 0.999995 0.00315757 0.000120008 -0.00315764 0.999995 -0.00233455 -0.0076309 -0.115296
FixedParameters: 0 0 0

#Transform 60
Transform: AffineTransform_float_3_3
Parameters: 1 -0.00100864 -0.000344529 0.0010091 0.999993 0.00356493 0.000340475 -0.00356459 0.999993 -0.0334817 -0.040142 -0.274261
FixedParameters: 0 0 0

#Transform 61
Transform: AffineTransform_float_3_3
Parameters: 0.999999 -0.000904246 -0.000415373 0.000905434 0.999992 0.00384938 0.000412628 -0.00385011 0.999993 -0.0348621 -0.064348 -0.263506
FixedParameters: 0 0 0

#Transform 62
Transform: AffineTransform_float_3_3
Parameters: 0.999998 -0.00168738 0.00025465 0.00168642 0.999992 0.00381325 -0.000260349 -0.00381239 0.999992 -0.0671078 -0.0469771 -0.293867
FixedParameters: 0 0 0

#Transform 63
Transform: AffineTransform_float_3_3
Parameters: 0.999998 -0.00163565 -0.000482747 0.00163767 0.99999 0.00418979 0.000475253 -0.00419033 0.999991 -0.026494 -0.125316 -0.305254
FixedParameters: 0 0 0

#Transform 64
Transform: AffineTransform_float_3_3
Parameters: 0.999999 -0.000632659 -0.000410655 0.000633888 0.999996 0.00270117 0.000409345 -0.00270068 0.999997 -0.0046048 -0.044349 -0.253567
FixedParameters: 0 0 0

#Transform 65
Transform: AffineTransform_float_3_3
Parameters: 0.999999 -0.000333469 -0.000925662 0.000335364 0.999997 0.00210424 0.000925338 -0.00210483 0.999998 0.0208927 0.00248776 0.0293863
FixedParameters: 0 0 0

#Transform 66
Transform: AffineTransform_float_3_3
Parameters: 0.999999 -0.000744675 -0.00133177 0.000747138 0.999997 0.00242286 0.00132924 -0.00242379 0.999996 0.0423745 -0.0108432 -0.359592
FixedParameters: 0 0 0

#Transform 67
Transform: AffineTransform_float_3_3
Parameters: 0.999999 -0.000322135 -0.00133787 0.000325785 0.999996 0.00285935 0.00133713 -0.00286016 0.999995 0.0449495 -0.0406701 -0.356623
FixedParameters: 0 0 0

#Transform 68
Transform: AffineTransform_float_3_3
Parameters: 0.999999 -0.000706575 -0.00135867 0.000709164 0.999997 0.00242042 0.00135733 -0.00242129 0.999996 0.0266367 -0.0634604 -0.561552
FixedParameters: 0 0 0

#Transform 69
Transform: AffineTransform_float_3_3
Parameters: 0.999999 -0.000180855 -0.00145142 0.000185472 0.999996 0.00262445 0.00145057 -0.00262494 0.999996 0.0600477 -0.00619865 -0.29154
FixedParameters: 0 0 0

#Transform 70
Transform: AffineTransform_float_3_3
Parameters: 0.999998 -0.000833324 -0.00145298 0.000836376 0.999996 0.00241839 0.00145102 -0.00241876 0.999996 0.0440656 -0.0439449 -0.333061
FixedParameters: 0 0 0

#Transform 71
Transform: AffineTransform_float_3_3
Parameters: 0.999999 -0.000553569 -0.00174144 0.000558849 0.999997 0.00266055 0.00174056 -0.00266143 0.999995 0.0555008 -0.0354095 -0.424781
FixedParameters: 0 0 0

#Transform 72
Transform: AffineTransform_float_3_3
Parameters: 0.999998 -4.64345e-05 -0.00189909 5.28494e-05 0.999994 0.00326857 0.00189891 -0.00326868 0.999993 0.0741365 -0.0370035 -0.472784
FixedParameters: 0 0 0

#Transform 73
Transform: AffineTransform_float_3_3
Parameters: 0.999998 -0.000556006 -0.00154221 0.000561902 0.999991 0.00418179 0.00154079 -0.00418342 0.99999 0.0519421 -0.112203 -0.48269
FixedParameters: 0 0 0

#Transform 74
Transform: AffineTransform_float_3_3
Parameters: 0.999997 -0.00125063 -0.00237043 0.00125964 0.999993 0.00358091 0.00236557 -0.00358374 0.999991 0.0687747 -0.0604789 -0.772433
FixedParameters: 0 0 0

#Transform 75
Transform: AffineTransform_float_3_3
Parameters: 0.999998 -0.000643851 -0.00219943 0.000652983 0.999992 0.00389196 0.00219757 -0.0038937 0.99999 0.0654583 -0.118258 -0.737732
FixedParameters: 0 0 0

#Transform 76
Transform: AffineTransform_float_3_3
Parameters: 0.999997 -0.00124701 -0.00220096 0.00125422 0.999994 0.00322115 0.00219704 -0.00322356 0.999993 0.0504725 -0.0989287 -0.776416
FixedParameters: 0 0 0

#Transform 77
Transform: AffineTransform_float_3_3
Parameters: 0.999998 -0.00135564 -0.00157454 0.00136174 0.999991 0.00415735 0.00156846 -0.00415952 0.99999 0.0252562 -0.113733 -0.835958
FixedParameters: 0 0 0

#Transform 78
Transform: AffineTransform_float_3_3
Parameters: 0.999996 -0.00137334 -0.00220164 0.00138042 0.999993 0.00341814 0.00219736 -0.00342108 0.999991 0.0456771 -0.105044 -0.936214
FixedParameters: 0 0 0

#Transform 79
Transform: AffineTransform_float_3_3
Parameters: 0.999996 -0.00143154 -0.00220233 0.00143922 0.999992 0.00377623 0.00219768 -0.00377842 0.999991 0.0449936 -0.0986134 -0.887243
FixedParameters: 0 0 0

#Transform 80
Transform: AffineTransform_float_3_3
Parameters: 0.999997 -0.000229991 -0.00267103 0.000242955 0.999987 0.00504566 0.00266998 -0.00504572 0.999983 0.0663542 -0.184991 -0.633321
FixedParameters: 0 0 0

#Transform 81
Transform: AffineTransform_float_3_3
Parameters: 0.999993 1.55918e-05 -0.00367493 -5.00751e-06 0.999997 0.0026645 0.00367507 -0.0026643 0.999989 0.123351 -0.0601318 -0.724752
FixedParameters: 0 0 0

#Transform 82
Transform: AffineTransform_float_3_3
Parameters: 0.999995 -0.000327698 -0.00310912 0.00033942 0.999994 0.00365374 0.00310788 -0.00365566 0.999989 0.10263 -0.126741 -0.405685
FixedParameters: 0 0 0

#Transform 83
Transform: AffineTransform_float_3_3
Parameters: 0.999993 -0.000590756 -0.00373621 0.000605791 0.999993 0.00388189 0.00373379 -0.00388416 0.999986 0.108344 -0.101567 -0.635849
FixedParameters: 0 0 0

#Transform 84
Transform: AffineTransform_float_3_3
Parameters: 0.999993 -0.00115257 -0.00356921 0.00116602 0.999992 0.00369913 0.00356479 -0.00370422 0.999987 0.0902396 -0.0854319 -0.956762
FixedParameters: 0 0 0

#Transform 85
Transform: AffineTransform_float_3_3
Parameters: 0.999995 -0.000543109 -0.00328521 0.000556843 0.999991 0.00421902 0.00328279 -0.00422144 0.999985 0.0978178 -0.128574 -0.867365
FixedParameters: 0 0 0

#Transform 86
Transform: AffineTransform_float_3_3
Parameters: 0.999995 -0.000900253 -0.00326879 0.000914495 0.999991 0.00431589 0.00326521 -0.00431962 0.999986 0.0837272 -0.124109 -0.924556
FixedParameters: 0 0 0

#Transform 87
Transform: AffineTransform_float_3_3
Parameters: 0.999996 -0.00131686 -0.00231552 0.00132665 0.99999 0.00426898 0.00231048 -0.00427195 0.999988 0.0458965 -0.140662 -0.964921
FixedParameters: 0 0 0

#Transform 88
Transform: AffineTransform_float_3_3
Parameters: 0.999995 -0.0013508 -0.00267042 0.00136369 0.999988 0.00484099 0.00266358 -0.00484405 0.999984 0.0360756 -0.165127 -0.768216
FixedParameters: 0 0 0

#Transform 89
Transform: AffineTransform_float_3_3
Parameters: 0.999997 5.91662e-05 -0.00266367 -4.85526e-05 0.999992 0.00405737 0.00266333 -0.00405693 0.999988 0.0819847 -0.114564 -0.556402
FixedParameters: 0 0 0

#Transform 90
Transform: AffineTransform_float_3_3
Parameters: 0.999997 -0.000172858 -0.00220461 0.000182174 0.999992 0.0041536 0.00220439 -0.00415426 0.999989 0.0765635 -0.0861494 -0.75622
FixedParameters: 0 0 0

#Transform 91
Transform: AffineTransform_float_3_3
Parameters: 0.999998 -9.73854e-05 -0.00177032 0.000105917 0.999987 0.00495195 0.00176968 -0.00495218 0.999986 0.0501371 -0.14584 -0.734581
FixedParameters: 0 0 0

#Transform 92
Transform: AffineTransform_float_3_3
Parameters: 0.999997 -0.000774785 -0.0022475 0.000785773 0.999989 0.00466887 0.00224349 -0.00467124 0.999986 0.0361896 -0.111197 -0.943373
FixedParameters: 0 0 0

#Transform 93
Transform: AffineTransform_float_3_3
Parameters: 0.999999 0.00113976 0.000315576 -0.00114274 0.999968 0.00801135 -0.00030642 -0.00801209 0.999968 -0.0661933 -0.600586 -0.363199
FixedParameters: 0 0 0

#Transform 94
Transform: AffineTransform_float_3_3
Parameters: 0.999971 0.000584774 0.00763214 -0.000722198 0.999836 0.0181239 -0.00762088 -0.0181289 0.999806 -0.155415 -1.04428 -0.484244
FixedParameters: 0 0 0

#Transform 95
Transform: AffineTransform_float_3_3
Parameters: 0.999995 2.45454e-05 0.00292878 -4.89142e-05 0.999966 0.00825604 -0.00292922 -0.00825659 0.999961 -0.0350139 -0.44022 -0.308046
FixedParameters: 0 0 0

#Transform 96
Transform: AffineTransform_float_3_3
Parameters: 0.999993 0.000775547 0.00383988 -0.000792957 0.999989 0.00474928 -0.00383612 -0.00475156 0.999982 -0.0262524 -0.246116 -0.318398
FixedParameters: 0 0 0

#Transform 97
Transform: AffineTransform_float_3_3
Parameters: 0.999993 -0.00033223 0.00359828 0.000310453 0.99998 0.00621812 -0.00360072 -0.00621712 0.999974 -0.0731952 -0.193553 -0.561647
FixedParameters: 0 0 0

#Transform 98
Transform: AffineTransform_float_3_3
Parameters: 0.999995 -0.000742242 0.0031246 0.000722265 0.99998 0.00638855 -0.0031294 -0.00638625 0.999974 -0.0689325 -0.221084 -0.548973
FixedParameters: 0 0 0

#Transform 99
Transform: AffineTransform_float_3_3
Parameters: 0.999995 -0.000745952 0.00312745 0.000725591 0.999978 0.00660453 -0.00313155 -0.00660222 0.999974 -0.0664137 -0.240128 -0.402117
FixedParameters: 0 0 0

#Transform 100
Transform: AffineTransform_float_3_3
Parameters: 0.999993 -0.000788025 0.0036338 0.000761939 0.999974 0.00715651 -0.0036392 -0.00715424 0.999968 -0.0847881 -0.264179 -0.574211
FixedParameters: 0 0 0

#Transform 101
Transform: AffineTransform_float_3_3
Parameters: 0.999992 -0.000830828 0.00393457 0.000803029 0.999974 0.0070813 -0.00394044 -0.00707826 0.999967 -0.0945747 -0.234931 -0.573955
FixedParameters: 0 0 0

#Transform 102
Transform: AffineTransform_float_3_3
Parameters: 0.999993 -0.000942065 0.00382923 0.000912598 0.999969 0.00775415 -0.00383578 -0.00775046 0.999963 -0.1084 -0.227552 -0.465814
FixedParameters: 0 0 0

#Transform 103
Transform: AffineTransform_float_3_3
Parameters: 0.999993 -0.00125082 0.00336405 0.00122496 0.999971 0.00754144 -0.00337394 -0.00753745 0.999966 -0.0985733 -0.212905 -0.626359
FixedParameters: 0 0 0

#Transform 104
Transform: AffineTransform_float_3_3
Parameters: 0.999995 -7.36842e-05 0.00296088 5.46524e-05 0.99998 0.00642179 -0.00296112 -0.00642168 0.999975 -0.0764489 -0.181819 -0.67018
FixedParameters: 0 0 0

#Transform 105
Transform: AffineTransform_float_3_3
Parameters: 0.999993 -3.5516e-05 0.00390713 1.08696e-05 0.99998 0.00635221 -0.00390787 -0.00635238 0.999972 -0.14124 -0.17936 -0.606211
FixedParameters: 0 0 0

#Transform 106
Transform: AffineTransform_float_3_3
Parameters: 0.999995 -0.00140455 0.00294046 0.00137848 0.999961 0.00866034 -0.00295253 -0.00865548 0.999958 -0.121685 -0.257558 -0.445708
FixedParameters: 0 0 0

#Transform 107
Transform: AffineTransform_float_3_3
Parameters: 0.999995 -0.00081423 0.00325397 0.00078271 0.999953 0.00959116 -0.00326203 -0.00958839 0.999948 -0.132859 -0.243635 -0.211644
FixedParameters: 0 0 0

#Transform 108
Transform: AffineTransform_float_3_3
Parameters: 0.999995 -0.000974906 0.00325306 0.00094643 0.99996 0.00881637 -0.00326194 -0.00881351 0.999956 -0.126822 -0.183403 -0.557526
FixedParameters: 0 0 0

#Transform 109
Transform: AffineTransform_float_3_3
Parameters: 0.999994 -0.00100773 0.00319815 0.000973779 0.999941 0.0107561 -0.00320885 -0.0107533 0.999937 -0.113346 -0.290237 -0.525795
FixedParameters: 0 0 0

#Transform 110
Transform: AffineTransform_float_3_3
Parameters: 0.999993 -0.000916369 0.00351103 0.000883046 0.999954 0.00957229 -0.00351997 -0.00956844 0.999948 -0.117842 -0.246342 -0.431577
FixedParameters: 0 0 0

#Transform 111
Transform: AffineTransform_float_3_3
Parameters: 0.999996 -0.00158145 0.00247287 0.00155786 0.999955 0.00938473 -0.00248713 -0.00938026 0.999953 -0.070316 -0.210947 -0.641773
FixedParameters: 0 0 0

#Transform 112
Transform: AffineTransform_float_3_3
Parameters: 0.999997 -0.00162959 0.00193237 0.00161109 0.999954 0.0093973 -0.00194763 -0.00939427 0.999954 -0.0609458 -0.243197 -0.718762
FixedParameters: 0 0 0

#Transform 113
Transform: AffineTransform_float_3_3
Parameters: 0.999998 -0.00141349 0.00186295 0.001395 0.999952 0.00974984 -0.00187705 -0.00974684 0.99995 -0.0493771 -0.270389 -0.693422
FixedParameters: 0 0 0

#Transform 114
Transform: AffineTransform_float_3_3
Parameters: 0.999997 -0.00155665 0.00155873 0.00154247 0.999953 0.00962763 -0.00157328 -0.009625 0.999953 -0.0458866 -0.284908 -0.675106
FixedParameters: 0 0 0

#Transform 115
Transform: AffineTransform_float_3_3
Parameters: 0.999998 -0.00127706 -0.00123164 0.00128855 0.999954 0.00957354 0.00121936 -0.00957552 0.999954 0.0552179 -0.2919 -0.950347
FixedParameters: 0 0 0

#Transform 116
Transform: AffineTransform_float_3_3
Parameters: 1 -0.00128728 1.84014e-05 0.00128671 0.999936 0.0112352 -3.25953e-05 -0.0112351 0.999937 0.00156192 -0.343715 -1.08146
FixedParameters: 0 0 0

#Transform 117
Transform: AffineTransform_float_3_3
Parameters: 0.999999 -0.00137479 0.000863032 0.00136687 0.999957 0.00914689 -0.000875968 -0.00914561 0.999957 -0.0410797 -0.271057 -0.863529
FixedParameters: 0 0 0

#Transform 118
Transform: AffineTransform_float_3_3
Parameters: 0.999999 -0.00123144 0.00100176 0.00122276 0.999961 0.00877289 -0.00101224 -0.00877155 0.999961 -0.0639351 -0.322276 -0.421329
FixedParameters: 0 0 0

#Transform 119
Transform: AffineTransform_float_3_3
Parameters: 0.999998 -0.000545094 0.0019699 0.00052716 0.999963 0.0086003 -0.00197409 -0.00859941 0.999961 -0.0497418 -0.258669 -0.474812
FixedParameters: 0 0 0

#Transform 120
Transform: AffineTransform_float_3_3
Parameters: 0.999998 -0.00142309 0.00149277 0.00141392 0.999977 0.0067239 -0.00150223 -0.00672181 0.999976 -0.0633945 -0.220348 -0.709293
FixedParameters: 0 0 0

#Transform 121
Transform: AffineTransform_float_3_3
Parameters: 0.999998 -0.000906098 0.00149626 0.000895909 0.999977 0.00672736 -0.00150274 -0.0067258 0.999976 -0.0536258 -0.248052 -0.494664
FixedParameters: 0 0 0

#Transform 122
Transform: AffineTransform_float_3_3
Parameters: 0.999998 -0.00125948 0.00108185 0.00125094 0.999971 0.00759852 -0.00109115 -0.00759791 0.99997 -0.0657266 -0.246365 -0.109394
FixedParameters: 0 0 0

#Transform 123
Transform: AffineTransform_float_3_3
Parameters: 0.999997 -0.00175299 0.0016323 0.0017394 0.99996 0.00870522 -0.0016477 -0.0087027 0.99996 -0.0920396 -0.229463 -0.439482
FixedParameters: 0 0 0

#Transform 124
Transform: AffineTransform_float_3_3
Parameters: 0.999999 -0.00139775 0.00117058 0.00138759 0.999963 0.00856197 -0.00118242 -0.00855983 0.999963 -0.0409853 -0.280627 -0.623157
FixedParameters: 0 0 0

#Transform 125
Transform: AffineTransform_float_3_3
Parameters: 0.999998 -0.00169919 0.000527116 0.00169446 0.999957 0.00910807 -0.000541884 -0.00910633 0.999959 -0.02812 -0.297649 -0.81062
FixedParameters: 0 0 0

#Transform 126
Transform: AffineTransform_float_3_3
Parameters: 0.999998 -0.00156218 0.00131385 0.00154908 0.999954 0.00948917 -0.00132815 -0.00948723 0.999954 -0.0669614 -0.329782 -0.755907
FixedParameters: 0 0 0

#Transform 127
Transform: AffineTransform_float_3_3
Parameters: 0.999997 -0.00205166 0.000822032 0.00204373 0.999952 0.00956199 -0.000841969 -0.00956069 0.999954 -0.0645898 -0.311438 -0.876022
FixedParameters: 0 0 0

#Transform 128
Transform: AffineTransform_float_3_3
Parameters: 0.999998 -0.00190245 0.000823615 0.00189463 0.999954 0.00947995 -0.000841388 -0.0094789 0.999955 -0.060469 -0.34844 -0.763508
FixedParameters: 0 0 0

#Transform 129
Transform: AffineTransform_float_3_3
Parameters: 0.999997 -0.00162652 0.00166196 0.00161265 0.999964 0.0083408 -0.00167603 -0.00833759 0.999963 -0.0860395 -0.301218 -0.430241
FixedParameters: 0 0 0

#Transform 130
Transform: AffineTransform_float_3_3
Parameters: 0.999997 -0.00248992 0.000440418 0.0024872 0.999976 0.00636197 -0.000456583 -0.00636078 0.99998 -0.0462519 -0.220528 -0.951098
FixedParameters: 0 0 0

#Transform 131
Transform: AffineTransform_float_3_3
Parameters: 0.999997 -0.00232455 0.000162821 0.00232312 0.999972 0.00709863 -0.000179176 -0.00709785 0.999974 -0.0329144 -0.317963 -0.887879
FixedParameters: 0 0 0

#Transform 132
Transform: AffineTransform_float_3_3
Parameters: 0.999998 -0.00194506 0.000216727 0.00194369 0.999969 0.00753401 -0.000231275 -0.00753317 0.999972 -0.027119 -0.313096 -0.837873
FixedParameters: 0 0 0

#Transform 133
Transform: AffineTransform_float_3_3
Parameters: 0.999996 -0.002647 -0.000156344 0.00264818 0.999969 0.00743638 0.000136655 -0.00743714 0.999972 -0.0340476 -0.241722 -1.06595
FixedParameters: 0 0 0

#Transform 134
Transform: AffineTransform_float_3_3
Parameters: 0.999997 -0.00256446 -0.000195294 0.00256546 0.999964 0.00807252 0.000174712 -0.00807244 0.999968 -0.0374636 -0.336382 -1.04563
FixedParameters: 0 0 0

#Transform 135
Transform: AffineTransform_float_3_3
Parameters: 0.999997 -0.00249139 0.000158794 0.00249059 0.999962 0.00829043 -0.00017921 -0.00828962 0.999966 -0.0494205 -0.321889 -1.08582
FixedParameters: 0 0 0

#Transform 136
Transform: AffineTransform_float_3_3
Parameters: 0.999997 -0.00224569 -0.000241004 0.00224687 0.999975 0.00680779 0.000225997 -0.00680881 0.999976 -0.0347247 -0.278077 -0.92917
FixedParameters: 0 0 0

#Transform 137
Transform: AffineTransform_float_3_3
Parameters: 0.999997 -0.00245043 -0.000244084 0.00245198 0.999968 0.00751794 0.000225918 -0.00751807 0.999971 -0.0239493 -0.302396 -0.877562
FixedParameters: 0 0 0

#Transform 138
Transform: AffineTransform_float_3_3
Parameters: 0.99999 -0.00358058 -0.0028348 0.00360293 0.999963 0.00783063 0.0028072 -0.00784059 0.999965 0.0433432 -0.308632 -1.16974
FixedParameters: 0 0 0

#Transform 139
Transform: AffineTransform_float_3_3
Parameters: 0.999997 -0.00163293 -0.00181464 0.00164777 0.999967 0.007962 0.00180235 -0.00796474 0.999966 0.0443403 -0.351629 -0.692359
FixedParameters: 0 0 0

#Transform 140
Transform: AffineTransform_float_3_3
Parameters: 0.999998 -0.0014846 -0.00124448 0.00149364 0.999972 0.00726713 0.00123352 -0.00726869 0.999972 0.0148374 -0.258645 -0.615223
FixedParameters: 0 0 0

#Transform 141
Transform: AffineTransform_float_3_3
Parameters: 0.999999 -0.000683297 0.00064255 0.000674964 0.999921 0.0126101 -0.000651448 -0.0126104 0.99992 -0.0340256 -0.384721 -0.517357
FixedParameters: 0 0 0

#Transform 142
Transform: AffineTransform_float_3_3
Parameters: 0.999998 -0.00154324 -0.000614353 0.00154785 0.99998 0.00622311 0.000604642 -0.00622395 0.999981 -0.047444 -0.19775 -0.922525
FixedParameters: 0 0 0

#Transform 143
Transform: AffineTransform_float_3_3
Parameters: 0.999999 -0.00179143 -0.000281417 0.00179334 0.999973 0.00710519 0.000268582 -0.00710614 0.999974 -0.0522023 -0.229869 -1.06871
FixedParameters: 0 0 0

#Transform 144
Transform: AffineTransform_float_3_3
Parameters: 0.999997 -0.00225531 0.000522634 0.0022514 0.999962 0.00835451 -0.000541369 -0.00835318 0.999965 -0.0935054 -0.293255 -1.01517
FixedParameters: 0 0 0

#Transform 145
Transform: AffineTransform_float_3_3
Parameters: 0.999997 -0.00246462 0.000837154 0.00245689 0.99996 0.00866853 -0.000858842 -0.00866645 0.999962 -0.10076 -0.303451 -1.15014
FixedParameters: 0 0 0

#Transform 146
Transform: AffineTransform_float_3_3
Parameters: 0.999996 -0.0027673 0.000515702 0.00276181 0.999956 0.00897371 -0.000540291 -0.00897185 0.99996 -0.0919967 -0.292471 -1.30237
FixedParameters: 0 0 0

#Transform 147
Transform: AffineTransform_float_3_3
Parameters: 0.999998 -0.00133667 0.000974168 0.00133136 0.999986 0.00525616 -0.000980831 -0.00525562 0.999985 -0.0742637 -0.174946 -0.862988
FixedParameters: 0 0 0

#Transform 148
Transform: AffineTransform_float_3_3
Parameters: 0.999998 -0.00168864 -4.13148e-05 0.0016892 0.999966 0.00814716 2.76828e-05 -0.00814727 0.999966 -0.0525296 -0.280934 -1.05865
FixedParameters: 0 0 0

#Transform 149
Transform: AffineTransform_float_3_3
Parameters: 0.999997 -0.00213851 0.000505291 0.00213473 0.999962 0.00851707 -0.000523714 -0.00851594 0.999964 -0.0729926 -0.360185 -1.02031
FixedParameters: 0 0 0

#Transform 150
Transform: AffineTransform_float_3_3
Parameters: 0.999999 -0.000852836 -0.00116132 0.000862077 0.999968 0.00786886 0.00115468 -0.00786972 0.999969 0.0532616 -0.330736 -0.972971
FixedParameters: 0 0 0

#Transform 151
Transform: AffineTransform_float_3_3
Parameters: 0.999998 -0.00174305 -0.000515319 0.00174707 0.999967 0.00787054 0.000501681 -0.00787126 0.999969 0.011349 -0.314018 -1.13287
FixedParameters: 0 0 0

#Transform 152
Transform: AffineTransform_float_3_3
Parameters: 0.999998 -0.00213285 0.000295732 0.00213077 0.999963 0.00831568 -0.000313272 -0.00831542 0.999966 -0.0392772 -0.303843 -1.19828
FixedParameters: 0 0 0

#Transform 153
Transform: AffineTransform_float_3_3
Parameters: 0.999998 -0.00179375 0.0003243 0.00179151 0.999968 0.00787531 -0.000338703 -0.00787517 0.999969 -0.0329459 -0.346384 -0.958111
FixedParameters: 0 0 0

#Transform 154
Transform: AffineTransform_float_3_3
Parameters: 0.999998 -0.00203767 -0.000245447 0.0020399 0.999975 0.00673871 0.00023155 -0.00673867 0.999977 -0.000395906 -0.316479 -0.89271
FixedParameters: 0 0 0

#Transform 155
Transform: AffineTransform_float_3_3
Parameters: 0.999998 -0.00225308 -0.000795441 0.00225839 0.999976 0.0065174 0.000781559 -0.00651889 0.999979 -0.00740099 -0.334996 -1.02719
FixedParameters: 0 0 0

#Transform 156
Transform: AffineTransform_float_3_3
Parameters: 0.999997 -0.00212746 -0.000729292 0.00213167 0.999978 0.00636339 0.00071571 -0.0063654 0.99998 -0.00120873 -0.322312 -1.10024
FixedParameters: 0 0 0

#Transform 157
Transform: AffineTransform_float_3_3
Parameters: 0.999997 -0.0020834 -0.000794833 0.00208909 0.999975 0.00676992 0.000781162 -0.00677214 0.999976 0.000254937 -0.370747 -1.05271
FixedParameters: 0 0 0

#Transform 158
Transform: AffineTransform_float_3_3
Parameters: 0.999997 -0.00237956 -0.000461679 0.00238243 0.999969 0.00757445 0.000443326 -0.00757555 0.999971 -0.0129866 -0.351064 -1.41741
FixedParameters: 0 0 0

#Transform 159
Transform: AffineTransform_float_3_3
Parameters: 0.999998 -0.00193279 0.000219345 0.00193124 0.999968 0.00779421 -0.000234658 -0.00779436 0.99997 -0.0336138 -0.409945 -1.3563
FixedParameters: 0 0 0

#Transform 160
Transform: AffineTransform_float_3_3
Parameters: 0.999999 -0.00152403 0.000455564 0.00152079 0.999982 0.00567698 -0.000464433 -0.00567661 0.999983 -0.0555722 -0.374154 -1.17252
FixedParameters: 0 0 0

#Transform 161
Transform: AffineTransform_float_3_3
Parameters: 0.999998 -0.00200573 0.000125652 0.00200507 0.999979 0.00628187 -0.000138349 -0.00628136 0.99998 -0.0676286 -0.377553 -1.33459
FixedParameters: 0 0 0

#Transform 162
Transform: AffineTransform_float_3_3
Parameters: 0.999999 -0.00147345 -0.00021628 0.0014749 0.999983 0.00576768 0.000207718 -0.00576829 0.999984 -0.0989447 -0.480086 -1.33078
FixedParameters: 0 0 0

#Transform 163
Transform: AffineTransform_float_3_3
Parameters: 0.999999 -0.00147375 -0.000339393 0.00147567 0.999982 0.0058415 0.000330606 -0.00584246 0.999983 -0.0780932 -0.437759 -1.21286
FixedParameters: 0 0 0

#Transform 164
Transform: AffineTransform_float_3_3
Parameters: 0.999999 -0.00149042 0.000176466 0.00148903 0.999977 0.00659511 -0.000185533 -0.00659458 0.999978 -0.0996989 -0.408018 -1.34556
FixedParameters: 0 0 0

#Transform 165
Transform: AffineTransform_float_3_3
Parameters: 0.999999 -0.00165687 0.000760193 0.00165251 0.999987 0.00480161 -0.000768804 -0.00480012 0.999988 -0.104787 -0.391499 -1.20653
FixedParameters: 0 0 0

#Transform 166
Transform: AffineTransform_float_3_3
Parameters: 0.999997 -0.0012894 -0.00207812 0.00130193 0.999983 0.00565985 0.00207087 -0.00566207 0.999982 0.0594444 -0.41425 -0.866751
FixedParameters: 0 0 0

#Transform 167
Transform: AffineTransform_float_3_3
Parameters: 0.999998 -0.00145996 -0.00151112 0.00146913 0.999983 0.00568595 0.00150288 -0.00568825 0.999982 0.0285019 -0.364578 -1.06854
FixedParameters: 0 0 0

#Transform 168
Transform: AffineTransform_float_3_3
Parameters: 0.999996 -0.00199302 -0.00198027 0.00200476 0.999982 0.00574179 0.00196873 -0.00574553 0.999982 0.0463585 -0.382687 -1.23437
FixedParameters: 0 0 0

#Transform 169
Transform: AffineTransform_float_3_3
Parameters: 0.999998 -0.00120951 -0.00111753 0.00121592 0.999984 0.0055573 0.00111047 -0.00555792 0.999984 0.0108053 -0.391996 -0.96123
FixedParameters: 0 0 0

#Transform 170
Transform: AffineTransform_float_3_3
Parameters: 0.999999 -0.00172018 -0.00077909 0.0017254 0.999976 0.00659729 0.000767909 -0.00659888 0.999978 0.00414353 -0.382074 -0.948064
FixedParameters: 0 0 0

#Transform 171
Transform: AffineTransform_float_3_3
Parameters: 0.999997 -0.00204349 -0.00153615 0.00205041 0.999987 0.00452878 0.00152685 -0.00453195 0.999989 0.0227459 -0.348037 -0.574016
FixedParameters: 0 0 0

#Transform 172
Transform: AffineTransform_float_3_3
Parameters: 0.999997 -0.00221448 -0.00112679 0.00222056 0.999986 0.00492607 0.00111621 -0.00492897 0.999987 0.00766717 -0.358969 -0.525967
FixedParameters: 0 0 0

#Transform 173
Transform: AffineTransform_float_3_3
Parameters: 0.999996 -0.002485 -0.00137663 0.00249223 0.999981 0.00554044 0.00136237 -0.00554314 0.999983 0.00406387 -0.345136 -0.883607
FixedParameters: 0 0 0

#Transform 174
Transform: AffineTransform_float_3_3
Parameters: 0.999998 -0.00195489 -0.000890124 0.00196101 0.999974 0.00685764 0.000875874 -0.00686001 0.999976 -0.014078 -0.416897 -0.878556
FixedParameters: 0 0 0

#Transform 175
Transform: AffineTransform_float_3_3
Parameters: 0.999998 -0.00198835 -0.000750127 0.00199363 0.999978 0.00621635 0.00073787 -0.00621726 0.999981 -0.00287498 -0.439346 -0.967973
FixedParameters: 0 0 0

#Transform 176
Transform: AffineTransform_float_3_3
Parameters: 0.999999 -0.000988996 -8.43174e-05 0.0009896 0.999948 0.0101491 7.36845e-05 -0.0101493 0.999949 -0.0138228 -0.525152 -1.21477
FixedParameters: 0 0 0

#Transform 177
Transform: AffineTransform_float_3_3
Parameters: 0.999998 -0.00171379 6.70082e-05 0.0017143 0.999993 0.00353653 -7.29941e-05 -0.0035363 0.999993 -0.0604398 -0.290254 -0.369541
FixedParameters: 0 0 0

#Transform 178
Transform: AffineTransform_float_3_3
Parameters: 0.999999 -0.00128709 0.000197062 0.00128683 0.999995 0.00310358 -0.00020194 -0.00310408 0.999995 -0.0583552 -0.236895 -0.136905
FixedParameters: 0 0 0

#Transform 179
Transform: AffineTransform_float_3_3
Parameters: 0.999999 -0.0012876 -0.000609223 0.00128966 0.999993 0.00333056 0.000604777 -0.0033311 0.999994 -0.0357047 -0.182425 -0.166031
FixedParameters: 0 0 0

#Transform 180
Transform: AffineTransform_float_3_3
Parameters: 0.999999 -0.00127984 -0.00127167 0.0012832 0.999995 0.00289179 0.00126833 -0.00289399 0.999995 -0.0139559 -0.133038 -0.18903
FixedParameters: 0 0 0

#Transform 181
Transform: AffineTransform_float_3_3
Parameters: 0.999999 -0.00140935 2.77236e-05 0.00140911 0.999992 0.00380274 -3.32758e-05 -0.00380265 0.999992 -0.0295948 -0.066091 -0.243841
FixedParameters: 0 0 0

#Transform 182
Transform: AffineTransform_float_3_3
Parameters: 1 -0.000162294 -8.64602e-05 0.000162855 0.999994 0.00326303 8.55388e-05 -0.00326306 0.999994 -0.032278 -0.097124 -0.252169
FixedParameters: 0 0 0

#Transform 183
Transform: AffineTransform_float_3_3
Parameters: 0.999999 -0.00145798 -0.000144873 0.00145894 0.999993 0.00338876 0.000140125 -0.00338918 0.999994 -0.0336877 -0.113695 -0.281278
FixedParameters: 0 0 0

#Transform 184
Transform: AffineTransform_float_3_3
Parameters: 0.999999 -0.00170535 -0.000647735 0.00170774 0.999993 0.00339242 0.000642264 -0.00339359 0.999994 -0.0258779 -0.136738 -0.34152
FixedParameters: 0 0 0

#Transform 185
Transform: AffineTransform_float_3_3
Parameters: 0.999998 -0.0012371 -0.0010618 0.0012415 0.999992 0.0039518 0.0010562 -0.00395237 0.999991 -0.0112815 -0.156312 -0.0135641
FixedParameters: 0 0 0

#Transform 186
Transform: AffineTransform_float_3_3
Parameters: 0.999999 -0.00123545 -0.00100261 0.00123908 0.999992 0.00380589 0.000997387 -0.00380731 0.999992 -0.000828751 -0.12606 -0.0864649
FixedParameters: 0 0 0

#Transform 187
Transform: AffineTransform_float_3_3
Parameters: 0.999998 -0.0012808 -0.0011734 0.00128501 0.999993 0.00349295 0.0011696 -0.0034939 0.999993 0.0014036 -0.123772 -0.199751
FixedParameters: 0 0 0

#Transform 188
Transform: AffineTransform_float_3_3
Parameters: 0.999999 -0.00151195 -0.000354426 0.001513 0.999989 0.00432078 0.000347577 -0.00432082 0.99999 -0.0552744 -0.163019 0.202315
FixedParameters: 0 0 0

#Transform 189
Transform: AffineTransform_float_3_3
Parameters: 0.999998 -0.00172509 -0.000350597 0.00172719 0.999989 0.00447375 0.000342399 -0.00447493 0.99999 -0.0326294 -0.109784 -0.192332
FixedParameters: 0 0 0

#Transform 190
Transform: AffineTransform_float_3_3
Parameters: 0.999998 -0.00191643 -0.00085899 0.00191967 0.99999 0.00421502 0.000851011 -0.00421624 0.99999 -0.0235454 -0.179406 -0.27377
FixedParameters: 0 0 0

#Transform 191
Transform: AffineTransform_float_3_3
Parameters: 0.999999 -0.0017493 -0.000598236 0.0017516 0.999992 0.00360088 0.000591765 -0.00360194 0.999994 -0.0101309 -0.189513 -0.114298
FixedParameters: 0 0 0

#Transform 192
Transform: AffineTransform_float_3_3
Parameters: 0.999998 -0.00165267 -0.00100448 0.00165689 0.999988 0.00459172 0.000996526 -0.00459296 0.999989 0.0114984 -0.218078 -0.10958
FixedParameters: 0 0 0

#Transform 193
Transform: AffineTransform_float_3_3
Parameters: 0.999997 -0.00204548 -0.000828662 0.00204857 0.999988 0.00428418 0.00081934 -0.0042855 0.999991 -0.0171718 -0.125242 -0.11906
FixedParameters: 0 0 0

#Transform 194
Transform: AffineTransform_float_3_3
Parameters: 0.999999 -0.0017118 -0.000757237 0.00171528 0.99999 0.00428723 0.000749762 -0.00428877 0.999991 -0.0110903 -0.163349 -0.241765
FixedParameters: 0 0 0

#Transform 195
Transform: AffineTransform_float_3_3
Parameters: 0.999997 -0.00199257 -0.000932411 0.00199648 0.999986 0.0047858 0.000923592 -0.00478743 0.999988 -0.0180832 -0.20322 -0.299481
FixedParameters: 0 0 0

#Transform 196
Transform: AffineTransform_float_3_3
Parameters: 0.999998 -0.00195623 -0.000758778 0.00196011 0.999987 0.00454565 0.00075022 -0.00454756 0.99999 -0.0282269 -0.196212 -0.255388
FixedParameters: 0 0 0

#Transform 197
Transform: AffineTransform_float_3_3
Parameters: 0.999998 -0.00158859 -0.000489587 0.00159123 0.999975 0.00685773 0.000478416 -0.00685921 0.999977 -0.00592554 -0.30101 -0.155744
FixedParameters: 0 0 0

#Transform 198
Transform: AffineTransform_float_3_3
Parameters: 0.999999 -0.0015761 -0.00103454 0.00157945 0.999993 0.00355272 0.00102846 -0.00355492 0.999993 -0.0081432 -0.160769 -0.197145
FixedParameters: 0 0 0

#Transform 199
Transform: AffineTransform_float_3_3
Parameters: 0.999997 -0.00190195 -0.00108042 0.00190646 0.999991 0.00393977 0.00107258 -0.00394182 0.999991 -0.0220448 -0.162869 -0.302066
FixedParameters: 0 0 0

#Transform 200
Transform: AffineTransform_float_3_3
Parameters: 0.999997 -0.00211352 -0.00112738 0.00211753 0.99999 0.00399651 0.00111863 -0.00399919 0.999992 0.00131333 -0.187602 -0.296645
FixedParameters: 0 0 0

#Transform 201
Transform: AffineTransform_float_3_3
Parameters: 0.999996 -0.00206678 -0.00153017 0.00207299 0.99999 0.00398637 0.00152183 -0.0039896 0.999991 -0.00316258 -0.170349 -0.272334
FixedParameters: 0 0 0

#Transform 202
Transform: AffineTransform_float_3_3
Parameters: 0.999997 -0.00183262 -0.00157468 0.00183895 0.99999 0.00423195 0.00156633 -0.00423462 0.99999 -0.00615567 -0.16419 -0.426113
FixedParameters: 0 0 0

#Transform 203
Transform: AffineTransform_float_3_3
Parameters: 0.999996 -0.00236377 -0.00160836 0.00237099 0.999988 0.00441363 0.00159764 -0.00441712 0.999989 -0.0101827 -0.202485 -0.338669
FixedParameters: 0 0 0

#Transform 204
Transform: AffineTransform_float_3_3
Parameters: 0.999997 -0.00199937 -0.00160667 0.00200646 0.999989 0.0043833 0.00159733 -0.00438662 0.999989 -0.00214232 -0.194794 -0.386831
FixedParameters: 0 0 0

#Transform 205
Transform: AffineTransform_float_3_3
Parameters: 0.999997 -0.00192389 -0.00151206 0.00193068 0.999989 0.00423064 0.00150394 -0.00423437 0.99999 -0.0115847 -0.199588 -0.295333
FixedParameters: 0 0 0

#Transform 206
Transform: AffineTransform_float_3_3
Parameters: 0.999997 -0.00181892 -0.00160596 0.00182616 0.999988 0.00442911 0.00159804 -0.00443185 0.999989 -0.00834357 -0.161669 -0.290967
FixedParameters: 0 0 0

#Transform 207
Transform: AffineTransform_float_3_3
Parameters: 0.999997 -0.0020072 -0.00130825 0.0020134 0.999987 0.00466181 0.00129875 -0.00466397 0.999988 -0.0163083 -0.216056 -0.193217
FixedParameters: 0 0 0

#Transform 208
Transform: AffineTransform_float_3_3
Parameters: 0.999996 -0.00219141 -0.00152048 0.00219912 0.999986 0.00483654 0.00150951 -0.0048401 0.999987 -0.00126719 -0.186447 -0.31036
FixedParameters: 0 0 0

#Transform 209
Transform: AffineTransform_float_3_3
Parameters: 0.999997 -0.0020029 -0.00157732 0.00201137 0.999985 0.00522239 0.00156768 -0.00522559 0.999985 0.00187983 -0.210268 -0.152516
FixedParameters: 0 0 0

#Transform 210
Transform: AffineTransform_float_3_3
Parameters: 0.999995 -0.00259393 -0.00195403 0.00260114 0.999989 0.00388511 0.00194397 -0.00389112 0.999991 0.0204156 -0.0982788 -0.359567
FixedParameters: 0 0 0

#Transform 211
Transform: AffineTransform_float_3_3
Parameters: 0.999996 -0.00260108 -0.00104678 0.0026058 0.999988 0.00416637 0.00103622 -0.00416874 0.99999 -0.0141063 -0.184892 -0.163075
FixedParameters: 0 0 0

#Transform 212
Transform: AffineTransform_float_3_3
Parameters: 0.999996 -0.00279719 -0.000546816 0.0028002 0.999986 0.00461288 0.000534181 -0.00461488 0.999989 -0.0296622 -0.165222 -0.146316
FixedParameters: 0 0 0

#Transform 213
Transform: AffineTransform_float_3_3
Parameters: 0.999993 -0.00337386 -0.00129548 0.00337902 0.999985 0.00430297 0.00128152 -0.00430759 0.99999 0.00945287 -0.156934 -0.363684
FixedParameters: 0 0 0

#Transform 214
Transform: AffineTransform_float_3_3
Parameters: 0.999993 -0.00322152 -0.00167696 0.00322922 0.999983 0.00497913 0.00166104 -0.00498478 0.999986 0.00030477 -0.213354 -0.225772
FixedParameters: 0 0 0

#Transform 215
Transform: AffineTransform_float_3_3
Parameters: 0.999993 -0.00306739 -0.0019545 0.0030757 0.999985 0.00441962 0.0019405 -0.00442546 0.999988 -0.0010398 -0.178891 -0.34096
FixedParameters: 0 0 0

#Transform 216
Transform: AffineTransform_float_3_3
Parameters: 0.999994 -0.00292348 -0.00154293 0.00293119 0.999986 0.0044421 0.00152907 -0.00444701 0.999989 0.00156131 -0.223388 -0.0684059
FixedParameters: 0 0 0

#Transform 217
Transform: AffineTransform_float_3_3
Parameters: 0.999994 -0.00327732 -0.00167911 0.00328484 0.999986 0.00431317 0.00166489 -0.00431805 0.999989 -0.000562217 -0.159564 -0.332395
FixedParameters: 0 0 0

#Transform 218
Transform: AffineTransform_float_3_3
Parameters: 0.999995 -0.00277495 -0.00166082 0.00278218 0.999987 0.00428007 0.00164918 -0.00428517 0.99999 0.00964052 -0.211172 -0.131307
FixedParameters: 0 0 0

#Transform 219
Transform: AffineTransform_float_3_3
Parameters: 0.999992 -0.00328307 -0.00205003 0.00329193 0.999984 0.0045929 0.00203497 -0.00460019 0.999987 0.00962405 -0.16387 -0.331424
FixedParameters: 0 0 0

#Transform 220
Transform: AffineTransform_float_3_3
Parameters: 0.999994 -0.00313207 -0.00166239 0.00313934 0.999986 0.00428749 0.00164861 -0.00429278 0.99999 -0.0190761 -0.189598 -0.220601
FixedParameters: 0 0 0

#Transform 221
Transform: AffineTransform_float_3_3
Parameters: 1 -0.000521852 0.00017611 0.000520853 0.999964 0.00840161 -0.000180894 -0.00840145 0.999964 -0.0451879 -0.564073 -0.182701
FixedParameters: 0 0 0

#Transform 222
Transform: AffineTransform_float_3_3
Parameters: 0.999995 -0.00057473 0.00312272 0.000555326 0.99998 0.00630135 -0.00312628 -0.0063001 0.999975 -0.0555677 -0.526328 -0.214121
FixedParameters: 0 0 0

#Transform 223
Transform: AffineTransform_float_3_3
Parameters: 0.999991 -0.00296222 0.00313846 0.00293939 0.999968 0.00741865 -0.00316055 -0.0074094 0.999968 0.0402715 -0.351504 -0.251498
FixedParameters: 0 0 0

#Transform 224
Transform: AffineTransform_float_3_3
Parameters: 0.999991 -0.00257768 0.00319502 0.00255489 0.999972 0.00713293 -0.00321298 -0.00712481 0.99997 0.0606712 -0.255526 -0.343079
FixedParameters: 0 0 0

#Transform 225
Transform: AffineTransform_float_3_3
Parameters: 0.999989 -0.00348433 0.00319016 0.00346268 0.999972 0.00664212 -0.00321283 -0.00663117 0.999972 0.0532034 -0.284399 -0.248562
FixedParameters: 0 0 0

#Transform 226
Transform: AffineTransform_float_3_3
Parameters: 0.999997 -0.00215471 0.00138627 0.00214515 0.999973 0.0070006 -0.00140173 -0.00699774 0.999975 0.0922221 -0.269204 -0.215979
FixedParameters: 0 0 0

#Transform 227
Transform: AffineTransform_float_3_3
Parameters: 0.999997 -0.00240918 0.000711686 0.00240485 0.999976 0.00646672 -0.000727317 -0.00646532 0.999978 0.111929 -0.239875 -0.185038
FixedParameters: 0 0 0

#Transform 228
Transform: AffineTransform_float_3_3
Parameters: 0.999996 -0.00284521 0.000783703 0.00283941 0.999977 0.00616314 -0.000801291 -0.00616069 0.999981 0.0976655 -0.241072 -0.240484
FixedParameters: 0 0 0

#Transform 229
Transform: AffineTransform_float_3_3
Parameters: 0.999996 -0.00253641 0.00116166 0.00252904 0.999976 0.00655318 -0.00117835 -0.00655037 0.999977 0.153602 -0.265265 -0.137312
FixedParameters: 0 0 0

#Transform 230
Transform: AffineTransform_float_3_3
Parameters: 0.999998 -0.00175121 0.00148657 0.00174276 0.999984 0.00550269 -0.00149643 -0.00550059 0.999983 0.0885618 -0.230422 -0.259979
FixedParameters: 0 0 0

#Transform 231
Transform: AffineTransform_float_3_3
Parameters: 0.999997 -0.00212589 0.00143452 0.00211801 0.999982 0.00549791 -0.00144648 -0.0054949 0.999984 0.117748 -0.229884 -0.258368
FixedParameters: 0 0 0

#Transform 232
Transform: AffineTransform_float_3_3
Parameters: 0.999996 -0.00255362 0.00135795 0.00254644 0.999984 0.00517834 -0.00137105 -0.00517547 0.999986 0.0961625 -0.225402 -0.190579
FixedParameters: 0 0 0

#Transform 233
Transform: AffineTransform_float_3_3
Parameters: 0.999996 -0.00233345 0.00174841 0.00232528 0.999986 0.00459595 -0.00175959 -0.00459189 0.999988 0.129216 -0.287464 -0.353528
FixedParameters: 0 0 0

#Transform 234
Transform: AffineTransform_float_3_3
Parameters: 0.999995 -0.00282979 0.00135791 0.002824 0.999985 0.00466579 -0.00137109 -0.00466218 0.999988 0.160717 -0.33789 -0.318755
FixedParameters: 0 0 0

#Transform 235
Transform: AffineTransform_float_3_3
Parameters: 0.999997 -0.00251714 0.000107389 0.00251577 0.99998 0.00588773 -0.000122609 -0.00588815 0.999983 0.157999 -0.263868 -0.470032
FixedParameters: 0 0 0

#Transform 236
Transform: AffineTransform_float_3_3
Parameters: 0.999996 -0.0024247 0.000903373 0.00242007 0.999983 0.00527586 -0.000915626 -0.00527352 0.999985 0.127056 -0.285592 -0.589479
FixedParameters: 0 0 0

#Transform 237
Transform: AffineTransform_float_3_3
Parameters: 0.999996 -0.00269535 0.00104227 0.00268969 0.999981 0.00553473 -0.00105674 -0.00553216 0.999984 0.110907 -0.327359 -0.359656
FixedParameters: 0 0 0

#Transform 238
Transform: AffineTransform_float_3_3
Parameters: 0.999997 -0.00253688 -0.000491347 0.00253961 0.999972 0.00694704 0.000473659 -0.00694743 0.999975 0.101522 -0.317336 -0.130931
FixedParameters: 0 0 0

#Transform 239
Transform: AffineTransform_float_3_3
Parameters: 0.999995 -0.00273189 -0.00119594 0.00274151 0.999969 0.00740632 0.00117605 -0.0074097 0.999971 0.0799243 -0.260588 -0.211588
FixedParameters: 0 0 0
