#!ascii label  , from subject sub-v2s18x29496_ses-1 vox2ras=TkReg
2087
17047  -29.633  -65.602  -16.232 0.1000000015
16036  -28.387  -65.953  -17.442 0.1000000015
15093  -28.074  -67.590  -19.103 0.1000000015
17060  -27.779  -65.631  -17.844 0.1000000015
16049  -26.788  -65.954  -18.974 0.1000000015
18182  -27.872  -64.348  -18.787 0.1000000015
17106  -26.034  -65.855  -20.336 0.1000000015
18193  -28.081  -64.115  -20.581 0.1000000015
18204  -28.474  -64.271  -21.465 0.1000000015
17118  -26.909  -64.986  -21.650 0.1000000015
18217  -27.878  -64.785  -22.160 0.1000000015
18218  -28.998  -64.681  -22.258 0.1000000015
120627  -27.938  -65.402  -22.939 0.1000000015
17134  -26.678  -65.853  -22.869 0.1000000015
17126  -28.758  -65.277  -22.909 0.1000000015
17151  -31.500  -66.488  -25.241 0.1000000015
17135  -27.556  -65.957  -23.529 0.1000000015
17148  -28.484  -66.453  -24.736 0.1000000015
17136  -28.634  -65.812  -23.776 0.1000000015
19206  -31.031  -63.514  -16.503 0.1000000015
18121  -29.033  -65.019  -16.629 0.1000000015
18123  -30.345  -64.149  -16.217 0.1000000015
18142  -27.971  -64.983  -17.584 0.1000000015
20281  -30.768  -62.706  -18.111 0.1000000015
128521  -29.487  -63.475  -17.858 0.1000000015
18164  -28.231  -64.298  -17.996 0.1000000015
19244  -29.942  -63.058  -18.560 0.1000000015
19263  -28.599  -63.686  -19.874 0.1000000015
19264  -29.589  -63.332  -20.184 0.1000000015
19275  -30.060  -63.718  -21.052 0.1000000015
18219  -30.088  -64.786  -22.494 0.1000000015
139485  -33.764  -59.770  -22.264 0.1000000015
20338  -32.844  -62.172  -23.400 0.1000000015
20355  -33.534  -62.953  -24.112 0.1000000015
19295  -33.580  -64.041  -24.460 0.1000000015
18250  -33.286  -65.434  -24.398 0.1000000015
17139  -32.924  -65.486  -24.443 0.1000000015
18233  -32.932  -65.606  -23.970 0.1000000015
18232  -31.857  -65.626  -23.841 0.1000000015
17150  -30.856  -66.546  -24.866 0.1000000015
17137  -29.690  -65.770  -23.815 0.1000000015
18126  -33.611  -64.137  -16.224 0.1000000015
20265  -33.252  -62.632  -16.894 0.2000000030
18125  -32.227  -64.004  -15.859 0.1000000015
21327  -33.229  -61.997  -17.276 0.1000000015
21326  -32.666  -62.048  -17.721 0.1000000015
19207  -32.457  -63.433  -16.428 0.1000000015
21344  -33.181  -61.577  -18.034 0.1000000015
20282  -31.539  -62.560  -17.670 0.1000000015
29656  -37.135  -52.194  -16.932 0.1000000015
137888  -36.003  -52.771  -17.489 0.1000000015
20311  -32.414  -62.150  -19.396 0.1000000015
20310  -31.631  -62.407  -19.288 0.1000000015
19257  -30.175  -62.933  -19.568 0.1000000015
29660  -35.425  -53.021  -17.837 0.1000000015
142553  -35.642  -54.004  -18.693 0.1000000015
28521  -36.324  -53.705  -18.374 0.1000000015
27390  -36.526  -55.557  -19.674 0.1000000015
126315  -36.864  -57.110  -20.986 0.1000000015
24413  -36.121  -58.408  -21.680 0.1000000015
123846  -32.067  -62.677  -20.279 0.1000000015
19266  -31.536  -63.320  -20.828 0.1000000015
18206  -30.627  -64.342  -21.877 0.1000000015
26320  -35.701  -56.027  -19.720 0.1000000015
26327  -35.670  -56.672  -20.196 0.1000000015
25365  -35.628  -57.544  -20.796 0.1000000015
23436  -36.060  -60.234  -22.615 0.1000000015
21389  -36.751  -62.147  -22.706 0.1000000015
20340  -36.207  -62.776  -23.046 0.1000000015
19276  -31.117  -63.857  -21.339 0.1000000015
18207  -31.745  -64.511  -22.253 0.1000000015
24402  -34.876  -58.143  -21.094 0.1000000015
23435  -34.686  -59.967  -22.444 0.1000000015
21388  -36.071  -61.868  -23.249 0.1000000015
19287  -34.976  -65.001  -23.135 0.1000000015
18222  -33.685  -65.426  -23.396 0.1000000015
21387  -34.689  -61.460  -23.361 0.1000000015
21401  -34.672  -62.387  -23.739 0.1000000015
20357  -35.630  -63.310  -23.406 0.1000000015
18235  -34.235  -65.429  -23.828 0.1000000015
18221  -32.472  -65.226  -23.169 0.1000000015
18220  -31.225  -64.951  -22.850 0.1000000015
21313  -33.817  -62.095  -16.788 0.1000000015
122329  -33.877  -62.879  -16.650 0.2000000030
126327  -34.085  -63.697  -16.503 0.1000000015
121415  -34.867  -64.059  -16.731 0.2000000030
123476  -35.238  -64.860  -16.911 0.2000000030
21328  -33.868  -61.345  -17.306 0.1000000015
28500  -37.179  -53.694  -15.828 0.1000000015
29639  -36.712  -52.916  -16.562 0.1000000015
21355  -33.310  -61.652  -19.308 0.1000000015
20312  -32.970  -62.209  -20.337 0.1000000015
29661  -36.651  -52.572  -17.439 0.1000000015
28528  -36.805  -54.748  -19.025 0.1000000015
27391  -38.109  -55.626  -19.848 0.1000000015
26321  -38.018  -56.256  -20.541 0.1000000015
26328  -37.950  -56.808  -21.113 0.1000000015
24414  -37.384  -58.898  -21.914 0.1000000015
22400  -37.606  -61.099  -21.876 0.1000000015
21373  -36.282  -62.472  -21.965 0.1000000015
20329  -34.691  -63.478  -22.104 0.1000000015
19267  -32.428  -63.389  -21.339 0.1000000015
19286  -34.139  -65.118  -22.978 0.1000000015
139883  -36.996  -60.125  -15.366 0.1000000015
22335  -36.633  -60.618  -15.538 0.1000000015
23372  -35.826  -59.891  -16.172 0.1000000015
140459  -35.474  -60.807  -16.077 0.1000000015
21299  -35.693  -61.218  -15.846 0.1000000015
20252  -35.899  -62.001  -15.812 0.2000000030
20268  -36.321  -62.899  -16.263 0.2000000030
131825  -35.154  -61.776  -16.162 0.2000000030
18129  -36.346  -63.990  -16.933 0.2000000030
22358  -34.613  -60.799  -16.947 0.1000000015
22349  -35.324  -60.408  -16.491 0.1000000015
22359  -35.008  -60.136  -17.477 0.1000000015
22377  -34.851  -60.675  -19.357 0.1000000015
28501  -38.179  -53.473  -15.585 0.1000000015
30786  -38.353  -51.931  -16.509 0.1000000015
30809  -38.067  -51.896  -17.134 0.1000000015
29663  -38.726  -52.769  -17.688 0.1000000015
21345  -33.929  -61.110  -18.539 0.1000000015
21356  -34.504  -61.285  -19.933 0.1000000015
27369  -37.741  -54.609  -15.193 0.1000000015
27352  -38.233  -55.267  -14.522 0.1000000015
30802  -37.241  -52.101  -17.083 0.1000000015
29662  -37.585  -52.494  -17.522 0.1000000015
28529  -38.215  -55.046  -19.335 0.1000000015
27392  -39.329  -55.849  -19.539 0.1000000015
25368  -39.207  -57.566  -20.950 0.1000000015
23410  -38.145  -59.391  -20.615 0.1000000015
22379  -37.368  -60.723  -20.837 0.1000000015
22387  -35.844  -61.201  -20.574 0.1000000015
21365  -34.045  -61.911  -20.635 0.1000000015
27351  -37.327  -55.531  -14.723 0.1000000015
25375  -37.978  -58.277  -21.581 0.1000000015
23416  -38.116  -59.562  -21.165 0.1000000015
21368  -37.438  -61.571  -21.733 0.1000000015
21367  -36.781  -61.807  -21.485 0.1000000015
20320  -33.704  -62.600  -21.296 0.1000000015
26277  -36.842  -56.253  -14.273 0.1000000015
25296  -36.882  -57.055  -13.075 0.1000000015
26258  -36.258  -56.659  -13.529 0.1000000015
136488  -36.317  -57.012  -12.799 0.1000000015
25325  -37.872  -57.981  -15.613 0.1000000015
23357  -36.481  -59.838  -15.652 0.1000000015
25337  -38.350  -57.118  -16.197 0.1000000015
24375  -36.896  -58.367  -16.409 0.1000000015
22336  -37.626  -60.271  -15.340 0.1000000015
20253  -36.809  -61.977  -15.807 0.1000000015
25336  -37.594  -57.677  -16.488 0.1000000015
23373  -36.202  -59.077  -16.438 0.1000000015
20269  -37.478  -62.524  -16.458 0.2000000030
26304  -38.352  -56.850  -17.230 0.1000000015
24379  -36.629  -58.292  -17.289 0.1000000015
26261  -38.977  -56.139  -13.024 0.1000000015
27331  -38.629  -55.752  -13.797 0.1000000015
27353  -39.100  -54.884  -14.210 0.1000000015
28484  -39.525  -53.775  -14.487 0.1000000015
29625  -39.091  -53.095  -15.209 0.1000000015
29641  -38.637  -52.329  -15.908 0.1000000015
30787  -39.124  -51.742  -16.262 0.1000000015
26310  -39.528  -56.531  -18.345 0.1000000015
141391  -38.156  -57.384  -18.211 0.1000000015
23386  -36.013  -58.880  -17.673 0.1000000015
23397  -35.512  -59.495  -18.181 0.1000000015
28483  -38.661  -54.262  -14.877 0.1000000015
29669  -39.703  -54.086  -18.336 0.1000000015
124719  -39.626  -55.111  -18.863 0.1000000015
24395  -37.603  -58.877  -19.731 0.1000000015
23398  -36.321  -59.032  -18.979 0.1000000015
26243  -39.306  -56.275  -12.108 0.1000000015
29668  -38.431  -53.839  -18.308 0.1000000015
28523  -38.784  -54.872  -19.048 0.1000000015
26314  -39.525  -56.913  -19.706 0.1000000015
25356  -39.170  -58.003  -20.010 0.1000000015
24396  -38.707  -58.639  -20.297 0.1000000015
23409  -37.032  -59.743  -20.178 0.1000000015
22378  -36.099  -60.403  -20.147 0.1000000015
26278  -37.789  -56.102  -14.109 0.1000000015
26260  -38.174  -56.555  -13.370 0.1000000015
26259  -37.279  -56.669  -13.567 0.1000000015
25285  -36.914  -57.275  -12.395 0.1000000015
26240  -36.069  -57.033  -12.159 0.1000000015
123241  -35.448  -56.397  -11.938 0.1000000015
23358  -37.386  -59.585  -15.274 0.1000000015
26294  -39.946  -56.138  -15.611 0.1000000015
24369  -38.202  -58.449  -15.080 0.1000000015
21301  -37.230  -61.146  -15.608 0.1000000015
26306  -39.869  -55.810  -16.900 0.1000000015
27378  -40.676  -55.466  -16.717 0.1000000015
22317  -38.131  -59.602  -15.079 0.1000000015
20254  -37.977  -61.632  -16.162 0.1000000015
27382  -40.801  -55.552  -17.844 0.1000000015
27332  -39.422  -55.348  -13.493 0.1000000015
29626  -39.894  -52.606  -14.781 0.1000000015
27386  -40.402  -55.856  -18.359 0.1000000015
20270  -38.889  -61.998  -17.291 0.2000000030
28465  -39.871  -54.406  -13.807 0.1000000015
30805  -39.504  -51.636  -16.568 0.1000000015
29664  -39.852  -53.132  -17.688 0.1000000015
28524  -40.385  -55.282  -18.522 0.1000000015
25352  -39.552  -57.008  -19.247 0.1000000015
121324  -38.767  -56.809  -11.663 0.1000000015
25286  -37.730  -57.307  -12.250 0.1000000015
25271  -37.308  -57.344  -11.659 0.1000000015
26204  -37.061  -57.043  -10.227 0.1000000015
25270  -36.576  -57.238  -11.710 0.1000000015
25254  -36.765  -57.206  -11.019 0.1000000015
26223  -36.042  -56.934  -11.355 0.1000000015
27370  -41.336  -55.144  -16.365 0.1000000015
26295  -40.667  -55.557  -15.729 0.1000000015
27354  -41.274  -55.443  -15.301 0.1000000015
28502  -43.009  -54.067  -16.844 0.1000000015
26280  -40.596  -56.196  -14.891 0.1000000015
24350  -38.134  -59.096  -14.942 0.1000000015
27379  -41.362  -55.189  -17.410 0.1000000015
26279  -40.060  -57.131  -14.623 0.1000000015
28517  -41.767  -53.831  -17.576 0.1000000015
120013  -41.723  -54.777  -17.535 0.1000000015
24351  -39.044  -58.667  -14.777 0.1000000015
26244  -40.026  -55.742  -12.112 0.1000000015
27315  -40.565  -55.191  -12.661 0.1000000015
28466  -40.654  -54.269  -13.551 0.1000000015
28485  -40.306  -53.365  -14.219 0.1000000015
29627  -40.710  -52.443  -14.717 0.1000000015
30806  -40.472  -51.704  -16.398 0.1000000015
29657  -41.205  -52.620  -17.126 0.1000000015
138209  -41.286  -55.270  -17.780 0.1000000015
23335  -38.999  -59.292  -15.049 0.1000000015
21302  -38.536  -60.783  -15.812 0.1000000015
26226  -39.891  -56.017  -11.450 0.1000000015
30773  -40.364  -51.840  -15.324 0.1000000015
136507  -40.127  -52.173  -17.102 0.1000000015
27383  -40.964  -55.397  -18.104 0.1000000015
21316  -39.543  -61.158  -16.889 0.1000000015
26225  -39.263  -56.477  -11.231 0.1000000015
26206  -39.191  -56.377  -10.518 0.1000000015
26224  -38.546  -56.883  -10.889 0.1000000015
130691  -37.938  -56.904  -10.167 0.1000000015
26169  -36.873  -56.355  -8.943 0.1000000015
26187  -36.569  -56.605  -9.651 0.1000000015
27263  -36.116  -56.175  -9.200 0.1000000015
120863  -43.705  -54.008  -16.415 0.1000000015
28486  -42.900  -54.703  -15.716 0.1000000015
27355  -42.062  -55.372  -14.768 0.1000000015
29643  -43.684  -53.382  -16.490 0.1000000015
26281  -41.315  -56.135  -14.376 0.1000000015
28513  -42.980  -53.275  -16.874 0.1000000015
29659  -43.516  -52.726  -16.339 0.1000000015
25309  -39.523  -57.917  -14.581 0.1000000015
29658  -42.229  -52.984  -17.170 0.1000000015
25297  -40.874  -57.220  -14.029 0.1000000015
27278  -40.378  -55.913  -10.868 0.1000000015
30789  -40.890  -51.612  -15.845 0.1000000015
30807  -41.551  -52.124  -16.435 0.1000000015
30808  -42.573  -52.505  -16.486 0.1000000015
25310  -40.418  -58.083  -14.231 0.1000000015
22337  -39.223  -59.924  -15.522 0.1000000015
26207  -39.740  -56.170  -10.843 0.1000000015
27296  -40.760  -55.658  -11.667 0.1000000015
27316  -41.413  -55.160  -12.294 0.1000000015
28467  -41.443  -53.968  -13.628 0.1000000015
29615  -41.071  -53.227  -14.237 0.1000000015
30774  -41.255  -51.925  -15.311 0.1000000015
23336  -40.165  -59.212  -15.052 0.1000000015
27277  -39.856  -55.880  -10.154 0.1000000015
26171  -38.600  -55.830  -9.043 0.1000000015
26190  -39.024  -56.128  -9.787 0.1000000015
28409  -37.989  -55.473  -8.300 0.1000000015
26189  -38.233  -56.446  -9.546 0.1000000015
26170  -37.707  -56.215  -8.877 0.1000000015
27250  -36.398  -55.831  -8.576 0.1000000015
27238  -36.881  -55.420  -8.043 0.1000000015
30777  -44.169  -52.319  -15.273 0.1000000015
30793  -44.649  -52.248  -15.495 0.1000000015
29644  -44.429  -52.690  -15.936 0.1000000015
27356  -43.038  -55.256  -14.755 0.1000000015
29630  -43.427  -52.418  -14.960 0.1000000015
28468  -42.245  -53.937  -13.640 0.1000000015
29617  -42.799  -53.201  -14.379 0.1000000015
29629  -42.416  -52.467  -14.908 0.1000000015
30792  -43.877  -52.374  -15.739 0.1000000015
27334  -41.970  -56.179  -13.983 0.1000000015
123872  -40.625  -55.649  -10.231 0.1000000015
121771  -41.157  -55.647  -10.770 0.1000000015
28451  -41.167  -54.626  -12.989 0.1000000015
29628  -41.548  -52.429  -14.801 0.1000000015
30775  -42.167  -52.146  -15.360 0.1000000015
25298  -41.694  -57.764  -13.736 0.1000000015
27264  -40.469  -55.307  -9.446 0.1000000015
24352  -40.189  -58.686  -14.658 0.1000000015
23359  -40.324  -59.592  -15.505 0.1000000015
122335  -39.494  -55.528  -9.302 0.1000000015
118910  -39.069  -55.134  -8.576 0.1000000015
28395  -38.705  -54.570  -7.995 0.1000000015
29555  -38.494  -53.796  -7.476 0.1000000015
28394  -37.628  -54.691  -7.727 0.1000000015
29538  -37.942  -53.268  -6.786 0.1000000015
28393  -36.412  -54.758  -7.625 0.1000000015
28503  -44.358  -53.588  -16.002 0.1000000015
28487  -43.784  -54.593  -15.565 0.1000000015
127754  -44.412  -54.468  -15.280 0.1000000015
27357  -43.950  -55.171  -14.677 0.1000000015
27279  -42.026  -55.374  -10.520 0.1000000015
27317  -42.280  -55.096  -12.136 0.1000000015
28453  -42.707  -54.542  -12.816 0.1000000015
29618  -43.798  -53.030  -14.362 0.1000000015
27253  -40.657  -54.652  -8.847 0.1000000015
119029  -41.320  -55.365  -9.919 0.1000000015
27297  -41.735  -55.462  -11.444 0.1000000015
26262  -41.702  -56.925  -13.694 0.1000000015
27252  -39.922  -54.871  -8.807 0.1000000015
28410  -39.548  -54.381  -8.281 0.1000000015
29556  -39.522  -53.367  -7.569 0.1000000015
28396  -39.266  -53.947  -7.848 0.1000000015
30697  -38.990  -52.949  -7.093 0.1000000015
30685  -38.538  -52.459  -6.467 0.1000000015
30684  -37.496  -52.614  -6.299 0.1000000015
29631  -44.538  -52.116  -14.947 0.1000000015
29645  -45.078  -52.060  -15.459 0.1000000015
28504  -45.091  -52.774  -15.676 0.1000000015
28488  -45.041  -53.898  -15.287 0.1000000015
28489  -45.702  -53.179  -15.060 0.1000000015
29619  -44.774  -52.496  -13.999 0.1000000015
28469  -43.182  -53.872  -13.588 0.1000000015
122409  -40.326  -54.181  -8.451 0.1000000015
28411  -41.155  -54.048  -8.626 0.1000000015
29570  -39.959  -53.715  -8.019 0.1000000015
30698  -39.994  -52.784  -7.187 0.1000000015
31919  -38.113  -51.833  -6.001 0.1000000015
30778  -44.989  -51.860  -15.203 0.1000000015
29632  -45.561  -52.058  -15.223 0.1000000015
28470  -43.978  -53.629  -13.482 0.1000000015
28421  -41.356  -54.738  -9.174 0.1000000015
27265  -42.181  -54.859  -9.677 0.1000000015
27298  -42.771  -55.254  -11.264 0.1000000015
28454  -43.649  -54.367  -12.775 0.1000000015
30699  -40.845  -52.554  -7.427 0.1000000015
30687  -40.440  -52.249  -6.793 0.1000000015
30686  -39.506  -52.344  -6.631 0.1000000015
31920  -39.031  -51.792  -6.104 0.1000000015
123309  -38.600  -51.268  -5.599 0.1000000015
31885  -38.075  -50.799  -5.080 0.1000000015
28443  -44.106  -54.593  -12.045 0.1000000015
28455  -44.424  -53.736  -12.822 0.1000000015
29572  -41.557  -53.224  -8.393 0.1000000015
134999  -42.218  -53.838  -8.984 0.1000000015
27280  -42.911  -54.967  -10.334 0.1000000015
125730  -43.550  -54.954  -10.892 0.1000000015
29558  -41.168  -52.822  -7.969 0.1000000015
31902  -39.504  -51.276  -5.658 0.1000000015
33041  -39.049  -50.795  -5.131 0.1000000015
33023  -39.558  -50.470  -4.555 0.1000000015
27281  -44.264  -54.497  -11.262 0.1000000015
28422  -43.054  -54.268  -9.719 0.1000000015
28434  -43.805  -54.469  -10.438 0.1000000015
30688  -41.256  -52.094  -7.059 0.1000000015
31921  -39.941  -51.758  -6.238 0.1000000015
33042  -39.965  -50.826  -5.204 0.1000000015
33003  -40.063  -50.181  -3.773 0.1000000015
30700  -41.589  -52.340  -7.640 0.1000000015
31904  -41.279  -51.279  -5.939 0.1000000015
33043  -40.864  -50.843  -5.289 0.1000000015
33024  -40.467  -50.518  -4.570 0.1000000015
34085  -40.714  -49.808  -3.056 0.1000000015
33004  -41.045  -50.288  -3.790 0.1000000015
31923  -41.657  -51.644  -6.646 0.1000000015
33025  -41.390  -50.540  -4.613 0.1000000015
16051  -28.093  -66.477  -18.024 0.1000000015
15077  -27.610  -66.896  -18.748 0.1000000015
18163  -27.596  -64.927  -18.147 0.1000000015
137955  -26.918  -65.346  -19.087 0.1000000015
19255  -28.516  -63.821  -18.939 0.1000000015
18192  -27.256  -64.583  -20.374 0.1000000015
17117  -26.278  -65.324  -21.039 0.1000000015
19274  -28.986  -63.719  -20.843 0.1000000015
19205  -30.217  -63.560  -16.841 0.1000000015
19224  -30.906  -62.975  -17.232 0.1000000015
19204  -29.500  -63.751  -17.187 0.1000000015
20298  -30.794  -62.583  -18.992 0.1000000015
19256  -29.307  -63.355  -19.258 0.1000000015
20309  -31.086  -62.752  -19.896 0.1000000015
19265  -30.588  -63.272  -20.467 0.1000000015
22412  -34.101  -60.451  -22.778 0.1000000015
19294  -32.364  -64.022  -24.378 0.1000000015
19296  -34.614  -64.674  -24.091 0.1000000015
19315  -33.019  -65.033  -24.678 0.1000000015
19208  -33.249  -63.370  -16.529 0.1000000015
20283  -32.251  -62.483  -17.405 0.1000000015
20300  -32.083  -62.211  -18.057 0.1000000015
29640  -37.685  -52.517  -16.383 0.1000000015
29667  -36.996  -53.163  -17.983 0.1000000015
25374  -37.015  -57.922  -21.507 0.1000000015
136698  -35.356  -58.761  -21.756 0.1000000015
142709  -36.834  -60.083  -22.435 0.1000000015
22413  -35.351  -60.868  -22.939 0.1000000015
23428  -37.481  -60.072  -22.095 0.1000000015
21374  -36.986  -62.086  -22.176 0.1000000015
19297  -35.485  -64.330  -23.467 0.1000000015
20339  -35.852  -63.777  -23.028 0.1000000015
19277  -32.127  -64.030  -21.779 0.1000000015
19280  -35.400  -64.332  -22.921 0.1000000015
18208  -32.941  -64.813  -22.686 0.1000000015
21315  -35.096  -61.065  -16.330 0.1000000015
20267  -35.309  -62.604  -16.274 0.2000000030
19210  -35.476  -63.542  -16.602 0.2000000030
141500  -32.803  -62.763  -21.058 0.1000000015
28522  -37.566  -54.287  -18.622 0.1000000015
26329  -38.890  -56.928  -20.973 0.1000000015
24415  -38.241  -58.871  -21.451 0.1000000015
23415  -37.773  -60.280  -21.019 0.1000000015
20321  -34.962  -62.537  -21.617 0.1000000015
20328  -33.472  -63.433  -21.782 0.1000000015
23385  -35.545  -59.618  -16.982 0.1000000015
26322  -39.059  -56.598  -20.284 0.1000000015
25357  -39.282  -57.583  -20.315 0.1000000015
24403  -38.704  -58.851  -20.956 0.1000000015
21366  -35.374  -61.788  -21.096 0.1000000015
26276  -35.921  -56.085  -14.336 0.1000000015
25327  -39.430  -57.102  -15.106 0.1000000015
24368  -37.582  -58.782  -15.303 0.1000000015
24367  -36.882  -58.985  -15.691 0.1000000015
24380  -37.801  -57.363  -17.479 0.1000000015
19211  -38.082  -63.033  -17.235 0.2000000030
24385  -36.870  -58.360  -18.497 0.1000000015
26311  -40.179  -56.092  -18.142 0.1000000015
25351  -38.845  -57.546  -19.141 0.1000000015
24386  -37.513  -57.743  -18.089 0.1000000015
23408  -35.869  -59.640  -19.316 0.1000000015
28515  -40.643  -54.400  -18.175 0.1000000015
135824  -39.366  -57.453  -19.789 0.1000000015
26315  -39.994  -56.332  -18.896 0.1000000015
22350  -40.484  -60.442  -16.662 0.1000000015
26188  -37.389  -56.664  -9.518 0.1000000015
26203  -36.206  -56.733  -10.440 0.1000000015
28512  -42.380  -53.993  -17.287 0.1000000015
26205  -38.606  -56.567  -10.178 0.1000000015
30776  -43.152  -52.269  -15.338 0.1000000015
29554  -37.203  -54.023  -7.227 0.1000000015
29537  -36.769  -53.427  -6.667 0.1000000015
27318  -43.241  -54.960  -12.090 0.1000000015
21198  -37.085  -62.009  -4.235 0.5000000000
15948  -41.087  -67.167  -8.443 0.5000000000
15937  -41.339  -66.798  -7.729 0.5000000000
21182  -36.743  -61.458  -3.779 0.5000000000
20159  -36.663  -62.228  -5.035 0.5000000000
20160  -37.380  -62.688  -5.201 0.5000000000
16980  -40.679  -66.425  -8.173 0.5000000000
22175  -35.103  -59.910  -3.460 0.5000000000
123925  -35.665  -60.459  -3.546 0.5000000000
21197  -36.231  -61.625  -4.490 0.5000000000
16979  -39.916  -65.992  -8.509 0.5000000000
22201  -35.871  -60.999  -3.970 0.5000000000
22188  -35.107  -60.292  -4.194 0.5000000000
21210  -35.778  -61.736  -5.214 0.5000000000
21196  -35.263  -61.007  -4.923 0.4000000060
21209  -34.962  -61.427  -5.962 0.4000000060
15977  -40.443  -66.670  -10.631 0.5000000000
15982  -40.767  -66.689  -11.664 0.5000000000
15981  -39.388  -66.476  -11.334 0.5000000000
15986  -39.492  -66.469  -12.231 0.5000000000
17015  -37.860  -65.201  -13.079 0.5000000000
19179  -37.779  -63.573  -13.368 0.4000000060
20226  -38.000  -62.357  -12.968 0.4000000060
118653  -42.717  -66.454  -4.697 0.1000000015
15938  -41.815  -67.201  -7.157 0.5000000000
22189  -36.594  -60.768  -3.233 0.5000000000
141301  -37.146  -61.270  -3.418 0.5000000000
20148  -37.890  -62.329  -4.133 0.5000000000
19098  -38.703  -63.335  -5.599 0.4000000060
16964  -41.039  -65.985  -7.539 0.5000000000
23196  -35.193  -59.581  -2.719 0.5000000000
22176  -35.858  -60.136  -2.991 0.5000000000
23187  -34.602  -58.833  -2.409 0.5000000000
25156  -34.259  -57.600  -1.671 0.5000000000
25160  -34.169  -58.023  -2.460 0.5000000000
23195  -34.541  -59.282  -3.345 0.5000000000
127023  -34.070  -57.329  -2.306 0.4000000060
24210  -34.231  -58.510  -3.357 0.3000000119
23201  -34.694  -59.661  -3.932 0.5000000000
22187  -34.690  -59.773  -4.490 0.4000000060
22212  -34.586  -60.597  -5.776 0.4000000060
20183  -35.981  -62.798  -6.641 0.6999999881
20184  -36.648  -63.374  -7.099 0.5000000000
25168  -34.111  -57.522  -3.129 0.3000000119
25179  -34.285  -57.984  -3.897 0.3000000119
23214  -34.414  -59.192  -4.130 0.3000000119
134289  -34.479  -60.033  -5.723 0.4000000060
138110  -35.172  -62.034  -6.560 0.5000000000
19121  -35.727  -63.130  -7.686 0.6000000238
18019  -37.435  -64.370  -7.969 0.6000000238
18034  -38.439  -64.922  -8.249 0.6000000238
15947  -40.519  -66.658  -8.867 0.5000000000
23223  -34.627  -59.590  -5.115 0.3000000119
21218  -34.682  -60.583  -7.259 0.4000000060
20188  -35.162  -62.508  -8.234 0.5000000000
18032  -36.518  -64.213  -8.470 0.6000000238
18045  -36.897  -64.740  -9.717 0.6000000238
15976  -39.040  -66.305  -10.479 0.5000000000
24233  -34.948  -58.561  -5.227 0.4000000060
140316  -34.555  -59.808  -6.434 0.4000000060
21232  -34.944  -61.749  -8.393 0.5000000000
19136  -35.371  -63.050  -9.393 0.5000000000
18056  -36.363  -64.246  -10.218 0.5000000000
17002  -36.977  -64.961  -10.536 0.5000000000
17007  -38.292  -66.175  -11.838 0.5000000000
24234  -35.786  -58.230  -5.626 0.4000000060
136159  -35.391  -59.229  -6.620 0.4000000060
22229  -35.046  -60.136  -7.832 0.5000000000
20199  -35.385  -62.358  -9.709 0.5000000000
19146  -35.955  -62.980  -10.813 0.4000000060
140248  -36.842  -64.842  -11.226 0.5000000000
18059  -36.870  -64.741  -11.780 0.5000000000
23242  -35.569  -59.599  -7.397 0.4000000060
119093  -35.593  -60.378  -8.541 0.5000000000
21246  -35.556  -61.855  -9.935 0.5000000000
20211  -36.304  -62.743  -11.285 0.4000000060
18062  -36.581  -63.913  -11.993 0.4000000060
18063  -37.123  -64.535  -12.509 0.5000000000
22238  -37.283  -60.300  -9.240 0.5000000000
22260  -37.096  -61.135  -10.485 0.4000000060
20212  -36.852  -62.454  -11.832 0.4000000060
20225  -37.252  -62.780  -12.490 0.4000000060
22249  -37.443  -60.719  -9.942 0.3000000119
117705  -38.032  -60.812  -10.515 0.4000000060
21248  -37.650  -61.229  -11.163 0.3000000119
21257  -38.717  -60.916  -11.277 0.3000000119
21258  -39.020  -61.131  -12.205 0.3000000119
17969  -42.972  -65.614  -3.037 0.1000000015
16926  -41.852  -66.436  -4.358 0.1000000015
16913  -43.350  -65.630  -3.720 0.1000000015
16912  -42.686  -66.004  -3.829 0.1000000015
17996  -43.169  -65.129  -5.425 0.4000000060
16935  -43.069  -66.015  -5.393 0.4000000060
16950  -42.765  -66.327  -6.028 0.4000000060
16949  -42.347  -65.912  -6.597 0.5000000000
16948  -41.458  -65.551  -6.934 0.5000000000
16965  -41.824  -66.350  -7.138 0.5000000000
22177  -37.405  -60.352  -2.658 0.5000000000
21172  -37.610  -61.033  -3.085 0.5000000000
21183  -37.613  -61.674  -3.608 0.5000000000
20161  -38.145  -62.852  -4.864 0.4000000060
18007  -40.906  -64.826  -6.650 0.5000000000
18021  -40.508  -65.216  -7.214 0.5000000000
23188  -35.670  -59.163  -1.956 0.5000000000
23197  -36.212  -59.662  -2.414 0.5000000000
125296  -36.650  -60.140  -2.706 0.5000000000
25157  -34.929  -58.020  -1.068 0.5000000000
24200  -34.557  -58.216  -1.823 0.5000000000
18006  -39.566  -64.289  -6.798 0.6000000238
26108  -33.900  -56.741  -1.608 0.4000000060
27174  -34.052  -55.919  -2.327 0.2000000030
28315  -34.078  -55.044  -2.013 0.2000000030
26111  -34.119  -56.688  -2.642 0.3000000119
25169  -34.546  -57.236  -3.901 0.3000000119
25180  -34.875  -57.519  -4.482 0.4000000060
27185  -34.488  -55.984  -3.002 0.3000000119
26120  -34.670  -56.517  -3.555 0.3000000119
28327  -35.682  -54.913  -3.163 0.3000000119
26121  -35.700  -56.080  -4.052 0.4000000060
25181  -35.770  -57.174  -4.874 0.4000000060
26132  -36.245  -56.565  -4.584 0.3000000119
25193  -36.325  -57.606  -5.343 0.4000000060
23232  -36.547  -59.195  -6.794 0.4000000060
25182  -36.628  -57.009  -5.052 0.3000000119
26141  -37.397  -57.366  -5.436 0.3000000119
23233  -37.713  -59.289  -6.848 0.3000000119
22237  -36.497  -60.028  -8.561 0.4000000060
23234  -38.544  -59.324  -6.932 0.3000000119
23256  -38.822  -59.876  -8.020 0.3000000119
22250  -38.278  -60.448  -9.759 0.4000000060
24263  -39.644  -58.972  -7.043 0.2000000030
23246  -39.900  -59.241  -7.625 0.2000000030
22240  -39.445  -59.848  -8.684 0.3000000119
119048  -38.974  -60.547  -10.393 0.3000000119
24250  -40.847  -58.080  -6.950 0.1000000015
23247  -40.675  -58.934  -7.959 0.2000000030
22252  -40.186  -59.986  -9.329 0.4000000060
26153  -43.283  -56.203  -7.132 0.1000000015
19088  -43.977  -63.877  -4.322 0.1000000015
16927  -43.293  -65.628  -4.580 0.1000000015
17982  -43.461  -64.394  -4.994 0.2000000030
137681  -42.785  -64.350  -5.445 0.5000000000
17995  -42.423  -64.710  -5.871 0.4000000060
18008  -41.931  -65.098  -6.405 0.4000000060
22178  -38.442  -60.544  -2.586 0.5000000000
21173  -38.402  -61.351  -3.147 0.4000000060
20149  -39.353  -62.181  -3.650 0.4000000060
20162  -39.750  -62.736  -4.281 0.4000000060
19100  -40.239  -63.831  -5.775 0.5000000000
17994  -41.244  -64.339  -6.034 0.5000000000
24202  -36.366  -58.627  -1.320 0.5000000000
23189  -36.843  -59.123  -1.849 0.5000000000
23198  -37.192  -59.669  -2.289 0.4000000060
19113  -40.217  -64.287  -6.402 0.4000000060
134744  -33.997  -56.830  -0.592 0.4000000060
25151  -35.374  -57.751  -0.244 0.4000000060
24201  -35.279  -58.561  -1.503 0.5000000000
120351  -33.882  -56.426  0.079 0.4000000060
127283  -34.437  -57.427  -0.787 0.5000000000
26103  -33.728  -56.156  -0.859 0.4000000060
129863  -33.670  -55.399  -0.281 0.3000000119
120439  -33.753  -55.402  -1.199 0.3000000119
28310  -34.531  -54.144  -1.795 0.2000000030
28316  -35.018  -54.500  -2.559 0.2000000030
29458  -35.086  -53.392  -1.654 0.1000000015
29465  -35.284  -53.834  -2.291 0.3000000119
29466  -35.921  -53.316  -2.265 0.1000000015
27187  -36.284  -55.438  -3.648 0.3000000119
28317  -36.058  -54.022  -2.918 0.2000000030
28318  -37.234  -54.094  -3.080 0.2000000030
27188  -37.426  -55.414  -3.716 0.2000000030
26133  -37.326  -56.539  -4.776 0.2000000030
136956  -38.300  -57.445  -5.755 0.2000000030
27208  -38.357  -55.635  -4.192 0.2000000030
26142  -38.314  -56.696  -5.287 0.2000000030
25202  -38.779  -58.008  -6.145 0.2000000030
26134  -38.686  -56.024  -4.909 0.2000000030
26143  -39.354  -56.311  -5.461 0.1000000015
24249  -40.044  -58.296  -6.790 0.2000000030
27210  -40.837  -55.240  -5.170 0.1000000015
26144  -40.640  -56.763  -6.192 0.1000000015
123564  -41.280  -57.282  -6.643 0.1000000015
25205  -41.536  -57.847  -7.161 0.1000000015
27219  -41.504  -55.683  -5.780 0.1000000015
27227  -42.084  -56.089  -6.273 0.1000000015
25206  -42.166  -57.304  -7.086 0.1000000015
27228  -42.813  -55.754  -6.466 0.1000000015
26152  -42.541  -56.529  -6.764 0.1000000015
27229  -43.611  -55.413  -6.798 0.1000000015
28373  -45.426  -53.998  -6.022 0.1000000015
20165  -43.132  -63.368  -4.634 0.3000000119
21177  -42.611  -61.388  -2.948 0.3000000119
20164  -41.994  -63.014  -4.570 0.3000000119
129922  -42.527  -63.703  -5.123 0.3000000119
19101  -41.930  -64.032  -5.514 0.4000000060
22180  -41.217  -60.355  -2.323 0.3000000119
21187  -41.993  -61.895  -3.426 0.3000000119
19087  -41.404  -63.470  -5.001 0.5000000000
128753  -41.002  -63.814  -5.462 0.5000000000
23199  -38.909  -59.650  -1.887 0.4000000060
133294  -39.894  -60.750  -2.800 0.5000000000
21185  -39.886  -61.514  -3.214 0.4000000060
19086  -40.238  -63.384  -4.980 0.5000000000
118760  -35.726  -57.496  0.458 0.4000000060
24195  -36.969  -58.192  -0.575 0.4000000060
24203  -37.428  -58.607  -1.198 0.5000000000
23190  -37.940  -59.221  -1.662 0.5000000000
26084  -34.375  -56.003  1.507 0.4000000060
26098  -34.561  -56.514  0.944 0.4000000060
25145  -34.655  -57.185  0.206 0.4000000060
142639  -33.857  -55.404  1.266 0.4000000060
122304  -33.876  -55.816  0.731 0.4000000060
27151  -34.108  -55.472  1.936 0.4000000060
119926  -33.685  -54.775  1.423 0.3000000119
27163  -33.677  -54.965  0.607 0.3000000119
28292  -33.677  -54.002  0.731 0.3000000119
28298  -33.795  -54.369  -0.190 0.3000000119
29434  -33.857  -53.066  0.415 0.3000000119
135879  -33.957  -53.613  -0.070 0.2000000030
135998  -34.766  -52.420  -0.389 0.1000000015
29444  -34.951  -52.904  -0.922 0.1000000015
30645  -36.552  -52.857  -2.165 0.1000000015
29467  -36.827  -53.373  -2.644 0.1000000015
30646  -37.323  -52.761  -2.333 0.1000000015
28329  -37.593  -54.760  -3.339 0.2000000030
29468  -37.918  -53.410  -2.788 0.2000000030
28330  -38.876  -54.376  -3.536 0.2000000030
27190  -38.988  -54.922  -4.084 0.1000000015
28331  -39.459  -54.458  -3.850 0.1000000015
28350  -40.478  -54.643  -4.496 0.1000000015
28333  -40.911  -54.002  -3.999 0.1000000015
27220  -42.316  -55.308  -5.920 0.1000000015
28352  -42.166  -54.144  -4.838 0.1000000015
28370  -42.635  -54.559  -5.492 0.1000000015
28371  -43.496  -54.295  -5.651 0.1000000015
29515  -43.915  -53.811  -5.082 0.1000000015
28372  -44.394  -54.088  -5.847 0.1000000015
29517  -45.984  -53.969  -5.191 0.1000000015
134103  -46.679  -54.104  -4.803 0.1000000015
131783  -47.395  -54.311  -4.445 0.1000000015
28335  -49.065  -54.683  -3.571 0.1000000015
22182  -43.431  -61.023  -2.416 0.3000000119
21168  -44.273  -61.434  -2.236 0.2000000030
23193  -42.055  -59.593  -1.178 0.3000000119
22166  -40.840  -59.680  -1.780 0.4000000060
23183  -40.763  -59.139  -0.524 0.3000000119
25146  -36.415  -57.511  0.882 0.3000000119
25152  -36.516  -57.776  0.089 0.3000000119
25153  -37.463  -57.887  0.044 0.4000000060
24197  -38.685  -58.448  -0.350 0.4000000060
23182  -39.931  -58.781  -0.742 0.3000000119
27134  -34.686  -56.116  2.231 0.3000000119
26099  -35.547  -57.026  1.122 0.3000000119
139029  -39.376  -58.680  -0.382 0.4000000060
24191  -39.881  -58.926  -0.202 0.3000000119
28244  -33.765  -54.891  2.824 0.3000000119
28259  -33.761  -54.842  2.213 0.3000000119
28243  -33.532  -54.454  3.266 0.3000000119
28258  -33.587  -54.171  2.539 0.3000000119
29399  -33.531  -53.340  2.113 0.3000000119
29421  -33.637  -53.216  1.260 0.3000000119
30603  -34.310  -52.325  0.182 0.1000000015
30610  -34.951  -51.794  -0.062 0.1000000015
31821  -35.378  -51.167  0.467 0.1000000015
30611  -35.452  -52.172  -0.748 0.1000000015
136853  -36.680  -51.331  -0.495 0.1000000015
30612  -36.436  -51.854  -1.078 0.1000000015
31853  -37.250  -51.913  -1.405 0.1000000015
30647  -38.197  -52.621  -2.341 0.1000000015
29469  -38.840  -53.057  -2.666 0.2000000030
138297  -39.588  -52.839  -2.552 0.2000000030
140650  -39.394  -53.335  -2.942 0.2000000030
29484  -40.498  -53.682  -3.402 0.1000000015
30649  -40.365  -52.743  -2.490 0.1000000015
29485  -41.343  -53.541  -3.408 0.1000000015
29495  -41.752  -53.816  -4.089 0.1000000015
29486  -42.201  -53.396  -3.475 0.1000000015
29496  -42.621  -53.646  -4.216 0.1000000015
29487  -43.091  -53.267  -3.629 0.1000000015
29497  -43.495  -53.541  -4.356 0.1000000015
29498  -44.354  -53.561  -4.445 0.1000000015
29516  -44.843  -53.824  -5.171 0.1000000015
29500  -46.226  -54.054  -4.251 0.1000000015
29490  -46.824  -54.267  -3.454 0.1000000015
29491  -47.812  -54.646  -3.730 0.1000000015
28322  -49.238  -54.628  -3.034 0.1000000015
28334  -48.487  -54.919  -3.294 0.1000000015
29492  -49.521  -54.175  -3.729 0.1000000015
21163  -45.482  -61.798  -0.760 0.2000000030
21169  -44.858  -61.676  -1.622 0.2000000030
22149  -44.799  -60.719  0.422 0.2000000030
22157  -43.608  -60.312  -0.809 0.3000000119
22133  -43.322  -60.444  1.324 0.2000000030
22147  -42.940  -59.996  -0.130 0.3000000119
23185  -42.574  -59.741  -0.759 0.3000000119
25147  -37.237  -57.804  0.634 0.3000000119
24189  -38.083  -58.131  0.326 0.3000000119
26070  -35.367  -56.706  2.475 0.3000000119
26071  -35.746  -56.872  1.826 0.3000000119
25132  -36.252  -57.307  1.596 0.3000000119
24179  -37.650  -58.059  1.128 0.3000000119
24180  -38.295  -58.576  0.941 0.3000000119
24190  -38.989  -58.692  0.209 0.3000000119
27123  -33.832  -55.287  3.409 0.3000000119
136954  -34.265  -55.894  3.423 0.3000000119
23161  -37.817  -58.660  1.585 0.3000000119
23174  -38.860  -59.319  0.944 0.3000000119
23163  -39.361  -59.820  1.049 0.2000000030
23176  -40.483  -59.388  0.170 0.2000000030
27113  -33.419  -54.885  4.087 0.2000000030
124503  -33.114  -53.928  3.853 0.3000000119
29377  -33.422  -53.422  2.987 0.3000000119
30570  -33.510  -52.693  2.426 0.3000000119
30590  -33.655  -52.529  1.727 0.3000000119
31820  -34.422  -51.594  0.799 0.1000000015
31803  -34.291  -51.353  1.752 0.2000000030
31804  -34.980  -50.894  1.339 0.1000000015
31805  -36.010  -50.702  1.207 0.1000000015
117780  -37.234  -50.758  1.377 0.1000000015
31786  -38.151  -51.446  3.457 0.1000000015
31753  -38.713  -52.360  4.399 0.1000000015
129712  -37.458  -50.892  0.495 0.1000000015
31806  -38.261  -51.142  2.229 0.1000000015
31807  -39.003  -51.571  2.406 0.1000000015
30572  -39.943  -53.053  3.799 0.1000000015
31755  -40.069  -52.821  4.290 0.1000000015
141611  -41.368  -51.095  3.821 0.1000000015
119880  -37.381  -51.106  -0.230 0.1000000015
31823  -38.232  -51.080  0.237 0.1000000015
31808  -39.627  -51.563  1.814 0.1000000015
31788  -39.491  -52.421  3.203 0.1000000015
30543  -40.450  -53.132  4.007 0.1000000015
137195  -41.715  -53.139  3.841 0.1000000015
31855  -38.668  -51.710  -1.207 0.1000000015
31838  -38.882  -51.438  -0.431 0.1000000015
30630  -38.447  -52.105  -1.807 0.1000000015
30631  -39.776  -52.220  -1.990 0.2000000030
30650  -41.174  -52.702  -2.441 0.1000000015
29472  -41.721  -53.115  -2.885 0.1000000015
29473  -42.663  -52.937  -2.882 0.1000000015
117846  -43.967  -53.252  -3.801 0.1000000015
121107  -44.727  -53.435  -3.878 0.1000000015
29489  -45.547  -53.650  -3.506 0.1000000015
29477  -47.261  -54.488  -2.682 0.1000000015
139929  -47.759  -54.820  -3.132 0.1000000015
28321  -48.905  -55.091  -2.911 0.1000000015
22080  -41.607  -60.259  4.519 0.2000000030
129520  -42.768  -60.498  1.964 0.2000000030
23178  -42.161  -59.670  -0.092 0.3000000119
23184  -41.716  -59.438  -0.595 0.3000000119
22079  -40.755  -60.343  4.407 0.2000000030
22099  -42.085  -60.522  3.767 0.2000000030
123796  -41.987  -60.531  2.093 0.2000000030
22146  -41.786  -60.002  0.537 0.3000000119
23177  -41.352  -59.488  0.031 0.3000000119
25122  -35.736  -57.278  2.956 0.3000000119
24164  -36.631  -58.140  2.707 0.3000000119
24165  -37.051  -58.767  2.750 0.3000000119
138980  -37.644  -59.225  2.371 0.3000000119
26060  -34.537  -56.482  3.838 0.3000000119
25112  -35.479  -57.453  3.630 0.3000000119
23144  -36.580  -58.774  3.403 0.3000000119
23145  -37.189  -59.368  3.333 0.3000000119
23162  -38.281  -59.288  1.614 0.3000000119
28215  -32.964  -54.665  5.891 0.2000000030
27105  -33.842  -56.097  5.301 0.3000000119
22129  -38.861  -59.909  1.610 0.2000000030
132642  -40.514  -60.359  1.491 0.2000000030
28225  -32.939  -54.331  4.775 0.2000000030
29365  -32.852  -53.322  4.514 0.2000000030
29350  -32.679  -53.623  5.417 0.2000000030
122062  -33.170  -52.911  3.715 0.3000000119
127789  -33.460  -52.410  3.024 0.3000000119
30571  -33.731  -51.875  2.272 0.2000000030
30542  -33.374  -52.110  3.637 0.3000000119
31750  -33.580  -51.465  3.952 0.2000000030
31751  -34.057  -50.937  3.495 0.2000000030
32930  -34.764  -50.640  3.129 0.2000000030
32952  -36.343  -50.563  3.092 0.1000000015
31825  -40.086  -51.383  0.638 0.1000000015
31809  -40.541  -51.770  1.609 0.1000000015
30592  -40.885  -52.656  2.460 0.1000000015
30573  -40.903  -53.271  3.414 0.1000000015
31839  -39.606  -51.439  -0.167 0.1000000015
31826  -41.068  -51.478  0.494 0.1000000015
30593  -41.558  -53.120  2.638 0.1000000015
124991  -40.357  -51.566  -0.491 0.1000000015
31841  -41.824  -51.525  -0.290 0.1000000015
31827  -42.007  -51.577  0.707 0.1000000015
31828  -42.873  -51.728  0.897 0.1000000015
124190  -40.223  -51.895  -1.424 0.1000000015
31857  -40.884  -51.867  -1.291 0.1000000015
31842  -42.639  -51.490  -0.128 0.1000000015
31860  -43.156  -51.739  -0.884 0.1000000015
30633  -41.400  -52.196  -1.909 0.1000000015
30651  -41.976  -52.607  -2.383 0.1000000015
119769  -42.756  -52.439  -2.204 0.1000000015
30635  -43.637  -52.357  -1.678 0.1000000015
29488  -43.628  -52.939  -3.121 0.1000000015
131506  -44.536  -53.172  -3.263 0.1000000015
122187  -46.214  -53.799  -2.741 0.1000000015
23100  -40.209  -58.749  6.348 0.3000000119
23119  -39.716  -59.519  5.603 0.3000000119
22078  -39.873  -60.398  4.246 0.3000000119
22098  -40.400  -60.556  3.567 0.2000000030
137374  -40.902  -60.628  3.028 0.2000000030
126386  -41.103  -60.567  2.254 0.2000000030
23135  -39.342  -60.163  4.908 0.3000000119
22077  -39.036  -60.320  4.060 0.3000000119
22097  -39.522  -60.442  3.344 0.3000000119
22131  -41.431  -60.351  1.321 0.2000000030
26052  -34.956  -57.254  4.284 0.3000000119
24147  -35.692  -58.588  5.085 0.3000000119
23133  -37.571  -59.823  4.215 0.3000000119
22096  -38.709  -60.160  3.190 0.3000000119
22114  -40.152  -60.540  2.536 0.2000000030
27091  -33.314  -55.245  6.634 0.2000000030
25094  -34.710  -57.405  5.292 0.3000000119
25085  -34.739  -57.506  6.296 0.3000000119
28206  -32.926  -54.538  7.060 0.2000000030
29336  -32.610  -53.744  6.393 0.2000000030
29349  -32.584  -52.715  5.933 0.2000000030
120514  -32.732  -52.766  5.082 0.2000000030
30511  -32.856  -51.951  5.261 0.3000000119
31728  -33.444  -51.362  4.788 0.2000000030
30613  -43.959  -51.983  -0.636 0.1000000015
30636  -44.553  -52.601  -1.730 0.1000000015
29474  -44.249  -52.800  -2.479 0.1000000015
131563  -45.203  -53.248  -2.707 0.1000000015
24135  -40.943  -58.281  7.216 0.1000000015
25077  -39.871  -57.700  8.227 0.2000000030
141270  -40.213  -58.274  6.877 0.3000000119
24134  -39.582  -58.351  6.738 0.3000000119
24133  -38.637  -58.506  6.663 0.3000000119
23098  -38.174  -59.231  6.009 0.3000000119
24148  -36.371  -59.116  5.564 0.3000000119
24131  -36.600  -58.883  6.423 0.3000000119
27092  -33.774  -56.017  6.837 0.3000000119
141633  -34.670  -57.184  7.021 0.3000000119
24130  -35.355  -58.129  6.450 0.3000000119
24117  -36.012  -58.366  6.903 0.3000000119
130069  -33.217  -54.768  7.867 0.2000000030
29322  -32.631  -53.720  7.207 0.2000000030
29321  -32.599  -53.183  7.699 0.1000000015
31676  -32.610  -51.766  8.014 0.1000000015
30498  -32.553  -52.121  6.648 0.2000000030
30499  -32.711  -51.796  5.963 0.2000000030
31697  -32.759  -51.281  6.476 0.2000000030
31713  -33.213  -51.082  5.669 0.3000000119
24119  -38.134  -58.088  7.459 0.3000000119
24118  -36.978  -58.476  7.306 0.3000000119
26014  -34.251  -55.926  8.776 0.3000000119
25072  -34.908  -57.118  7.608 0.3000000119
27076  -33.659  -55.308  8.263 0.2000000030
28200  -33.350  -54.539  8.627 0.2000000030
29309  -33.222  -53.217  9.791 0.1000000015
30472  -32.758  -51.957  8.856 0.1000000015
32850  -32.758  -51.088  8.548 0.1000000015
32849  -32.685  -50.947  7.727 0.1000000015
31689  -32.762  -50.867  7.038 0.1000000015
25061  -37.636  -57.282  8.837 0.3000000119
25044  -37.841  -56.990  9.541 0.2000000030
25075  -37.350  -57.833  8.065 0.3000000119
25074  -36.331  -57.878  7.734 0.3000000119
25060  -36.688  -57.506  8.563 0.3000000119
27065  -34.286  -55.573  9.531 0.2000000030
26015  -34.822  -56.479  8.975 0.3000000119
25059  -35.612  -57.324  8.183 0.3000000119
28166  -33.995  -54.389  10.616 0.2000000030
28185  -34.045  -55.023  10.020 0.2000000030
140409  -34.601  -52.780  11.529 0.1000000015
29285  -34.092  -53.113  11.207 0.1000000015
30422  -35.834  -52.141  11.628 0.1000000015
30448  -34.185  -52.295  11.169 0.1000000015
31642  -33.709  -51.756  10.647 0.1000000015
31658  -33.037  -51.252  9.393 0.1000000015
31620  -34.487  -51.381  11.110 0.1000000015
31641  -33.407  -51.314  10.118 0.1000000015
32832  -33.510  -50.627  9.860 0.1000000015
33916  -33.658  -49.884  9.509 0.1000000015
25997  -36.356  -56.833  9.785 0.2000000030
25981  -35.728  -56.453  10.313 0.2000000030
25042  -36.081  -57.144  9.049 0.2000000030
27037  -34.799  -55.366  11.109 0.2000000030
25996  -35.399  -56.622  9.516 0.2000000030
28151  -34.546  -54.519  11.354 0.1000000015
128880  -34.306  -55.031  10.731 0.2000000030
127176  -35.244  -52.807  11.870 0.1000000015
30421  -34.948  -52.143  11.471 0.1000000015
32814  -34.447  -50.574  10.846 0.1000000015
32815  -34.821  -49.967  10.828 0.1000000015
33917  -34.173  -49.472  9.786 0.1000000015
31622  -36.372  -51.454  11.487 0.1000000015
32807  -35.885  -50.719  11.330 0.1000000015
33887  -35.452  -50.085  11.131 0.1000000015
31623  -37.350  -51.381  11.523 0.1000000015
32809  -37.604  -50.574  11.230 0.1000000015
32808  -36.751  -50.680  11.346 0.1000000015
19110  -37.269  -63.216  -6.477 0.4000000060
125810  -36.834  -62.727  -5.802 0.5000000000
19097  -37.797  -63.070  -5.742 0.4000000060
20174  -35.848  -62.195  -5.832 0.5000000000
19111  -38.778  -64.004  -6.953 0.5000000000
19085  -39.167  -63.121  -4.864 0.4000000060
15966  -40.962  -67.292  -9.261 0.5000000000
19123  -37.695  -63.714  -7.190 0.5000000000
16963  -40.156  -65.622  -7.852 0.5000000000
16978  -39.051  -65.577  -8.788 0.5000000000
15965  -40.441  -66.733  -9.660 0.3000000119
15978  -41.185  -66.936  -11.092 0.5000000000
18020  -39.425  -64.754  -7.471 0.5000000000
14971  -41.108  -67.850  -8.621 0.5000000000
18035  -39.386  -65.367  -8.154 0.5000000000
21208  -34.523  -60.802  -6.512 0.4000000060
15964  -39.722  -66.371  -9.881 0.4000000060
17010  -37.546  -65.467  -12.211 0.5000000000
137594  -37.480  -64.251  -13.094 0.4000000060
18079  -38.038  -64.376  -13.658 0.4000000060
19160  -37.146  -63.587  -12.660 0.4000000060
121896  -38.089  -61.437  -11.881 0.3000000119
21268  -37.589  -62.069  -12.278 0.4000000060
133796  -38.494  -62.003  -3.618 0.5000000000
126716  -38.290  -63.498  -6.404 0.4000000060
22211  -34.468  -60.137  -6.410 0.3000000119
120486  -35.012  -62.181  -7.465 0.4000000060
19122  -36.607  -63.833  -7.716 0.6000000238
24222  -34.628  -58.276  -4.546 0.4000000060
23230  -34.525  -59.754  -5.972 0.4000000060
21219  -34.697  -61.380  -6.949 0.5000000000
123585  -35.962  -63.651  -8.264 0.6000000238
18033  -37.312  -64.791  -8.875 0.6000000238
117656  -38.366  -64.309  -7.569 0.6000000238
16993  -39.730  -66.223  -9.198 0.5000000000
22219  -34.706  -59.814  -6.951 0.4000000060
20193  -35.114  -62.390  -8.961 0.5000000000
18044  -36.388  -64.304  -9.323 0.6000000238
19131  -35.792  -63.751  -8.959 0.5000000000
16991  -37.631  -65.269  -9.663 0.5000000000
16977  -38.196  -65.331  -8.993 0.5000000000
17003  -37.941  -65.725  -10.425 0.5000000000
16992  -38.746  -65.832  -9.615 0.5000000000
24244  -35.171  -58.859  -5.954 0.4000000060
25192  -35.366  -57.861  -5.049 0.4000000060
129580  -35.048  -60.940  -8.319 0.5000000000
19143  -35.614  -62.962  -10.188 0.5000000000
19144  -36.051  -63.542  -10.615 0.4000000060
19137  -35.850  -63.654  -9.805 0.5000000000
17006  -37.432  -65.499  -11.311 0.5000000000
24245  -36.179  -58.706  -6.182 0.4000000060
24235  -36.863  -58.142  -5.811 0.3000000119
135094  -35.774  -59.872  -8.095 0.5000000000
22236  -35.576  -60.957  -9.126 0.5000000000
21240  -35.704  -61.415  -9.698 0.5000000000
19147  -36.285  -63.386  -11.356 0.4000000060
124271  -36.185  -60.462  -9.107 0.5000000000
21247  -36.188  -61.597  -10.404 0.4000000060
19159  -36.617  -63.149  -11.992 0.4000000060
21255  -36.491  -62.078  -11.122 0.4000000060
23255  -37.740  -59.963  -8.280 0.4000000060
22248  -36.444  -60.896  -9.767 0.4000000060
21256  -37.224  -61.781  -11.589 0.4000000060
21174  -39.179  -61.073  -2.835 0.5000000000
130247  -38.773  -62.580  -4.188 0.4000000060
120320  -40.114  -64.652  -6.902 0.5000000000
24194  -35.930  -58.156  -0.741 0.5000000000
19112  -39.313  -63.817  -6.211 0.5000000000
27172  -33.772  -55.865  -1.623 0.3000000119
27186  -35.221  -55.667  -3.429 0.3000000119
26131  -35.249  -56.785  -4.318 0.4000000060
27206  -36.786  -56.000  -4.181 0.3000000119
27207  -37.654  -56.008  -4.224 0.3000000119
24246  -37.350  -58.767  -6.273 0.3000000119
23243  -36.852  -59.640  -7.649 0.3000000119
24236  -37.879  -58.124  -5.971 0.3000000119
24247  -38.429  -58.832  -6.408 0.3000000119
23244  -38.193  -59.677  -7.478 0.3000000119
23245  -39.128  -59.494  -7.365 0.3000000119
24248  -39.267  -58.569  -6.564 0.2000000030
23257  -39.527  -59.645  -7.936 0.3000000119
22239  -38.483  -60.040  -8.942 0.4000000060
22251  -39.246  -60.184  -9.567 0.4000000060
22241  -40.264  -59.510  -8.446 0.2000000030
25204  -40.396  -57.536  -6.517 0.2000000030
24265  -41.258  -58.444  -7.548 0.2000000030
26160  -43.012  -56.949  -7.448 0.1000000015
131258  -39.464  -60.282  -2.413 0.4000000060
20163  -40.824  -62.866  -4.405 0.4000000060
19099  -39.518  -63.511  -5.484 0.5000000000
28309  -33.921  -54.624  -1.117 0.3000000119
29457  -34.264  -53.674  -0.921 0.2000000030
28328  -36.760  -54.814  -3.268 0.2000000030
27189  -38.242  -54.942  -3.622 0.2000000030
126495  -38.088  -56.209  -4.615 0.2000000030
25194  -39.035  -57.148  -5.907 0.2000000030
27209  -39.332  -55.513  -4.733 0.1000000015
25203  -39.583  -57.757  -6.357 0.2000000030
123932  -40.103  -55.221  -4.783 0.1000000015
129295  -40.160  -56.368  -5.751 0.1000000015
25195  -39.863  -56.950  -6.086 0.2000000030
26145  -40.767  -56.058  -5.732 0.1000000015
28351  -41.283  -54.428  -4.680 0.1000000015
26151  -41.357  -56.448  -6.215 0.1000000015
124317  -41.886  -56.761  -6.569 0.1000000015
24266  -42.191  -58.025  -7.748 0.1000000015
28369  -41.774  -54.849  -5.366 0.1000000015
27221  -43.122  -54.958  -6.119 0.1000000015
28380  -43.981  -54.642  -6.411 0.1000000015
21189  -43.884  -62.332  -3.487 0.3000000119
20153  -43.626  -62.853  -4.111 0.3000000119
123293  -42.880  -60.089  -1.570 0.3000000119
125735  -43.507  -61.694  -3.090 0.3000000119
22181  -42.247  -60.564  -2.323 0.3000000119
21176  -41.568  -61.149  -2.852 0.3000000119
21188  -43.084  -62.092  -3.591 0.3000000119
20152  -42.578  -62.577  -4.088 0.3000000119
20151  -41.400  -62.408  -3.877 0.3000000119
21186  -40.930  -61.720  -3.310 0.3000000119
21175  -40.611  -60.918  -2.850 0.3000000119
22167  -41.799  -59.801  -1.679 0.3000000119
22179  -40.325  -60.207  -2.396 0.3000000119
20150  -40.321  -62.286  -3.728 0.3000000119
120558  -38.840  -58.972  -1.329 0.4000000060
23191  -39.600  -59.002  -1.324 0.4000000060
119937  -40.434  -59.102  -1.252 0.4000000060
22165  -39.953  -59.590  -1.865 0.4000000060
24204  -38.377  -58.586  -0.999 0.4000000060
26085  -35.103  -56.511  1.687 0.4000000060
28281  -33.583  -54.047  1.720 0.3000000119
29443  -34.303  -52.978  -0.315 0.2000000030
31835  -35.853  -51.492  -0.329 0.1000000015
29459  -35.891  -52.675  -1.525 0.1000000015
30628  -36.851  -52.363  -1.740 0.1000000015
28319  -38.133  -54.252  -3.226 0.2000000030
30629  -37.678  -52.217  -1.860 0.1000000015
29482  -38.794  -53.717  -3.125 0.1000000015
29483  -39.598  -53.885  -3.394 0.1000000015
28349  -39.736  -54.819  -4.332 0.1000000015
28332  -40.100  -54.238  -3.923 0.1000000015
28353  -43.042  -53.943  -4.955 0.1000000015
29499  -45.251  -53.711  -4.399 0.1000000015
22168  -44.014  -60.795  -1.665 0.2000000030
21179  -44.667  -62.122  -2.397 0.2000000030
23192  -41.301  -59.338  -1.175 0.3000000119
25133  -36.934  -57.723  1.386 0.3000000119
24196  -37.896  -58.219  -0.457 0.4000000060
26069  -34.731  -56.280  2.993 0.3000000119
138646  -34.204  -55.558  2.707 0.3000000119
30591  -33.847  -52.383  0.929 0.1000000015
31822  -36.527  -50.927  0.260 0.1000000015
31836  -37.301  -51.508  -0.916 0.1000000015
31837  -38.078  -51.392  -0.689 0.1000000015
30648  -39.006  -52.484  -2.184 0.1000000015
29470  -40.071  -53.284  -2.940 0.1000000015
29471  -40.885  -53.217  -2.893 0.1000000015
22169  -44.636  -61.048  -0.957 0.2000000030
127810  -44.487  -60.569  1.399 0.2000000030
122870  -43.846  -60.443  0.728 0.2000000030
120604  -44.412  -60.675  -0.335 0.3000000119
120355  -43.086  -60.273  0.564 0.2000000030
26061  -35.146  -56.896  3.356 0.3000000119
121933  -36.034  -57.198  2.269 0.3000000119
25123  -36.604  -57.650  2.111 0.3000000119
24173  -37.229  -58.242  1.997 0.3000000119
27114  -33.878  -55.845  4.249 0.3000000119
27104  -33.402  -55.259  5.044 0.3000000119
141557  -33.904  -51.871  1.449 0.1000000015
31785  -34.156  -51.166  2.631 0.2000000030
32950  -34.816  -50.822  2.237 0.1000000015
32959  -35.672  -50.632  2.099 0.1000000015
32960  -36.715  -50.645  2.249 0.1000000015
31787  -38.817  -52.040  3.407 0.1000000015
30531  -39.551  -52.786  4.262 0.1000000015
31754  -39.252  -52.781  4.163 0.1000000015
119476  -37.979  -50.949  1.098 0.1000000015
118596  -38.719  -51.154  1.359 0.1000000015
131113  -40.933  -53.095  4.114 0.1000000015
130308  -40.773  -52.157  4.242 0.1000000015
134286  -41.533  -52.244  4.002 0.1000000015
31824  -39.180  -51.254  0.534 0.1000000015
31789  -40.197  -52.660  2.834 0.1000000015
30544  -41.497  -53.253  3.716 0.1000000015
31756  -42.344  -52.098  3.724 0.1000000015
31856  -39.515  -51.719  -1.102 0.1000000015
126004  -39.094  -52.025  -1.694 0.1000000015
30632  -40.635  -52.229  -1.990 0.1000000015
23137  -41.172  -59.758  5.147 0.2000000030
132257  -41.228  -60.565  3.735 0.2000000030
22116  -42.637  -60.538  2.871 0.2000000030
23136  -40.279  -59.946  5.027 0.3000000119
22115  -41.656  -60.607  2.967 0.2000000030
25113  -36.037  -57.965  3.383 0.3000000119
22112  -38.364  -59.830  2.355 0.3000000119
26051  -34.336  -56.659  4.776 0.3000000119
25104  -35.521  -57.986  4.236 0.3000000119
23132  -36.709  -59.347  4.166 0.3000000119
24156  -36.094  -58.684  4.172 0.3000000119
136410  -37.902  -59.855  3.174 0.3000000119
22113  -39.136  -60.294  2.410 0.3000000119
131061  -33.506  -55.611  5.967 0.3000000119
30529  -33.086  -52.251  4.401 0.3000000119
31784  -33.687  -51.608  3.140 0.2000000030
32951  -35.467  -50.563  2.842 0.1000000015
29378  -42.080  -53.412  3.485 0.1000000015
31810  -41.371  -52.003  1.608 0.1000000015
31840  -41.143  -51.596  -0.503 0.1000000015
31859  -42.362  -51.735  -1.054 0.1000000015
30634  -42.144  -52.115  -1.801 0.1000000015
122680  -42.811  -52.007  -1.611 0.1000000015
30652  -43.359  -52.670  -2.507 0.1000000015
23120  -40.706  -59.281  5.739 0.3000000119
23099  -39.159  -59.002  6.115 0.3000000119
23118  -38.754  -59.724  5.454 0.3000000119
138194  -38.328  -60.129  3.863 0.3000000119
23117  -37.799  -59.746  5.232 0.3000000119
122808  -35.159  -57.896  4.933 0.3000000119
127007  -36.322  -59.135  4.804 0.3000000119
25095  -35.167  -58.108  5.715 0.3000000119
23116  -36.915  -59.546  4.979 0.3000000119
135546  -33.892  -56.276  6.078 0.3000000119
27084  -33.453  -55.333  7.413 0.3000000119
137996  -34.263  -56.749  6.555 0.3000000119
29335  -32.515  -52.991  6.887 0.2000000030
31729  -33.977  -50.796  4.351 0.2000000030
32907  -34.757  -50.481  4.069 0.2000000030
24136  -41.833  -58.625  7.384 0.1000000015
25076  -38.934  -57.581  7.950 0.2000000030
24120  -39.201  -57.936  7.322 0.3000000119
23097  -37.179  -59.360  5.833 0.3000000119
24132  -37.606  -58.778  6.620 0.3000000119
27085  -33.955  -56.028  7.819 0.3000000119
26034  -34.353  -56.629  7.345 0.3000000119
127434  -32.842  -54.008  7.980 0.2000000030
141492  -32.733  -53.294  8.380 0.2000000030
30484  -32.542  -52.381  7.456 0.1000000015
30471  -32.639  -52.587  8.243 0.1000000015
31688  -32.592  -51.563  7.224 0.2000000030
129658  -38.271  -57.502  8.353 0.3000000119
26024  -34.704  -56.658  8.218 0.3000000119
27064  -33.880  -55.096  9.116 0.2000000030
28165  -33.542  -54.245  9.671 0.2000000030
118464  -33.002  -53.726  8.925 0.2000000030
136526  -32.829  -52.843  9.020 0.1000000015
30463  -33.113  -52.142  9.826 0.1000000015
30447  -33.610  -52.677  10.588 0.1000000015
29284  -33.710  -53.584  10.558 0.1000000015
123168  -33.064  -50.411  9.057 0.1000000015
25043  -36.996  -57.183  9.333 0.3000000119
138293  -35.328  -56.890  8.785 0.3000000119
25995  -34.683  -56.117  9.541 0.2000000030
127142  -34.149  -53.831  11.154 0.1000000015
29255  -34.716  -53.545  11.712 0.1000000015
31621  -35.453  -51.442  11.380 0.1000000015
32833  -34.129  -50.081  10.306 0.1000000015
25966  -35.994  -56.226  10.990 0.2000000030
27053  -35.224  -56.002  10.764 0.2000000030
29256  -35.570  -53.544  12.264 0.1000000015
32806  -35.062  -50.659  11.176 0.1000000015
15006  -41.147  -67.337  -11.311 0.3000000119
12957  -40.227  -69.429  -10.719 0.3000000119
14020  -40.745  -68.196  -11.426 0.3000000119
10864  -36.664  -72.428  -12.554 0.2000000030
9790  -35.007  -72.614  -12.916 0.2000000030
12956  -39.599  -70.380  -10.835 0.4000000060
11907  -38.462  -71.663  -12.045 0.3000000119
15011  -41.057  -67.287  -12.077 0.4000000060
12979  -39.373  -70.187  -11.797 0.3000000119
140943  -38.339  -71.667  -11.933 0.3000000119
15983  -41.205  -66.866  -11.872 0.4000000060
14031  -39.669  -68.993  -12.345 0.4000000060
10867  -38.173  -72.235  -12.514 0.3000000119
9792  -36.996  -73.361  -12.841 0.2000000030
124554  -40.850  -67.299  -12.901 0.4000000060
14032  -40.488  -68.160  -12.296 0.4000000060
12991  -38.594  -70.383  -13.395 0.4000000060
15987  -40.818  -66.682  -12.563 0.4000000060
12992  -39.164  -69.626  -12.838 0.4000000060
11914  -38.424  -71.537  -12.839 0.3000000119
9821  -37.173  -73.414  -13.694 0.3000000119
15988  -41.091  -66.815  -13.249 0.4000000060
14048  -39.980  -68.305  -13.310 0.4000000060
10880  -37.739  -72.859  -13.458 0.4000000060
15992  -39.582  -66.295  -13.056 0.4000000060
136871  -39.584  -68.473  -14.139 0.4000000060
11924  -37.810  -71.345  -14.391 0.3000000119
17011  -38.446  -66.039  -12.648 0.4000000060
15994  -41.264  -66.736  -14.123 0.4000000060
15019  -40.962  -67.278  -13.830 0.4000000060
14067  -39.312  -68.606  -14.937 0.4000000060
17017  -39.686  -65.914  -13.847 0.4000000060
15018  -40.265  -67.866  -14.303 0.4000000060
13002  -38.532  -69.583  -15.128 0.3000000119
137505  -38.701  -65.845  -13.321 0.4000000060
15033  -41.200  -67.164  -14.773 0.4000000060
14082  -39.430  -68.295  -15.890 0.4000000060
16007  -40.935  -66.178  -14.403 0.4000000060
16008  -41.460  -66.400  -15.095 0.4000000060
15044  -41.272  -66.677  -15.662 0.4000000060
15032  -40.109  -67.845  -15.094 0.4000000060
14081  -38.615  -69.073  -15.873 0.3000000119
15056  -41.142  -66.485  -16.459 0.4000000060
15043  -40.389  -67.509  -15.777 0.4000000060
14080  -37.971  -69.200  -16.307 0.2000000030
17016  -38.594  -65.261  -13.896 0.3000000119
17026  -41.014  -65.777  -15.329 0.4000000060
138927  -39.555  -65.258  -14.764 0.4000000060
18094  -39.943  -64.711  -15.833 0.4000000060
16029  -41.238  -65.997  -16.919 0.4000000060
15055  -40.535  -67.218  -16.690 0.4000000060
14096  -38.742  -68.614  -16.814 0.2000000030
14106  -38.363  -68.342  -17.703 0.2000000030
14078  -36.158  -68.579  -15.157 0.3000000119
19180  -38.391  -63.556  -14.069 0.3000000119
18080  -38.673  -64.406  -14.440 0.3000000119
136900  -39.284  -64.339  -15.137 0.3000000119
138848  -40.080  -67.014  -18.446 0.3000000119
15067  -37.971  -67.789  -18.405 0.2000000030
15068  -38.899  -68.032  -18.464 0.2000000030
15054  -37.613  -68.061  -17.469 0.2000000030
15031  -35.282  -68.095  -14.787 0.2000000030
19187  -39.114  -63.518  -14.997 0.3000000119
17036  -41.247  -65.760  -16.583 0.4000000060
15082  -39.371  -67.294  -18.905 0.1000000015
20239  -38.334  -62.745  -13.724 0.3000000119
18107  -40.634  -64.215  -17.048 0.2000000030
17063  -40.968  -65.116  -18.629 0.2000000030
15066  -37.195  -67.349  -17.910 0.1000000015
15040  -34.999  -67.217  -14.967 0.2000000030
19196  -40.819  -63.230  -17.121 0.2000000030
19247  -41.336  -63.633  -19.149 0.1000000015
16053  -39.163  -66.510  -19.488 0.1000000015
16028  -36.458  -66.869  -17.269 0.1000000015
15052  -36.165  -67.209  -16.281 0.1000000015
21269  -38.451  -61.693  -12.642 0.2000000030
20245  -39.349  -62.228  -14.562 0.3000000119
20255  -39.728  -62.685  -15.336 0.3000000119
22272  -39.529  -60.678  -10.946 0.2000000030
122602  -39.212  -61.284  -13.004 0.1000000015
21284  -38.963  -61.752  -13.669 0.3000000119
20246  -40.849  -61.902  -15.588 0.2000000030
19229  -41.834  -63.322  -18.714 0.1000000015
17075  -39.260  -65.777  -19.644 0.1000000015
139746  -36.449  -65.958  -17.881 0.1000000015
16027  -35.772  -66.393  -16.700 0.1000000015
127327  -39.805  -60.726  -11.858 0.2000000030
21285  -40.099  -61.084  -13.790 0.2000000030
21290  -40.472  -61.512  -14.692 0.2000000030
20256  -41.473  -62.292  -16.633 0.1000000015
20271  -42.499  -62.146  -17.847 0.1000000015
19246  -41.166  -63.317  -19.249 0.1000000015
19245  -39.825  -63.889  -19.142 0.1000000015
17074  -38.238  -65.582  -18.967 0.1000000015
17050  -35.519  -65.616  -16.990 0.1000000015
16013  -33.874  -66.052  -14.906 0.1000000015
22304  -40.863  -60.706  -13.694 0.1000000015
21303  -42.505  -61.308  -16.510 0.1000000015
21331  -42.409  -61.975  -18.344 0.1000000015
19228  -40.227  -62.929  -18.651 0.1000000015
136438  -37.483  -64.936  -18.206 0.1000000015
18145  -36.653  -64.826  -17.607 0.1000000015
17033  -34.337  -65.479  -15.715 0.1000000015
17031  -32.511  -65.380  -15.105 0.1000000015
20257  -42.662  -61.439  -17.184 0.1000000015
19212  -39.164  -62.656  -17.881 0.1000000015
18127  -34.444  -64.515  -16.460 0.1000000015
18105  -32.952  -64.580  -15.668 0.1000000015
118719  -37.128  -63.352  -16.754 0.1000000015
32869  -33.857  -50.261  5.776 0.2000000030
119295  -40.006  -60.443  -10.259 0.2000000030
136143  -40.173  -60.626  -11.086 0.1000000015
22287  -39.886  -60.809  -12.889 0.1000000015
22288  -40.843  -60.491  -12.967 0.1000000015
21291  -42.004  -61.232  -15.602 0.1000000015
21292  -42.587  -60.755  -16.105 0.1000000015
21330  -41.812  -61.622  -18.375 0.1000000015
140986  -34.364  -64.992  -16.224 0.1000000015
140836  -35.669  -65.218  -17.180 0.1000000015
19226  -37.518  -64.048  -17.540 0.1000000015
21329  -40.420  -61.483  -17.775 0.1000000015
14019  -39.923  -69.165  -11.568 0.3000000119
10865  -37.628  -72.801  -12.662 0.3000000119
12978  -38.834  -70.880  -12.272 0.3000000119
10866  -37.929  -72.761  -12.743 0.3000000119
11925  -38.211  -71.023  -13.948 0.3000000119
13003  -38.984  -69.226  -14.024 0.4000000060
128358  -38.415  -70.179  -14.413 0.3000000119
15993  -40.774  -66.513  -13.508 0.4000000060
17027  -41.501  -66.025  -15.751 0.4000000060
14107  -39.113  -68.343  -17.679 0.2000000030
14094  -37.451  -68.460  -16.569 0.2000000030
17035  -40.880  -65.331  -16.399 0.3000000119
16041  -40.878  -65.847  -18.050 0.2000000030
15041  -35.780  -67.634  -15.408 0.2000000030
18093  -39.767  -63.859  -15.973 0.3000000119
16054  -39.904  -66.473  -19.125 0.2000000030
124464  -37.685  -67.083  -18.863 0.1000000015
18108  -41.064  -65.058  -17.270 0.4000000060
19195  -39.932  -63.169  -16.028 0.2000000030
121266  -41.490  -64.220  -18.116 0.2000000030
17076  -39.834  -65.680  -19.567 0.1000000015
16015  -35.447  -66.746  -15.729 0.1000000015
18166  -40.438  -64.294  -19.403 0.1000000015
16040  -37.619  -66.355  -18.756 0.1000000015
20286  -42.088  -62.599  -18.542 0.1000000015
18146  -38.500  -64.487  -18.557 0.1000000015
17061  -36.141  -65.481  -17.509 0.1000000015
17034  -35.117  -65.920  -16.156 0.1000000015
22273  -40.741  -60.498  -11.823 0.1000000015
22318  -41.778  -60.893  -14.862 0.1000000015
20285  -41.796  -62.467  -18.829 0.1000000015
19227  -38.782  -63.484  -18.112 0.1000000015
17032  -33.454  -65.357  -15.315 0.1000000015
20284  -40.411  -62.079  -18.247 0.1000000015
21304  -42.720  -61.032  -16.947 0.1000000015
22305  -41.864  -60.500  -14.229 0.1000000015
13947  -40.603  -68.911  -6.873 0.3000000119
13955  -40.200  -69.263  -7.544 0.2000000030
123445  -39.530  -69.166  -7.843 0.3000000119
141160  -39.698  -69.597  -8.477 0.2000000030
15927  -42.319  -66.745  -6.580 0.4000000060
13948  -41.077  -68.698  -6.800 0.2000000030
14964  -41.425  -68.042  -7.074 0.4000000060
13956  -40.667  -68.992  -7.350 0.3000000119
13967  -39.157  -69.159  -8.659 0.2000000030
15949  -41.341  -67.509  -7.822 0.4000000060
13968  -40.002  -69.722  -8.374 0.2000000030
13981  -39.296  -69.886  -9.450 0.2000000030
13980  -38.423  -68.569  -9.400 0.1000000015
13998  -38.430  -69.332  -10.205 0.2000000030
12917  -40.459  -69.651  -9.346 0.3000000119
14994  -37.542  -68.023  -9.933 0.1000000015
12931  -39.483  -70.513  -10.047 0.2000000030
13997  -37.235  -68.519  -10.686 0.1000000015
14017  -36.941  -69.086  -11.307 0.1000000015
14018  -37.865  -69.535  -10.920 0.1000000015
12953  -36.684  -69.884  -11.840 0.1000000015
12951  -34.583  -69.219  -12.100 0.1000000015
12952  -35.537  -69.318  -11.991 0.1000000015
12977  -36.024  -70.109  -12.222 0.1000000015
12975  -34.295  -70.000  -12.368 0.1000000015
12976  -35.222  -70.006  -12.319 0.1000000015
122765  -40.839  -68.663  -9.038 0.3000000119
139263  -39.872  -70.671  -9.992 0.2000000030
12930  -38.785  -70.585  -10.702 0.2000000030
12954  -37.874  -70.374  -11.356 0.2000000030
11904  -34.906  -70.823  -12.509 0.1000000015
138686  -33.574  -70.148  -12.393 0.1000000015
14982  -41.060  -67.796  -9.580 0.2000000030
13982  -40.856  -68.589  -9.789 0.3000000119
12955  -39.432  -70.578  -10.521 0.2000000030
11890  -37.863  -71.396  -11.777 0.2000000030
125011  -36.038  -71.049  -12.424 0.1000000015
10861  -32.811  -71.482  -12.779 0.1000000015
11903  -33.997  -70.766  -12.525 0.1000000015
12933  -40.460  -69.678  -9.988 0.3000000119
11892  -39.046  -71.055  -11.371 0.3000000119
121800  -40.995  -67.139  -10.167 0.2000000030
128088  -37.288  -71.881  -12.284 0.2000000030
10878  -33.351  -72.232  -13.054 0.1000000015
10863  -34.508  -71.567  -12.708 0.1000000015
9791  -36.106  -73.088  -12.805 0.1000000015
9805  -33.018  -73.145  -13.403 0.1000000015
13999  -40.846  -68.383  -10.565 0.2000000030
9807  -35.645  -73.884  -13.212 0.1000000015
131943  -36.434  -73.774  -13.074 0.1000000015
8774  -32.660  -74.129  -13.812 0.1000000015
8775  -33.759  -74.163  -13.740 0.1000000015
14995  -41.077  -67.547  -10.442 0.2000000030
9808  -36.727  -73.760  -13.363 0.1000000015
8777  -35.624  -74.562  -13.785 0.1000000015
9820  -36.685  -73.932  -13.963 0.1000000015
137789  -31.300  -74.859  -15.140 0.1000000015
7774  -33.558  -75.039  -14.344 0.1000000015
7775  -34.364  -74.924  -14.156 0.1000000015
8790  -35.446  -74.674  -14.637 0.1000000015
125023  -37.734  -72.141  -14.099 0.3000000119
7804  -33.928  -75.902  -15.295 0.1000000015
14972  -41.170  -68.107  -7.815 0.3000000119
13969  -40.805  -68.708  -8.127 0.2000000030
130643  -40.005  -70.573  -10.141 0.3000000119
132111  -35.519  -71.879  -12.656 0.1000000015
11891  -38.704  -71.177  -11.478 0.2000000030
12916  -40.075  -70.158  -9.133 0.2000000030
12932  -40.055  -70.428  -9.702 0.3000000119
11905  -36.763  -70.823  -12.154 0.1000000015
8773  -31.664  -73.968  -13.964 0.1000000015
8788  -32.532  -75.127  -14.587 0.1000000015
136082  -34.611  -75.330  -14.663 0.1000000015
8772  -30.867  -73.604  -14.178 0.1000000015
7790  -33.724  -75.905  -14.964 0.1000000015
10894  -37.225  -72.574  -14.432 0.2000000030
9817  -33.701  -72.737  -15.212 0.1000000015
124520  -32.956  -72.663  -15.589 0.1000000015
10890  -33.083  -71.618  -15.060 0.2000000030
10917  -32.366  -72.454  -17.398 0.1000000015
10893  -36.201  -72.280  -14.796 0.2000000030
10891  -33.791  -71.738  -14.675 0.2000000030
134938  -32.504  -71.390  -15.603 0.2000000030
11921  -33.820  -70.808  -14.497 0.1000000015
11945  -32.177  -71.443  -16.688 0.1000000015
11920  -33.208  -71.000  -14.703 0.2000000030
125772  -33.713  -69.897  -14.334 0.1000000015
139612  -36.568  -71.690  -14.821 0.2000000030
10892  -34.840  -71.707  -14.544 0.1000000015
11933  -32.316  -70.353  -15.381 0.1000000015
138962  -32.697  -70.718  -14.927 0.1000000015
11923  -37.291  -71.581  -14.746 0.2000000030
11922  -34.640  -70.432  -14.388 0.1000000015
12997  -33.051  -69.593  -14.480 0.1000000015
133621  -35.618  -71.110  -14.609 0.1000000015
12998  -34.503  -69.299  -14.345 0.1000000015
13001  -38.038  -70.445  -15.045 0.2000000030
13000  -37.377  -70.702  -15.041 0.2000000030
14066  -36.585  -69.771  -15.080 0.2000000030
121237  -34.731  -68.499  -14.476 0.1000000015
12999  -35.529  -70.024  -14.553 0.1000000015
13010  -37.655  -69.890  -15.544 0.2000000030
14065  -35.470  -69.000  -14.645 0.1000000015
125373  -33.498  -69.035  -14.326 0.1000000015
131225  -35.858  -73.120  -14.918 0.1000000015
128594  -34.721  -72.863  -14.992 0.1000000015
132169  -41.384  -68.304  -6.408 0.2000000030
13946  -39.829  -68.903  -6.997 0.1000000015
21178  -44.112  -61.809  -2.862 0.2000000030
19073  -44.299  -63.702  -2.880 0.1000000015
22081  -42.484  -60.259  4.573 0.1000000015
128806  -46.739  -61.387  1.051 0.1000000015
22159  -46.231  -61.817  -0.026 0.1000000015
22117  -43.641  -60.515  2.302 0.1000000015
22158  -45.299  -61.233  -0.240 0.1000000015
22065  -42.951  -59.826  5.363 0.2000000030
22082  -43.426  -60.305  4.632 0.1000000015
21136  -47.762  -61.584  2.647 0.1000000015
22064  -42.049  -59.725  5.237 0.2000000030
22100  -42.970  -60.486  3.809 0.1000000015
22101  -43.946  -60.549  3.818 0.1000000015
124980  -44.416  -60.645  2.992 0.1000000015
22119  -45.557  -60.814  1.814 0.1000000015
21146  -46.955  -61.316  1.741 0.1000000015
15914  -42.060  -67.486  -5.622 0.2000000030
20154  -44.179  -63.197  -3.706 0.1000000015
22134  -45.854  -60.860  1.080 0.1000000015
22118  -44.736  -60.670  2.266 0.1000000015
127781  -43.470  -60.534  3.152 0.1000000015
23101  -41.252  -58.718  6.476 0.2000000030
20146  -44.345  -62.651  -3.017 0.1000000015
141601  -47.259  -62.259  0.969 0.1000000015
21147  -47.439  -61.879  1.324 0.1000000015
22083  -44.638  -60.460  4.682 0.1000000015
14948  -41.482  -68.106  -5.931 0.1000000015
14956  -41.019  -68.548  -6.336 0.1000000015
25998  -37.281  -56.830  10.011 0.1000000015
25026  -38.207  -56.979  10.116 0.1000000015
137095  -38.604  -57.129  9.356 0.1000000015
125853  -39.546  -57.686  9.710 0.1000000015
25046  -40.633  -58.312  9.265 0.1000000015
25062  -39.213  -57.403  8.741 0.1000000015
25013  -38.623  -57.652  11.232 0.1000000015
124116  -39.247  -58.708  11.339 0.1000000015
24099  -40.189  -59.201  10.573 0.1000000015
25983  -37.613  -56.846  10.780 0.1000000015
25028  -39.684  -58.617  10.562 0.1000000015
25045  -40.301  -58.566  9.963 0.1000000015
140270  -41.209  -59.227  9.316 0.1000000015
25967  -36.940  -56.440  11.242 0.1000000015
24083  -39.311  -59.208  11.764 0.1000000015
25957  -39.082  -57.830  12.822 0.1000000015
25014  -39.052  -58.679  12.274 0.1000000015
24067  -39.179  -59.066  11.823 0.1000000015
25968  -38.324  -57.194  11.779 0.1000000015
24084  -39.610  -59.270  11.321 0.1000000015
23050  -39.697  -59.114  10.850 0.1000000015
27039  -36.346  -55.927  11.620 0.1000000015
24992  -39.051  -58.208  13.397 0.1000000015
25002  -39.051  -58.556  13.070 0.1000000015
24066  -39.065  -58.848  12.391 0.1000000015
27031  -39.056  -56.955  13.314 0.1000000015
25956  -38.353  -56.765  12.437 0.1000000015
133744  -36.793  -55.633  12.231 0.1000000015
27038  -35.525  -55.642  11.401 0.1000000015
32889  -33.899  -50.655  5.120 0.1000000015
135253  -34.676  -50.443  4.898 0.1000000015
117866  -35.738  -50.466  4.882 0.1000000015
124930  -37.466  -55.357  12.767 0.1000000015
27029  -35.885  -55.147  12.084 0.1000000015
124942  -35.136  -55.008  11.660 0.1000000015
126833  -33.243  -50.439  6.501 0.1000000015
32931  -35.787  -50.491  3.843 0.1000000015
32870  -34.724  -49.790  6.009 0.1000000015
32909  -37.544  -51.122  5.128 0.1000000015
135345  -36.574  -50.771  4.735 0.1000000015
24046  -39.004  -58.640  13.089 0.1000000015
24045  -38.587  -58.743  12.950 0.1000000015
124068  -40.982  -58.237  8.408 0.1000000015
25982  -36.571  -56.591  10.543 0.1000000015
25027  -39.028  -57.632  10.373 0.1000000015
25063  -39.959  -57.787  9.169 0.1000000015
24110  -41.603  -58.933  8.964 0.1000000015
24100  -40.803  -59.133  9.798 0.1000000015
25955  -37.328  -56.297  11.871 0.1000000015
142491  -37.608  -56.030  12.417 0.1000000015
32932  -36.898  -50.937  4.232 0.1000000015
23268  -41.080  -59.766  -9.194 0.1000000015
125835  -41.192  -59.263  -8.595 0.1000000015
15897  -38.706  -66.512  -5.128 0.1000000015
15910  -38.251  -66.753  -5.551 0.1000000015
15926  -38.693  -67.405  -6.054 0.1000000015
16923  -38.714  -66.035  -4.533 0.1000000015
15896  -37.997  -66.288  -4.887 0.1000000015
15924  -36.813  -66.649  -6.420 0.1000000015
15911  -39.160  -67.052  -5.510 0.1000000015
16909  -38.300  -65.528  -3.760 0.1000000015
132103  -39.564  -66.577  -5.024 0.1000000015
16908  -37.491  -65.461  -3.541 0.1000000015
17965  -38.019  -64.964  -3.089 0.1000000015
17966  -39.028  -64.855  -3.510 0.1000000015
17951  -37.748  -64.478  -2.411 0.1000000015
14836  -37.899  -67.267  5.164 0.1000000015
15815  -37.566  -66.394  5.752 0.1000000015
16853  -34.444  -65.440  3.657 0.1000000015
16852  -33.884  -65.135  3.330 0.1000000015
17884  -33.717  -64.449  3.169 0.1000000015
18986  -33.422  -63.457  2.130 0.1000000015
14946  -39.718  -67.809  -5.920 0.1000000015
17905  -32.459  -64.304  1.456 0.1000000015
20072  -34.025  -62.830  1.885 0.1000000015
17964  -37.077  -64.942  -2.868 0.1000000015
17950  -36.994  -64.408  -2.169 0.1000000015
14963  -38.880  -68.355  -7.208 0.1000000015
17913  -32.391  -63.931  0.789 0.1000000015
19024  -32.998  -63.290  -0.712 0.1000000015
19047  -34.659  -63.451  -1.293 0.1000000015
17949  -35.715  -64.423  -2.545 0.1000000015
17934  -36.904  -64.043  -1.658 0.1000000015
17935  -37.535  -64.090  -1.797 0.1000000015
17952  -38.716  -64.351  -2.597 0.1000000015
13966  -38.371  -68.145  -8.728 0.1000000015
17920  -31.594  -64.649  -0.428 0.1000000015
19066  -33.340  -63.494  -2.232 0.1000000015
19049  -36.469  -63.681  -1.229 0.1000000015
19050  -37.249  -63.700  -1.234 0.1000000015
15814  -36.862  -66.008  5.447 0.1000000015
16846  -36.155  -65.661  5.067 0.1000000015
17880  -35.402  -64.533  4.605 0.1000000015
16924  -39.860  -65.955  -4.464 0.1000000015
15898  -40.872  -66.802  -4.801 0.1000000015
15912  -40.231  -67.336  -5.413 0.1000000015
17885  -34.360  -64.602  3.695 0.1000000015
18976  -33.771  -63.715  2.928 0.1000000015
18969  -34.653  -63.845  3.781 0.1000000015
14954  -39.238  -68.145  -6.520 0.1000000015
19009  -34.636  -62.867  0.188 0.1000000015
19026  -35.078  -63.198  -0.564 0.1000000015
19048  -35.620  -63.599  -1.272 0.1000000015
17936  -38.179  -64.108  -1.981 0.1000000015
20130  -35.506  -62.874  0.055 0.1000000015
20131  -36.375  -62.874  -0.020 0.1000000015
19028  -36.832  -63.326  -0.643 0.1000000015
132677  -38.381  -63.242  -0.768 0.1000000015
15804  -38.101  -65.947  6.358 0.1000000015
16840  -37.378  -65.499  6.073 0.1000000015
16833  -38.734  -65.609  6.569 0.1000000015
15806  -39.811  -67.069  6.905 0.1000000015
16925  -40.839  -65.985  -4.297 0.1000000015
16839  -36.673  -65.138  5.640 0.1000000015
17872  -36.620  -64.274  5.542 0.1000000015
16910  -40.160  -65.201  -3.881 0.1000000015
17871  -35.968  -63.960  4.988 0.1000000015
17953  -39.977  -64.426  -3.049 0.1000000015
15913  -41.315  -67.588  -5.410 0.1000000015
18970  -35.354  -63.685  4.290 0.1000000015
18978  -35.031  -63.191  3.608 0.1000000015
20073  -34.699  -62.648  2.329 0.1000000015
20112  -35.081  -62.596  0.757 0.1000000015
20093  -34.043  -62.757  1.243 0.1000000015
20095  -35.378  -62.358  2.023 0.1000000015
20132  -37.244  -62.835  -0.090 0.1000000015
20133  -38.105  -62.799  -0.187 0.1000000015
20096  -36.239  -62.271  1.553 0.1000000015
20114  -36.787  -62.519  0.668 0.1000000015
16834  -39.480  -66.069  6.808 0.1000000015
17967  -40.956  -64.904  -3.450 0.1000000015
16832  -38.037  -65.067  6.418 0.1000000015
130626  -39.354  -65.321  6.653 0.1000000015
16820  -41.081  -66.054  7.172 0.1000000015
15792  -41.635  -67.087  7.468 0.1000000015
19071  -40.379  -63.999  -2.228 0.1000000015
17954  -41.184  -64.549  -2.779 0.1000000015
16911  -41.475  -65.678  -3.852 0.1000000015
17860  -38.137  -64.081  6.280 0.1000000015
17861  -38.845  -64.778  6.483 0.1000000015
19070  -39.477  -64.029  -2.255 0.1000000015
14947  -40.805  -68.166  -5.844 0.1000000015
18951  -36.684  -63.476  5.244 0.1000000015
126134  -37.328  -63.776  5.782 0.1000000015
133853  -39.033  -62.911  -0.388 0.1000000015
129991  -38.829  -63.847  -1.840 0.1000000015
18971  -36.153  -63.207  4.598 0.1000000015
20115  -37.709  -62.483  0.574 0.1000000015
119472  -35.378  -62.499  2.779 0.1000000015
20074  -36.084  -62.194  2.510 0.1000000015
20075  -36.933  -62.025  2.275 0.1000000015
16819  -40.174  -65.521  6.837 0.1000000015
17862  -39.702  -64.685  6.578 0.1000000015
19052  -39.670  -63.642  -1.657 0.1000000015
15899  -41.958  -67.041  -4.964 0.1000000015
20116  -38.630  -62.520  0.464 0.1000000015
142339  -39.693  -62.886  -0.311 0.1000000015
21119  -37.575  -61.903  3.002 0.1000000015
20018  -36.866  -62.839  4.837 0.1000000015
20036  -36.470  -62.571  4.155 0.1000000015
20055  -36.956  -62.143  3.637 0.1000000015
19032  -40.875  -63.343  -0.784 0.1000000015
19072  -41.393  -64.100  -2.056 0.1000000015
20134  -40.280  -62.927  -0.211 0.1000000015
18938  -39.158  -63.974  6.350 0.1000000015
20099  -39.127  -62.306  1.208 0.1000000015
20117  -39.598  -62.634  0.357 0.1000000015
20118  -40.477  -62.668  0.530 0.1000000015
18952  -37.918  -63.375  5.795 0.1000000015
20076  -37.849  -62.017  2.103 0.1000000015
21133  -38.739  -62.000  1.984 0.1000000015
121904  -37.387  -63.108  5.362 0.1000000015
20056  -37.785  -62.109  3.849 0.1000000015
21120  -38.555  -61.875  3.403 0.1000000015
20037  -37.236  -62.404  4.362 0.1000000015
19033  -41.821  -63.616  -0.701 0.1000000015
19034  -42.826  -64.014  -0.780 0.1000000015
129573  -40.878  -62.444  1.210 0.1000000015
142251  -41.045  -62.699  0.607 0.1000000015
18939  -40.098  -63.928  6.409 0.1000000015
125219  -40.260  -61.885  2.559 0.1000000015
20100  -40.334  -62.206  1.801 0.1000000015
21134  -39.254  -61.764  2.737 0.1000000015
21145  -39.610  -62.091  1.920 0.1000000015
133395  -37.506  -62.676  4.924 0.1000000015
19011  -43.494  -63.870  -0.227 0.1000000015
20119  -41.745  -62.793  0.686 0.1000000015
20077  -41.012  -62.129  2.065 0.1000000015
20101  -41.718  -62.370  1.570 0.1000000015
16835  -40.694  -64.765  6.692 0.1000000015
21106  -39.107  -62.021  4.058 0.1000000015
18953  -38.668  -63.341  5.909 0.1000000015
20121  -43.684  -63.291  0.703 0.1000000015
18954  -39.576  -63.296  5.963 0.1000000015
15791  -40.438  -66.529  7.101 0.1000000015
14822  -43.724  -69.195  9.065 0.1000000015
141845  -43.788  -68.754  8.740 0.1000000015
15793  -43.019  -67.975  8.024 0.1000000015
16854  -35.035  -65.793  4.085 0.1000000015
18987  -34.156  -63.078  2.608 0.1000000015
18995  -32.840  -63.673  1.437 0.1000000015
19007  -32.942  -63.390  0.728 0.1000000015
126540  -33.205  -63.244  0.040 0.1000000015
19008  -33.793  -62.948  0.547 0.1000000015
19046  -33.645  -63.356  -1.382 0.1000000015
19068  -35.229  -63.885  -1.976 0.1000000015
17962  -35.440  -64.681  -3.224 0.1000000015
16838  -36.000  -64.816  5.144 0.1000000015
19030  -38.972  -63.406  -1.166 0.1000000015
17873  -37.318  -64.612  6.085 0.1000000015
20097  -37.283  -62.232  1.408 0.1000000015
19053  -40.619  -63.611  -1.515 0.1000000015
19031  -39.868  -63.202  -0.889 0.1000000015
20135  -41.193  -63.078  0.000 0.1000000015
123292  -39.990  -62.420  1.195 0.1000000015
21121  -39.366  -61.786  3.473 0.1000000015
19010  -42.285  -63.475  -0.094 0.1000000015
14821  -43.204  -69.207  8.327 0.1000000015
8936  -24.899  -74.496  -25.363 0.1000000015
7908  -24.391  -75.013  -25.055 0.1000000015
6977  -24.719  -75.570  -28.692 0.1000000015
6116  -25.112  -76.312  -28.187 0.1000000015
6979  -26.418  -75.945  -28.212 0.1000000015
6963  -26.420  -76.069  -27.505 0.1000000015
6949  -25.273  -76.718  -26.252 0.1000000015
6993  -25.005  -74.918  -29.319 0.1000000015
8979  -23.832  -73.495  -29.535 0.1000000015
10024  -23.403  -72.994  -29.542 0.1000000015
8937  -25.709  -74.081  -25.530 0.1000000015
8923  -25.037  -73.788  -24.841 0.1000000015
8906  -24.377  -73.622  -24.179 0.1000000015
7923  -26.480  -74.574  -26.277 0.1000000015
6950  -26.670  -75.845  -27.253 0.1000000015
119059  -25.893  -76.547  -26.890 0.1000000015
140743  -25.471  -75.773  -26.448 0.1000000015
7907  -23.993  -74.537  -24.430 0.1000000015
6995  -26.402  -75.207  -29.004 0.1000000015
6089  -25.217  -77.278  -26.553 0.1000000015
6090  -25.894  -76.543  -27.053 0.1000000015
6994  -25.700  -74.912  -29.312 0.1000000015
10007  -24.603  -72.870  -28.756 0.1000000015
10025  -24.060  -73.073  -29.259 0.1000000015
9988  -23.075  -72.627  -28.231 0.1000000015
11953  -27.068  -70.281  -17.744 0.1000000015
10936  -25.087  -71.321  -19.640 0.1000000015
11965  -27.521  -70.975  -18.286 0.1000000015
8907  -25.257  -73.356  -24.164 0.1000000015
9939  -25.668  -73.007  -23.417 0.1000000015
142067  -24.011  -72.922  -23.000 0.1000000015
9908  -24.730  -72.477  -21.895 0.1000000015
9892  -24.618  -72.266  -21.017 0.1000000015
9893  -25.596  -72.104  -20.627 0.1000000015
8924  -25.951  -73.540  -24.836 0.1000000015
134526  -23.934  -72.665  -22.362 0.1000000015
8938  -26.729  -73.887  -25.537 0.1000000015
9937  -23.745  -73.465  -23.475 0.1000000015
6951  -27.469  -75.344  -27.228 0.1000000015
123639  -27.362  -75.336  -26.916 0.1000000015
127997  -25.343  -73.128  -28.873 0.1000000015
10914  -27.916  -70.642  -17.348 0.1000000015
11975  -26.228  -71.079  -19.048 0.1000000015
11942  -27.687  -70.218  -16.610 0.1000000015
122999  -25.455  -72.585  -22.286 0.1000000015
9910  -26.618  -72.367  -21.427 0.1000000015
140847  -26.231  -72.271  -20.888 0.1000000015
9925  -26.004  -72.722  -22.769 0.1000000015
137903  -27.076  -73.079  -23.742 0.1000000015
6964  -27.128  -75.571  -27.696 0.1000000015
7965  -27.585  -74.845  -28.232 0.1000000015
7981  -27.055  -74.422  -28.851 0.1000000015
8967  -26.605  -73.604  -28.874 0.1000000015
10008  -26.139  -73.122  -28.669 0.1000000015
7924  -27.644  -74.542  -26.248 0.1000000015
11963  -25.785  -70.456  -18.558 0.1000000015
10937  -26.556  -71.689  -19.629 0.1000000015
7939  -28.168  -74.925  -26.906 0.1000000015
11974  -25.392  -70.874  -19.115 0.1000000015
8925  -27.092  -73.440  -24.573 0.1000000015
137140  -27.987  -73.503  -24.561 0.1000000015
11962  -24.873  -70.283  -18.670 0.1000000015
8941  -29.945  -73.748  -26.025 0.1000000015
8928  -30.501  -73.323  -25.438 0.1000000015
9956  -32.157  -72.015  -25.349 0.1000000015
10951  -27.152  -72.141  -20.099 0.1000000015
9927  -27.138  -72.417  -22.134 0.1000000015
9941  -27.601  -72.748  -23.037 0.1000000015
140980  -28.432  -73.351  -24.222 0.1000000015
9942  -28.774  -72.725  -22.788 0.1000000015
123330  -29.554  -73.613  -25.114 0.1000000015
137702  -30.004  -73.333  -24.585 0.1000000015
121333  -28.047  -72.401  -22.107 0.1000000015
9894  -26.922  -72.275  -20.759 0.1000000015
9911  -27.458  -72.362  -21.371 0.1000000015
9928  -28.952  -72.598  -21.939 0.1000000015
8910  -28.566  -73.085  -23.623 0.1000000015
9955  -31.391  -72.524  -25.928 0.1000000015
9943  -29.753  -72.938  -23.649 0.1000000015
6104  -25.361  -77.186  -27.133 0.1000000015
6117  -25.738  -76.301  -28.131 0.1000000015
6839  -33.773  -75.885  -15.286 0.1000000015
6840  -34.136  -75.926  -15.030 0.1000000015
6978  -25.621  -75.650  -28.801 0.1000000015
6980  -26.986  -75.295  -28.429 0.1000000015
7776  -34.908  -75.050  -14.207 0.1000000015
7777  -35.327  -74.825  -14.157 0.1000000015
7789  -31.968  -75.425  -15.283 0.1000000015
7791  -34.294  -75.579  -14.678 0.1000000015
7805  -34.379  -75.722  -15.069 0.1000000015
7922  -25.495  -74.855  -26.128 0.1000000015
7938  -26.292  -75.572  -26.778 0.1000000015
7940  -28.832  -74.411  -26.808 0.1000000015
7951  -27.904  -75.003  -27.497 0.1000000015
7978  -23.559  -74.039  -29.561 0.1000000015
7980  -25.280  -74.201  -29.400 0.1000000015
8776  -34.875  -74.473  -13.692 0.1000000015
8778  -36.132  -74.416  -13.926 0.1000000015
8786  -30.704  -74.157  -14.946 0.1000000015
8787  -31.428  -74.566  -14.639 0.1000000015
8908  -26.250  -73.211  -23.986 0.1000000015
8909  -27.798  -73.217  -23.924 0.1000000015
8921  -23.803  -73.944  -24.094 0.1000000015
8922  -24.364  -74.183  -24.666 0.1000000015
8926  -28.691  -73.625  -24.863 0.1000000015
8927  -29.149  -73.357  -24.302 0.1000000015
8939  -27.948  -73.903  -25.392 0.1000000015
8966  -24.741  -73.441  -29.269 0.1000000015
8968  -27.420  -73.563  -28.578 0.1000000015
8980  -25.705  -73.558  -29.111 0.1000000015
9793  -37.467  -73.256  -12.981 0.2000000030
9806  -34.244  -73.199  -13.330 0.2000000030
9819  -36.196  -74.027  -14.515 0.1000000015
9909  -25.654  -72.401  -21.426 0.1000000015
9924  -24.679  -72.722  -22.671 0.1000000015
9926  -26.733  -72.606  -22.675 0.1000000015
9938  -24.660  -73.096  -23.449 0.1000000015
9940  -26.574  -72.862  -23.270 0.1000000015
10006  -23.740  -72.771  -28.978 0.1000000015
10862  -33.642  -71.462  -12.728 0.1000000015
10879  -34.123  -72.158  -12.945 0.1000000015
10881  -38.136  -72.159  -13.361 0.4000000060
10950  -25.730  -71.740  -19.983 0.1000000015
11902  -33.186  -70.756  -12.538 0.1000000015
11906  -38.085  -72.164  -12.290 0.3000000119
11964  -26.655  -70.692  -18.444 0.1000000015
12896  -40.358  -69.316  -7.979 0.3000000119
12905  -40.393  -69.488  -8.657 0.2000000030
12915  -39.769  -70.005  -8.971 0.2000000030
13011  -38.160  -69.711  -15.674 0.3000000119
13039  -27.297  -70.036  -17.085 0.1000000015
13052  -25.315  -69.779  -18.126 0.1000000015
13957  -41.040  -68.563  -7.373 0.3000000119
14016  -35.891  -68.711  -11.530 0.1000000015
14077  -32.766  -68.940  -14.612 0.1000000015
14095  -38.006  -68.568  -17.006 0.2000000030
14097  -39.646  -68.054  -16.860 0.2000000030
14949  -42.467  -67.030  -6.008 0.2000000030
14957  -41.941  -67.636  -6.346 0.4000000060
14970  -38.616  -68.364  -7.960 0.1000000015
15042  -36.641  -68.086  -15.931 0.3000000119
15053  -36.919  -67.667  -16.890 0.1000000015
15069  -40.674  -66.705  -17.558 0.3000000119
15078  -28.316  -67.164  -18.564 0.1000000015
15081  -38.543  -67.297  -19.138 0.1000000015
15083  -40.470  -66.395  -18.497 0.3000000119
15092  -27.234  -67.358  -19.374 0.1000000015
15822  -35.731  -66.150  4.438 0.1000000015
16014  -34.688  -66.334  -15.260 0.1000000015
16016  -41.472  -66.159  -15.911 0.4000000060
16024  -28.997  -65.895  -16.821 0.1000000015
16038  -36.123  -66.145  -17.484 0.1000000015
16039  -36.867  -66.495  -18.119 0.1000000015
16050  -27.324  -66.172  -18.482 0.1000000015
16052  -38.447  -66.563  -19.356 0.1000000015
16065  -26.919  -66.606  -19.122 0.1000000015
16844  -34.880  -65.024  4.210 0.1000000015
16845  -35.495  -65.346  4.633 0.1000000015
16914  -43.633  -64.898  -4.264 0.1000000015
17024  -32.142  -66.204  -14.805 0.1000000015
17046  -28.436  -65.383  -17.268 0.1000000015
17049  -34.825  -65.217  -16.525 0.1000000015
17051  -41.079  -65.146  -17.695 0.4000000060
17062  -36.984  -65.676  -18.190 0.1000000015
17073  -27.254  -65.526  -18.522 0.1000000015
17077  -40.506  -65.721  -19.037 0.2000000030
17092  -26.550  -65.574  -19.603 0.1000000015
17125  -27.147  -65.377  -22.517 0.1000000015
17127  -29.617  -65.217  -22.948 0.1000000015
17128  -30.688  -65.577  -23.601 0.1000000015
17138  -32.137  -65.995  -24.729 0.1000000015
17140  -33.750  -65.569  -24.181 0.1000000015
17149  -29.653  -66.503  -24.835 0.1000000015
17879  -34.894  -64.346  4.159 0.1000000015
17921  -32.476  -63.648  -0.026 0.1000000015
17968  -42.110  -65.433  -3.175 0.1000000015
17981  -35.289  -64.957  -3.926 0.1000000015
18009  -42.829  -65.544  -6.002 0.4000000060
18058  -36.450  -64.221  -11.165 0.5000000000
18106  -33.894  -64.806  -15.919 0.1000000015
18122  -29.583  -64.264  -16.580 0.1000000015
18128  -35.887  -64.811  -17.202 0.1000000015
18143  -28.532  -64.684  -17.261 0.1000000015
18144  -29.026  -64.325  -16.964 0.1000000015
18147  -41.380  -64.227  -18.655 0.1000000015
18165  -39.467  -64.918  -19.558 0.1000000015
18167  -40.659  -64.776  -19.324 0.1000000015
18191  -26.573  -65.111  -20.290 0.1000000015
18202  -26.837  -64.808  -20.915 0.1000000015
18203  -27.543  -64.537  -21.201 0.1000000015
18205  -29.528  -64.208  -21.654 0.1000000015
18223  -34.401  -65.357  -23.404 0.1000000015
18224  -34.993  -65.055  -23.373 0.1000000015
18234  -33.880  -65.552  -23.929 0.1000000015
18251  -33.804  -65.233  -24.330 0.1000000015
18977  -34.391  -63.401  3.253 0.1000000015
18985  -32.807  -64.024  1.994 0.1000000015
18996  -33.483  -63.144  1.340 0.1000000015
19025  -33.990  -63.136  -0.446 0.1000000015
19027  -35.990  -63.291  -0.610 0.1000000015
19029  -37.663  -63.304  -0.716 0.1000000015
19051  -38.115  -63.682  -1.361 0.1000000015
19054  -41.537  -63.780  -1.358 0.1000000015
19055  -42.276  -64.018  -1.214 0.1000000015
19069  -36.190  -64.124  -1.884 0.1000000015
19080  -44.199  -64.046  -3.537 0.1000000015
19130  -35.401  -63.108  -8.598 0.6000000238
19209  -34.638  -63.175  -16.537 0.2000000030
19213  -41.888  -63.270  -18.237 0.1000000015
19222  -28.886  -63.963  -17.540 0.1000000015
19223  -30.136  -63.209  -17.637 0.1000000015
19225  -31.799  -62.999  -16.891 0.1000000015
19243  -29.017  -63.609  -18.340 0.1000000015
19278  -33.219  -64.223  -22.260 0.1000000015
19279  -34.473  -64.481  -22.600 0.1000000015
19288  -35.451  -64.614  -23.189 0.1000000015
20019  -38.171  -62.785  5.306 0.1000000015
20035  -35.699  -62.884  3.934 0.1000000015
20052  -34.799  -62.841  3.009 0.1000000015
20053  -35.386  -62.726  3.336 0.1000000015
20054  -36.072  -62.385  3.358 0.1000000015
20094  -34.687  -62.557  1.508 0.1000000015
20098  -38.221  -62.231  1.286 0.1000000015
20113  -35.902  -62.569  0.704 0.1000000015
20123  -47.074  -62.796  0.780 0.1000000015
20204  -35.859  -62.370  -10.502 0.5000000000
20238  -37.638  -63.007  -13.059 0.4000000060
20264  -32.635  -62.877  -16.893 0.1000000015
20266  -34.522  -62.298  -16.472 0.2000000030
20299  -31.460  -62.402  -18.486 0.1000000015
20330  -35.762  -63.285  -22.547 0.1000000015
20331  -36.357  -62.737  -22.614 0.1000000015
20356  -34.618  -63.418  -24.115 0.1000000015
21155  -46.867  -61.805  0.715 0.1000000015
21156  -46.755  -62.387  0.372 0.1000000015
21184  -39.049  -61.657  -3.257 0.4000000060
21239  -35.264  -61.648  -9.191 0.5000000000
21300  -36.360  -61.334  -15.663 0.1000000015
21314  -34.467  -61.520  -16.613 0.1000000015
21318  -42.495  -61.518  -17.579 0.1000000015
21354  -32.590  -61.918  -18.509 0.1000000015
21386  -33.662  -61.734  -23.431 0.1000000015
21390  -37.252  -61.637  -22.249 0.1000000015
21402  -35.531  -62.347  -23.495 0.1000000015
22130  -39.619  -60.272  1.601 0.2000000030
22132  -42.378  -60.351  1.137 0.2000000030
22145  -40.930  -59.996  0.671 0.2000000030
22148  -43.756  -60.367  0.051 0.2000000030
22150  -46.035  -61.283  0.486 0.1000000015
22200  -34.729  -60.207  -5.048 0.4000000060
22334  -35.893  -60.537  -15.833 0.1000000015
22368  -34.424  -60.603  -17.939 0.1000000015
22369  -35.105  -60.046  -18.762 0.1000000015
22388  -37.159  -61.290  -21.047 0.1000000015
22389  -37.642  -61.045  -21.368 0.1000000015
22390  -37.737  -60.361  -21.453 0.1000000015
22414  -36.671  -61.378  -22.812 0.1000000015
22415  -37.268  -60.888  -22.377 0.1000000015
23069  -41.221  -59.172  9.326 0.1000000015
23079  -40.939  -59.216  9.572 0.1000000015
23121  -41.641  -59.183  5.865 0.2000000030
23134  -38.456  -60.108  4.667 0.3000000119
23164  -40.046  -60.005  0.827 0.2000000030
23175  -39.611  -59.321  0.433 0.2000000030
23224  -34.728  -59.246  -5.558 0.4000000060
23231  -34.737  -59.487  -6.278 0.4000000060
23426  -35.114  -59.368  -22.065 0.1000000015
23427  -36.389  -59.318  -22.274 0.1000000015
23429  -37.873  -59.600  -21.611 0.1000000015
24109  -41.262  -58.868  9.334 0.1000000015
24121  -41.661  -58.631  8.188 0.1000000015
24205  -39.182  -58.661  -0.855 0.4000000060
24221  -34.311  -58.628  -4.071 0.3000000119
24232  -34.536  -58.971  -4.709 0.4000000060
24262  -39.030  -59.096  -6.813 0.3000000119
24264  -40.389  -58.708  -7.277 0.1000000015
24397  -39.116  -58.181  -20.669 0.1000000015
24416  -38.764  -58.091  -21.309 0.1000000015
25073  -35.311  -57.689  7.192 0.3000000119
25255  -37.645  -57.211  -10.912 0.1000000015
25272  -38.132  -57.237  -11.649 0.1000000015
25326  -38.691  -57.672  -15.189 0.1000000015
25344  -38.722  -57.029  -18.308 0.1000000015
25366  -37.947  -57.526  -21.437 0.1000000015
25367  -38.649  -57.332  -21.256 0.1000000015
25980  -35.068  -56.209  10.114 0.2000000030
26043  -34.251  -56.806  5.718 0.3000000119
26241  -37.611  -57.107  -12.915 0.1000000015
26242  -38.430  -56.887  -12.462 0.1000000015
26293  -39.110  -56.585  -15.952 0.1000000015
26305  -39.094  -56.288  -17.100 0.1000000015
26323  -39.290  -57.222  -20.546 0.1000000015
27052  -34.576  -55.642  10.285 0.2000000030
27175  -34.722  -55.287  -2.798 0.3000000119
27218  -40.098  -55.780  -5.275 0.1000000015
27251  -37.167  -55.945  -8.471 0.1000000015
27299  -43.610  -54.950  -11.476 0.1000000015
27314  -39.717  -55.626  -12.773 0.1000000015
27333  -40.083  -54.986  -13.242 0.1000000015
27371  -42.059  -54.813  -15.900 0.1000000015
27385  -40.125  -56.102  -18.980 0.1000000015
28452  -41.829  -54.563  -12.897 0.1000000015
28511  -42.048  -54.707  -17.076 0.1000000015
28516  -41.353  -54.694  -17.885 0.1000000015
28520  -35.343  -53.339  -18.306 0.1000000015
29557  -40.393  -53.102  -7.712 0.1000000015
29571  -40.739  -53.471  -8.216 0.1000000015
29616  -41.874  -53.196  -14.339 0.1000000015
29642  -39.533  -52.012  -15.564 0.1000000015
29655  -36.441  -52.538  -17.092 0.1000000015
29665  -40.895  -53.484  -17.701 0.1000000015
29666  -35.983  -52.878  -17.901 0.1000000015
30788  -39.961  -51.442  -15.950 0.1000000015
30790  -41.902  -51.910  -15.875 0.1000000015
30791  -42.918  -52.209  -15.895 0.1000000015
30803  -37.799  -51.896  -16.912 0.1000000015
30804  -38.608  -51.760  -16.788 0.1000000015
30810  -39.063  -51.901  -17.188 0.1000000015
31854  -37.920  -51.772  -1.342 0.1000000015
31858  -41.616  -51.812  -1.197 0.1000000015
31903  -40.402  -51.290  -5.781 0.1000000015
31922  -40.845  -51.719  -6.426 0.1000000015
32813  -33.878  -50.914  10.569 0.1000000015
32859  -32.978  -50.262  7.377 0.1000000015
33005  -41.963  -50.271  -3.877 0.1000000015
118091  -41.830  -62.041  2.355 0.1000000015
119601  -36.706  -62.024  2.975 0.1000000015
119653  -31.764  -63.586  -16.262 0.1000000015
120075  -32.049  -62.205  -18.729 0.1000000015
120423  -33.402  -60.943  -22.895 0.1000000015
120615  -39.860  -70.453  -9.612 0.2000000030
120777  -40.135  -57.993  7.383 0.2000000030
122699  -33.066  -70.296  -14.564 0.1000000015
122951  -35.783  -58.648  6.066 0.3000000119
122998  -26.266  -72.499  -22.111 0.1000000015
123274  -27.731  -64.308  -19.638 0.1000000015
124760  -32.920  -63.889  -16.116 0.1000000015
125120  -38.152  -58.150  -19.343 0.1000000015
125366  -39.909  -65.089  -19.682 0.1000000015
126523  -36.195  -74.171  -13.465 0.1000000015
126949  -36.504  -70.825  -14.885 0.2000000030
127328  -36.695  -73.351  -14.466 0.1000000015
128625  -39.165  -65.475  -4.066 0.1000000015
129937  -26.147  -74.302  -29.248 0.1000000015
132020  -25.828  -71.353  -19.490 0.1000000015
132166  -36.432  -64.569  -2.494 0.1000000015
132458  -31.540  -66.199  -24.604 0.1000000015
133367  -35.536  -64.316  -16.904 0.2000000030
133434  -36.807  -56.381  -20.427 0.1000000015
133510  -27.306  -64.853  -18.909 0.1000000015
133685  -26.970  -64.887  -19.612 0.1000000015
133703  -37.980  -59.877  -2.224 0.4000000060
134992  -37.598  -50.876  2.533 0.1000000015
135269  -35.439  -62.425  1.311 0.1000000015
135315  -36.875  -61.551  -10.990 0.4000000060
135914  -39.782  -67.733  -17.903 0.2000000030
135918  -32.808  -62.409  -17.237 0.2000000030
136072  -37.429  -62.439  -4.662 0.5000000000
136519  -38.330  -66.138  -11.080 0.5000000000
136639  -36.231  -57.612  2.672 0.3000000119
136813  -41.101  -66.873  -12.520 0.4000000060
136834  -34.422  -62.689  0.851 0.1000000015
136930  -38.388  -61.864  2.648 0.1000000015
137043  -41.835  -62.995  -19.043 0.1000000015
137054  -42.462  -60.056  0.394 0.3000000119
138226  -33.854  -62.465  -23.867 0.1000000015
138627  -37.293  -58.355  -15.826 0.1000000015
138748  -37.152  -65.727  -4.014 0.1000000015
138762  -26.377  -72.043  -20.321 0.1000000015
138913  -39.884  -61.716  3.233 0.1000000015
139194  -34.117  -63.970  3.428 0.1000000015
139474  -34.783  -61.311  -7.734 0.5000000000
140517  -38.835  -62.891  -14.504 0.3000000119
141551  -39.666  -59.231  10.734 0.1000000015
141953  -37.158  -57.828  -17.068 0.1000000015
142010  -28.193  -64.011  -19.340 0.1000000015
142096  -25.303  -72.785  -22.929 0.1000000015
142203  -36.104  -60.927  -15.663 0.1000000015
