#!ascii label  , from subject sub-v2s18x29496_ses-1 vox2ras=TkReg
501
15983  -41.205  -66.866  -11.872 0.0000000000
23337  -41.331  -59.389  -14.977 0.0000000000
21246  -35.556  -61.855  -9.935 0.0000000000
18107  -40.634  -64.215  -17.048 0.0000000000
22253  -42.066  -60.136  -9.665 0.0000000000
19113  -40.217  -64.287  -6.402 0.0000000000
22188  -35.107  -60.292  -4.194 0.0000000000
26099  -35.547  -57.026  1.122 0.0000000000
23243  -36.852  -59.640  -7.649 0.0000000000
117705  -38.032  -60.812  -10.515 0.0000000000
23246  -39.900  -59.241  -7.625 0.0000000000
20160  -37.380  -62.688  -5.201 0.0000000000
22178  -38.442  -60.544  -2.586 0.0000000000
119926  -33.685  -54.775  1.423 0.0000000000
120439  -33.753  -55.402  -1.199 0.0000000000
14067  -39.312  -68.606  -14.937 0.0000000000
20257  -42.662  -61.439  -17.184 0.0000000000
18146  -38.500  -64.487  -18.557 0.0000000000
20254  -37.977  -61.632  -16.162 0.0000000000
17006  -37.432  -65.499  -11.311 0.0000000000
16007  -40.935  -66.178  -14.403 0.0000000000
21285  -40.099  -61.084  -13.790 0.0000000000
22307  -42.705  -60.325  -13.920 0.0000000000
18019  -37.435  -64.370  -7.969 0.0000000000
21219  -34.697  -61.380  -6.949 0.0000000000
24234  -35.786  -58.230  -5.626 0.0000000000
24197  -38.685  -58.448  -0.350 0.0000000000
24201  -35.279  -58.561  -1.503 0.0000000000
26120  -34.670  -56.517  -3.555 0.0000000000
27207  -37.654  -56.008  -4.224 0.0000000000
15068  -38.899  -68.032  -18.464 0.0000000000
26266  -45.643  -55.887  -13.173 0.0000000000
26262  -41.702  -56.925  -13.694 0.0000000000
25337  -38.350  -57.118  -16.197 0.0000000000
24247  -38.429  -58.832  -6.408 0.0000000000
23245  -39.128  -59.494  -7.365 0.0000000000
14048  -39.980  -68.305  -13.310 0.0000000000
132630  -42.401  -60.565  -16.740 0.0000000000
21329  -40.420  -61.483  -17.775 0.0000000000
22350  -40.484  -60.442  -16.662 0.0000000000
21301  -37.230  -61.146  -15.608 0.0000000000
23335  -38.999  -59.292  -15.049 0.0000000000
19144  -36.051  -63.542  -10.615 0.0000000000
19159  -36.617  -63.149  -11.992 0.0000000000
119295  -40.006  -60.443  -10.259 0.0000000000
21258  -39.020  -61.131  -12.205 0.0000000000
22273  -40.741  -60.498  -11.823 0.0000000000
22304  -40.863  -60.706  -13.694 0.0000000000
22275  -42.565  -60.394  -11.424 0.0000000000
16978  -39.051  -65.577  -8.788 0.0000000000
19111  -38.778  -64.004  -6.953 0.0000000000
21197  -36.231  -61.625  -4.490 0.0000000000
20174  -35.848  -62.195  -5.832 0.0000000000
22212  -34.586  -60.597  -5.776 0.0000000000
140316  -34.555  -59.808  -6.434 0.0000000000
23223  -34.627  -59.590  -5.115 0.0000000000
25147  -37.237  -57.804  0.634 0.0000000000
24195  -36.969  -58.192  -0.575 0.0000000000
25151  -35.374  -57.751  -0.244 0.0000000000
28310  -34.531  -54.144  -1.795 0.0000000000
27174  -34.052  -55.919  -2.327 0.0000000000
28327  -35.682  -54.913  -3.163 0.0000000000
26121  -35.700  -56.080  -4.052 0.0000000000
18094  -39.943  -64.711  -15.833 0.0000000000
15056  -41.142  -66.485  -16.459 0.0000000000
16041  -40.878  -65.847  -18.050 0.0000000000
139746  -36.449  -65.958  -17.881 0.0000000000
28456  -46.500  -54.039  -13.704 0.0000000000
129835  -43.331  -56.466  -13.643 0.0000000000
26295  -40.667  -55.557  -15.729 0.0000000000
124271  -36.185  -60.462  -9.107 0.0000000000
22260  -37.096  -61.135  -10.485 0.0000000000
22238  -37.283  -60.300  -9.240 0.0000000000
22240  -39.445  -59.848  -8.684 0.0000000000
125835  -41.192  -59.263  -8.595 0.0000000000
19098  -38.703  -63.335  -5.599 0.0000000000
21183  -37.613  -61.674  -3.608 0.0000000000
22189  -36.594  -60.768  -3.233 0.0000000000
26084  -34.375  -56.003  1.507 0.0000000000
25145  -34.655  -57.185  0.206 0.0000000000
27163  -33.677  -54.965  0.607 0.0000000000
29457  -34.264  -53.674  -0.921 0.0000000000
29458  -35.086  -53.392  -1.654 0.0000000000
20271  -42.499  -62.146  -17.847 0.0000000000
19247  -41.336  -63.633  -19.149 0.0000000000
20285  -41.796  -62.467  -18.829 0.0000000000
19211  -38.082  -63.033  -17.235 0.0000000000
18129  -36.346  -63.990  -16.933 0.0000000000
20252  -35.899  -62.001  -15.812 0.0000000000
140459  -35.474  -60.807  -16.077 0.0000000000
23372  -35.826  -59.891  -16.172 0.0000000000
15981  -39.388  -66.476  -11.334 0.0000000000
15988  -41.091  -66.815  -13.249 0.0000000000
17016  -38.594  -65.261  -13.896 0.0000000000
19187  -39.114  -63.518  -14.997 0.0000000000
21268  -37.589  -62.069  -12.278 0.0000000000
20239  -38.334  -62.745  -13.724 0.0000000000
20255  -39.728  -62.685  -15.336 0.0000000000
20246  -40.849  -61.902  -15.588 0.0000000000
22319  -42.395  -60.344  -15.222 0.0000000000
22321  -42.748  -60.019  -14.794 0.0000000000
15976  -39.040  -66.305  -10.479 0.0000000000
18045  -36.897  -64.740  -9.717 0.0000000000
19131  -35.792  -63.751  -8.959 0.0000000000
19110  -37.269  -63.216  -6.477 0.0000000000
19121  -35.727  -63.130  -7.686 0.0000000000
20193  -35.114  -62.390  -8.961 0.0000000000
22229  -35.046  -60.136  -7.832 0.0000000000
23232  -36.547  -59.195  -6.794 0.0000000000
26141  -37.397  -57.366  -5.436 0.0000000000
120558  -38.840  -58.972  -1.329 0.0000000000
23189  -36.843  -59.123  -1.849 0.0000000000
23196  -35.193  -59.581  -2.719 0.0000000000
127283  -34.437  -57.427  -0.787 0.0000000000
25160  -34.169  -58.023  -2.460 0.0000000000
24210  -34.231  -58.510  -3.357 0.0000000000
25180  -34.875  -57.519  -4.482 0.0000000000
25182  -36.628  -57.009  -5.052 0.0000000000
15033  -41.200  -67.164  -14.773 0.0000000000
14082  -39.430  -68.295  -15.890 0.0000000000
16053  -39.163  -66.510  -19.488 0.0000000000
15066  -37.195  -67.349  -17.910 0.0000000000
22291  -44.559  -60.499  -12.225 0.0000000000
22308  -43.948  -60.165  -13.648 0.0000000000
24338  -43.420  -59.603  -14.112 0.0000000000
131570  -43.306  -57.373  -13.454 0.0000000000
24336  -41.367  -58.387  -14.048 0.0000000000
25309  -39.523  -57.917  -14.581 0.0000000000
25325  -37.872  -57.981  -15.613 0.0000000000
25202  -38.779  -58.008  -6.145 0.0000000000
24248  -39.267  -58.569  -6.564 0.0000000000
14032  -40.488  -68.160  -12.296 0.0000000000
124554  -40.850  -67.299  -12.901 0.0000000000
23360  -41.811  -59.936  -15.936 0.0000000000
22338  -41.346  -60.093  -16.397 0.0000000000
23359  -40.324  -59.592  -15.505 0.0000000000
22337  -39.223  -59.924  -15.522 0.0000000000
23336  -40.165  -59.212  -15.052 0.0000000000
19146  -35.955  -62.980  -10.813 0.0000000000
19147  -36.285  -63.386  -11.356 0.0000000000
20211  -36.304  -62.743  -11.285 0.0000000000
117732  -40.999  -60.258  -9.917 0.0000000000
136143  -40.173  -60.626  -11.086 0.0000000000
22261  -40.858  -60.494  -10.822 0.0000000000
22274  -41.593  -60.417  -11.625 0.0000000000
22262  -41.784  -60.398  -10.571 0.0000000000
18007  -40.906  -64.826  -6.650 0.0000000000
120320  -40.114  -64.652  -6.902 0.0000000000
18020  -39.425  -64.754  -7.471 0.0000000000
18006  -39.566  -64.289  -6.798 0.0000000000
22201  -35.871  -60.999  -3.970 0.0000000000
21210  -35.778  -61.736  -5.214 0.0000000000
21196  -35.263  -61.007  -4.923 0.0000000000
134289  -34.479  -60.033  -5.723 0.0000000000
22187  -34.690  -59.773  -4.490 0.0000000000
26071  -35.746  -56.872  1.826 0.0000000000
121933  -36.034  -57.198  2.269 0.0000000000
25132  -36.252  -57.307  1.596 0.0000000000
25133  -36.934  -57.723  1.386 0.0000000000
25146  -36.415  -57.511  0.882 0.0000000000
25152  -36.516  -57.776  0.089 0.0000000000
118760  -35.726  -57.496  0.458 0.0000000000
29465  -35.284  -53.834  -2.291 0.0000000000
28316  -35.018  -54.500  -2.559 0.0000000000
28318  -37.234  -54.094  -3.080 0.0000000000
17035  -40.880  -65.331  -16.399 0.0000000000
17036  -41.247  -65.760  -16.583 0.0000000000
18108  -41.064  -65.058  -17.270 0.0000000000
27357  -43.950  -55.171  -14.677 0.0000000000
27355  -42.062  -55.372  -14.768 0.0000000000
28486  -42.900  -54.703  -15.716 0.0000000000
22237  -36.497  -60.028  -8.561 0.0000000000
23255  -37.740  -59.963  -8.280 0.0000000000
23257  -39.527  -59.645  -7.936 0.0000000000
22241  -40.264  -59.510  -8.446 0.0000000000
23247  -40.675  -58.934  -7.959 0.0000000000
141301  -37.146  -61.270  -3.418 0.0000000000
22177  -37.405  -60.352  -2.658 0.0000000000
27134  -34.686  -56.116  2.231 0.0000000000
27151  -34.108  -55.472  1.936 0.0000000000
142639  -33.857  -55.404  1.266 0.0000000000
13002  -38.532  -69.583  -15.128 0.0000000000
20286  -42.088  -62.599  -18.542 0.0000000000
21331  -42.409  -61.975  -18.344 0.0000000000
20270  -38.889  -61.998  -17.291 0.0000000000
19212  -39.164  -62.656  -17.881 0.0000000000
20269  -37.478  -62.524  -16.458 0.0000000000
20268  -36.321  -62.899  -16.263 0.0000000000
22336  -37.626  -60.271  -15.340 0.0000000000
22335  -36.633  -60.618  -15.538 0.0000000000
139883  -36.996  -60.125  -15.366 0.0000000000
23357  -36.481  -59.838  -15.652 0.0000000000
17007  -38.292  -66.175  -11.838 0.0000000000
15986  -39.492  -66.469  -12.231 0.0000000000
18080  -38.673  -64.406  -14.440 0.0000000000
19180  -38.391  -63.556  -14.069 0.0000000000
21256  -37.224  -61.781  -11.589 0.0000000000
21248  -37.650  -61.229  -11.163 0.0000000000
21269  -38.451  -61.693  -12.642 0.0000000000
21284  -38.963  -61.752  -13.669 0.0000000000
20245  -39.349  -62.228  -14.562 0.0000000000
132855  -41.894  -60.401  -13.734 0.0000000000
22305  -41.864  -60.500  -14.229 0.0000000000
22306  -42.535  -60.246  -14.692 0.0000000000
18034  -38.439  -64.922  -8.249 0.0000000000
16977  -38.196  -65.331  -8.993 0.0000000000
18033  -37.312  -64.791  -8.875 0.0000000000
18044  -36.388  -64.304  -9.323 0.0000000000
18032  -36.518  -64.213  -8.470 0.0000000000
126716  -38.290  -63.498  -6.404 0.0000000000
19097  -37.797  -63.070  -5.742 0.0000000000
138110  -35.172  -62.034  -6.560 0.0000000000
20183  -35.981  -62.798  -6.641 0.0000000000
120486  -35.012  -62.181  -7.465 0.0000000000
20188  -35.162  -62.508  -8.234 0.0000000000
21232  -34.944  -61.749  -8.393 0.0000000000
129580  -35.048  -60.940  -8.319 0.0000000000
21218  -34.682  -60.583  -7.259 0.0000000000
24244  -35.171  -58.859  -5.954 0.0000000000
136159  -35.391  -59.229  -6.620 0.0000000000
24245  -36.179  -58.706  -6.182 0.0000000000
24246  -37.350  -58.767  -6.273 0.0000000000
24235  -36.863  -58.142  -5.811 0.0000000000
24202  -36.366  -58.627  -1.320 0.0000000000
24203  -37.428  -58.607  -1.198 0.0000000000
23197  -36.212  -59.662  -2.414 0.0000000000
23188  -35.670  -59.163  -1.956 0.0000000000
120351  -33.882  -56.426  0.079 0.0000000000
134744  -33.997  -56.830  -0.592 0.0000000000
26103  -33.728  -56.156  -0.859 0.0000000000
26111  -34.119  -56.688  -2.642 0.0000000000
127023  -34.070  -57.329  -2.306 0.0000000000
25168  -34.111  -57.522  -3.129 0.0000000000
25179  -34.285  -57.984  -3.897 0.0000000000
25169  -34.546  -57.236  -3.901 0.0000000000
27206  -36.786  -56.000  -4.181 0.0000000000
26132  -36.245  -56.565  -4.584 0.0000000000
26133  -37.326  -56.539  -4.776 0.0000000000
15993  -40.774  -66.513  -13.508 0.0000000000
15994  -41.264  -66.736  -14.123 0.0000000000
15055  -40.535  -67.218  -16.690 0.0000000000
15043  -40.389  -67.509  -15.777 0.0000000000
14107  -39.113  -68.343  -17.679 0.0000000000
14096  -38.742  -68.614  -16.814 0.0000000000
14106  -38.363  -68.342  -17.703 0.0000000000
18166  -40.438  -64.294  -19.403 0.0000000000
17076  -39.834  -65.680  -19.567 0.0000000000
17075  -39.260  -65.777  -19.644 0.0000000000
16027  -35.772  -66.393  -16.700 0.0000000000
16028  -36.458  -66.869  -17.269 0.0000000000
22276  -43.632  -60.411  -11.281 0.0000000000
22277  -44.583  -60.319  -11.089 0.0000000000
23321  -44.725  -59.902  -13.299 0.0000000000
134539  -44.064  -59.991  -13.820 0.0000000000
24339  -44.232  -59.283  -13.665 0.0000000000
26263  -42.480  -56.755  -13.618 0.0000000000
25299  -42.427  -57.622  -13.562 0.0000000000
25298  -41.694  -57.764  -13.736 0.0000000000
25310  -40.418  -58.083  -14.231 0.0000000000
25297  -40.874  -57.220  -14.029 0.0000000000
26294  -39.946  -56.138  -15.611 0.0000000000
25327  -39.430  -57.102  -15.106 0.0000000000
23233  -37.713  -59.289  -6.848 0.0000000000
23244  -38.193  -59.677  -7.478 0.0000000000
23234  -38.544  -59.324  -6.932 0.0000000000
24263  -39.644  -58.972  -7.043 0.0000000000
28292  -33.677  -54.002  0.731 0.0000000000
29421  -33.637  -53.216  1.260 0.0000000000
136871  -39.584  -68.473  -14.139 0.0000000000
21304  -42.720  -61.032  -16.947 0.0000000000
21330  -41.812  -61.622  -18.375 0.0000000000
22351  -42.172  -60.615  -17.181 0.0000000000
21316  -39.543  -61.158  -16.889 0.0000000000
21302  -38.536  -60.783  -15.812 0.0000000000
22317  -38.131  -59.602  -15.079 0.0000000000
140248  -36.842  -64.842  -11.226 0.0000000000
18062  -36.581  -63.913  -11.993 0.0000000000
19160  -37.146  -63.587  -12.660 0.0000000000
119048  -38.974  -60.547  -10.393 0.0000000000
21257  -38.717  -60.916  -11.277 0.0000000000
22272  -39.529  -60.678  -10.946 0.0000000000
127327  -39.805  -60.726  -11.858 0.0000000000
22287  -39.886  -60.809  -12.889 0.0000000000
22288  -40.843  -60.491  -12.967 0.0000000000
22289  -41.596  -60.372  -12.757 0.0000000000
124489  -42.464  -60.352  -12.575 0.0000000000
117656  -38.366  -64.309  -7.569 0.0000000000
20159  -36.663  -62.228  -5.035 0.0000000000
125810  -36.834  -62.727  -5.802 0.0000000000
21209  -34.962  -61.427  -5.962 0.0000000000
21208  -34.523  -60.802  -6.512 0.0000000000
22211  -34.468  -60.137  -6.410 0.0000000000
23230  -34.525  -59.754  -5.972 0.0000000000
24233  -34.948  -58.561  -5.227 0.0000000000
24179  -37.650  -58.059  1.128 0.0000000000
24189  -38.083  -58.131  0.326 0.0000000000
24196  -37.896  -58.219  -0.457 0.0000000000
25153  -37.463  -57.887  0.044 0.0000000000
24194  -35.930  -58.156  -0.741 0.0000000000
28315  -34.078  -55.044  -2.013 0.0000000000
27172  -33.772  -55.865  -1.623 0.0000000000
27185  -34.488  -55.984  -3.002 0.0000000000
27186  -35.221  -55.667  -3.429 0.0000000000
27187  -36.284  -55.438  -3.648 0.0000000000
27188  -37.426  -55.414  -3.716 0.0000000000
17026  -41.014  -65.777  -15.329 0.0000000000
16008  -41.460  -66.400  -15.095 0.0000000000
17027  -41.501  -66.025  -15.751 0.0000000000
16029  -41.238  -65.997  -16.919 0.0000000000
138848  -40.080  -67.014  -18.446 0.0000000000
17074  -38.238  -65.582  -18.967 0.0000000000
27359  -45.567  -54.408  -14.478 0.0000000000
27337  -45.363  -55.457  -13.833 0.0000000000
26265  -45.150  -56.515  -13.378 0.0000000000
27336  -44.313  -55.882  -13.802 0.0000000000
27335  -42.633  -55.906  -14.040 0.0000000000
27334  -41.970  -56.179  -13.983 0.0000000000
26281  -41.315  -56.135  -14.376 0.0000000000
27354  -41.274  -55.443  -15.301 0.0000000000
21240  -35.704  -61.415  -9.698 0.0000000000
21247  -36.188  -61.597  -10.404 0.0000000000
22248  -36.444  -60.896  -9.767 0.0000000000
22249  -37.443  -60.719  -9.942 0.0000000000
22250  -38.278  -60.448  -9.759 0.0000000000
23256  -38.822  -59.876  -8.020 0.0000000000
22239  -38.483  -60.040  -8.942 0.0000000000
22251  -39.246  -60.184  -9.567 0.0000000000
22252  -40.186  -59.986  -9.329 0.0000000000
23268  -41.080  -59.766  -9.194 0.0000000000
19112  -39.313  -63.817  -6.211 0.0000000000
20161  -38.145  -62.852  -4.864 0.0000000000
133796  -38.494  -62.003  -3.618 0.0000000000
20148  -37.890  -62.329  -4.133 0.0000000000
21198  -37.085  -62.009  -4.235 0.0000000000
21182  -36.743  -61.458  -3.779 0.0000000000
123925  -35.665  -60.459  -3.546 0.0000000000
26085  -35.103  -56.511  1.687 0.0000000000
26098  -34.561  -56.514  0.944 0.0000000000
122304  -33.876  -55.816  0.731 0.0000000000
129863  -33.670  -55.399  -0.281 0.0000000000
28298  -33.795  -54.369  -0.190 0.0000000000
28309  -33.921  -54.624  -1.117 0.0000000000
29466  -35.921  -53.316  -2.265 0.0000000000
19196  -40.819  -63.230  -17.121 0.0000000000
121266  -41.490  -64.220  -18.116 0.0000000000
19229  -41.834  -63.322  -18.714 0.0000000000
19246  -41.166  -63.317  -19.249 0.0000000000
19245  -39.825  -63.889  -19.142 0.0000000000
19227  -38.782  -63.484  -18.112 0.0000000000
20253  -36.809  -61.977  -15.807 0.0000000000
21299  -35.693  -61.218  -15.846 0.0000000000
21315  -35.096  -61.065  -16.330 0.0000000000
22349  -35.324  -60.408  -16.491 0.0000000000
15982  -40.767  -66.689  -11.664 0.0000000000
15987  -40.818  -66.682  -12.563 0.0000000000
15992  -39.582  -66.295  -13.056 0.0000000000
17017  -39.686  -65.914  -13.847 0.0000000000
137505  -38.701  -65.845  -13.321 0.0000000000
138927  -39.555  -65.258  -14.764 0.0000000000
136900  -39.284  -64.339  -15.137 0.0000000000
18093  -39.767  -63.859  -15.973 0.0000000000
21255  -36.491  -62.078  -11.122 0.0000000000
20212  -36.852  -62.454  -11.832 0.0000000000
121896  -38.089  -61.437  -11.881 0.0000000000
20226  -38.000  -62.357  -12.968 0.0000000000
19195  -39.932  -63.169  -16.028 0.0000000000
20256  -41.473  -62.292  -16.633 0.0000000000
21303  -42.505  -61.308  -16.510 0.0000000000
22318  -41.778  -60.893  -14.862 0.0000000000
21291  -42.004  -61.232  -15.602 0.0000000000
21292  -42.587  -60.755  -16.105 0.0000000000
22339  -42.410  -60.139  -15.295 0.0000000000
23338  -42.597  -59.960  -15.060 0.0000000000
15977  -40.443  -66.670  -10.631 0.0000000000
17003  -37.941  -65.725  -10.425 0.0000000000
16992  -38.746  -65.832  -9.615 0.0000000000
16991  -37.631  -65.269  -9.663 0.0000000000
17002  -36.977  -64.961  -10.536 0.0000000000
18056  -36.363  -64.246  -10.218 0.0000000000
19137  -35.850  -63.654  -9.805 0.0000000000
19143  -35.614  -62.962  -10.188 0.0000000000
19123  -37.695  -63.714  -7.190 0.0000000000
20184  -36.648  -63.374  -7.099 0.0000000000
19122  -36.607  -63.833  -7.716 0.0000000000
123585  -35.962  -63.651  -8.264 0.0000000000
19136  -35.371  -63.050  -9.393 0.0000000000
20199  -35.385  -62.358  -9.709 0.0000000000
22236  -35.576  -60.957  -9.126 0.0000000000
119093  -35.593  -60.378  -8.541 0.0000000000
135094  -35.774  -59.872  -8.095 0.0000000000
22219  -34.706  -59.814  -6.951 0.0000000000
23242  -35.569  -59.599  -7.397 0.0000000000
24236  -37.879  -58.124  -5.971 0.0000000000
24204  -38.377  -58.586  -0.999 0.0000000000
23190  -37.940  -59.221  -1.662 0.0000000000
23198  -37.192  -59.669  -2.289 0.0000000000
125296  -36.650  -60.140  -2.706 0.0000000000
22176  -35.858  -60.136  -2.991 0.0000000000
22175  -35.103  -59.910  -3.460 0.0000000000
25157  -34.929  -58.020  -1.068 0.0000000000
26108  -33.900  -56.741  -1.608 0.0000000000
25156  -34.259  -57.600  -1.671 0.0000000000
24200  -34.557  -58.216  -1.823 0.0000000000
23187  -34.602  -58.833  -2.409 0.0000000000
23195  -34.541  -59.282  -3.345 0.0000000000
23201  -34.694  -59.661  -3.932 0.0000000000
23214  -34.414  -59.192  -4.130 0.0000000000
24222  -34.628  -58.276  -4.546 0.0000000000
25192  -35.366  -57.861  -5.049 0.0000000000
26131  -35.249  -56.785  -4.318 0.0000000000
25181  -35.770  -57.174  -4.874 0.0000000000
25193  -36.325  -57.606  -5.343 0.0000000000
26142  -38.314  -56.696  -5.287 0.0000000000
15019  -40.962  -67.278  -13.830 0.0000000000
15018  -40.265  -67.866  -14.303 0.0000000000
15044  -41.272  -66.677  -15.662 0.0000000000
15032  -40.109  -67.845  -15.094 0.0000000000
14081  -38.615  -69.073  -15.873 0.0000000000
17063  -40.968  -65.116  -18.629 0.0000000000
16054  -39.904  -66.473  -19.125 0.0000000000
15082  -39.371  -67.294  -18.905 0.0000000000
16040  -37.619  -66.355  -18.756 0.0000000000
124464  -37.685  -67.083  -18.863 0.0000000000
15067  -37.971  -67.789  -18.405 0.0000000000
25204  -40.396  -57.536  -6.517 0.0000000000
23248  -41.383  -58.803  -8.191 0.0000000000
134385  -41.861  -59.626  -9.083 0.0000000000
22254  -43.092  -60.177  -9.709 0.0000000000
22263  -42.805  -60.356  -10.413 0.0000000000
124274  -43.430  -60.417  -12.332 0.0000000000
23288  -45.121  -60.309  -11.756 0.0000000000
137447  -44.031  -60.398  -13.019 0.0000000000
22290  -43.384  -60.313  -13.412 0.0000000000
23320  -43.387  -60.046  -14.262 0.0000000000
23339  -42.790  -59.847  -14.693 0.0000000000
24354  -42.128  -59.297  -14.591 0.0000000000
26264  -44.257  -56.985  -13.382 0.0000000000
130232  -44.467  -58.183  -13.474 0.0000000000
130560  -43.362  -58.442  -13.628 0.0000000000
24337  -42.482  -58.764  -14.029 0.0000000000
24353  -41.165  -58.884  -14.485 0.0000000000
24352  -40.189  -58.686  -14.658 0.0000000000
24351  -39.044  -58.667  -14.777 0.0000000000
24350  -38.134  -59.096  -14.942 0.0000000000
24369  -38.202  -58.449  -15.080 0.0000000000
24368  -37.582  -58.782  -15.303 0.0000000000
24367  -36.882  -58.985  -15.691 0.0000000000
13011  -38.160  -69.711  -15.674 0.0000000000
14095  -38.006  -68.568  -17.006 0.0000000000
14097  -39.646  -68.054  -16.860 0.0000000000
15053  -36.919  -67.667  -16.890 0.0000000000
15069  -40.674  -66.705  -17.558 0.0000000000
15081  -38.543  -67.297  -19.138 0.0000000000
15083  -40.470  -66.395  -18.497 0.0000000000
16016  -41.472  -66.159  -15.911 0.0000000000
16038  -36.123  -66.145  -17.484 0.0000000000
16039  -36.867  -66.495  -18.119 0.0000000000
16052  -38.447  -66.563  -19.356 0.0000000000
17051  -41.079  -65.146  -17.695 0.0000000000
17062  -36.984  -65.676  -18.190 0.0000000000
17077  -40.506  -65.721  -19.037 0.0000000000
18021  -40.508  -65.216  -7.214 0.0000000000
18058  -36.450  -64.221  -11.165 0.0000000000
18147  -41.380  -64.227  -18.655 0.0000000000
18165  -39.467  -64.918  -19.558 0.0000000000
18167  -40.659  -64.776  -19.324 0.0000000000
19130  -35.401  -63.108  -8.598 0.0000000000
19213  -41.888  -63.270  -18.237 0.0000000000
20204  -35.859  -62.370  -10.502 0.0000000000
21239  -35.264  -61.648  -9.191 0.0000000000
21300  -36.360  -61.334  -15.663 0.0000000000
21314  -34.467  -61.520  -16.613 0.0000000000
21317  -41.372  -60.939  -17.669 0.0000000000
21318  -42.495  -61.518  -17.579 0.0000000000
22200  -34.729  -60.207  -5.048 0.0000000000
22320  -42.586  -60.046  -15.071 0.0000000000
22334  -35.893  -60.537  -15.833 0.0000000000
23224  -34.728  -59.246  -5.558 0.0000000000
23231  -34.737  -59.487  -6.278 0.0000000000
23301  -44.451  -60.262  -13.145 0.0000000000
24221  -34.311  -58.628  -4.071 0.0000000000
24232  -34.536  -58.971  -4.709 0.0000000000
24262  -39.030  -59.096  -6.813 0.0000000000
25326  -38.691  -57.672  -15.189 0.0000000000
26293  -39.110  -56.585  -15.952 0.0000000000
27175  -34.722  -55.287  -2.798 0.0000000000
125366  -39.909  -65.089  -19.682 0.0000000000
128044  -43.385  -55.727  -14.098 0.0000000000
130479  -42.164  -59.601  -14.950 0.0000000000
133703  -37.980  -59.877  -2.224 0.0000000000
135315  -36.875  -61.551  -10.990 0.0000000000
135914  -39.782  -67.733  -17.903 0.0000000000
136072  -37.429  -62.439  -4.662 0.0000000000
136519  -38.330  -66.138  -11.080 0.0000000000
136639  -36.231  -57.612  2.672 0.0000000000
136813  -41.101  -66.873  -12.520 0.0000000000
137043  -41.835  -62.995  -19.043 0.0000000000
138627  -37.293  -58.355  -15.826 0.0000000000
139474  -34.783  -61.311  -7.734 0.0000000000
140517  -38.835  -62.891  -14.504 0.0000000000
142203  -36.104  -60.927  -15.663 0.0000000000
