#!ascii label  , from subject sub-v2s18x29500_ses-1 vox2ras=TkReg
1920
20993  31.866  -55.956  6.393 0.6000000238
20984  32.433  -56.386  7.501 0.5000000000
130685  31.406  -53.736  5.294 0.6999999881
23867  31.466  -53.355  4.436 0.6000000238
23878  31.672  -53.335  3.314 0.6000000238
24833  31.851  -52.509  2.942 0.6000000238
22827  31.534  -54.505  6.504 0.6999999881
22832  31.480  -54.452  5.614 0.6000000238
22843  31.568  -54.334  4.658 0.5000000000
22855  31.671  -54.178  3.664 0.5000000000
22862  31.860  -54.076  2.708 0.5000000000
128467  31.952  -53.287  2.378 0.6000000238
24832  32.114  -52.515  2.046 0.6000000238
142444  31.923  -55.088  7.378 0.5000000000
118177  32.247  -56.578  6.739 0.5000000000
20996  31.939  -55.945  5.532 0.6000000238
24843  32.510  -52.507  1.435 0.6000000238
19226  34.150  -57.928  8.196 0.5000000000
20080  35.475  -57.710  8.951 0.5000000000
25840  31.927  -50.649  3.316 0.6000000238
26910  32.285  -49.763  2.804 0.6999999881
24792  31.675  -52.573  6.414 0.6000000238
134500  31.398  -52.916  5.489 0.6999999881
25841  31.563  -51.778  4.220 0.6000000238
25856  31.723  -51.685  3.509 0.6000000238
25855  32.035  -51.676  2.610 0.6000000238
131818  31.574  -53.893  6.865 0.6000000238
23845  31.435  -53.608  6.194 0.6999999881
25866  32.359  -51.795  1.699 0.6000000238
20972  32.716  -56.106  8.195 0.5000000000
22819  31.773  -54.497  7.248 0.5000000000
125295  32.728  -51.115  1.096 0.6000000238
20081  33.705  -57.215  8.502 0.5000000000
125775  33.563  -51.092  0.319 0.6000000238
20970  34.176  -56.775  9.112 0.5000000000
26932  34.337  -51.154  -0.380 0.6000000238
26931  35.224  -51.250  -1.055 0.6999999881
26940  36.361  -51.585  -1.790 0.6999999881
25890  36.050  -52.416  -1.754 0.6000000238
25889  36.670  -52.405  -2.517 0.6000000238
133647  36.935  -52.200  -3.441 0.6000000238
30096  33.902  -48.196  -2.137 0.5000000000
31003  33.328  -46.685  -0.712 0.6999999881
30086  33.241  -47.794  -1.389 0.6000000238
119957  33.302  -46.174  -0.358 0.8000000119
31005  31.981  -47.123  0.096 0.6999999881
27937  32.761  -48.819  3.281 0.6000000238
27953  32.612  -49.111  2.327 0.6999999881
25812  31.871  -51.126  5.419 0.6999999881
25824  31.590  -51.449  4.820 0.6999999881
138929  31.826  -50.298  4.153 0.6000000238
122734  32.231  -50.838  2.182 0.6999999881
27960  32.735  -49.386  1.558 0.6999999881
24780  32.009  -52.854  7.208 0.6000000238
25801  32.038  -51.631  6.147 0.6000000238
27959  33.049  -49.028  1.093 0.8000000119
23812  32.763  -53.879  8.021 0.5000000000
23826  32.426  -53.395  7.602 0.5000000000
27966  33.578  -49.526  0.359 0.8000000119
26924  32.999  -50.065  0.848 0.6000000238
21867  33.346  -55.238  8.730 0.5000000000
22805  32.829  -54.578  8.300 0.5000000000
27975  34.270  -50.161  -0.396 0.8000000119
135109  33.698  -50.383  0.161 0.6000000238
132716  35.131  -57.036  9.289 0.5000000000
27974  35.199  -49.929  -1.102 0.8000000119
27982  36.608  -50.438  -1.888 0.8000000119
27981  37.959  -50.554  -2.774 0.6999999881
27995  38.904  -50.872  -4.171 0.6999999881
27989  38.951  -50.844  -3.662 0.6999999881
26939  37.391  -51.648  -2.660 0.6999999881
129964  37.673  -50.159  -4.335 0.6000000238
26951  38.639  -51.330  -3.959 0.6000000238
26938  38.335  -51.363  -3.622 0.6000000238
29020  36.028  -49.196  -3.822 0.6999999881
27990  36.336  -50.556  -4.042 0.6999999881
27996  37.880  -51.224  -4.068 0.6000000238
30095  34.626  -47.501  -2.356 0.6999999881
137837  34.289  -48.802  -2.572 0.6000000238
138038  33.409  -47.162  -1.132 0.8000000119
30085  33.906  -47.308  -1.660 0.8000000119
31960  33.753  -45.900  -0.845 0.8999999762
30985  31.902  -46.304  1.052 0.6999999881
31949  33.550  -45.307  -0.307 0.8000000119
30995  32.292  -46.529  0.451 0.6999999881
28975  33.158  -48.414  2.598 0.6000000238
30043  34.209  -47.740  1.789 0.6999999881
26895  32.346  -49.564  3.867 0.6000000238
30054  33.932  -47.832  1.159 0.6000000238
26863  33.200  -50.184  5.451 0.4000000060
25811  32.395  -51.014  5.815 0.6000000238
27923  32.781  -49.419  4.465 0.6000000238
28979  33.453  -48.200  1.699 0.6999999881
25800  32.771  -51.358  6.356 0.6000000238
28992  33.626  -48.544  0.689 0.8000000119
24778  33.453  -52.698  7.375 0.4000000060
24779  32.730  -52.659  7.352 0.5000000000
24791  32.390  -52.134  6.804 0.6000000238
28991  34.184  -49.059  -0.194 0.8000000119
135638  33.869  -53.672  8.159 0.5000000000
29003  34.967  -48.487  -0.640 0.8000000119
21853  33.994  -55.077  9.123 0.4000000060
120784  36.739  -49.498  -1.946 0.8000000119
20969  34.870  -56.253  9.427 0.5000000000
29019  38.768  -49.914  -3.367 0.8000000119
30100  39.158  -47.723  -4.230 0.8000000119
29018  39.076  -49.082  -3.660 0.6999999881
29011  37.447  -49.129  -2.327 0.8000000119
29028  37.511  -48.777  -4.465 0.8000000119
29026  38.976  -48.894  -4.208 0.6999999881
31021  37.241  -46.834  -4.072 0.8999999762
30093  36.876  -47.586  -3.960 0.8999999762
125984  38.658  -48.638  -4.554 0.6999999881
30094  35.777  -47.814  -3.333 0.8999999762
31015  33.872  -46.554  -1.262 0.8999999762
31014  34.495  -46.633  -1.817 0.8999999762
31927  32.442  -44.923  1.677 0.8000000119
31919  31.801  -45.775  2.817 0.8000000119
136087  32.186  -45.707  1.552 0.8000000119
31928  31.808  -46.133  1.855 0.8000000119
31937  33.171  -45.278  0.375 0.8000000119
31950  33.003  -46.029  0.166 0.6999999881
28974  34.112  -48.026  2.524 0.6999999881
30042  34.932  -47.708  1.950 0.6000000238
28955  33.541  -48.524  3.304 0.6000000238
28954  34.346  -48.408  3.112 0.5000000000
30052  35.934  -47.686  1.291 0.6999999881
26876  33.788  -49.914  4.935 0.4000000060
27922  33.419  -49.382  4.536 0.5000000000
27935  33.861  -48.825  3.845 0.6000000238
30065  34.277  -48.060  0.354 0.6999999881
26862  33.981  -50.640  5.416 0.5000000000
24797  34.569  -52.288  5.722 0.5000000000
25799  33.421  -51.579  6.457 0.6000000238
23843  35.020  -53.655  6.099 0.4000000060
23844  34.491  -52.718  6.333 0.4000000060
30072  37.614  -47.556  -1.261 0.8000000119
29012  36.352  -48.655  -1.539 0.8000000119
23837  34.820  -53.600  7.203 0.4000000060
30083  38.310  -48.486  -2.563 0.8000000119
30084  37.017  -48.203  -1.631 0.8000000119
27973  35.764  -49.121  -1.404 0.8000000119
22791  34.618  -54.681  9.005 0.3000000119
31028  39.282  -46.882  -4.245 0.8000000119
128620  39.199  -47.639  -3.657 0.8000000119
30082  39.017  -48.136  -3.167 0.8000000119
30106  39.079  -46.673  -4.834 0.8000000119
30092  39.241  -48.377  -3.806 0.8000000119
133257  37.635  -46.137  -4.594 0.8999999762
30102  37.994  -47.760  -4.660 0.8999999762
31970  36.676  -45.800  -3.587 0.8999999762
31022  36.173  -46.765  -3.236 0.8999999762
130971  36.025  -44.987  -2.804 0.8999999762
31971  35.636  -45.885  -2.633 0.8999999762
31972  34.955  -46.001  -2.033 0.8999999762
32849  32.231  -44.397  2.485 0.8000000119
32830  31.914  -44.750  3.202 0.8000000119
31959  34.400  -45.692  -1.468 0.8999999762
31948  34.083  -44.984  -1.002 0.8999999762
32869  33.017  -44.705  1.021 0.8000000119
28973  35.004  -48.019  2.445 0.6000000238
28953  35.150  -48.510  2.809 0.6000000238
26893  35.088  -50.340  3.876 0.4000000060
127186  35.102  -49.581  3.565 0.4000000060
132585  34.698  -48.890  3.482 0.4000000060
125871  35.247  -47.679  0.311 0.6999999881
26875  34.539  -50.494  4.644 0.4000000060
134653  35.785  -47.810  -0.526 0.6999999881
24806  35.220  -52.583  4.227 0.5000000000
25822  35.154  -51.351  4.120 0.4000000060
30073  36.889  -47.569  -0.523 0.6999999881
31013  38.022  -46.991  -1.342 0.8000000119
31968  39.319  -46.148  -4.008 0.8000000119
125739  38.265  -47.636  -2.181 0.8000000119
132558  39.271  -45.140  -5.392 0.8000000119
31978  37.745  -45.189  -4.740 0.8999999762
31030  38.246  -46.791  -4.833 0.8999999762
133384  36.774  -44.866  -3.618 0.8999999762
31958  35.139  -45.079  -2.053 0.8999999762
129407  34.604  -44.797  -1.481 1.0000000000
127312  32.273  -43.565  2.904 0.8000000119
32882  34.508  -44.170  -1.179 1.0000000000
32858  32.731  -43.894  1.834 0.8000000119
32883  33.989  -44.238  -0.466 1.0000000000
32868  33.488  -44.541  0.267 0.8000000119
32857  33.310  -43.865  0.913 0.8000000119
30041  35.884  -47.886  1.846 0.6000000238
30984  36.793  -46.916  1.862 0.6000000238
28972  35.905  -48.335  2.164 0.6000000238
125343  36.847  -47.415  1.244 0.6999999881
26909  35.746  -50.270  3.118 0.4000000060
27934  35.578  -49.208  2.943 0.4000000060
143100  35.710  -48.733  2.546 0.4000000060
120108  35.571  -51.067  3.496 0.4000000060
135507  37.180  -47.264  0.383 0.6999999881
25838  36.103  -52.438  2.933 0.5000000000
25854  36.069  -51.396  2.907 0.4000000060
30063  37.345  -47.291  -0.317 0.8000000119
131288  38.142  -46.334  -1.684 0.8000000119
31946  37.683  -46.247  -0.680 0.8000000119
31969  38.865  -45.320  -3.408 0.8000000119
31956  38.675  -46.239  -2.824 0.8000000119
32906  39.244  -44.513  -5.213 0.8000000119
31977  38.767  -45.083  -5.601 0.8999999762
32903  36.433  -44.172  -3.185 0.8999999762
33767  37.819  -43.540  -4.690 0.8999999762
32891  35.696  -44.187  -2.390 1.0000000000
33748  35.512  -43.402  -2.145 1.0000000000
33749  34.925  -43.436  -1.502 1.0000000000
33712  33.125  -43.036  1.456 0.8000000119
124588  31.909  -43.960  3.603 0.8000000119
33736  34.416  -43.439  -0.863 1.0000000000
33724  33.554  -43.137  0.603 0.8000000119
141257  33.702  -43.839  0.210 0.8000000119
30040  37.329  -47.718  2.365 0.6000000238
130855  36.853  -48.045  1.598 0.6000000238
30051  36.968  -47.534  1.835 0.6000000238
30994  36.991  -46.776  1.101 0.6999999881
31926  36.483  -46.065  1.771 0.6999999881
27951  36.856  -49.691  2.256 0.4000000060
131895  36.306  -49.016  2.313 0.5000000000
31935  37.260  -46.538  0.270 0.8000000119
31936  36.741  -45.840  0.915 0.8000000119
26908  36.554  -50.631  2.441 0.4000000060
139887  37.246  -51.026  2.070 0.4000000060
31957  38.024  -45.398  -2.068 0.8000000119
138522  37.842  -45.821  -1.265 0.8000000119
32900  39.166  -44.435  -4.220 0.8000000119
32907  38.534  -44.225  -5.255 0.8999999762
33765  38.684  -43.176  -4.774 0.8000000119
33761  37.024  -43.433  -3.732 1.0000000000
33762  36.181  -43.384  -2.866 1.0000000000
34662  36.732  -42.641  -3.482 1.0000000000
34663  35.990  -42.612  -2.657 1.0000000000
131644  34.462  -41.911  -0.896 1.0000000000
34631  33.401  -42.281  1.066 0.8999999762
34601  32.572  -42.022  2.712 0.8999999762
34641  33.767  -42.445  0.192 1.0000000000
35609  33.584  -41.507  0.626 1.0000000000
34619  32.953  -42.158  1.894 1.0000000000
35620  34.278  -41.046  -0.596 1.0000000000
36677  34.791  -40.383  -1.119 1.0000000000
36661  34.115  -40.082  -0.290 1.0000000000
36647  33.625  -39.949  0.364 1.0000000000
37716  35.068  -39.524  -1.540 1.0000000000
37697  34.405  -39.414  -0.800 1.0000000000
30975  36.958  -46.922  2.593 0.6999999881
31917  36.431  -46.193  2.603 0.6999999881
31902  36.197  -45.468  3.114 0.6999999881
30958  37.331  -46.803  3.243 0.6000000238
28971  36.907  -48.502  1.878 0.6000000238
123766  37.796  -49.271  2.351 0.5000000000
137249  36.477  -45.017  0.748 0.8000000119
27950  38.428  -49.933  2.411 0.4000000060
32880  36.995  -44.384  -0.667 0.8000000119
32890  37.574  -44.408  -1.675 0.8000000119
33747  37.964  -43.596  -2.352 0.8000000119
33759  39.036  -43.753  -4.758 0.6999999881
33760  38.756  -43.609  -3.603 0.8000000119
33766  38.493  -43.375  -5.008 0.8999999762
34660  38.644  -42.136  -4.295 0.8000000119
34668  37.741  -42.728  -4.483 0.8999999762
34666  38.504  -42.269  -4.449 1.0000000000
35651  38.301  -41.703  -4.425 1.0000000000
127243  37.325  -42.023  -3.901 1.0000000000
36692  37.913  -40.307  -4.374 1.0000000000
36693  37.039  -40.135  -3.915 1.0000000000
35643  36.440  -41.028  -3.220 1.0000000000
36688  36.160  -40.239  -2.864 1.0000000000
133048  35.328  -41.112  -1.733 1.0000000000
35596  33.148  -41.380  1.471 1.0000000000
35597  32.670  -41.353  2.217 1.0000000000
36676  35.517  -40.297  -1.954 1.0000000000
35608  33.777  -40.773  0.158 1.0000000000
36630  33.299  -40.446  1.011 1.0000000000
37666  33.149  -39.518  0.721 1.0000000000
38693  34.031  -38.714  -0.859 1.0000000000
37698  33.664  -39.260  -0.109 1.0000000000
30959  36.672  -46.168  3.207 0.6999999881
32847  36.016  -45.355  2.399 0.6999999881
30957  38.000  -47.019  3.551 0.5000000000
135235  37.018  -46.024  3.576 0.6999999881
128021  36.187  -45.173  1.530 0.6999999881
30025  37.852  -47.655  3.052 0.6000000238
28952  38.281  -48.389  2.823 0.5000000000
28970  37.609  -48.446  2.370 0.5000000000
32867  36.079  -44.370  1.105 0.8000000119
32881  36.503  -44.381  0.231 0.8000000119
33735  36.644  -43.524  -0.244 0.6999999881
33734  37.276  -43.393  -1.216 0.8000000119
139403  37.760  -42.871  -2.013 0.8000000119
34661  38.587  -42.043  -3.500 0.6999999881
130501  38.499  -42.816  -2.962 0.6999999881
35640  38.600  -41.279  -3.872 0.8999999762
36674  38.078  -40.436  -2.561 0.8000000119
37714  37.447  -39.427  -1.901 0.8000000119
131512  36.735  -38.126  -1.434 0.8000000119
36686  38.580  -40.695  -4.029 0.8999999762
133279  37.896  -39.811  -2.447 0.8000000119
38708  37.516  -38.657  -2.323 0.8000000119
36691  38.492  -40.566  -4.128 1.0000000000
128954  38.420  -39.797  -3.343 0.8999999762
38707  38.108  -38.468  -3.451 0.8999999762
37727  38.450  -39.120  -3.914 0.8999999762
37734  37.767  -39.460  -4.362 1.0000000000
142639  35.843  -40.913  -2.421 1.0000000000
132361  35.858  -38.927  -2.833 1.0000000000
38709  35.152  -38.758  -2.037 1.0000000000
37683  32.516  -39.245  0.946 1.0000000000
38741  36.613  -38.050  -4.110 1.0000000000
38729  34.757  -38.111  -2.288 1.0000000000
38681  32.967  -38.929  0.258 1.0000000000
38728  35.599  -38.221  -3.062 1.0000000000
39818  34.758  -37.622  -2.936 1.0000000000
38711  33.443  -38.215  -1.456 1.0000000000
31899  37.724  -46.135  3.819 0.6999999881
31900  37.202  -45.384  3.930 0.6999999881
31901  36.629  -45.429  3.561 0.6999999881
32829  36.220  -44.719  3.536 0.6999999881
32848  35.773  -44.712  2.977 0.6999999881
130780  38.479  -46.400  3.639 0.6000000238
32856  35.701  -44.418  2.122 0.6999999881
30024  38.504  -47.676  3.281 0.5000000000
33711  35.525  -43.467  2.341 0.6999999881
33710  35.753  -43.614  1.430 0.8000000119
34617  35.930  -42.977  0.889 0.6999999881
34639  36.833  -42.634  -0.567 0.6999999881
34629  36.375  -42.791  0.240 0.6999999881
34638  37.399  -42.404  -1.369 0.6999999881
35641  38.308  -41.269  -2.757 0.6999999881
35628  37.578  -41.609  -1.663 0.6999999881
135545  36.665  -39.742  -0.851 0.8000000119
38679  36.396  -38.809  -0.443 0.8000000119
39770  35.603  -37.630  0.797 0.8000000119
39769  36.141  -37.881  -0.142 0.8000000119
39785  36.344  -37.190  -0.864 0.8000000119
39800  37.540  -37.894  -2.770 0.8999999762
39801  36.817  -37.274  -2.100 0.8000000119
130079  37.949  -37.891  -3.730 1.0000000000
38726  38.166  -38.299  -4.125 1.0000000000
37728  37.112  -39.294  -4.075 1.0000000000
38727  36.525  -38.742  -3.684 1.0000000000
39817  35.707  -37.443  -3.799 1.0000000000
38682  32.191  -38.846  0.219 1.0000000000
37684  31.549  -39.229  0.872 1.0000000000
141776  35.421  -37.006  -4.033 1.0000000000
39829  34.652  -37.088  -3.671 1.0000000000
131278  34.066  -37.374  -3.036 1.0000000000
38695  32.522  -38.463  -1.149 1.0000000000
39830  33.509  -37.150  -3.647 1.0000000000
128181  37.426  -44.623  4.149 0.6999999881
31883  36.729  -44.677  4.005 0.6999999881
124066  35.835  -44.040  3.485 0.6000000238
125722  35.561  -43.352  3.236 0.6000000238
34600  35.458  -42.508  2.638 0.6000000238
34618  35.633  -42.769  1.607 0.6999999881
34630  35.994  -42.142  0.790 0.6999999881
35607  36.247  -41.294  0.404 0.6999999881
135858  36.634  -41.189  -0.383 0.6999999881
37681  36.159  -39.527  0.235 0.8000000119
35629  37.147  -41.065  -1.148 0.6999999881
36660  36.765  -40.556  -0.784 0.8000000119
119609  35.490  -36.790  1.089 0.8000000119
39786  35.783  -36.987  0.146 0.8000000119
40807  36.437  -36.626  -1.485 0.8000000119
39816  37.465  -37.190  -3.412 0.8000000119
40820  36.294  -35.936  -1.620 0.8000000119
38745  37.692  -37.694  -4.335 1.0000000000
40835  37.133  -36.287  -3.597 1.0000000000
135436  36.609  -35.731  -2.641 0.6999999881
40843  37.114  -36.500  -4.209 1.0000000000
41856  36.706  -35.470  -3.522 0.8999999762
39837  36.818  -36.606  -4.394 1.0000000000
40852  35.920  -36.102  -5.001 1.0000000000
41870  36.080  -35.374  -5.242 1.0000000000
37685  30.524  -39.660  0.087 1.0000000000
40844  35.133  -36.597  -4.366 1.0000000000
40845  33.937  -36.636  -4.242 1.0000000000
38712  32.310  -38.454  -2.242 1.0000000000
38713  31.650  -39.110  -1.953 1.0000000000
37699  31.233  -39.351  -0.415 1.0000000000
39819  33.068  -37.655  -3.134 1.0000000000
33680  36.295  -43.984  4.011 0.6999999881
35576  35.476  -41.637  2.451 0.6000000238
36629  35.596  -41.040  1.806 0.6999999881
36646  35.908  -40.727  0.907 0.6999999881
36645  36.358  -40.443  0.071 0.6999999881
37682  35.698  -39.433  1.094 0.8000000119
38680  35.765  -38.601  0.642 0.6999999881
129879  35.452  -37.385  1.561 0.6999999881
40793  35.561  -36.139  0.437 0.6999999881
136630  35.584  -35.588  -0.111 0.6999999881
41838  35.758  -35.403  -0.903 0.6999999881
41857  36.339  -35.112  -2.750 0.8000000119
41848  36.056  -35.207  -1.879 0.6999999881
42903  36.567  -35.152  -4.333 0.8999999762
41869  36.564  -35.766  -4.728 1.0000000000
42917  36.163  -34.832  -5.099 1.0000000000
37700  30.384  -40.128  -1.183 1.0000000000
41871  35.245  -35.416  -5.265 1.0000000000
118806  31.525  -38.963  -2.682 1.0000000000
134127  32.657  -37.331  -3.681 1.0000000000
33659  36.397  -43.199  4.286 0.6000000238
34556  36.035  -42.477  4.229 0.6000000238
34576  35.639  -42.561  3.690 0.6000000238
35547  35.751  -41.768  4.090 0.6000000238
35559  35.487  -41.784  3.307 0.6000000238
131813  35.568  -41.189  3.751 0.6000000238
123290  35.457  -40.960  2.866 0.6000000238
141010  35.504  -40.548  2.239 0.6000000238
130263  35.634  -40.171  1.618 0.6000000238
37665  35.463  -39.333  2.007 0.6999999881
130312  35.421  -37.667  2.278 0.6999999881
40779  35.474  -35.838  1.456 0.6999999881
41811  35.471  -35.001  1.295 0.6999999881
42880  35.470  -34.457  0.749 0.6999999881
127803  35.540  -34.755  -0.166 0.6999999881
48983  40.313  -28.063  2.188 0.3000000119
42898  35.849  -34.416  -2.322 0.6999999881
122586  35.656  -34.600  -1.182 0.6999999881
50060  41.007  -27.142  1.358 0.3000000119
43957  35.633  -33.469  -2.379 0.8000000119
35581  27.333  -42.014  1.805 0.8999999762
42911  36.142  -34.261  -4.385 1.0000000000
36634  28.444  -41.017  1.040 1.0000000000
37686  29.740  -40.386  -0.682 1.0000000000
126641  29.212  -40.553  -0.106 1.0000000000
41878  34.793  -34.688  -5.364 1.0000000000
40854  32.219  -36.237  -4.223 1.0000000000
136279  33.111  -35.992  -4.613 1.0000000000
39831  32.106  -37.864  -3.477 1.0000000000
37730  30.978  -39.566  -2.313 1.0000000000
40847  31.921  -36.894  -3.851 1.0000000000
35545  36.853  -41.653  4.655 0.6000000238
35546  36.225  -41.657  4.439 0.6000000238
36593  36.597  -40.831  4.623 0.6000000238
36594  36.213  -40.124  4.484 0.6000000238
37626  36.605  -39.340  4.642 0.6000000238
38632  36.093  -38.610  4.387 0.6999999881
38641  35.644  -38.852  3.830 0.6999999881
37632  35.567  -39.674  3.682 0.6000000238
121507  35.490  -38.126  3.191 0.6999999881
40758  40.284  -36.036  2.838 0.3000000119
38652  35.430  -38.506  2.236 0.6999999881
39753  35.408  -36.736  2.138 0.6999999881
41791  35.448  -35.062  2.084 0.6999999881
47977  39.810  -29.827  2.593 0.3000000119
48984  39.281  -29.110  2.778 0.4000000060
50040  39.159  -27.332  2.570 0.4000000060
34620  26.625  -42.223  1.843 0.6999999881
35582  25.333  -41.878  2.210 0.6999999881
53995  38.784  -23.867  1.396 0.3000000119
51110  40.249  -26.640  2.162 0.3000000119
43949  35.507  -32.849  -1.563 0.6999999881
35611  27.108  -41.424  0.637 0.8999999762
53994  39.620  -23.819  1.468 0.3000000119
51111  39.530  -26.510  2.387 0.3000000119
122449  35.929  -33.974  -3.334 0.8000000119
35610  27.889  -41.194  0.549 0.8999999762
52108  39.476  -25.181  2.000 0.3000000119
52101  38.984  -25.847  2.269 0.3000000119
43967  35.748  -33.572  -4.596 0.8000000119
43976  35.032  -33.384  -5.473 1.0000000000
37701  29.746  -40.359  -1.439 1.0000000000
41879  33.758  -34.393  -5.372 1.0000000000
38732  30.998  -39.117  -2.776 1.0000000000
37718  30.349  -40.087  -1.928 1.0000000000
140466  32.680  -35.204  -4.794 1.0000000000
38742  31.418  -38.415  -3.150 1.0000000000
40855  31.493  -35.946  -3.967 1.0000000000
40848  31.149  -36.373  -3.556 1.0000000000
41860  31.078  -35.603  -3.259 1.0000000000
38631  36.819  -38.418  4.696 0.6999999881
142858  36.349  -38.152  4.507 0.6999999881
39734  40.429  -37.015  2.699 0.3000000119
39723  39.791  -36.816  3.418 0.4000000060
39715  35.987  -37.850  4.318 0.6999999881
39726  35.617  -37.490  3.833 0.6999999881
39735  35.433  -37.182  3.028 0.6999999881
41790  39.894  -35.262  3.271 0.4000000060
40759  35.409  -35.842  2.527 0.6999999881
42848  40.064  -34.546  2.956 0.3000000119
41776  39.208  -35.268  3.805 0.5000000000
42849  35.475  -34.252  2.605 0.6999999881
42866  35.441  -34.329  1.627 0.6999999881
43907  39.568  -33.826  3.249 0.5000000000
140931  35.450  -33.574  1.055 0.6999999881
45882  39.300  -31.363  3.256 0.4000000060
45884  37.672  -31.479  3.629 0.6000000238
46924  37.914  -30.640  3.443 0.5000000000
42891  35.489  -33.820  0.147 0.6999999881
46942  39.561  -30.614  2.919 0.3000000119
134460  35.523  -34.014  -0.608 0.6999999881
52137  36.379  -25.612  -0.689 0.4000000060
122867  37.703  -28.992  2.828 0.4000000060
123623  35.554  -33.751  -1.404 0.6999999881
35601  25.025  -41.277  1.709 0.6999999881
53080  37.111  -24.632  0.223 0.4000000060
130306  39.498  -28.154  2.577 0.4000000060
48985  38.548  -28.449  2.751 0.4000000060
34606  24.877  -42.221  2.867 0.6000000238
54007  38.263  -23.308  1.020 0.3000000119
53069  38.364  -24.559  1.455 0.3000000119
53070  37.651  -24.554  0.999 0.4000000060
50041  38.313  -27.504  2.532 0.4000000060
48986  37.627  -28.161  2.468 0.4000000060
44995  35.551  -32.585  -2.555 0.6999999881
125425  35.476  -31.880  -1.773 0.6999999881
35599  26.269  -41.919  1.429 0.6999999881
52123  37.238  -25.270  0.737 0.4000000060
51113  37.977  -26.802  2.277 0.4000000060
50061  37.527  -27.361  2.138 0.4000000060
43961  35.677  -33.198  -3.344 0.8000000119
53068  39.186  -24.511  1.698 0.3000000119
51125  38.115  -26.013  2.013 0.3000000119
51126  37.521  -26.636  1.772 0.4000000060
128385  35.677  -33.036  -4.276 0.8000000119
36648  29.113  -40.619  -0.834 1.0000000000
129544  35.597  -32.880  -4.956 0.8999999762
42923  34.444  -33.915  -5.474 1.0000000000
39820  30.712  -37.400  -3.057 1.0000000000
41865  31.440  -35.282  -3.812 1.0000000000
42913  32.034  -34.801  -4.425 1.0000000000
42918  32.775  -34.395  -5.050 1.0000000000
40837  30.465  -36.548  -2.670 1.0000000000
39821  30.077  -37.088  -2.409 1.0000000000
40836  30.810  -36.045  -2.696 1.0000000000
40823  30.358  -36.529  -2.165 1.0000000000
130413  37.645  -38.456  4.685 0.6000000238
39712  38.214  -37.936  4.543 0.6000000238
39713  37.407  -37.622  4.693 0.6000000238
131796  36.802  -37.031  4.602 0.6999999881
136683  38.727  -37.525  4.280 0.5000000000
128546  38.206  -37.112  4.570 0.6000000238
40740  36.023  -36.984  4.292 0.6999999881
40748  39.532  -36.005  3.621 0.5000000000
40749  38.902  -35.907  4.108 0.4000000060
125994  35.834  -36.011  4.043 0.6999999881
132547  35.511  -35.871  3.385 0.6999999881
41762  37.820  -35.337  4.490 0.6000000238
41765  35.676  -35.201  3.760 0.6999999881
42834  38.776  -34.545  3.924 0.6000000238
42836  35.657  -34.453  3.457 0.6999999881
43892  38.766  -33.659  3.769 0.6000000238
129330  38.523  -32.786  3.813 0.6000000238
142046  35.540  -33.646  2.627 0.6999999881
43908  35.455  -33.624  2.030 0.6999999881
44925  38.975  -32.100  3.564 0.5000000000
127647  37.133  -30.989  3.441 0.6000000238
45886  36.062  -31.897  3.175 0.6000000238
141736  35.467  -32.957  0.959 0.6000000238
51148  35.819  -26.804  -1.726 0.4000000060
47979  38.477  -29.373  3.040 0.4000000060
47955  37.738  -29.785  3.194 0.4000000060
45900  36.350  -30.997  3.070 0.5000000000
45901  35.768  -31.480  2.479 0.6000000238
134606  35.470  -33.010  0.388 0.6999999881
52145  36.032  -25.573  -1.582 0.4000000060
137690  36.991  -29.533  2.823 0.5000000000
43940  35.481  -33.127  -0.560 0.6999999881
52124  36.775  -25.260  0.026 0.4000000060
51157  36.033  -26.224  -1.242 0.5000000000
48987  36.961  -28.773  2.330 0.4000000060
44990  35.474  -32.312  -0.942 0.6999999881
35612  26.269  -41.457  0.883 0.8999999762
36635  25.444  -41.016  1.101 0.6999999881
52110  37.879  -25.241  1.443 0.4000000060
50062  36.990  -27.217  1.380 0.4000000060
44999  35.620  -32.394  -3.660 0.6999999881
125409  35.512  -31.722  -2.925 0.6999999881
51127  37.057  -26.547  1.081 0.4000000060
36650  27.499  -40.951  0.018 0.8999999762
139404  34.671  -32.673  -5.648 0.8999999762
36663  28.592  -40.291  -1.052 0.8999999762
38733  30.527  -38.245  -2.715 1.0000000000
36662  29.300  -40.294  -1.408 1.0000000000
42924  33.372  -33.680  -5.377 1.0000000000
37719  29.689  -39.976  -1.953 1.0000000000
42912  32.337  -34.140  -4.447 1.0000000000
38734  29.698  -37.853  -2.236 1.0000000000
138668  28.785  -39.115  -1.598 1.0000000000
42906  31.901  -34.642  -3.740 1.0000000000
41840  32.556  -35.803  -0.637 0.8999999762
41850  32.515  -35.551  -1.689 1.0000000000
41851  31.525  -35.695  -2.504 1.0000000000
39803  29.709  -36.800  -1.826 1.0000000000
39804  29.335  -36.936  -1.916 1.0000000000
40821  31.981  -36.168  -1.322 1.0000000000
137053  31.457  -36.608  -0.965 1.0000000000
39788  29.831  -37.050  -1.020 0.8999999762
40794  31.970  -36.409  -0.186 1.0000000000
39787  30.581  -37.188  -0.334 0.8999999762
40738  37.477  -36.676  4.646 0.6000000238
132165  37.448  -35.917  4.586 0.6999999881
41764  36.128  -35.244  4.260 0.6999999881
42820  37.502  -34.596  4.405 0.6999999881
42835  36.021  -33.968  3.866 0.6999999881
42819  38.102  -34.104  4.172 0.6000000238
43880  37.331  -33.839  4.262 0.6000000238
43896  35.703  -33.610  3.206 0.6999999881
43895  36.278  -33.222  3.721 0.6999999881
44929  35.884  -32.738  3.209 0.6000000238
130315  35.651  -32.295  2.523 0.6000000238
44960  35.484  -32.828  1.642 0.6000000238
52155  35.311  -24.945  -3.289 0.3000000119
142695  37.865  -32.667  3.995 0.6000000238
44928  36.559  -32.445  3.618 0.6000000238
129673  35.485  -32.402  0.849 0.6000000238
118288  35.588  -26.552  -2.726 0.4000000060
51169  34.900  -25.567  -3.791 0.4000000060
46943  36.374  -30.170  2.582 0.6000000238
141154  35.647  -31.258  1.907 0.6000000238
46956  35.902  -30.144  1.708 0.5000000000
125162  35.482  -32.173  -0.075 0.6000000238
47994  35.937  -29.440  1.158 0.4000000060
125426  35.487  -31.545  -0.844 0.6000000238
50098  35.635  -27.543  -2.257 0.5000000000
48011  35.937  -28.765  0.584 0.4000000060
131692  36.367  -28.698  1.491 0.4000000060
50088  35.797  -27.547  -1.071 0.5000000000
50078  36.301  -27.855  0.805 0.4000000060
50087  36.100  -27.318  -0.191 0.4000000060
49031  35.828  -28.255  -0.224 0.4000000060
36651  26.684  -40.948  0.271 0.8999999762
45009  35.516  -32.017  -5.346 0.8999999762
126127  35.682  -32.236  -4.772 0.8000000119
36665  27.014  -40.359  -0.256 0.8999999762
36664  27.776  -40.320  -0.607 0.8999999762
37702  27.729  -39.064  -1.207 0.8999999762
121658  32.712  -33.516  -5.011 1.0000000000
41858  32.263  -35.065  -2.676 1.0000000000
38714  28.712  -37.467  -1.826 1.0000000000
39789  29.116  -36.968  -1.587 0.8999999762
40795  31.535  -36.719  0.481 1.0000000000
134057  30.446  -37.110  1.430 1.0000000000
39772  30.018  -37.471  0.183 0.8999999762
39736  29.695  -37.008  1.882 0.8999999762
42821  36.560  -34.419  4.288 0.6999999881
53101  35.698  -24.516  -2.712 0.3000000119
121958  34.437  -25.959  -4.611 0.3000000119
135814  35.626  -30.955  1.333 0.6000000238
50105  35.276  -26.772  -3.631 0.5000000000
50115  34.705  -27.062  -4.813 0.4000000060
47995  35.700  -30.207  0.802 0.5000000000
46975  35.591  -30.401  -0.003 0.5000000000
132663  35.515  -30.698  -0.745 0.5000000000
134603  35.766  -28.892  0.005 0.5000000000
127346  35.561  -29.849  -0.633 0.5000000000
120803  35.397  -27.871  -3.424 0.5000000000
48032  35.657  -29.031  -0.532 0.5000000000
128895  35.456  -31.157  -2.330 0.6000000238
49054  35.551  -28.624  -2.242 0.5000000000
49045  35.646  -28.399  -1.253 0.5000000000
45962  35.568  -31.546  -4.168 0.6999999881
122167  35.430  -28.910  -3.233 0.5000000000
47010  35.365  -30.669  -4.884 0.6000000238
45010  34.741  -31.883  -5.693 0.8999999762
43978  33.203  -32.870  -5.342 0.8999999762
45011  33.893  -32.322  -5.706 0.8999999762
43973  32.762  -32.780  -5.034 0.8999999762
41839  32.959  -35.093  -0.944 0.8999999762
41849  32.991  -34.889  -1.957 0.8999999762
42905  32.752  -34.323  -2.981 0.8999999762
137279  32.342  -34.024  -3.962 1.0000000000
39805  27.959  -37.034  -1.615 0.8999999762
38715  27.807  -37.629  -1.621 0.8999999762
122821  29.289  -37.140  -0.813 0.8999999762
41827  32.461  -35.772  0.368 0.8000000119
40780  31.997  -36.296  0.890 0.6999999881
119903  27.609  -36.973  -1.183 0.8999999762
39754  29.491  -37.508  1.140 0.8999999762
39773  29.053  -37.501  0.131 0.8999999762
53110  34.651  -24.146  -3.718 0.3000000119
52164  34.009  -24.435  -4.281 0.3000000119
123343  32.632  -24.688  -4.966 0.4000000060
127661  32.473  -24.854  -4.448 0.3000000119
51180  32.459  -25.209  -5.263 0.3000000119
51181  32.570  -25.247  -5.295 0.4000000060
50116  33.576  -25.822  -5.705 0.4000000060
127532  35.515  -31.220  -0.085 0.6000000238
50123  33.105  -26.813  -6.174 0.4000000060
135115  35.472  -30.138  -1.434 0.5000000000
128351  35.472  -30.980  -1.535 0.5000000000
49063  35.206  -28.282  -4.531 0.5000000000
48044  35.546  -29.281  -1.360 0.5000000000
46999  35.438  -30.411  -2.298 0.5000000000
133747  35.395  -29.800  -3.213 0.5000000000
127369  35.443  -30.748  -3.399 0.5000000000
48055  35.395  -29.169  -4.163 0.5000000000
128486  35.339  -29.883  -4.463 0.5000000000
48061  35.266  -29.061  -5.640 0.5000000000
48071  34.622  -29.919  -6.979 0.6000000238
47017  35.353  -30.501  -6.033 0.6000000238
47028  32.811  -30.254  -6.582 0.6999999881
45973  33.256  -30.997  -6.227 0.6999999881
142198  33.811  -31.555  -5.856 0.6999999881
45968  32.952  -31.023  -5.615 0.6999999881
45000  32.879  -31.994  -4.987 0.8000000119
45005  33.148  -31.861  -5.399 0.8000000119
43962  33.205  -33.528  -2.559 0.8999999762
43968  32.866  -33.517  -3.657 0.8999999762
41826  32.755  -35.205  -0.078 0.6999999881
39775  27.371  -37.302  0.011 0.8999999762
143173  27.911  -37.596  0.896 0.8999999762
40761  30.183  -36.521  2.344 1.0000000000
52156  32.947  -25.116  -3.412 0.3000000119
50106  32.561  -26.404  -4.086 0.4000000060
51159  33.226  -25.899  -2.451 0.3000000119
51193  32.135  -25.975  -5.603 0.4000000060
121452  33.089  -26.573  -2.650 0.3000000119
49071  31.829  -27.554  -6.367 0.4000000060
50117  32.318  -26.272  -5.772 0.4000000060
132569  32.436  -27.398  -4.533 0.4000000060
49069  34.488  -27.850  -5.920 0.4000000060
49064  32.460  -27.451  -6.330 0.4000000060
140676  32.252  -28.264  -5.051 0.4000000060
49070  33.031  -27.822  -6.624 0.4000000060
48063  32.094  -28.473  -7.020 0.4000000060
48072  32.893  -29.752  -7.160 0.5000000000
48062  33.927  -28.817  -7.050 0.5000000000
45963  32.921  -31.203  -4.678 0.6000000238
128408  33.233  -32.783  -3.173 0.8000000119
43958  33.200  -33.446  -1.543 0.6999999881
42882  32.649  -34.973  0.723 0.6999999881
39737  28.951  -37.199  1.829 0.8999999762
39739  27.192  -37.136  1.857 0.8999999762
120758  29.004  -35.979  2.700 0.8999999762
41796  28.094  -35.992  2.662 0.8000000119
40764  27.572  -36.678  2.312 0.8000000119
42852  28.731  -35.147  2.741 0.6999999881
42853  28.191  -34.343  2.586 0.8000000119
51149  33.937  -26.123  -1.270 0.3000000119
136998  33.605  -26.616  -1.747 0.3000000119
49046  33.149  -27.645  -2.797 0.3000000119
49033  33.667  -28.386  -1.379 0.4000000060
49055  32.936  -28.417  -3.567 0.4000000060
128105  33.307  -28.832  -2.257 0.4000000060
128719  33.172  -29.803  -2.097 0.5000000000
48056  31.885  -28.795  -6.236 0.5000000000
128352  32.939  -29.826  -3.465 0.5000000000
129038  32.576  -29.651  -5.121 0.5000000000
47005  33.104  -30.561  -2.634 0.5000000000
47011  32.909  -30.483  -4.099 0.5000000000
45957  33.194  -31.279  -3.268 0.6000000238
123821  33.293  -32.782  -2.052 0.6999999881
128998  33.184  -32.785  -1.191 0.6999999881
42881  32.920  -34.311  -0.047 0.6999999881
42867  32.712  -34.126  1.016 0.6999999881
41792  32.071  -35.345  2.171 0.6999999881
42850  32.289  -34.686  2.412 0.6999999881
41794  30.641  -35.890  2.786 0.8000000119
41780  30.289  -35.247  3.098 0.6999999881
53102  33.779  -24.940  -1.827 0.3000000119
126505  34.247  -25.630  -0.436 0.3000000119
50079  34.206  -27.456  -0.141 0.4000000060
130998  34.037  -27.025  -0.903 0.3000000119
49032  34.032  -27.853  -0.735 0.4000000060
139817  33.802  -28.937  -0.849 0.4000000060
142777  33.372  -29.994  -1.333 0.4000000060
46990  33.604  -30.094  -0.708 0.3000000119
47000  33.216  -30.629  -1.378 0.5000000000
45944  33.165  -31.547  -0.934 0.6000000238
45934  33.502  -30.975  -0.221 0.3000000119
135099  33.234  -31.864  -0.069 0.5000000000
140961  33.471  -31.524  0.514 0.4000000060
44991  33.214  -32.129  -1.513 0.6999999881
44983  33.129  -32.365  -0.630 0.6999999881
126308  33.105  -32.662  0.271 0.6000000238
43950  33.095  -33.297  -0.519 0.6999999881
42892  33.119  -34.199  -1.146 0.6999999881
43941  32.938  -33.441  0.448 0.6999999881
43927  32.898  -33.383  1.298 0.6000000238
49018  34.211  -28.186  0.162 0.3000000119
122321  34.161  -28.871  0.132 0.3000000119
122775  33.927  -30.181  0.235 0.3000000119
48013  34.269  -28.764  0.855 0.3000000119
46957  34.084  -30.183  1.439 0.3000000119
46945  34.242  -29.822  2.318 0.3000000119
46976  33.774  -30.945  0.863 0.3000000119
127371  33.799  -31.027  1.963 0.4000000060
136842  33.013  -33.015  0.791 0.5000000000
45917  33.522  -31.746  1.430 0.5000000000
44942  33.268  -32.312  2.348 0.5000000000
43909  32.968  -33.110  2.246 0.6000000238
42837  32.238  -34.203  2.945 0.6000000238
52125  34.479  -25.685  0.633 0.4000000060
51128  34.573  -26.277  1.221 0.3000000119
50063  34.363  -27.555  0.682 0.3000000119
122134  34.587  -27.016  1.418 0.3000000119
135200  34.352  -28.194  0.995 0.3000000119
118969  34.548  -27.842  1.682 0.3000000119
47996  34.306  -29.342  1.583 0.3000000119
47981  34.392  -29.182  2.584 0.3000000119
47982  34.143  -29.823  3.199 0.3000000119
130807  33.580  -31.110  2.953 0.4000000060
130726  33.096  -31.041  3.542 0.4000000060
44943  32.896  -32.687  3.003 0.6000000238
45887  33.141  -31.853  3.126 0.4000000060
45888  32.594  -31.640  3.603 0.4000000060
44931  32.321  -32.875  3.389 0.5000000000
43897  32.041  -33.650  3.326 0.6000000238
136847  28.514  -33.632  2.443 0.6999999881
42854  27.302  -34.358  2.572 0.8000000119
137610  35.041  -24.457  1.503 0.4000000060
51114  34.858  -26.442  2.260 0.3000000119
50042  34.697  -27.339  2.523 0.3000000119
48988  34.511  -28.269  2.846 0.3000000119
47956  34.207  -29.044  3.586 0.3000000119
47957  33.605  -29.670  3.941 0.4000000060
46927  32.483  -30.781  3.947 0.4000000060
45889  31.894  -31.650  3.796 0.4000000060
44932  31.728  -32.504  3.601 0.4000000060
132220  31.683  -33.167  3.513 0.5000000000
127332  31.277  -32.129  3.643 0.4000000060
42839  30.997  -34.594  3.333 0.6000000238
135711  30.881  -32.953  3.516 0.4000000060
43900  29.747  -34.030  3.057 0.6999999881
143055  29.513  -32.937  2.805 0.4000000060
44944  29.148  -32.483  2.432 0.4000000060
43911  29.161  -33.344  2.622 0.6000000238
44945  28.377  -32.865  2.104 0.5000000000
43912  27.841  -33.570  2.289 0.6000000238
43913  26.987  -33.515  2.327 0.6999999881
53071  35.298  -23.896  2.068 0.3000000119
52093  35.095  -25.236  2.956 0.3000000119
137565  34.721  -26.851  3.184 0.3000000119
48961  34.190  -28.237  3.881 0.3000000119
48962  33.800  -28.794  4.162 0.3000000119
46899  32.864  -29.906  4.197 0.4000000060
46900  32.134  -30.082  4.299 0.3000000119
47958  31.453  -30.149  4.200 0.3000000119
45890  31.134  -31.423  3.770 0.3000000119
46929  30.876  -30.609  3.893 0.3000000119
44933  29.923  -32.599  3.083 0.4000000060
45903  30.278  -31.181  3.324 0.3000000119
119089  29.475  -30.935  2.562 0.3000000119
45904  29.703  -31.818  2.804 0.3000000119
44962  28.515  -32.172  1.879 0.3000000119
45918  28.311  -31.554  1.554 0.4000000060
44963  27.998  -32.202  1.587 0.5000000000
44946  27.591  -32.791  1.906 0.5000000000
44947  26.656  -32.604  2.014 0.5000000000
53053  35.077  -24.638  3.320 0.3000000119
53054  34.800  -25.186  3.937 0.3000000119
51102  34.416  -26.801  3.910 0.3000000119
50000  33.623  -27.636  4.410 0.3000000119
48946  33.403  -28.377  4.400 0.3000000119
137769  30.826  -29.043  4.067 0.3000000119
46930  30.006  -30.150  3.300 0.3000000119
46947  29.242  -30.034  2.334 0.3000000119
46948  28.723  -30.745  1.780 0.3000000119
45920  27.051  -31.431  1.070 0.4000000060
136660  26.673  -31.875  1.542 0.5000000000
127625  26.262  -31.348  1.225 0.5000000000
44965  25.860  -32.016  1.905 0.5000000000
53982  34.937  -24.235  3.920 0.3000000119
52086  34.435  -26.027  4.274 0.3000000119
51087  33.922  -26.770  4.483 0.3000000119
132290  33.309  -27.117  4.616 0.3000000119
50001  32.893  -27.819  4.604 0.3000000119
48948  32.107  -28.428  4.528 0.3000000119
48963  30.457  -28.386  3.731 0.3000000119
47959  29.555  -29.234  2.805 0.3000000119
45935  28.104  -30.866  1.173 0.4000000060
45937  26.668  -30.731  0.537 0.4000000060
45938  25.742  -30.716  0.898 0.4000000060
46979  25.198  -30.091  0.620 0.4000000060
45921  25.371  -31.295  1.561 0.5000000000
46960  24.897  -30.581  1.297 0.4000000060
53988  35.503  -23.262  2.724 0.3000000119
128567  35.239  -23.985  3.085 0.3000000119
51088  33.244  -26.394  4.844 0.3000000119
137968  32.644  -26.956  4.728 0.3000000119
50002  32.056  -27.471  4.616 0.3000000119
48949  31.199  -28.469  4.267 0.3000000119
48964  29.798  -28.390  3.111 0.3000000119
46958  28.714  -29.867  1.643 0.3000000119
47997  28.653  -29.221  1.477 0.3000000119
46959  28.395  -30.278  1.211 0.3000000119
46978  27.357  -30.282  0.138 0.4000000060
46993  25.989  -30.216  0.150 0.3000000119
53962  35.275  -23.290  3.793 0.3000000119
53044  34.498  -24.597  4.611 0.3000000119
53026  34.082  -23.986  5.128 0.3000000119
52069  33.062  -25.407  5.161 0.3000000119
128268  32.352  -26.171  4.901 0.3000000119
122240  31.424  -26.116  4.627 0.3000000119
51089  31.219  -26.994  4.339 0.3000000119
50019  30.790  -27.703  4.016 0.3000000119
51103  30.547  -26.135  4.114 0.3000000119
48989  29.212  -28.464  2.458 0.3000000119
129993  34.946  -22.858  4.532 0.3000000119
53027  33.951  -24.969  5.069 0.3000000119
53946  33.916  -23.284  5.340 0.3000000119
53028  33.300  -24.384  5.276 0.3000000119
53045  32.293  -24.500  5.109 0.3000000119
137077  30.166  -26.443  3.610 0.3000000119
50043  29.455  -27.548  2.681 0.3000000119
132962  28.901  -27.875  2.145 0.3000000119
141437  34.638  -22.515  5.014 0.3000000119
54826  34.043  -22.607  5.399 0.3000000119
53964  32.578  -23.700  5.237 0.3000000119
133431  33.478  -22.999  5.437 0.4000000060
53046  31.404  -24.477  4.608 0.3000000119
52088  30.952  -25.291  4.444 0.3000000119
130289  32.141  -23.103  5.018 0.4000000060
54827  33.187  -22.423  5.399 0.4000000060
53966  31.084  -23.686  4.228 0.4000000060
55764  33.728  -21.824  5.444 0.3000000119
54834  32.239  -22.336  5.039 0.4000000060
34652  34.716  -42.692  -1.221 1.0000000000
35631  35.056  -41.926  -1.527 1.0000000000
34640  34.228  -42.624  -0.551 0.8999999762
40760  31.043  -36.420  2.149 0.6999999881
127708  29.500  -35.431  2.869 0.8000000119
133472  29.010  -34.214  2.678 0.8000000119
42840  30.264  -34.534  3.228 0.6999999881
24807  31.468  -52.341  4.759 0.6000000238
24822  31.570  -52.527  3.863 0.6000000238
126254  33.155  -55.833  8.635 0.5000000000
21866  33.846  -55.897  9.185 0.5000000000
26864  32.420  -50.402  5.311 0.6000000238
31023  35.227  -46.753  -2.493 0.8999999762
140669  33.274  -49.760  5.023 0.5000000000
23824  34.010  -53.306  7.676 0.4000000060
25798  34.085  -51.968  6.318 0.5000000000
23823  34.605  -53.785  8.038 0.4000000060
141858  35.692  -48.362  -1.079 0.6999999881
30101  38.811  -47.596  -4.714 0.8999999762
25823  34.686  -51.648  5.025 0.5000000000
126480  34.973  -53.009  4.972 0.5000000000
31002  37.601  -47.054  -0.356 0.8000000119
22802  35.100  -54.297  8.501 0.4000000060
31012  38.636  -47.154  -2.589 0.8000000119
30064  36.425  -47.515  0.448 0.6999999881
25839  35.638  -52.037  3.498 0.4000000060
32910  39.075  -44.619  -5.577 0.8000000119
33699  32.686  -42.880  2.346 0.8000000119
124112  37.471  -50.215  2.209 0.4000000060
25853  36.736  -52.014  2.250 0.4000000060
31947  36.961  -45.390  -0.037 0.8000000119
34651  35.349  -42.661  -1.883 1.0000000000
127815  37.066  -49.012  2.092 0.5000000000
35621  33.959  -41.739  -0.224 1.0000000000
132734  36.540  -41.862  -3.311 1.0000000000
35630  35.799  -41.751  -2.372 1.0000000000
38710  34.354  -38.351  -1.616 1.0000000000
126814  37.680  -40.937  -1.891 0.8000000119
39827  37.206  -37.346  -4.368 1.0000000000
40808  35.896  -36.270  -0.603 0.8000000119
39826  37.827  -37.657  -4.150 1.0000000000
38740  37.505  -38.591  -4.297 1.0000000000
139440  35.526  -38.793  1.483 0.6999999881
42904  36.337  -34.730  -3.473 0.8000000119
41877  35.794  -34.902  -5.366 1.0000000000
41872  33.792  -35.209  -5.156 1.0000000000
43972  35.621  -33.728  -5.013 1.0000000000
138879  35.808  -40.133  4.199 0.6000000238
37646  35.429  -39.078  2.968 0.6999999881
44940  39.626  -32.145  3.047 0.4000000060
136865  27.416  -41.617  1.158 1.0000000000
36649  28.330  -40.741  -0.321 1.0000000000
47978  39.116  -29.925  3.059 0.4000000060
41859  31.447  -35.207  -3.322 1.0000000000
131461  39.257  -32.919  3.395 0.4000000060
46923  38.858  -30.646  3.320 0.5000000000
51147  36.297  -26.497  -0.350 0.4000000060
125246  36.555  -26.904  0.523 0.4000000060
40822  31.127  -36.341  -1.861 1.0000000000
47980  36.371  -29.432  2.071 0.5000000000
40762  29.360  -36.559  2.381 0.8000000119
48050  35.474  -29.549  -2.239 0.5000000000
128615  35.529  -29.878  -5.925 0.5000000000
45972  34.140  -31.078  -6.302 0.6999999881
137561  33.803  -30.181  -7.184 0.6000000238
124345  32.141  -29.442  -6.677 0.5000000000
47018  32.785  -30.329  -5.575 0.5000000000
136054  32.724  -29.038  -4.330 0.5000000000
41793  31.389  -35.684  2.552 0.6999999881
42838  31.691  -34.899  2.930 0.6999999881
43899  30.555  -33.894  3.361 0.6000000238
47936  32.492  -29.285  4.418 0.3000000119
26947  36.755  -51.629  -3.798 0.5000000000
27991  35.392  -51.028  -3.561 0.5000000000
122353  34.760  -53.034  -2.569 0.5000000000
26949  34.747  -51.563  -3.062 0.5000000000
24868  35.728  -53.463  -2.156 0.5000000000
25894  36.422  -52.735  -3.019 0.5000000000
24872  35.381  -52.612  -2.987 0.5000000000
131091  35.281  -53.228  -1.264 0.5000000000
24861  34.313  -52.705  -0.178 0.4000000060
25879  35.244  -52.222  -1.060 0.5000000000
23898  33.483  -53.482  0.569 0.4000000060
25880  34.379  -52.035  -0.313 0.5000000000
25873  33.507  -51.945  0.389 0.5000000000
33683  28.121  -43.079  3.983 0.6999999881
33665  26.703  -43.948  3.956 0.6999999881
34559  29.887  -42.669  4.473 0.8000000119
35548  31.113  -42.094  4.080 0.8000000119
34558  30.704  -42.722  4.493 0.8000000119
35560  32.178  -41.936  3.279 0.8999999762
33684  27.201  -43.376  3.643 0.6999999881
34579  30.277  -42.033  4.138 0.8999999762
34580  29.392  -42.167  3.914 0.8999999762
35561  31.569  -41.494  3.487 0.8999999762
142994  31.681  -40.939  3.127 0.8999999762
34583  26.696  -43.042  3.017 0.6000000238
34582  27.582  -42.705  3.273 0.8000000119
35562  30.670  -41.405  3.645 0.8999999762
36604  31.111  -40.695  3.152 0.8999999762
37648  31.661  -39.872  2.193 0.8999999762
37667  32.713  -39.836  1.437 0.8999999762
34575  38.724  -42.361  3.600 0.5000000000
34553  37.954  -42.432  4.180 0.5000000000
34554  37.202  -42.394  4.561 0.5000000000
32827  38.335  -44.386  3.841 0.6000000238
32828  37.697  -43.928  4.147 0.5000000000
33658  37.492  -43.214  4.330 0.5000000000
134966  37.982  -45.224  4.061 0.6000000238
34604  26.304  -42.661  2.444 0.6000000238
34602  27.977  -42.042  2.690 0.8999999762
35579  29.311  -41.142  2.832 0.8999999762
35563  28.891  -41.728  3.253 0.8999999762
35578  30.179  -40.838  3.104 0.8999999762
37649  30.955  -39.754  2.110 0.8999999762
139525  31.438  -39.552  1.692 0.8999999762
36591  37.839  -40.877  4.445 0.5000000000
37631  38.113  -39.952  4.462 0.5000000000
36602  38.676  -40.723  3.999 0.5000000000
35544  37.544  -41.647  4.490 0.5000000000
135422  37.195  -41.073  4.660 0.5000000000
35557  39.055  -41.511  3.531 0.5000000000
35558  38.314  -41.571  4.087 0.5000000000
35580  28.026  -41.532  1.652 0.8999999762
34603  27.094  -42.518  2.467 0.6999999881
126713  28.591  -41.468  2.532 0.8999999762
36617  29.658  -40.508  2.299 0.8999999762
36632  30.117  -39.937  1.750 0.8999999762
37669  30.734  -39.590  1.258 0.8999999762
38640  38.583  -39.112  4.259 0.5000000000
37625  37.302  -39.649  4.715 0.5000000000
37630  39.160  -39.796  3.798 0.5000000000
36612  40.025  -39.982  3.071 0.5000000000
36618  28.823  -40.976  1.964 0.8999999762
36633  29.173  -40.485  1.124 0.8999999762
37670  29.843  -39.958  0.614 0.8999999762
124728  37.865  -39.127  4.639 0.5000000000
134896  39.230  -38.935  3.788 0.5000000000
38629  38.884  -38.282  4.128 0.5000000000
37645  39.822  -39.173  3.287 0.5000000000
132414  39.346  -37.539  3.788 0.4000000060
36636  24.678  -40.581  1.415 0.6000000238
36637  24.122  -39.988  1.616 0.6000000238
37671  24.509  -39.789  0.978 0.6999999881
37672  23.870  -39.152  1.318 0.6999999881
38668  23.414  -38.224  1.179 0.6999999881
137058  25.581  -39.992  0.347 0.8000000119
37687  26.250  -40.140  0.065 0.8000000119
37689  25.048  -39.491  0.454 0.6999999881
38685  24.037  -38.294  0.772 0.6999999881
38684  24.535  -37.878  0.228 0.6999999881
39758  23.894  -37.256  0.357 0.6999999881
37704  26.226  -38.364  -0.744 0.8000000119
38698  25.585  -37.771  -0.600 0.8000000119
38697  26.865  -38.625  -1.052 0.8000000119
39777  24.644  -36.939  -0.385 0.6999999881
39794  25.256  -36.971  -0.772 0.6999999881
40811  25.690  -36.885  -0.841 0.8000000119
38716  27.018  -37.663  -1.494 0.8000000119
40812  24.957  -36.605  -0.467 0.6999999881
132548  26.020  -36.934  0.491 0.8000000119
40767  24.901  -36.138  1.737 0.6000000238
39806  27.108  -37.027  -1.494 0.8000000119
39792  26.224  -36.805  -0.984 0.8000000119
40766  25.579  -36.422  1.995 0.6000000238
41799  25.237  -35.808  2.280 0.6000000238
135514  24.787  -35.112  2.440 0.6000000238
39757  26.554  -37.156  1.315 0.8000000119
41798  26.155  -35.940  2.454 0.6000000238
42855  25.756  -35.168  2.566 0.6000000238
39756  27.262  -37.425  1.109 0.8000000119
129048  25.366  -34.345  2.620 0.6000000238
40765  26.561  -36.685  2.129 0.6999999881
134943  26.722  -35.197  2.660 0.6000000238
43914  26.040  -33.489  2.467 0.6999999881
43915  25.005  -33.408  2.564 0.6000000238
131085  26.363  -34.349  2.604 0.6000000238
125975  25.774  -32.779  2.299 0.6000000238
41797  27.122  -36.007  2.590 0.6999999881
129637  27.690  -35.191  2.693 0.6999999881
23887  32.560  -53.361  1.441 0.5000000000
25874  32.838  -52.135  0.974 0.5000000000
135058  35.800  -52.980  -1.782 0.5000000000
24867  36.068  -52.953  -2.372 0.5000000000
36631  32.742  -40.609  1.800 0.8999999762
38651  39.732  -38.304  3.400 0.3000000119
37703  26.566  -39.418  -0.435 0.8000000119
24871  35.688  -53.148  -2.601 0.5000000000
23905  34.633  -53.639  -0.421 0.5000000000
34560  29.027  -42.823  4.239 0.8000000119
33679  38.387  -43.331  3.767 0.5000000000
37688  25.818  -39.080  0.013 0.8000000119
38683  25.073  -38.448  0.105 0.6999999881
39808  26.241  -37.039  -1.355 0.8000000119
130467  24.583  -36.274  0.058 0.6999999881
40782  25.809  -36.813  1.289 0.6999999881
27948  40.167  -49.311  2.491 0.4000000060
28951  39.057  -48.316  3.180 0.4000000060
28968  39.592  -48.848  2.816 0.4000000060
30956  38.880  -46.963  3.451 0.5000000000
28967  40.412  -48.554  2.526 0.4000000060
27947  40.778  -49.004  2.219 0.4000000060
31916  39.569  -45.327  3.126 0.5000000000
31898  38.682  -45.577  3.681 0.5000000000
30974  39.719  -46.795  3.063 0.5000000000
122739  40.485  -46.725  2.436 0.4000000060
30023  39.351  -47.565  3.240 0.4000000060
30049  41.455  -47.834  1.682 0.4000000060
30038  40.693  -47.710  2.374 0.4000000060
132454  39.870  -48.078  2.921 0.4000000060
28990  41.660  -48.605  1.524 0.4000000060
32826  39.084  -44.743  3.464 0.5000000000
132757  39.275  -46.176  3.366 0.5000000000
30050  41.182  -46.979  1.808 0.4000000060
133707  42.485  -46.519  -0.927 0.4000000060
30992  42.259  -46.777  0.060 0.4000000060
30062  41.867  -47.155  1.030 0.4000000060
30081  42.802  -47.289  -1.663 0.4000000060
30071  42.604  -47.493  -0.650 0.4000000060
32846  39.834  -44.420  2.758 0.5000000000
31915  40.168  -45.162  2.578 0.5000000000
31925  40.674  -45.492  2.129 0.4000000060
34670  43.386  -42.248  -5.913 0.3000000119
30983  40.942  -46.187  1.899 0.4000000060
138385  43.389  -43.284  -5.813 0.3000000119
30982  41.456  -46.300  1.265 0.4000000060
125216  43.600  -44.211  -6.308 0.3000000119
131904  43.272  -44.115  -5.123 0.3000000119
31975  42.874  -45.409  -3.497 0.3000000119
31967  42.564  -45.633  -2.379 0.3000000119
31955  42.409  -45.734  -1.450 0.4000000060
142218  42.248  -46.254  -0.340 0.4000000060
30993  41.835  -46.362  0.626 0.4000000060
31974  43.375  -45.603  -4.858 0.3000000119
31019  42.868  -46.326  -3.068 0.3000000119
31011  42.659  -46.432  -2.022 0.4000000060
33698  39.805  -43.442  2.641 0.4000000060
33697  40.390  -43.831  2.176 0.4000000060
127891  40.956  -44.885  1.666 0.4000000060
32845  40.536  -44.641  2.169 0.4000000060
131575  42.623  -41.912  -3.746 0.3000000119
33764  42.998  -43.332  -4.287 0.3000000119
119958  42.400  -44.123  -2.481 0.3000000119
32889  42.154  -44.364  -1.668 0.4000000060
32878  42.132  -45.063  -1.064 0.4000000060
31933  42.005  -45.978  0.050 0.4000000060
142207  42.997  -44.012  -3.956 0.3000000119
32899  42.686  -44.440  -3.278 0.3000000119
128470  42.348  -45.105  -1.800 0.3000000119
33678  39.178  -43.874  3.301 0.4000000060
35627  41.694  -41.339  -1.495 0.3000000119
130421  41.475  -42.278  -0.242 0.3000000119
34628  41.403  -43.007  0.220 0.4000000060
139954  41.374  -42.410  0.324 0.4000000060
33708  41.140  -43.354  1.098 0.4000000060
33709  40.697  -43.396  1.691 0.4000000060
35639  42.399  -41.264  -3.141 0.3000000119
132495  41.925  -42.028  -1.946 0.3000000119
132377  41.598  -42.120  -1.115 0.3000000119
33733  41.567  -43.699  -0.308 0.4000000060
33722  41.391  -43.851  0.531 0.4000000060
140467  41.225  -43.985  1.059 0.4000000060
34659  42.224  -42.735  -2.456 0.3000000119
34648  41.844  -42.812  -1.570 0.3000000119
33746  41.769  -43.618  -1.184 0.4000000060
130188  41.604  -44.446  0.116 0.4000000060
32854  41.355  -44.661  0.960 0.4000000060
34665  42.545  -42.654  -3.475 0.3000000119
33745  42.194  -43.513  -2.036 0.3000000119
32879  41.794  -44.384  -0.732 0.4000000060
138214  41.605  -44.963  0.395 0.4000000060
128940  40.274  -40.846  2.538 0.4000000060
35594  40.699  -41.356  1.758 0.4000000060
35575  39.715  -41.606  2.884 0.4000000060
34574  39.234  -42.968  3.125 0.4000000060
121621  41.423  -41.047  0.282 0.3000000119
34598  40.355  -42.422  2.043 0.4000000060
35606  41.340  -41.821  0.441 0.4000000060
122556  40.991  -41.930  1.253 0.4000000060
34616  40.746  -42.676  1.539 0.4000000060
124161  40.304  -43.049  2.095 0.4000000060
123558  24.268  -36.290  0.000 0.6000000238
39778  23.434  -36.388  0.406 0.6000000238
41800  24.367  -35.618  1.792 0.5000000000
41814  23.973  -35.584  0.635 0.5000000000
41801  23.890  -34.992  2.170 0.5000000000
42856  24.365  -34.339  2.526 0.5000000000
43916  23.926  -33.547  2.564 0.5000000000
44949  24.426  -32.677  2.488 0.5000000000
44948  25.208  -32.531  2.339 0.4000000060
121123  28.719  -26.842  1.491 0.3000000119
52113  28.697  -26.106  1.100 0.3000000119
51142  28.359  -26.503  0.320 0.3000000119
53047  30.687  -24.470  4.084 0.3000000119
52095  29.839  -25.163  3.084 0.3000000119
52103  29.482  -25.877  2.617 0.3000000119
52112  29.094  -25.316  1.774 0.3000000119
52126  28.456  -25.678  0.342 0.3000000119
122361  28.148  -26.075  -0.208 0.3000000119
52138  28.137  -25.272  -0.436 0.3000000119
53983  30.557  -23.732  3.627 0.3000000119
53056  29.815  -24.448  2.662 0.3000000119
53062  29.431  -24.467  2.000 0.3000000119
53073  29.039  -24.438  1.317 0.3000000119
122905  28.500  -24.982  0.276 0.3000000119
52149  27.747  -25.290  -1.477 0.3000000119
53104  27.841  -24.674  -2.126 0.3000000119
54835  31.466  -22.839  4.500 0.3000000119
54836  30.793  -22.956  3.838 0.3000000119
53984  30.127  -23.761  2.953 0.3000000119
142657  30.235  -22.699  2.962 0.3000000119
130562  29.563  -23.211  2.034 0.3000000119
54865  29.701  -22.496  2.087 0.3000000119
53082  28.944  -23.560  0.867 0.3000000119
131734  28.406  -24.432  -0.175 0.3000000119
53094  28.062  -24.506  -1.098 0.3000000119
132433  32.001  -21.345  4.828 0.3000000119
55776  31.309  -21.366  4.191 0.3000000119
54854  30.492  -22.303  3.330 0.3000000119
54864  30.098  -22.284  2.694 0.3000000119
54873  29.300  -22.902  1.472 0.3000000119
128493  29.029  -22.521  0.678 0.3000000119
56819  31.645  -20.599  4.381 0.3000000119
56830  31.172  -20.672  3.693 0.3000000119
55790  30.816  -21.467  3.522 0.3000000119
56831  30.725  -20.750  2.978 0.3000000119
55818  29.504  -21.871  1.374 0.3000000119
57782  31.956  -19.740  4.537 0.3000000119
57795  31.483  -19.348  3.836 0.3000000119
57796  31.084  -19.864  3.190 0.3000000119
123262  30.514  -20.083  2.439 0.3000000119
127807  31.896  -18.844  4.365 0.3000000119
136162  31.508  -18.669  3.775 0.3000000119
59691  32.457  -17.480  4.625 0.3000000119
121438  42.058  -48.131  1.078 0.4000000060
27949  39.325  -49.658  2.594 0.4000000060
26905  39.954  -50.130  2.291 0.4000000060
27965  41.817  -49.343  1.300 0.4000000060
27957  41.271  -49.144  1.816 0.4000000060
29010  42.984  -48.199  -1.400 0.4000000060
29001  42.713  -48.455  -0.439 0.4000000060
28989  42.406  -48.662  0.455 0.4000000060
34675  44.544  -43.223  -7.261 0.3000000119
135258  44.131  -44.138  -6.766 0.3000000119
32909  43.484  -44.970  -5.656 0.3000000119
119742  43.607  -46.298  -5.194 0.3000000119
31027  43.339  -46.276  -4.184 0.3000000119
30091  43.037  -47.148  -2.670 0.3000000119
34674  43.736  -42.921  -7.042 0.3000000119
35650  43.174  -41.399  -5.140 0.3000000119
36685  42.287  -40.583  -2.592 0.3000000119
36696  42.926  -40.786  -4.426 0.3000000119
133515  40.569  -40.001  2.414 0.4000000060
36628  40.956  -40.401  1.654 0.4000000060
36659  41.529  -40.499  -0.262 0.3000000119
36673  41.621  -40.629  -1.095 0.3000000119
37644  40.420  -39.328  2.669 0.4000000060
39759  23.080  -37.337  1.074 0.6000000238
132523  32.661  -21.037  5.151 0.3000000119
132439  32.670  -19.832  5.203 0.3000000119
57781  32.496  -19.083  5.007 0.3000000119
58705  32.458  -18.296  4.783 0.3000000119
59690  33.106  -16.994  4.943 0.3000000119
35649  43.468  -41.517  -6.531 0.3000000119
28969  38.743  -49.075  2.745 0.4000000060
31924  41.191  -45.520  1.452 0.4000000060
34671  43.047  -42.524  -4.588 0.3000000119
35574  40.238  -41.796  2.250 0.4000000060
130075  31.548  -22.000  4.527 0.3000000119
131056  28.622  -23.823  0.147 0.3000000119
55808  29.902  -21.695  2.216 0.3000000119
56848  29.781  -21.109  1.768 0.3000000119
26907  38.087  -50.851  1.963 0.3000000119
26906  39.094  -50.519  2.325 0.3000000119
30976  31.428  -46.633  2.341 0.6000000238
30960  31.586  -46.369  3.451 0.6999999881
30007  31.415  -46.947  4.105 0.6999999881
26915  40.619  -50.515  1.772 0.3000000119
22826  35.550  -54.028  6.517 0.3000000119
22831  35.625  -54.390  5.554 0.3000000119
31872  29.975  -45.469  5.826 0.6999999881
135678  37.571  -51.645  1.771 0.3000000119
30929  30.564  -46.289  5.648 0.6999999881
30943  31.225  -46.700  5.008 0.6999999881
25864  38.788  -52.165  1.437 0.3000000119
26916  39.780  -50.970  1.893 0.3000000119
31903  31.693  -45.427  3.891 0.6999999881
25863  39.648  -51.902  1.482 0.3000000119
142759  41.592  -51.700  0.773 0.3000000119
25872  41.137  -52.078  0.887 0.3000000119
25862  40.512  -51.501  1.456 0.3000000119
26922  42.667  -50.588  0.073 0.3000000119
25861  41.365  -51.037  1.250 0.3000000119
23852  35.256  -54.049  5.087 0.3000000119
24831  36.404  -53.466  2.807 0.4000000060
32796  30.274  -44.678  5.512 0.6999999881
25865  37.994  -52.323  1.498 0.3000000119
128646  37.384  -52.479  1.798 0.3000000119
32795  30.938  -44.662  5.285 0.6999999881
31870  31.338  -45.158  4.854 0.6999999881
24841  38.576  -53.142  1.239 0.3000000119
24839  40.355  -52.557  0.922 0.3000000119
24851  41.104  -53.212  0.287 0.3000000119
26914  41.329  -49.959  1.566 0.3000000119
124398  43.269  -51.407  -0.701 0.3000000119
125756  35.331  -53.810  4.375 0.4000000060
32812  29.671  -43.914  5.199 0.6999999881
23876  37.389  -54.502  2.206 0.3000000119
24830  37.039  -53.406  2.214 0.3000000119
23884  39.218  -54.021  0.707 0.3000000119
24842  37.750  -53.429  1.619 0.3000000119
32810  31.246  -44.225  4.876 0.6999999881
24852  40.247  -53.856  0.332 0.3000000119
127113  31.656  -44.512  4.205 0.6999999881
27972  42.792  -49.432  -0.214 0.3000000119
27964  42.311  -49.478  0.642 0.3000000119
127931  43.278  -50.329  -0.874 0.3000000119
32811  30.658  -44.009  5.214 0.6999999881
23885  38.463  -54.168  1.238 0.3000000119
33661  31.044  -43.457  4.771 0.6999999881
22876  40.287  -55.267  0.400 0.3000000119
23896  39.834  -54.793  0.307 0.3000000119
33660  31.548  -43.689  4.305 0.6999999881
27971  43.199  -49.303  -1.328 0.3000000119
21920  39.237  -55.410  1.214 0.3000000119
34578  31.761  -42.372  3.681 0.6999999881
37664  40.967  -39.460  1.944 0.3000000119
131691  31.466  -46.961  0.603 0.5000000000
137156  31.038  -47.489  4.608 0.6999999881
30027  30.620  -47.756  2.885 0.6000000238
131033  30.639  -48.192  3.940 0.6000000238
30986  31.302  -46.774  1.344 0.6000000238
30931  28.597  -46.138  6.189 0.6999999881
31873  29.038  -45.519  5.900 0.6999999881
22842  36.143  -55.002  4.650 0.3000000119
32798  28.418  -44.950  5.499 0.6999999881
23866  35.848  -54.667  4.112 0.4000000060
32813  28.610  -44.243  5.057 0.6999999881
22859  37.531  -55.411  2.877 0.4000000060
23877  36.830  -54.757  2.823 0.4000000060
33663  28.788  -43.518  4.600 0.6999999881
22867  37.853  -55.125  2.169 0.3000000119
21911  38.777  -55.574  2.278 0.3000000119
22858  39.565  -55.265  2.208 0.3000000119
26917  38.925  -51.327  1.821 0.3000000119
133250  29.544  -43.246  4.692 0.6999999881
30026  31.220  -47.137  3.074 0.6000000238
21910  40.047  -55.557  1.240 0.3000000119
21899  38.193  -55.519  2.930 0.3000000119
29013  33.204  -48.592  -1.601 0.5000000000
27984  32.543  -49.559  -1.232 0.5000000000
27992  34.247  -50.232  -2.623 0.4000000060
118562  27.433  -52.170  6.017 0.4000000060
23849  24.230  -53.932  5.313 0.5000000000
29022  33.870  -49.107  -2.315 0.4000000060
29021  34.872  -49.581  -3.139 0.5000000000
30087  32.593  -48.137  -0.943 0.5000000000
139345  21.641  -54.942  4.936 0.4000000060
24802  26.183  -52.312  6.015 0.5000000000
30076  31.433  -47.498  0.275 0.4000000060
22847  21.288  -54.174  4.320 0.4000000060
129805  20.028  -55.780  4.385 0.4000000060
23855  23.485  -53.110  4.612 0.4000000060
24803  25.113  -52.568  5.572 0.5000000000
23854  24.396  -53.117  5.193 0.4000000060
25814  27.842  -51.368  5.820 0.5000000000
27910  29.537  -49.485  5.099 0.4000000060
30044  30.702  -47.390  1.850 0.5000000000
134506  30.093  -48.811  3.583 0.4000000060
28942  30.152  -48.801  4.574 0.4000000060
28976  30.213  -48.031  2.146 0.4000000060
22848  19.811  -54.993  4.356 0.4000000060
23850  16.710  -53.639  5.736 0.4000000060
138023  22.761  -52.733  4.238 0.4000000060
24815  18.211  -52.303  4.867 0.4000000060
25817  25.397  -51.653  5.698 0.5000000000
24810  23.994  -52.393  4.873 0.4000000060
24814  19.468  -51.939  4.343 0.4000000060
126748  21.280  -50.659  3.555 0.4000000060
124556  20.433  -50.798  3.946 0.4000000060
25802  27.358  -50.876  6.208 0.5000000000
27897  27.913  -49.777  6.245 0.5000000000
27942  21.359  -49.697  3.538 0.4000000060
28961  20.760  -49.051  3.724 0.4000000060
27912  28.400  -50.220  5.810 0.5000000000
27911  28.751  -49.666  5.855 0.6000000238
28928  29.861  -48.552  5.518 0.6000000238
22839  16.867  -54.501  5.520 0.4000000060
23860  18.236  -53.228  4.789 0.4000000060
134178  20.483  -54.214  4.245 0.4000000060
140637  19.060  -52.732  4.509 0.4000000060
25826  24.426  -51.669  5.172 0.5000000000
24811  23.165  -52.245  4.368 0.4000000060
24825  20.457  -52.087  4.028 0.4000000060
26869  25.535  -50.774  5.949 0.5000000000
124668  21.963  -50.949  3.549 0.4000000060
25846  20.868  -51.444  3.738 0.4000000060
132810  26.602  -49.956  6.402 0.5000000000
27896  28.236  -49.086  6.334 0.5000000000
28960  21.504  -48.943  3.547 0.4000000060
28929  29.098  -48.910  6.006 0.6000000238
28927  30.537  -48.066  5.074 0.6000000238
130457  18.409  -54.021  4.669 0.4000000060
23869  22.152  -52.791  4.041 0.4000000060
122416  19.281  -53.413  4.434 0.4000000060
23871  20.743  -52.814  3.957 0.4000000060
25844  22.214  -51.533  3.749 0.4000000060
26857  25.912  -50.049  6.325 0.5000000000
26898  22.852  -50.064  4.005 0.4000000060
129243  22.080  -50.134  3.617 0.4000000060
27898  27.116  -49.409  6.450 0.5000000000
27940  22.534  -49.285  3.807 0.4000000060
29992  30.659  -47.218  5.440 0.6000000238
29993  30.047  -47.686  5.837 0.6000000238
28916  28.443  -48.313  6.443 0.6000000238
22849  18.668  -54.840  4.528 0.4000000060
133378  20.237  -53.488  4.151 0.4000000060
24823  21.860  -52.173  3.779 0.4000000060
25845  21.573  -51.492  3.628 0.4000000060
26870  24.706  -50.319  5.463 0.5000000000
26881  24.023  -50.760  4.868 0.5000000000
26882  23.213  -50.800  4.254 0.5000000000
125298  24.182  -49.909  5.026 0.5000000000
122228  23.564  -49.978  4.496 0.5000000000
28918  26.575  -48.677  6.458 0.5000000000
27913  25.510  -49.393  6.113 0.5000000000
27914  24.757  -49.422  5.522 0.5000000000
27926  23.218  -49.197  4.239 0.4000000060
28917  27.521  -48.604  6.503 0.6000000238
28944  23.623  -48.330  4.336 0.5000000000
28958  22.964  -48.430  3.862 0.4000000060
137506  30.134  -46.958  6.002 0.6000000238
29980  29.473  -47.218  6.237 0.6000000238
29983  26.859  -47.885  6.454 0.6000000238
28931  25.264  -48.677  5.827 0.5000000000
27925  23.986  -49.077  4.846 0.5000000000
29982  27.754  -47.675  6.531 0.6000000238
28930  25.905  -48.029  6.168 0.6000000238
28932  24.647  -48.620  5.303 0.5000000000
30915  28.883  -46.791  6.339 0.6000000238
30930  29.561  -46.343  6.126 0.6000000238
31886  25.264  -45.270  4.428 0.5000000000
31885  25.990  -45.239  4.699 0.6000000238
30944  25.398  -45.814  4.748 0.5000000000
31875  26.793  -45.704  5.434 0.6000000238
129766  25.990  -45.910  5.156 0.6000000238
30945  25.019  -46.373  4.742 0.5000000000
30946  24.410  -46.744  4.467 0.5000000000
29994  27.089  -47.082  6.320 0.6000000238
29996  25.709  -47.198  5.604 0.5000000000
28943  24.319  -48.134  4.825 0.5000000000
30011  24.020  -47.536  4.382 0.5000000000
30028  23.384  -47.620  3.968 0.5000000000
138867  27.040  -44.354  4.467 0.5000000000
32815  25.522  -44.705  4.183 0.5000000000
33664  27.732  -43.850  4.381 0.6000000238
32799  27.694  -44.586  4.937 0.6000000238
30933  25.570  -46.468  5.171 0.6000000238
30009  25.062  -47.017  5.006 0.5000000000
138243  28.258  -45.536  5.829 0.6000000238
123633  26.380  -46.567  5.697 0.6000000238
29004  31.977  -48.468  -0.501 0.4000000060
30055  30.531  -47.790  1.116 0.4000000060
30074  32.800  -47.387  -0.673 0.5000000000
30075  32.021  -47.702  -0.276 0.4000000060
143102  27.178  -46.373  6.034 0.6000000238
27977  31.386  -49.681  -0.308 0.5000000000
27983  33.276  -49.577  -1.742 0.5000000000
29014  32.549  -48.892  -1.148 0.5000000000
25815  27.104  -51.473  6.230 0.5000000000
22846  22.160  -54.072  4.548 0.4000000060
23857  21.773  -53.459  4.163 0.4000000060
25830  18.473  -51.293  4.611 0.4000000060
26899  20.639  -49.999  3.782 0.4000000060
23870  21.463  -52.827  3.921 0.4000000060
25828  22.834  -51.525  4.118 0.4000000060
29995  26.379  -47.334  6.104 0.6000000238
23861  17.300  -53.036  5.390 0.3000000119
26884  18.919  -50.590  4.405 0.3000000119
131725  17.659  -51.651  5.151 0.3000000119
27943  20.150  -49.509  4.110 0.3000000119
26885  18.081  -50.526  4.843 0.3000000119
27927  18.725  -49.942  4.525 0.3000000119
26886  16.990  -50.421  5.415 0.3000000119
19225  34.996  -58.154  8.417 0.5000000000
20082  32.986  -56.842  8.039 0.5000000000
20971  33.403  -56.451  8.661 0.5000000000
20985  32.201  -55.614  7.584 0.5000000000
21852  34.736  -55.372  9.339 0.5000000000
21878  32.685  -55.375  8.270 0.5000000000
21886  31.715  -55.303  6.920 0.5000000000
21888  31.613  -55.255  6.017 0.6000000238
21894  31.785  -55.248  4.958 0.6000000238
21903  40.283  -55.347  1.446 0.3000000119
21912  38.157  -55.462  2.216 0.3000000119
21918  40.553  -55.404  0.754 0.3000000119
21919  39.876  -55.575  0.929 0.3000000119
22803  34.218  -54.209  8.563 0.4000000060
22804  33.636  -54.624  8.705 0.5000000000
22817  35.443  -53.962  7.652 0.4000000060
22818  32.285  -54.132  7.731 0.5000000000
22866  38.454  -55.128  1.555 0.3000000119
22877  39.655  -55.258  0.639 0.3000000119
23811  33.354  -54.026  8.324 0.5000000000
23825  33.173  -53.338  7.855 0.5000000000
23827  31.854  -53.645  7.309 0.6000000238
23838  34.321  -52.986  7.034 0.4000000060
23839  31.646  -53.269  6.871 0.6000000238
23856  22.573  -53.352  4.335 0.4000000060
23858  21.022  -53.514  4.043 0.4000000060
23859  19.548  -54.181  4.364 0.4000000060
23865  36.347  -54.669  3.489 0.4000000060
23886  37.897  -54.478  1.722 0.3000000119
23897  39.103  -54.883  0.796 0.3000000119
24789  33.760  -52.268  6.825 0.5000000000
24790  33.031  -51.977  7.019 0.5000000000
24796  34.885  -53.230  5.605 0.5000000000
24798  31.592  -51.977  5.561 0.6999999881
24812  22.481  -52.165  4.033 0.4000000060
24813  19.935  -52.746  4.190 0.4000000060
24821  35.723  -53.426  3.545 0.4000000060
24824  21.169  -52.148  3.771 0.4000000060
24840  39.432  -52.941  0.985 0.3000000119
24853  33.559  -52.752  0.426 0.4000000060
24854  32.888  -52.819  0.953 0.5000000000
25809  34.035  -51.407  5.892 0.5000000000
25810  33.322  -50.886  5.970 0.6000000238
25816  26.296  -51.515  6.150 0.5000000000
25827  23.575  -51.562  4.564 0.4000000060
25829  19.576  -51.037  4.252 0.4000000060
25847  20.221  -51.451  4.103 0.4000000060
25870  42.643  -51.989  -0.174 0.3000000119
25888  37.327  -52.087  -3.214 0.6000000238
25893  37.791  -51.678  -3.653 0.6000000238
26855  32.819  -50.701  5.834 0.6000000238
26856  27.243  -50.220  6.321 0.5000000000
26867  27.876  -50.550  6.026 0.5000000000
26868  26.569  -50.708  6.314 0.5000000000
26877  32.270  -49.937  4.617 0.6000000238
26878  31.808  -50.649  4.731 0.6000000238
26883  22.523  -50.850  3.821 0.4000000060
26894  34.357  -49.497  4.219 0.4000000060
26896  31.613  -51.007  4.146 0.6000000238
26900  19.742  -50.184  4.234 0.3000000119
26918  38.222  -51.596  1.634 0.3000000119
26919  32.508  -50.039  1.764 0.6999999881
26923  41.966  -50.265  0.959 0.3000000119
26941  33.652  -50.756  -2.187 0.5000000000
26946  38.954  -51.105  -4.012 0.6999999881
26948  35.989  -52.136  -3.421 0.5000000000
27899  26.243  -49.384  6.416 0.5000000000
27909  32.878  -49.727  5.001 0.5000000000
27936  33.101  -48.928  3.987 0.6000000238
27941  21.943  -49.323  3.568 0.4000000060
27952  36.220  -49.769  2.603 0.4000000060
27958  40.714  -49.667  2.060 0.4000000060
27976  32.018  -49.243  -0.679 0.5000000000
27988  39.055  -50.337  -4.031 0.6999999881
28915  29.312  -48.048  6.181 0.6000000238
28919  25.865  -48.816  6.295 0.5000000000
28956  30.137  -48.406  2.810 0.4000000060
28959  22.174  -48.476  3.559 0.4000000060
28966  41.097  -48.461  2.071 0.4000000060
28980  32.871  -48.756  1.852 0.6999999881
28993  30.895  -47.841  0.598 0.4000000060
29002  36.207  -48.039  -1.132 0.6999999881
29027  38.846  -49.778  -4.425 0.6999999881
29981  28.658  -47.470  6.432 0.6000000238
29997  25.049  -47.855  5.386 0.5000000000
30008  31.077  -47.540  3.745 0.6000000238
30010  24.587  -47.453  4.780 0.5000000000
30039  40.044  -47.372  2.832 0.4000000060
30053  34.699  -47.639  1.228 0.6000000238
30061  42.349  -47.772  0.304 0.4000000060
30066  30.927  -47.307  0.950 0.5000000000
30916  27.989  -46.758  6.383 0.6000000238
30928  31.172  -45.930  5.160 0.6999999881
30932  27.714  -45.916  5.970 0.6000000238
30942  31.456  -46.088  4.467 0.6999999881
30947  23.747  -46.974  4.102 0.5000000000
30973  40.089  -45.963  2.720 0.4000000060
31004  32.736  -46.783  -0.159 0.6999999881
31020  39.131  -46.887  -3.507 0.8000000119
31029  38.829  -46.489  -5.081 0.8000000119
31871  30.782  -45.362  5.449 0.6999999881
31874  27.596  -45.239  5.444 0.6000000238
31884  26.842  -44.897  4.899 0.6000000238
31918  32.036  -45.261  2.251 0.8000000119
31934  41.620  -45.569  0.666 0.4000000060
31938  32.620  -45.697  0.903 0.8000000119
31944  42.213  -45.767  -0.629 0.4000000060
31945  41.849  -45.158  -0.170 0.4000000060
31976  39.309  -45.932  -4.923 0.8000000119
31980  39.102  -45.641  -5.465 0.8000000119
32797  29.341  -44.768  5.560 0.6999999881
32809  36.900  -43.862  4.351 0.5000000000
32814  26.281  -44.523  4.281 0.5000000000
32855  40.915  -44.103  1.555 0.4000000060
32892  35.075  -44.171  -1.736 1.0000000000
32901  38.432  -44.441  -2.810 0.8000000119
32902  37.349  -44.222  -4.175 0.8999999762
32905  43.157  -44.758  -4.374 0.3000000119
32912  44.095  -44.931  -6.375 0.3000000119
33662  30.288  -43.323  4.863 0.8000000119
33681  35.917  -43.303  3.938 0.6000000238
33682  31.877  -43.174  3.690 0.6999999881
33723  36.178  -43.610  0.592 0.6999999881
33737  33.975  -43.311  -0.171 0.8000000119
33758  42.517  -43.531  -3.109 0.3000000119
33769  38.840  -43.767  -5.166 0.8999999762
33771  43.873  -43.597  -6.889 0.3000000119
34555  36.576  -42.390  4.506 0.6000000238
34557  31.377  -42.896  4.249 0.6999999881
34577  32.294  -42.638  3.163 0.8999999762
34581  28.488  -42.404  3.585 0.8999999762
34599  39.846  -42.511  2.555 0.4000000060
34615  41.218  -42.531  0.846 0.4000000060
34621  25.977  -42.234  1.919 0.6999999881
34649  41.560  -42.924  -0.722 0.4000000060
34650  38.035  -42.158  -2.334 0.6999999881
34667  38.002  -41.822  -4.563 1.0000000000
34672  38.471  -42.744  -4.702 0.8999999762
35577  32.184  -41.248  2.924 0.8999999762
35593  41.195  -41.158  1.045 0.3000000119
35595  35.839  -41.403  1.062 0.6999999881
35598  26.836  -41.817  1.254 0.8999999762
35600  25.725  -41.675  1.494 0.6999999881
35618  41.521  -41.384  -0.526 0.4000000060
35619  36.966  -41.808  -0.848 0.6999999881
35626  42.032  -41.298  -2.292 0.3000000119
35642  37.410  -41.153  -3.989 1.0000000000
35645  42.797  -41.283  -4.046 0.3000000119
35646  38.476  -41.334  -4.186 0.8999999762
35647  38.089  -41.082  -4.400 1.0000000000
36592  37.269  -40.402  4.670 0.5000000000
36601  39.516  -40.735  3.369 0.5000000000
36603  35.560  -40.485  3.681 0.6000000238
36613  35.435  -40.033  2.730 0.6000000238
36614  32.346  -40.730  2.385 0.8999999762
36615  31.792  -40.501  2.680 0.8999999762
36616  30.547  -40.265  2.548 0.8999999762
36652  25.886  -40.676  0.546 0.8000000119
36653  25.127  -40.312  0.730 0.6999999881
36675  37.389  -40.280  -1.594 0.8000000119
36687  38.520  -40.550  -3.537 0.8999999762
36697  38.337  -40.451  -4.263 1.0000000000
37627  35.924  -39.458  4.300 0.6999999881
37647  32.250  -40.104  2.085 0.8999999762
37668  32.099  -39.533  1.654 0.8999999762
37690  24.504  -38.868  0.676 0.6999999881
37713  38.174  -39.150  -2.954 0.8000000119
37715  35.671  -39.538  -2.390 1.0000000000
37717  31.022  -39.688  -1.587 1.0000000000
37726  38.556  -40.027  -3.979 0.8999999762
37729  36.381  -39.467  -3.314 1.0000000000
37731  30.288  -39.290  -2.361 1.0000000000
37733  38.344  -39.746  -4.190 0.8999999762
37738  38.457  -40.189  -4.154 1.0000000000
38630  38.251  -38.587  4.495 0.5000000000
38667  35.484  -38.098  1.490 0.6999999881
38692  36.842  -38.979  -1.401 0.8000000119
38694  33.272  -38.618  -0.506 1.0000000000
38696  31.852  -38.869  -0.838 1.0000000000
38699  24.967  -37.488  -0.412 0.6999999881
38717  26.486  -37.616  -1.307 0.8000000119
38718  26.069  -37.481  -1.089 0.8000000119
38730  33.083  -37.916  -2.324 1.0000000000
38731  32.201  -38.412  -3.052 1.0000000000
38739  37.939  -38.109  -4.380 1.0000000000
39714  36.543  -37.682  4.558 0.6999999881
39724  39.987  -37.529  3.217 0.3000000119
39725  38.983  -36.729  4.124 0.5000000000
39738  28.002  -37.326  1.738 0.8999999762
39755  28.612  -37.642  1.049 0.8999999762
39771  30.924  -37.148  0.487 1.0000000000
39774  28.182  -37.442  0.007 0.8999999762
39776  26.557  -37.072  0.095 0.8000000119
39790  28.501  -37.028  -1.198 0.8999999762
39791  26.803  -36.853  -1.045 0.8000000119
39793  25.812  -37.038  -1.126 0.8000000119
39802  33.984  -37.795  -2.270 1.0000000000
39807  26.479  -36.915  -1.360 0.8000000119
39828  36.214  -36.902  -4.368 1.0000000000
39832  31.335  -37.338  -3.454 1.0000000000
39833  30.794  -36.681  -3.230 1.0000000000
40739  36.624  -36.156  4.493 0.6999999881
40750  35.578  -36.658  3.643 0.6999999881
40763  28.494  -36.656  2.356 0.8000000119
40781  31.362  -36.701  1.281 1.0000000000
40783  25.038  -36.452  1.054 0.6999999881
40784  24.409  -35.930  0.774 0.6000000238
40796  25.928  -36.777  -0.423 0.8000000119
40797  25.364  -36.563  -0.054 0.6999999881
40809  31.237  -36.905  -0.266 1.0000000000
40810  30.632  -36.833  -1.235 1.0000000000
40819  36.801  -36.492  -2.489 0.8000000119
40824  29.979  -36.772  -2.117 1.0000000000
40825  26.120  -36.918  -1.239 0.8000000119
40834  37.498  -36.974  -4.019 1.0000000000
40842  37.453  -37.215  -4.242 1.0000000000
40846  32.848  -36.770  -4.103 1.0000000000
40853  34.540  -36.031  -4.886 1.0000000000
41763  36.980  -35.248  4.547 0.6999999881
41777  38.523  -35.336  4.234 0.6000000238
41778  35.427  -35.100  3.036 0.6999999881
41779  31.011  -35.302  3.074 0.6999999881
41795  29.832  -35.970  2.815 0.8999999762
41812  32.304  -35.582  1.297 0.6999999881
41813  31.778  -36.082  1.795 0.6999999881
41825  35.509  -35.303  0.614 0.6999999881
41828  24.069  -35.782  0.195 0.5000000000
41861  30.801  -36.041  -3.184 1.0000000000
41864  36.875  -35.832  -4.144 0.8999999762
41873  32.066  -35.568  -4.381 1.0000000000
42822  35.880  -34.631  3.999 0.6999999881
42833  39.471  -34.592  3.490 0.5000000000
42851  29.594  -34.782  2.974 0.6999999881
42899  33.167  -34.130  -2.033 0.8999999762
42922  35.488  -34.238  -5.325 1.0000000000
43881  36.638  -33.666  4.112 0.6000000238
43893  37.963  -33.312  4.123 0.6000000238
43894  37.151  -33.021  4.070 0.6000000238
43898  31.329  -33.769  3.456 0.5000000000
43910  32.593  -33.463  2.944 0.6000000238
43928  32.653  -34.005  2.148 0.6000000238
43977  34.078  -33.131  -5.629 0.8999999762
44926  38.201  -32.091  3.784 0.5000000000
44927  37.395  -32.211  3.818 0.6000000238
44930  32.661  -32.261  3.343 0.5000000000
44941  35.602  -33.116  2.580 0.6999999881
44961  33.181  -32.622  1.285 0.5000000000
44964  27.340  -32.050  1.546 0.5000000000
44976  33.294  -32.080  0.670 0.4000000060
45883  38.528  -31.379  3.539 0.6000000238
45885  36.813  -31.647  3.513 0.6000000238
45891  30.549  -32.037  3.400 0.4000000060
45902  33.503  -31.636  2.441 0.5000000000
45905  28.955  -31.629  2.115 0.3000000119
45916  35.548  -31.827  1.621 0.6000000238
45919  27.709  -31.493  1.270 0.4000000060
45933  35.514  -31.584  0.676 0.6000000238
45936  27.507  -30.850  0.756 0.4000000060
45950  33.145  -31.347  -1.978 0.6999999881
45967  35.446  -31.356  -5.208 0.6000000238
45971  34.987  -31.069  -5.687 0.6000000238
46925  37.043  -30.308  3.215 0.5000000000
46926  33.611  -30.426  3.433 0.3000000119
46928  31.705  -30.796  4.051 0.3000000119
46944  35.855  -30.799  2.221 0.6000000238
46946  33.992  -30.438  2.611 0.3000000119
46977  28.022  -30.190  0.554 0.4000000060
47026  34.487  -30.522  -6.730 0.6999999881
47027  33.447  -30.461  -7.043 0.6000000238
47935  33.213  -29.140  4.336 0.4000000060
47937  31.596  -29.354  4.349 0.3000000119
47938  30.801  -29.771  4.015 0.3000000119
47954  38.434  -30.060  3.261 0.5000000000
47983  28.950  -29.229  2.110 0.3000000119
47998  28.428  -29.642  0.972 0.3000000119
48012  35.719  -29.506  0.195 0.5000000000
48014  34.154  -29.450  0.616 0.3000000119
48033  33.944  -29.365  -0.348 0.3000000119
48045  33.536  -29.363  -1.241 0.4000000060
48051  33.095  -29.205  -3.036 0.5000000000
48945  33.857  -28.132  4.234 0.3000000119
48947  32.851  -28.632  4.498 0.3000000119
49005  36.920  -27.988  1.840 0.4000000060
49006  34.460  -28.610  1.738 0.3000000119
49007  28.738  -28.547  1.789 0.3000000119
49019  34.015  -28.606  -0.505 0.3000000119
49999  34.108  -27.535  4.158 0.3000000119
50003  31.476  -27.818  4.402 0.3000000119
50018  34.443  -27.511  3.510 0.3000000119
50020  30.109  -27.607  3.391 0.3000000119
50038  40.537  -27.298  1.949 0.3000000119
50039  39.935  -27.330  2.385 0.4000000060
50089  33.651  -27.366  -1.654 0.3000000119
50124  32.319  -26.729  -6.145 0.4000000060
51112  38.639  -26.645  2.415 0.4000000060
51129  28.951  -26.303  1.966 0.3000000119
51140  37.407  -25.941  1.281 0.4000000060
51141  36.762  -26.000  0.387 0.4000000060
51160  27.725  -26.058  -0.966 0.3000000119
51170  32.641  -25.570  -3.692 0.3000000119
51179  33.242  -24.664  -5.132 0.3000000119
52087  31.878  -25.332  4.911 0.3000000119
52094  30.291  -25.235  3.852 0.3000000119
52099  40.059  -26.034  2.208 0.3000000119
52102  35.011  -25.727  2.440 0.3000000119
52109  38.661  -25.210  1.842 0.3000000119
52111  34.791  -25.707  1.597 0.4000000060
52148  33.553  -25.387  -2.181 0.3000000119
52150  27.612  -25.324  -2.388 0.3000000119
52165  33.194  -24.197  -4.784 0.4000000060
52166  32.862  -24.576  -4.272 0.3000000119
53055  30.216  -24.460  3.400 0.3000000119
53067  39.989  -24.538  1.715 0.3000000119
53072  34.723  -25.022  1.054 0.4000000060
53074  28.766  -25.148  0.915 0.3000000119
53083  28.715  -24.397  0.590 0.3000000119
53945  34.409  -23.169  5.045 0.3000000119
53947  33.371  -23.578  5.376 0.3000000119
53963  34.713  -23.699  4.538 0.3000000119
53965  31.772  -23.703  4.799 0.4000000060
53989  29.724  -23.801  2.290 0.3000000119
53996  38.084  -23.990  1.155 0.3000000119
53999  29.322  -23.747  1.664 0.3000000119
54025  28.386  -23.656  -0.738 0.3000000119
54853  31.009  -22.150  4.010 0.3000000119
54855  29.981  -23.059  2.608 0.3000000119
55763  34.546  -21.810  5.206 0.3000000119
55791  30.351  -21.559  2.862 0.3000000119
56818  32.288  -20.506  4.904 0.3000000119
56847  30.187  -20.909  2.348 0.3000000119
57812  31.181  -18.947  3.225 0.3000000119
58706  31.734  -17.974  4.125 0.3000000119
60763  32.882  -16.230  4.698 0.3000000119
118868  28.617  -37.010  -1.701 0.8999999762
120225  39.412  -55.545  1.926 0.3000000119
121058  38.175  -38.810  -4.297 1.0000000000
122279  36.529  -41.964  -0.041 0.6999999881
122366  35.599  -41.907  1.680 0.6999999881
122866  32.180  -53.968  1.992 0.4000000060
122937  30.356  -23.088  3.215 0.3000000119
123814  33.904  -25.845  4.847 0.3000000119
124195  28.638  -40.821  0.105 1.0000000000
124336  34.112  -21.227  5.424 0.3000000119
124456  34.350  -25.349  4.613 0.3000000119
124893  38.988  -44.015  -5.274 0.8000000119
124977  29.780  -41.506  3.549 0.8999999762
125511  38.504  -45.900  -5.235 0.8999999762
125580  33.148  -32.018  -3.865 0.8000000119
126955  34.846  -26.063  3.357 0.3000000119
127130  27.206  -39.613  -0.693 0.8000000119
127210  31.446  -20.033  3.933 0.3000000119
127427  30.194  -29.162  3.553 0.3000000119
127605  40.686  -26.704  1.726 0.3000000119
127639  32.491  -34.808  1.648 0.6999999881
127678  36.878  -43.042  4.522 0.6000000238
127750  39.338  -42.211  3.119 0.5000000000
128190  29.974  -25.932  3.438 0.3000000119
128384  32.886  -32.824  -4.389 0.8999999762
128414  25.254  -49.995  5.910 0.5000000000
128897  29.528  -25.046  2.404 0.3000000119
129135  32.237  -32.192  3.578 0.4000000060
129486  32.243  -54.880  7.777 0.5000000000
129659  39.380  -45.241  -4.711 0.8000000119
129703  31.683  -34.234  3.265 0.6000000238
129851  42.046  -51.343  0.571 0.3000000119
130036  34.615  -38.923  -1.300 1.0000000000
130186  42.485  -44.834  -2.491 0.3000000119
130434  35.689  -38.177  4.002 0.6999999881
130520  17.277  -53.867  5.118 0.4000000060
130607  37.501  -45.264  -1.013 0.8000000119
130967  39.356  -55.535  1.590 0.3000000119
131202  34.814  -48.473  -2.874 0.6000000238
131423  36.762  -40.070  4.696 0.5000000000
131441  32.801  -23.022  5.355 0.4000000060
131495  42.249  -41.968  -2.821 0.3000000119
131527  40.067  -28.944  2.373 0.4000000060
131811  38.774  -42.869  -4.166 0.6999999881
131868  35.324  -32.733  -5.394 0.8999999762
132040  30.427  -26.940  3.750 0.3000000119
132081  26.858  -52.074  6.201 0.4000000060
132215  20.666  -54.934  4.473 0.4000000060
132286  29.957  -33.313  3.142 0.4000000060
132351  31.225  -40.178  2.574 0.8999999762
132426  35.851  -33.646  -4.019 0.8000000119
132706  35.896  -40.890  4.287 0.6000000238
132775  32.622  -33.508  -4.534 1.0000000000
132971  29.449  -38.771  -2.032 1.0000000000
133087  24.774  -51.042  5.425 0.5000000000
135008  34.126  -54.633  8.893 0.4000000060
135018  26.615  -37.082  -1.457 0.8000000119
135610  43.038  -41.857  -4.636 0.3000000119
135651  38.163  -34.766  4.299 0.6000000238
135752  38.808  -55.569  1.826 0.3000000119
135918  37.415  -37.909  -4.400 1.0000000000
136587  35.394  -36.456  2.968 0.6999999881
136727  33.324  -32.049  -2.605 0.6000000238
136845  35.564  -30.881  0.523 0.6000000238
136878  38.355  -40.985  -4.251 1.0000000000
137013  31.981  -55.990  7.058 0.5000000000
137160  35.942  -40.078  0.756 0.8000000119
137190  38.223  -36.153  4.499 0.6000000238
137493  31.119  -35.751  -3.554 1.0000000000
137648  33.128  -30.367  3.877 0.4000000060
137777  34.569  -57.503  8.794 0.5000000000
137836  36.667  -47.798  1.536 0.6000000238
138026  35.552  -44.035  2.881 0.6999999881
138469  31.923  -26.747  4.680 0.3000000119
138502  40.583  -42.034  1.760 0.4000000060
138571  16.690  -53.949  5.849 0.4000000060
138866  35.728  -54.736  4.985 0.3000000119
138886  37.248  -39.003  4.753 0.6000000238
139225  39.146  -34.151  3.606 0.5000000000
139311  35.059  -29.371  -6.379 0.5000000000
139961  32.059  -44.148  3.047 0.8000000119
139983  36.708  -37.520  -4.302 1.0000000000
140229  31.165  -47.402  0.595 0.5000000000
140643  36.008  -26.886  -0.907 0.5000000000
140663  38.526  -44.982  3.789 0.5000000000
140976  32.623  -38.661  -0.311 1.0000000000
141668  35.618  -54.557  4.614 0.3000000119
141938  32.347  -47.265  -0.234 0.5000000000
141967  34.735  -41.303  -1.182 1.0000000000
142558  27.693  -49.218  6.413 0.5000000000
143015  40.569  -46.090  2.294 0.4000000060
143046  38.902  -27.858  2.658 0.4000000060
143220  42.110  -48.816  1.056 0.4000000060
