#!ascii label  , from subject sub-v2s18x29500_ses-1 vox2ras=TkReg
1524
4213  18.181  -80.075  6.587 0.6999999881
4221  16.617  -80.574  5.944 0.8000000119
133933  16.504  -80.361  6.736 0.8000000119
120542  16.007  -80.752  7.122 0.6999999881
3748  18.490  -81.614  4.916 0.6000000238
3739  17.681  -80.968  5.345 0.6000000238
4214  15.810  -80.767  6.048 0.6000000238
3259  19.017  -82.273  4.468 0.6000000238
4726  17.023  -79.773  7.292 0.8000000119
4203  16.496  -80.115  7.553 0.6999999881
4204  16.045  -80.579  8.135 0.6999999881
3705  15.525  -81.096  8.684 0.6999999881
4219  19.192  -80.561  5.576 0.6000000238
4725  17.818  -79.532  7.177 0.6999999881
3718  15.532  -81.257  7.804 0.6999999881
3267  19.499  -82.843  3.912 0.6000000238
2804  20.012  -83.404  3.359 0.6000000238
2805  19.238  -83.445  3.370 0.6000000238
2443  19.628  -84.810  1.409 0.6000000238
2436  19.291  -84.450  2.195 0.6000000238
4711  16.644  -78.836  8.282 0.8000000119
5212  15.679  -78.487  9.180 0.8000000119
4684  15.377  -79.432  9.407 0.6999999881
121933  14.639  -79.417  9.573 0.6999999881
130773  14.227  -79.913  10.054 0.6999999881
4710  17.363  -78.929  7.660 0.8000000119
4697  16.102  -79.056  8.993 0.6999999881
4685  14.798  -80.020  9.792 0.6999999881
4709  18.152  -78.935  7.352 0.6999999881
4193  16.366  -79.695  8.353 0.8000000119
3694  15.299  -80.925  9.324 0.6999999881
4724  18.594  -79.310  6.837 0.6999999881
3737  19.296  -81.445  4.943 0.6999999881
3266  20.159  -82.536  3.687 0.6000000238
3258  19.717  -82.128  4.297 0.6000000238
2435  20.173  -84.529  2.118 0.6000000238
2815  19.730  -84.038  2.803 0.6000000238
2452  19.933  -84.913  0.420 0.6000000238
2475  19.739  -85.190  -2.526 0.6999999881
126277  19.112  -85.080  -0.674 0.6000000238
1760  20.462  -86.478  -2.964 0.5000000000
138829  19.694  -85.563  -2.887 0.6000000238
1405  20.423  -87.233  -1.762 0.5000000000
5821  15.583  -77.740  8.964 0.8999999762
5803  15.219  -78.231  9.254 0.8000000119
5213  13.903  -78.756  8.846 0.6999999881
5839  16.688  -77.630  8.002 0.6999999881
5820  16.009  -77.308  8.329 0.8999999762
4686  13.708  -79.610  10.054 0.6999999881
5238  18.865  -78.555  6.496 0.8000000119
5225  17.929  -78.331  7.490 0.8000000119
5237  19.314  -78.902  5.884 0.8000000119
123772  19.594  -79.643  4.736 0.6999999881
4212  18.991  -79.964  6.261 0.6999999881
133117  19.853  -80.735  4.058 0.8000000119
3753  20.124  -81.252  3.660 0.8000000119
3277  20.658  -82.755  2.845 0.6999999881
2814  20.467  -83.833  2.587 0.6999999881
2442  20.568  -84.724  1.220 0.6000000238
2462  19.872  -84.950  -1.655 0.6999999881
2483  20.364  -85.390  -2.988 0.6999999881
6466  15.496  -76.823  7.501 0.8999999762
5841  14.150  -77.841  8.313 0.8000000119
4698  13.229  -79.482  8.984 0.6999999881
5852  17.153  -77.197  6.688 0.8000000119
6465  16.529  -77.193  7.487 0.8000000119
5851  17.991  -77.486  6.729 0.6999999881
135768  19.090  -78.612  4.297 0.6999999881
5262  18.846  -78.230  4.918 0.6000000238
5261  19.401  -78.906  5.076 0.8000000119
4230  19.910  -80.555  3.357 0.8000000119
4233  20.319  -81.088  2.834 0.8000000119
3286  21.077  -82.336  2.016 0.6999999881
2822  21.618  -83.529  1.187 0.8000000119
2823  20.952  -84.178  1.765 0.6999999881
2832  22.001  -83.774  0.298 0.8000000119
2473  21.427  -84.717  -2.292 0.6999999881
2461  20.840  -84.797  -1.252 0.6999999881
2441  21.394  -84.370  0.874 0.6999999881
2133  21.672  -85.652  -2.830 0.6999999881
2474  20.564  -84.945  -2.479 0.6999999881
8921  6.278  -73.168  5.304 0.6000000238
132803  7.225  -72.100  6.866 0.6000000238
10058  6.247  -70.325  6.268 0.6000000238
133516  5.902  -69.091  7.302 0.6999999881
5853  14.441  -77.059  7.662 0.8999999762
5227  13.348  -78.987  7.840 0.6999999881
5879  17.363  -77.225  4.639 0.6000000238
5892  18.405  -78.120  4.003 0.6000000238
5878  18.094  -77.638  4.739 0.6000000238
5280  19.114  -79.295  2.785 0.6999999881
137197  19.502  -80.281  1.710 0.6999999881
4758  19.306  -79.948  2.132 0.6999999881
5252  10.417  -78.951  4.881 0.6999999881
4730  9.314  -79.489  5.730 0.6999999881
4236  20.413  -81.020  1.873 0.8000000119
4234  19.875  -80.465  2.363 0.8000000119
5884  9.610  -77.727  4.225 0.6000000238
5265  9.121  -78.426  4.479 0.6000000238
4741  8.598  -79.273  5.359 0.6999999881
3759  20.712  -81.700  2.362 0.6999999881
5869  8.503  -78.489  4.811 0.5000000000
5255  7.612  -78.629  5.493 0.6999999881
3296  22.152  -82.830  0.411 0.8000000119
3285  21.553  -82.538  1.275 0.8000000119
5868  9.015  -78.102  4.425 0.5000000000
6482  8.958  -77.156  5.479 0.5000000000
2472  22.138  -84.282  -2.112 0.6999999881
7094  9.441  -76.390  6.303 0.5000000000
7672  10.601  -75.153  6.595 0.6000000238
7083  10.056  -75.764  6.965 0.5000000000
7084  8.950  -76.024  6.945 0.6000000238
7095  7.861  -76.301  6.333 0.6999999881
7675  6.109  -75.010  5.051 0.6999999881
7657  9.675  -75.174  7.611 0.5000000000
7658  8.716  -75.175  7.192 0.6000000238
7674  6.794  -75.736  5.658 0.6000000238
8920  7.062  -72.872  6.285 0.6000000238
7656  10.661  -75.103  7.465 0.6000000238
8297  7.964  -74.383  6.713 0.6000000238
8280  7.696  -73.458  6.736 0.6000000238
7645  10.509  -74.665  8.178 0.5000000000
119638  8.901  -74.588  7.562 0.5000000000
9458  7.862  -71.988  7.904 0.6000000238
10057  6.879  -70.455  7.420 0.6000000238
10719  6.977  -69.500  8.028 0.6999999881
12188  6.821  -66.926  8.223 0.6000000238
13025  6.362  -66.116  8.196 0.6999999881
8279  8.527  -73.653  7.586 0.6000000238
8900  8.437  -72.800  7.994 0.6000000238
9442  7.581  -71.048  8.161 0.6000000238
10040  7.513  -70.228  8.460 0.6999999881
119044  7.262  -66.926  8.417 0.5000000000
127128  13.670  -77.810  7.407 0.8999999762
125519  16.710  -76.957  5.952 0.6000000238
6478  16.202  -76.808  6.640 0.6999999881
5228  12.538  -79.447  7.165 0.8000000119
4699  12.496  -79.488  8.423 0.6999999881
4727  11.666  -79.781  6.693 0.6999999881
5240  12.260  -79.123  6.293 0.8000000119
133753  18.815  -78.667  3.394 0.6999999881
5251  11.201  -78.923  5.091 0.8000000119
4738  10.847  -79.392  5.542 0.6000000238
140778  10.008  -77.695  4.083 0.6999999881
6519  9.730  -76.608  4.093 0.6000000238
3770  21.773  -81.729  0.301 0.8000000119
3771  21.014  -81.116  0.371 0.8000000119
3295  22.431  -82.143  -0.587 0.8000000119
121119  9.599  -76.108  4.185 0.5000000000
2831  22.494  -83.181  -0.560 0.8000000119
120766  9.553  -76.486  5.251 0.5000000000
8310  10.222  -74.469  5.659 0.5000000000
141650  11.000  -74.465  6.540 0.6000000238
7686  10.111  -75.317  5.752 0.6000000238
7655  11.211  -74.680  7.231 0.6000000238
7644  11.112  -74.598  7.887 0.6000000238
13729  6.869  -64.924  8.246 0.5000000000
7646  9.523  -74.363  8.168 0.5000000000
13003  7.082  -66.197  8.256 0.5000000000
13741  6.604  -65.492  8.195 0.6000000238
8886  9.551  -73.203  9.253 0.6000000238
9441  8.210  -71.468  8.779 0.6999999881
10039  8.090  -70.182  9.224 0.6999999881
11434  7.216  -68.600  8.435 0.6999999881
8245  10.545  -73.558  9.498 0.6000000238
11433  7.842  -68.625  9.206 0.6000000238
9422  9.281  -72.063  10.286 0.6999999881
120427  8.420  -70.930  9.397 0.6000000238
10688  8.283  -69.442  9.740 0.5000000000
6479  15.348  -76.408  6.443 0.6999999881
6480  14.598  -76.577  6.898 0.6999999881
122870  13.890  -76.997  7.039 0.6999999881
5855  12.611  -78.143  6.051 0.8000000119
5866  12.231  -77.624  5.305 0.6999999881
5882  10.672  -77.647  4.257 0.6999999881
5250  11.921  -78.631  5.479 0.6999999881
16035  7.591  -62.834  8.729 0.5000000000
9477  11.271  -72.058  6.821 0.5000000000
8295  11.384  -74.001  6.910 0.6000000238
15201  6.783  -63.752  8.577 0.5000000000
119705  11.837  -72.581  7.745 0.5000000000
9457  11.095  -70.784  6.939 0.5000000000
130566  11.469  -74.163  7.829 0.6000000238
8263  10.180  -74.042  8.831 0.6000000238
12186  7.541  -67.766  8.733 0.5000000000
9456  11.764  -71.627  7.711 0.5000000000
8261  11.862  -73.389  8.454 0.6000000238
8244  11.410  -73.410  9.619 0.6000000238
8242  12.266  -72.927  9.205 0.6000000238
137300  14.674  -76.093  6.313 0.6999999881
6481  13.814  -76.431  6.440 0.6999999881
5865  12.924  -76.935  6.001 0.6999999881
142874  9.685  -71.950  10.953 0.5000000000
10038  11.630  -70.534  7.847 0.5000000000
10671  8.984  -69.856  10.478 0.5000000000
9439  12.506  -72.120  9.200 0.5000000000
8234  11.404  -73.049  10.249 0.5000000000
8846  10.077  -72.555  10.659 0.5000000000
9403  8.888  -71.159  10.045 0.5000000000
9991  10.093  -70.681  11.579 0.5000000000
11386  10.000  -69.080  11.293 0.5000000000
9400  12.573  -71.609  10.882 0.5000000000
9990  10.884  -70.700  12.179 0.5000000000
10004  9.458  -70.635  10.979 0.5000000000
9421  12.677  -71.660  9.914 0.5000000000
9401  11.863  -71.988  11.246 0.5000000000
8838  10.334  -72.129  11.257 0.5000000000
10037  12.176  -70.439  8.646 0.5000000000
8843  12.302  -72.240  10.491 0.5000000000
9389  12.261  -71.355  11.655 0.5000000000
17637  5.718  -60.831  10.465 0.6000000238
138303  5.049  -61.363  10.566 0.6000000238
17635  6.860  -60.544  9.993 0.5000000000
17625  5.813  -60.133  11.178 0.6999999881
16818  5.099  -60.908  11.021 0.6000000238
16819  4.700  -61.566  10.902 0.6000000238
15140  5.267  -62.580  11.634 0.6999999881
17616  6.266  -59.943  11.873 0.6000000238
17617  5.713  -60.646  11.548 0.6999999881
15974  5.064  -61.885  11.460 0.6999999881
129811  4.505  -62.556  11.107 0.6999999881
129027  6.111  -62.784  12.066 0.8000000119
18407  6.865  -58.401  11.731 0.5000000000
19194  6.564  -58.223  11.197 0.5000000000
15964  5.789  -61.847  12.133 0.8000000119
17601  6.016  -60.922  12.119 0.6000000238
14398  7.764  -64.923  12.293 0.6999999881
18406  7.727  -58.066  11.734 0.5000000000
19193  7.126  -57.677  11.216 0.5000000000
15123  6.860  -63.021  12.601 0.6999999881
15139  6.565  -63.742  11.915 0.6999999881
15963  6.484  -62.285  12.527 0.6999999881
17600  6.688  -60.465  12.378 0.6999999881
13664  8.134  -65.830  12.353 0.6999999881
14381  8.241  -64.154  12.998 0.6999999881
18390  7.553  -59.141  12.253 0.6000000238
16786  7.423  -61.106  12.812 0.8000000119
133793  10.691  -63.851  19.701 0.6999999881
14335  10.726  -65.050  18.869 0.8000000119
18403  10.584  -59.279  11.152 0.4000000060
13649  8.953  -65.979  12.821 0.6999999881
17614  9.546  -59.748  11.694 0.5000000000
14397  8.458  -65.191  12.663 0.6999999881
17615  8.553  -59.194  12.131 0.6000000238
17598  8.399  -60.120  12.831 0.6000000238
15951  7.157  -62.375  12.821 0.6999999881
17584  8.218  -60.967  13.050 0.8000000119
16785  8.096  -61.711  13.248 0.8000000119
19987  5.075  -56.996  16.905 0.5000000000
20873  5.171  -56.656  16.414 0.5000000000
19142  5.674  -57.368  17.131 0.5000000000
16731  10.466  -60.616  19.397 0.5000000000
16714  10.958  -61.520  20.067 0.6000000238
17531  9.606  -59.909  18.915 0.6000000238
18319  7.994  -59.000  18.746 0.6000000238
15873  10.336  -62.314  20.421 0.6999999881
16715  10.040  -61.277  20.228 0.6999999881
15057  10.567  -63.223  20.151 0.6999999881
15048  9.756  -63.075  20.286 0.6999999881
14373  10.263  -65.030  14.464 0.6999999881
14372  10.787  -65.334  15.140 0.6999999881
131724  11.145  -65.811  16.863 0.8000000119
17596  10.793  -60.863  11.847 0.5000000000
13648  9.447  -65.595  13.426 0.6999999881
17597  9.853  -60.618  11.962 0.6000000238
15120  9.081  -63.951  13.703 0.8000000119
15948  8.934  -61.657  13.547 0.6999999881
15112  9.259  -63.036  14.074 0.8000000119
15121  8.423  -63.148  13.501 0.8000000119
20887  4.900  -56.237  16.057 0.5000000000
124790  5.292  -55.914  15.595 0.5000000000
20886  5.631  -56.469  15.933 0.6000000238
19986  5.895  -57.123  16.603 0.6000000238
19141  6.455  -57.767  17.047 0.6000000238
19985  6.880  -57.764  16.473 0.6000000238
19124  7.217  -58.224  17.074 0.5000000000
17530  10.311  -59.967  18.617 0.5000000000
137656  9.870  -59.602  18.187 0.5000000000
16730  11.465  -61.067  19.334 0.6000000238
17515  8.924  -60.194  19.843 0.6999999881
18338  7.680  -58.475  17.709 0.6000000238
16713  11.995  -61.893  19.912 0.6000000238
15888  11.111  -62.814  20.229 0.6999999881
17499  9.211  -61.042  20.381 0.8000000119
18318  8.777  -59.511  18.730 0.6999999881
15887  11.866  -62.773  20.101 0.6999999881
15056  11.452  -63.553  19.850 0.6999999881
14324  12.076  -64.154  19.310 0.6999999881
14325  11.187  -64.385  19.366 0.8000000119
13623  11.425  -65.383  17.402 0.8000000119
13595  11.178  -65.421  18.178 0.8000000119
16799  10.208  -61.221  12.751 0.5000000000
130754  10.995  -61.926  14.536 0.6000000238
135481  10.538  -64.400  15.031 0.8000000119
14366  11.040  -64.451  15.813 0.8000000119
16784  9.522  -61.284  13.427 0.6000000238
16783  10.140  -61.451  13.787 0.6999999881
15111  9.941  -63.893  14.474 0.8000000119
16772  9.725  -61.747  14.088 0.6999999881
124485  10.078  -62.781  14.814 0.6999999881
15949  8.656  -62.385  13.611 0.8000000119
21773  4.784  -55.566  15.687 0.4000000060
20885  6.381  -56.474  15.491 0.4000000060
20002  6.356  -57.040  16.071 0.5000000000
19140  7.588  -58.221  16.783 0.5000000000
17529  11.060  -60.332  18.637 0.5000000000
18336  9.148  -59.310  17.928 0.6000000238
18356  7.966  -58.462  17.248 0.6000000238
18337  8.420  -58.848  17.901 0.6999999881
15886  12.671  -62.638  19.754 0.6000000238
14334  11.631  -64.780  18.738 0.8000000119
15925  11.051  -62.800  15.648 0.6999999881
15926  10.657  -62.902  15.415 0.6999999881
15110  10.543  -63.500  15.337 0.8000000119
14359  11.397  -64.189  16.336 0.8000000119
132890  10.024  -62.144  14.611 0.6999999881
133827  5.023  -55.053  15.249 0.4000000060
22715  4.420  -54.770  15.688 0.4000000060
128662  4.014  -54.240  16.051 0.4000000060
20902  5.873  -55.848  15.263 0.5000000000
21772  5.525  -55.400  15.082 0.4000000060
19139  8.434  -58.442  16.772 0.5000000000
19152  8.790  -58.090  15.919 0.5000000000
15055  12.393  -63.428  19.676 0.6000000238
14358  11.801  -64.524  17.016 0.8000000119
15936  11.394  -62.391  15.023 0.6000000238
15103  11.589  -63.338  16.064 0.6000000238
15102  12.470  -63.423  16.264 0.6999999881
15081  12.428  -64.327  17.588 0.6999999881
15104  11.048  -63.455  15.910 0.6999999881
24646  4.016  -52.655  17.001 0.3000000119
132474  5.976  -55.173  14.418 0.4000000060
22728  5.520  -54.872  14.758 0.3000000119
22714  4.989  -54.440  15.194 0.4000000060
23731  4.495  -53.978  15.635 0.4000000060
23715  4.135  -53.522  16.322 0.5000000000
20901  6.578  -55.846  14.780 0.4000000060
24672  4.690  -52.601  16.294 0.3000000119
20001  7.120  -57.303  15.608 0.4000000060
19138  9.396  -58.530  16.442 0.6000000238
20884  7.038  -56.494  15.058 0.4000000060
19151  9.765  -58.237  15.536 0.4000000060
20000  8.206  -57.617  15.327 0.5000000000
14333  12.497  -64.311  18.528 0.6999999881
15093  12.073  -63.816  16.724 0.6999999881
130348  4.818  -53.190  15.695 0.4000000060
25681  5.230  -51.798  16.167 0.3000000119
21790  6.174  -55.437  14.498 0.3000000119
20015  7.766  -56.994  14.803 0.4000000060
19999  9.227  -57.820  14.997 0.4000000060
23746  5.544  -54.201  14.674 0.3000000119
23730  5.099  -53.676  15.175 0.3000000119
24686  5.436  -52.800  15.219 0.3000000119
24687  5.180  -52.460  15.752 0.3000000119
22727  6.180  -54.681  14.051 0.3000000119
21789  6.862  -55.521  13.874 0.3000000119
129727  8.270  -56.802  14.101 0.3000000119
20900  7.459  -56.196  14.255 0.3000000119
20014  8.710  -57.287  14.510 0.3000000119
131200  5.613  -53.501  14.749 0.3000000119
25696  5.594  -51.879  15.585 0.3000000119
25713  5.884  -52.009  15.202 0.3000000119
20915  7.368  -55.967  13.084 0.3000000119
20914  8.292  -56.317  13.527 0.3000000119
25660  4.558  -51.771  16.846 0.3000000119
23745  6.134  -53.872  14.168 0.3000000119
143204  7.510  -55.530  12.524 0.3000000119
5856  7.866  -78.197  5.312 0.6000000238
6484  7.394  -77.544  5.631 0.6999999881
6498  6.326  -76.987  5.753 0.6999999881
7107  6.114  -75.873  5.349 0.6999999881
19153  7.792  -57.940  16.184 0.4000000060
126719  16.622  -80.841  5.319 0.6999999881
142140  14.957  -81.236  9.459 0.6999999881
4227  19.604  -80.509  4.828 0.8000000119
124697  20.171  -84.898  -0.551 0.6000000238
2451  20.971  -84.765  0.098 0.6999999881
5862  18.498  -77.837  5.497 0.6000000238
4712  12.813  -79.598  8.022 0.6999999881
3766  21.044  -81.596  1.318 0.8000000119
2460  21.527  -84.484  -0.971 0.6999999881
2459  22.100  -84.039  -0.753 0.8000000119
11453  6.435  -68.706  7.876 0.6999999881
126345  8.400  -76.904  6.102 0.5000000000
123459  6.891  -74.751  5.643 0.6000000238
13742  6.044  -65.599  8.189 0.6000000238
9423  8.729  -71.754  9.515 0.6999999881
5241  11.483  -79.374  5.846 0.8000000119
7118  9.531  -75.423  4.188 0.5000000000
7687  9.601  -74.876  4.721 0.6000000238
8262  11.257  -74.022  8.723 0.6000000238
14380  9.638  -64.851  13.858 0.8000000119
125838  21.093  -90.837  5.056 0.4000000060
687  21.305  -90.142  5.674 0.4000000060
704  21.543  -89.760  3.107 0.3000000119
700  20.534  -90.890  4.332 0.4000000060
473  20.458  -91.101  5.102 0.4000000060
123222  20.664  -90.961  5.883 0.4000000060
1113  24.281  -87.772  2.611 0.4000000060
1114  23.860  -88.600  3.068 0.5000000000
139757  23.850  -88.930  3.590 0.5000000000
1120  23.295  -88.045  1.865 0.3000000119
134442  23.005  -88.669  2.482 0.4000000060
894  22.771  -89.460  3.753 0.4000000060
1121  22.479  -88.560  1.723 0.3000000119
698  21.956  -89.787  3.639 0.3000000119
692  21.922  -89.965  4.043 0.3000000119
904  21.811  -88.922  1.867 0.3000000119
1389  24.090  -87.299  1.551 0.4000000060
1388  24.834  -87.072  2.334 0.5000000000
1393  24.061  -86.770  0.588 0.3000000119
1125  22.615  -88.148  0.951 0.3000000119
1126  21.195  -88.585  0.678 0.4000000060
141059  22.244  -88.179  0.633 0.3000000119
1399  21.115  -87.270  -0.849 0.4000000060
1132  21.282  -88.021  0.114 0.4000000060
1133  20.361  -87.763  -0.622 0.4000000060
1742  24.925  -86.055  0.562 0.4000000060
1747  23.587  -86.381  -0.059 0.4000000060
1746  24.263  -85.978  -0.023 0.4000000060
2469  25.522  -84.420  -1.086 0.5000000000
1397  23.145  -87.086  0.243 0.4000000060
2119  23.551  -85.681  -0.787 0.4000000060
129584  21.767  -87.445  -0.213 0.5000000000
1753  22.370  -86.012  -2.046 0.4000000060
1754  21.174  -86.760  -1.978 0.4000000060
2125  19.058  -85.551  -2.575 0.6000000238
125908  19.627  -86.581  -2.866 0.4000000060
2845  25.646  -83.666  -1.902 0.6000000238
2848  24.633  -83.687  -2.264 0.6000000238
2131  23.109  -85.118  -2.255 0.6000000238
2480  23.776  -84.205  -2.318 0.6000000238
2481  23.023  -84.806  -2.444 0.6000000238
2850  22.777  -84.296  -2.399 0.6999999881
1758  21.950  -85.936  -2.651 0.5000000000
2132  22.470  -85.425  -2.484 0.6000000238
126425  24.159  -82.301  -2.542 0.6999999881
122575  23.294  -82.195  -2.193 0.6999999881
126619  24.695  -83.031  -2.542 0.6000000238
128936  23.665  -83.057  -2.424 0.6999999881
3778  22.550  -81.546  -1.496 0.6999999881
4239  20.306  -80.898  0.785 0.6999999881
120530  23.068  -83.267  -2.274 0.6999999881
136586  22.728  -82.604  -1.523 0.6999999881
2840  22.504  -83.524  -1.668 0.6999999881
4256  22.688  -80.519  -1.857 0.5000000000
4249  21.921  -80.381  -1.408 0.6000000238
121780  22.892  -81.614  -1.898 0.6999999881
3779  21.802  -81.198  -0.798 0.6000000238
3780  21.183  -80.934  -0.316 0.6999999881
136565  20.085  -80.190  -0.738 0.6999999881
3305  22.952  -82.334  -1.984 0.6999999881
4246  20.211  -80.618  -0.275 0.6999999881
4237  19.769  -80.542  1.326 0.6000000238
4245  20.885  -80.411  -0.815 0.6000000238
4251  20.498  -80.054  -0.992 0.6000000238
4240  19.484  -80.416  0.320 0.6000000238
4771  19.717  -79.784  -0.846 0.6000000238
5893  17.433  -77.544  3.692 0.5000000000
3207  14.294  -82.088  9.178 0.6000000238
3219  14.462  -82.170  8.327 0.6000000238
4761  18.994  -80.076  1.029 0.6000000238
4759  18.493  -79.594  1.674 0.6000000238
5281  18.257  -78.903  2.359 0.5000000000
5273  17.911  -78.204  2.963 0.5000000000
3683  13.465  -81.439  10.480 0.6000000238
3682  14.206  -81.128  10.192 0.6000000238
3208  13.933  -81.866  9.863 0.6000000238
4764  18.737  -79.911  0.118 0.6000000238
5288  17.549  -79.185  1.295 0.5000000000
5186  12.560  -78.459  10.928 0.6000000238
4674  12.962  -79.231  10.374 0.6000000238
132688  12.831  -79.252  11.064 0.6000000238
4169  13.008  -80.796  11.037 0.6000000238
4168  13.639  -80.597  10.618 0.6000000238
136315  13.047  -79.412  9.394 0.6000000238
134335  13.261  -79.695  10.719 0.6000000238
6492  15.948  -76.412  5.598 0.6000000238
4762  18.001  -79.524  0.578 0.6000000238
5198  12.415  -78.385  10.238 0.6000000238
5215  10.041  -78.973  8.191 0.6000000238
4687  12.514  -79.108  9.382 0.6000000238
4701  10.832  -79.630  7.819 0.6000000238
4700  11.597  -79.637  7.940 0.6000000238
4729  10.271  -79.779  6.328 0.5000000000
4713  12.018  -79.723  7.491 0.6000000238
4728  10.993  -79.825  6.134 0.5000000000
5780  12.196  -77.981  11.217 0.6999999881
5790  12.170  -77.707  10.833 0.6000000238
120285  11.205  -77.900  9.392 0.6000000238
5229  9.344  -79.248  7.453 0.6000000238
4716  9.305  -79.534  6.594 0.6000000238
6439  7.301  -76.367  9.274 0.6000000238
5791  11.056  -77.091  9.871 0.6000000238
5200  10.498  -78.072  8.961 0.6000000238
5216  8.947  -78.633  7.948 0.5000000000
5823  9.634  -77.945  8.691 0.6000000238
5825  7.482  -77.742  8.135 0.6000000238
6453  7.261  -77.031  8.602 0.6000000238
6454  6.646  -76.683  8.236 0.6000000238
6437  10.233  -76.732  9.954 0.6000000238
5242  7.606  -79.220  6.052 0.6000000238
5824  8.577  -77.859  8.470 0.6000000238
5842  7.853  -78.432  7.560 0.5000000000
5843  6.737  -78.239  7.203 0.6000000238
5826  6.587  -77.514  7.723 0.5000000000
121028  6.033  -76.606  7.299 0.5000000000
5870  6.879  -77.916  5.698 0.6000000238
5857  6.014  -77.809  6.165 0.6000000238
5844  6.011  -77.905  6.877 0.6000000238
7085  5.669  -76.252  6.253 0.6000000238
7098  5.609  -75.301  5.671 0.6999999881
7659  5.637  -74.940  6.934 0.6999999881
8282  5.174  -73.470  6.127 0.6999999881
8922  4.830  -72.618  5.611 0.6999999881
6485  5.930  -77.089  5.910 0.6000000238
7097  5.907  -76.077  5.511 0.6999999881
8312  5.738  -73.475  5.030 0.6999999881
7676  5.605  -74.464  5.372 0.6999999881
8300  5.499  -73.537  5.261 0.6999999881
8936  5.155  -72.027  5.051 0.6000000238
8299  6.214  -74.131  5.061 0.6000000238
5894  16.310  -77.278  3.088 0.5000000000
6516  15.200  -76.241  3.367 0.5000000000
6515  15.923  -76.722  3.487 0.5000000000
6506  16.038  -76.381  4.365 0.6000000238
7129  14.101  -74.649  2.398 0.6000000238
6517  14.569  -76.003  2.671 0.6000000238
6507  15.388  -75.796  4.735 0.6000000238
7104  14.704  -75.351  5.094 0.6000000238
7122  13.863  -74.498  2.840 0.5000000000
7115  13.681  -74.410  4.004 0.6000000238
6494  14.338  -75.676  5.879 0.6000000238
7711  12.362  -73.701  3.775 0.6000000238
7698  12.714  -74.406  4.390 0.5000000000
7106  13.245  -75.433  5.375 0.6000000238
6495  13.440  -75.910  5.847 0.6000000238
138840  11.426  -73.672  3.615 0.5000000000
7116  12.670  -75.291  4.962 0.6000000238
6518  10.090  -76.007  3.821 0.5000000000
7124  9.964  -75.058  3.647 0.5000000000
5881  11.703  -77.097  4.677 0.6000000238
6508  11.968  -76.010  4.756 0.6000000238
1759  21.264  -86.302  -2.846 0.6000000238
136966  22.146  -85.032  -2.659 0.6999999881
5864  16.735  -76.861  5.059 0.5000000000
5231  7.173  -78.876  6.550 0.6000000238
7108  5.880  -75.200  5.121 0.6999999881
6496  12.585  -76.299  5.340 0.6000000238
6509  10.973  -76.366  4.119 0.6000000238
699  21.226  -90.468  3.738 0.3000000119
703  22.333  -89.400  3.152 0.3000000119
899  23.211  -89.099  3.258 0.4000000060
1122  21.923  -88.568  1.023 0.3000000119
1390  23.275  -87.566  0.835 0.4000000060
1398  22.443  -87.277  -0.037 0.4000000060
142085  25.022  -84.990  -0.673 0.4000000060
2123  24.414  -84.762  -1.363 0.5000000000
2470  24.574  -84.229  -1.877 0.6000000238
1748  22.792  -86.251  -0.698 0.5000000000
1749  21.850  -86.641  -1.042 0.5000000000
2849  23.332  -83.937  -2.453 0.6000000238
3782  22.512  -80.965  -1.669 0.6999999881
8923  4.399  -71.740  5.723 0.6000000238
7121  14.224  -75.018  3.321 0.6000000238
131994  12.912  -72.865  2.644 0.5000000000
7113  14.769  -75.418  3.970 0.6000000238
7114  14.209  -74.900  4.522 0.6000000238
7710  13.215  -73.927  3.415 0.5000000000
8348  11.939  -72.560  3.201 0.5000000000
7699  11.627  -74.316  4.088 0.5000000000
7123  10.725  -75.236  3.843 0.5000000000
971  20.327  -88.152  21.677 0.4000000060
970  21.206  -87.940  21.797 0.4000000060
965  21.133  -88.869  21.949 0.5000000000
770  17.694  -88.938  21.741 0.5000000000
136403  17.201  -89.764  22.145 0.5000000000
330  16.618  -92.064  22.637 0.5000000000
769  18.398  -89.051  21.668 0.5000000000
973  18.103  -88.285  21.491 0.5000000000
1214  21.927  -87.719  22.047 0.4000000060
963  22.863  -88.133  22.209 0.4000000060
754  23.101  -89.186  22.091 0.5000000000
668  22.875  -90.640  8.837 0.3000000119
662  23.390  -90.448  9.479 0.3000000119
669  21.749  -90.800  8.541 0.3000000119
673  21.247  -90.846  7.672 0.3000000119
1222  17.783  -87.691  21.662 0.4000000060
966  17.247  -88.842  22.055 0.5000000000
759  16.509  -90.209  22.709 0.5000000000
1558  18.913  -86.581  21.733 0.4000000060
1220  19.683  -87.293  21.561 0.4000000060
1543  21.794  -87.080  22.427 0.3000000119
121321  20.995  -86.522  22.336 0.3000000119
121690  24.557  -89.313  21.913 0.4000000060
1208  23.438  -87.820  22.730 0.3000000119
962  24.010  -88.696  22.373 0.4000000060
139768  23.881  -89.344  22.100 0.5000000000
954  24.629  -88.198  23.028 0.3000000119
667  23.670  -90.234  9.249 0.3000000119
672  22.121  -90.594  8.314 0.3000000119
679  21.594  -90.258  7.397 0.3000000119
468  20.372  -91.188  6.944 0.3000000119
1534  17.881  -86.669  22.564 0.3000000119
955  17.344  -87.985  23.049 0.4000000060
1919  19.112  -85.686  22.796 0.3000000119
124483  23.333  -87.419  23.631 0.3000000119
752  25.573  -88.812  22.010 0.4000000060
765  24.990  -89.424  21.315 0.4000000060
961  25.149  -88.649  22.517 0.4000000060
948  24.860  -87.966  24.113 0.3000000119
1060  24.186  -89.353  9.244 0.4000000060
860  24.370  -89.733  9.508 0.4000000060
853  24.810  -89.480  9.895 0.4000000060
844  25.609  -89.219  10.802 0.4000000060
1038  26.245  -88.978  11.525 0.4000000060
1029  26.481  -88.823  12.112 0.5000000000
867  22.711  -89.315  8.268 0.3000000119
862  22.939  -90.293  8.704 0.3000000119
868  22.149  -89.802  7.758 0.3000000119
680  21.116  -90.531  6.641 0.3000000119
686  21.658  -90.056  4.618 0.3000000119
1909  18.770  -85.803  23.382 0.3000000119
122222  26.131  -87.820  23.183 0.3000000119
959  25.927  -88.554  21.749 0.3000000119
141085  25.859  -88.769  20.529 0.4000000060
981  25.885  -88.809  19.951 0.4000000060
1201  25.232  -87.798  24.910 0.3000000119
122096  25.888  -88.040  23.364 0.3000000119
947  25.634  -87.848  24.112 0.3000000119
953  25.461  -88.172  23.319 0.3000000119
1275  26.755  -88.358  15.440 0.5000000000
137405  26.497  -88.647  16.813 0.5000000000
123891  23.452  -86.875  9.900 0.3000000119
1326  23.859  -87.652  9.626 0.3000000119
1334  23.438  -87.734  8.947 0.3000000119
1325  24.696  -88.419  9.964 0.3000000119
1052  24.822  -89.237  9.792 0.4000000060
137162  26.118  -88.001  12.812 0.5000000000
1291  26.705  -88.403  13.719 0.5000000000
1047  25.322  -88.921  10.335 0.4000000060
1316  25.679  -88.833  10.900 0.4000000060
1030  26.295  -88.548  12.109 0.5000000000
1298  26.559  -88.481  12.845 0.5000000000
873  21.738  -89.521  6.486 0.3000000119
879  22.171  -89.370  5.229 0.3000000119
885  22.943  -89.356  4.305 0.4000000060
1218  26.035  -87.723  21.602 0.3000000119
126502  25.642  -87.738  19.969 0.4000000060
1193  24.818  -87.722  25.680 0.3000000119
1207  25.976  -87.670  24.003 0.3000000119
1233  25.898  -88.656  19.790 0.4000000060
1200  25.816  -87.615  24.780 0.3000000119
988  26.276  -88.731  18.438 0.4000000060
797  26.483  -88.835  17.692 0.5000000000
1268  25.188  -87.424  16.499 0.4000000060
1267  26.020  -88.006  16.685 0.5000000000
2022  22.406  -85.673  10.018 0.3000000119
1276  26.481  -87.816  15.276 0.5000000000
1266  26.513  -88.218  15.975 0.5000000000
1624  25.673  -87.146  14.438 0.4000000060
1615  25.780  -87.166  15.068 0.5000000000
140856  22.842  -86.343  8.920 0.3000000119
125545  24.237  -87.574  10.287 0.4000000060
1651  24.441  -87.398  11.075 0.4000000060
1292  25.869  -87.506  13.606 0.5000000000
1288  26.325  -87.607  14.762 0.5000000000
1342  22.968  -87.740  8.236 0.3000000119
1317  25.076  -88.248  10.706 0.4000000060
1299  25.599  -87.888  12.103 0.5000000000
1070  22.664  -88.352  7.793 0.3000000119
136605  22.556  -88.073  6.784 0.4000000060
1076  22.994  -88.199  5.577 0.3000000119
1086  22.577  -88.768  5.611 0.4000000060
1085  23.783  -88.601  4.737 0.4000000060
2825  16.464  -83.211  1.158 0.5000000000
893  23.804  -89.071  3.952 0.3000000119
138033  26.227  -86.595  26.461 0.3000000119
1199  26.164  -87.273  24.640 0.3000000119
1228  24.693  -87.288  20.047 0.3000000119
1184  25.888  -87.341  26.149 0.3000000119
1235  25.166  -87.883  19.263 0.3000000119
1256  25.486  -87.965  17.312 0.5000000000
134796  24.395  -86.914  16.505 0.4000000060
1257  24.493  -87.485  17.076 0.3000000119
2023  21.815  -85.187  9.814 0.3000000119
1616  24.992  -86.623  15.369 0.5000000000
1653  22.958  -86.248  10.298 0.3000000119
141424  25.106  -86.652  14.464 0.4000000060
120787  25.110  -86.586  14.858 0.4000000060
1652  23.630  -86.886  10.687 0.4000000060
1641  23.726  -86.782  11.640 0.4000000060
132455  24.518  -86.743  13.082 0.4000000060
1670  23.080  -87.122  8.500 0.3000000119
1677  22.807  -87.035  7.795 0.3000000119
1640  24.642  -87.201  12.098 0.4000000060
1630  25.327  -87.317  12.917 0.5000000000
1350  22.859  -87.588  6.126 0.3000000119
1357  23.789  -87.868  5.045 0.4000000060
1084  24.259  -88.226  4.611 0.4000000060
2818  16.919  -83.016  2.114 0.5000000000
126570  24.332  -88.403  4.408 0.4000000060
1095  24.666  -88.006  4.361 0.5000000000
2833  16.922  -83.889  0.512 0.5000000000
1881  26.081  -86.246  25.916 0.3000000119
3684  12.596  -81.657  10.694 0.5000000000
1604  23.989  -86.222  16.221 0.3000000119
1595  23.555  -86.859  16.960 0.3000000119
3199  13.057  -82.314  10.009 0.5000000000
3685  11.660  -81.661  10.719 0.6000000238
2400  21.265  -84.589  9.660 0.3000000119
133567  21.862  -85.360  10.428 0.3000000119
127321  21.722  -85.087  9.000 0.3000000119
2013  22.319  -85.788  10.788 0.3000000119
126779  22.183  -85.869  11.791 0.3000000119
1992  24.401  -86.037  15.146 0.4000000060
1974  24.206  -86.043  15.648 0.4000000060
3719  14.902  -81.797  7.585 0.5000000000
5179  10.059  -78.469  12.181 0.5000000000
1631  23.789  -86.582  12.575 0.3000000119
126628  23.903  -86.341  13.303 0.3000000119
1997  23.714  -85.887  13.984 0.3000000119
3728  15.344  -81.288  6.800 0.5000000000
1678  22.579  -86.500  7.492 0.3000000119
1687  22.725  -87.022  6.814 0.3000000119
3740  15.924  -81.024  4.927 0.5000000000
1699  23.201  -87.167  5.622 0.3000000119
3270  16.568  -82.083  3.452 0.5000000000
1712  23.521  -86.608  4.656 0.4000000060
3278  17.027  -82.668  2.915 0.6000000238
140344  24.121  -86.995  4.496 0.4000000060
1711  24.828  -87.605  4.208 0.5000000000
2817  17.658  -83.171  2.775 0.5000000000
1710  24.877  -87.461  4.100 0.4000000060
1094  25.066  -87.939  4.127 0.3000000119
883  24.364  -88.479  4.271 0.4000000060
2445  17.762  -84.113  1.370 0.6000000238
2434  25.830  -84.522  2.461 0.3000000119
2085  25.797  -85.028  2.382 0.4000000060
1381  25.061  -87.079  3.203 0.4000000060
126374  24.641  -88.130  3.544 0.3000000119
2454  17.825  -84.625  0.383 0.6000000238
2455  16.950  -84.458  -0.325 0.5000000000
2820  26.086  -84.251  1.784 0.3000000119
2103  26.008  -85.016  1.695 0.5000000000
133766  25.700  -85.469  1.682 0.4000000060
1736  24.858  -86.568  1.317 0.4000000060
2463  17.357  -84.977  -0.695 0.6000000238
2821  26.019  -83.586  1.035 0.3000000119
123323  26.277  -84.181  0.948 0.5000000000
123420  26.160  -84.795  1.049 0.4000000060
1741  25.462  -85.803  1.195 0.4000000060
2830  26.456  -83.663  0.084 0.4000000060
2449  26.315  -84.346  0.470 0.5000000000
131750  25.596  -85.416  0.524 0.4000000060
2117  25.695  -84.963  -0.175 0.5000000000
3669  12.173  -80.949  11.191 0.6000000238
4170  11.111  -80.868  11.069 0.6000000238
2746  20.948  -83.755  9.473 0.3000000119
2389  21.297  -84.881  10.397 0.3000000119
2014  21.450  -85.292  11.254 0.3000000119
4661  11.558  -79.075  11.589 0.6000000238
5178  10.947  -78.257  11.919 0.6000000238
126538  21.138  -84.396  8.998 0.3000000119
2002  22.269  -85.878  12.810 0.3000000119
142081  10.613  -77.712  12.395 0.6000000238
2766  20.835  -83.621  7.020 0.3000000119
1632  22.964  -86.296  12.223 0.3000000119
2001  23.152  -86.175  13.126 0.3000000119
5755  10.161  -76.708  13.239 0.6000000238
1688  22.562  -86.519  6.512 0.3000000119
6415  8.954  -75.985  12.253 0.6000000238
138400  9.449  -76.713  13.646 0.6000000238
6400  8.356  -76.246  13.079 0.6000000238
6401  7.571  -76.339  12.970 0.5000000000
122795  24.869  -86.743  3.797 0.4000000060
2086  25.278  -85.790  3.045 0.4000000060
3293  26.703  -83.019  -0.645 0.4000000060
120321  26.503  -83.767  -0.425 0.5000000000
3206  21.092  -82.740  9.561 0.3000000119
3197  20.970  -83.189  10.294 0.3000000119
2739  20.924  -84.126  10.299 0.3000000119
2390  20.848  -84.489  11.095 0.3000000119
2003  21.426  -85.435  12.405 0.3000000119
1999  21.732  -85.338  13.368 0.3000000119
4660  12.475  -79.543  11.327 0.5000000000
2752  20.846  -83.842  8.599 0.3000000119
2753  20.751  -83.802  7.819 0.3000000119
5781  11.614  -77.336  11.444 0.5000000000
5168  11.192  -77.415  12.053 0.6000000238
3218  20.839  -83.051  7.568 0.3000000119
1998  22.700  -85.603  13.668 0.3000000119
6397  11.143  -76.737  12.183 0.6000000238
2765  21.032  -82.941  6.912 0.3000000119
7014  10.322  -75.955  12.468 0.6000000238
2075  24.613  -85.676  3.802 0.3000000119
2076  23.597  -85.706  4.173 0.3000000119
6416  7.839  -76.080  12.308 0.6000000238
7030  6.751  -74.949  11.581 0.6000000238
136608  10.667  -76.110  11.451 0.6000000238
6427  9.971  -76.212  10.820 0.5000000000
6428  8.841  -76.329  10.488 0.6000000238
120325  9.174  -76.061  11.356 0.6000000238
139937  8.050  -76.014  11.245 0.6000000238
7029  7.269  -75.700  11.901 0.6000000238
7631  6.492  -74.114  11.059 0.6000000238
7043  7.305  -75.507  11.241 0.6000000238
123823  6.502  -73.620  10.246 0.5000000000
6426  10.867  -76.500  10.671 0.5000000000
118305  9.430  -76.605  10.003 0.5000000000
118109  7.959  -76.333  10.025 0.5000000000
7044  7.070  -75.000  10.621 0.6000000238
9443  4.927  -71.640  8.781 0.5000000000
9481  4.102  -71.119  5.798 0.6000000238
9461  4.513  -71.510  7.864 0.6000000238
9444  4.164  -71.334  8.293 0.5000000000
9462  3.783  -71.122  6.855 0.6000000238
9445  3.332  -71.127  7.838 0.6000000238
6438  8.583  -76.737  9.644 0.5000000000
7058  6.802  -74.947  9.392 0.5000000000
7636  6.587  -73.820  9.288 0.5000000000
132260  6.759  -74.231  10.210 0.6000000238
8281  5.553  -73.731  7.285 0.6000000238
8265  6.180  -72.903  8.694 0.5000000000
8866  6.013  -72.426  9.415 0.5000000000
8266  5.398  -72.629  7.746 0.6000000238
8935  5.670  -72.543  5.066 0.6000000238
8903  4.418  -71.870  6.701 0.6000000238
10059  3.364  -70.135  6.794 0.5000000000
11355  7.602  -68.636  14.763 0.5000000000
5806  8.177  -77.201  8.910 0.5000000000
6440  6.999  -75.834  9.381 0.5000000000
7647  6.360  -74.832  8.259 0.6000000238
11320  6.962  -68.227  16.153 0.5000000000
12875  6.527  -67.012  16.556 0.6000000238
11339  7.850  -68.465  15.298 0.6000000238
11354  8.337  -68.306  14.757 0.6000000238
11340  7.077  -68.624  15.577 0.5000000000
12098  7.383  -67.774  13.371 0.5000000000
12099  6.448  -67.440  12.994 0.5000000000
11436  2.349  -68.487  8.411 0.5000000000
10722  2.355  -69.863  7.363 0.5000000000
13607  10.817  -65.885  17.530 0.6000000238
13596  10.273  -65.693  18.208 0.6999999881
130597  10.232  -66.188  17.531 0.6000000238
13608  9.637  -65.989  17.681 0.6999999881
13610  8.100  -65.171  17.313 0.6000000238
13626  7.608  -65.783  16.907 0.6000000238
12059  9.838  -66.940  16.305 0.6000000238
12859  9.159  -66.110  17.220 0.6000000238
12857  10.567  -66.351  16.761 0.6000000238
12889  10.023  -67.151  15.423 0.6000000238
12060  8.971  -67.218  16.150 0.6000000238
118781  8.103  -66.749  16.503 0.5000000000
12874  7.082  -66.454  16.589 0.6000000238
12081  10.345  -66.687  14.981 0.6000000238
138120  9.493  -67.342  15.700 0.6000000238
128331  8.257  -67.647  15.989 0.5000000000
12061  7.303  -67.495  16.315 0.6000000238
12090  9.840  -67.158  14.699 0.6000000238
134269  8.970  -67.679  15.544 0.6000000238
12901  8.906  -67.040  13.177 0.6000000238
143188  9.372  -67.527  14.535 0.6000000238
120833  8.265  -67.644  13.435 0.6000000238
12114  7.166  -67.067  12.685 0.5000000000
119216  5.613  -67.186  12.762 0.5000000000
12919  5.251  -66.476  12.349 0.5000000000
137753  4.599  -66.456  12.278 0.5000000000
12921  3.599  -66.433  11.788 0.5000000000
13609  8.882  -65.516  17.503 0.6000000238
14347  8.546  -64.774  17.830 0.6999999881
12900  9.510  -66.377  13.537 0.5000000000
12916  8.391  -66.530  12.626 0.6000000238
12917  7.586  -66.467  12.352 0.6000000238
12918  6.396  -66.431  12.238 0.5000000000
119955  5.573  -65.813  11.918 0.5000000000
13684  5.043  -65.097  11.695 0.6000000238
13685  4.009  -65.173  11.925 0.6000000238
136105  13.661  -63.337  18.991 0.4000000060
125027  9.202  -63.540  19.735 0.6999999881
119338  8.310  -62.671  20.153 0.5000000000
15060  7.929  -62.920  19.463 0.5000000000
15079  13.651  -63.834  17.911 0.6000000238
128272  13.298  -63.795  18.524 0.5000000000
15059  8.487  -63.243  19.565 0.6000000238
15070  7.905  -63.376  18.690 0.5000000000
15101  13.504  -63.528  16.450 0.5000000000
15058  9.984  -63.716  19.771 0.6000000238
15069  8.683  -63.814  18.960 0.8000000119
14336  9.824  -64.975  18.833 0.6999999881
14337  8.997  -64.484  18.497 0.8000000119
14348  7.777  -64.378  17.583 0.6999999881
13665  7.210  -65.628  11.992 0.6000000238
13666  6.163  -65.221  11.695 0.6000000238
15876  8.072  -62.086  20.519 0.5000000000
15054  13.070  -63.232  19.447 0.5000000000
15874  9.460  -62.501  20.467 0.6999999881
15890  7.528  -62.408  19.973 0.5000000000
15100  14.408  -63.456  16.819 0.4000000060
15090  14.395  -63.469  17.824 0.4000000060
15923  13.207  -63.167  15.503 0.4000000060
15935  12.472  -62.642  14.738 0.5000000000
15947  11.888  -62.134  13.980 0.4000000060
16699  8.620  -61.621  20.582 0.5000000000
16716  7.440  -61.798  20.488 0.5000000000
15885  13.443  -62.665  19.383 0.3000000119
16712  12.969  -61.941  19.493 0.3000000119
15875  8.806  -62.299  20.515 0.6000000238
15934  13.549  -62.777  14.532 0.4000000060
15946  12.975  -62.454  13.804 0.4000000060
16782  10.948  -61.616  13.656 0.4000000060
16698  9.418  -61.850  20.540 0.6000000238
16781  11.790  -61.771  13.144 0.4000000060
17500  8.421  -60.876  20.535 0.5000000000
16700  7.856  -61.424  20.638 0.5000000000
16746  14.186  -61.502  18.470 0.3000000119
17527  13.071  -61.237  18.708 0.3000000119
16729  12.326  -61.379  19.262 0.3000000119
17528  11.998  -60.725  18.637 0.4000000060
17595  11.830  -60.945  11.881 0.3000000119
16798  11.315  -61.378  12.589 0.4000000060
17612  11.354  -60.081  11.383 0.4000000060
17516  8.081  -60.185  20.309 0.4000000060
17547  11.571  -60.054  18.017 0.4000000060
17544  14.551  -60.814  17.915 0.3000000119
17545  13.524  -60.649  17.977 0.3000000119
18307  8.324  -59.653  19.575 0.5000000000
17548  10.637  -59.682  17.980 0.4000000060
18354  9.204  -58.873  17.215 0.5000000000
18335  10.655  -59.238  17.264 0.4000000060
119573  9.864  -59.276  17.590 0.4000000060
124476  10.905  -57.938  14.630 0.3000000119
19998  10.207  -57.965  14.652 0.3000000119
19150  10.657  -58.230  15.255 0.3000000119
20013  9.724  -57.441  14.180 0.3000000119
122496  4.181  -55.303  16.044 0.4000000060
20012  10.648  -57.455  14.152 0.3000000119
1994  23.216  -85.138  14.481 0.3000000119
126443  24.358  -86.647  4.123 0.4000000060
18353  9.998  -58.919  16.900 0.3000000119
15153  5.686  -63.568  11.628 0.6000000238
23716  3.684  -54.114  16.628 0.4000000060
15924  11.912  -62.927  15.599 0.5000000000
1382  24.887  -87.571  3.238 0.3000000119
1735  25.328  -86.237  2.110 0.4000000060
7057  7.473  -75.816  10.331 0.5000000000
1557  20.413  -86.787  21.812 0.4000000060
972  19.175  -88.376  21.570 0.5000000000
532  16.309  -91.218  22.841 0.5000000000
753  23.636  -90.020  22.006 0.5000000000
661  24.382  -89.912  9.768 0.4000000060
134315  19.711  -86.481  21.795 0.4000000060
861  23.690  -89.815  8.943 0.4000000060
660  25.073  -89.513  10.307 0.4000000060
650  25.480  -89.534  10.900 0.4000000060
1202  23.983  -87.702  24.410 0.3000000119
134487  25.690  -88.349  22.739 0.3000000119
764  25.733  -89.024  21.240 0.4000000060
775  25.877  -89.247  20.711 0.4000000060
1061  23.386  -88.697  8.690 0.3000000119
1217  26.033  -88.306  21.376 0.4000000060
982  26.165  -88.830  19.194 0.4000000060
133063  26.409  -87.807  14.136 0.5000000000
3271  15.494  -81.867  3.295 0.5000000000
1077  22.276  -88.774  6.964 0.4000000060
1529  26.165  -87.151  23.750 0.3000000119
1234  25.895  -88.505  19.216 0.4000000060
997  26.244  -88.535  17.553 0.5000000000
1602  25.747  -87.432  15.774 0.5000000000
1642  22.953  -86.327  11.228 0.3000000119
1671  22.784  -86.536  8.368 0.3000000119
130049  22.657  -87.599  7.272 0.3000000119
2824  17.166  -83.559  1.471 0.6000000238
1258  23.790  -87.612  17.695 0.3000000119
1243  25.620  -88.197  18.330 0.4000000060
134137  24.552  -86.226  14.483 0.3000000119
3261  17.100  -81.801  4.149 0.5000000000
1698  23.915  -87.492  4.841 0.4000000060
1960  23.223  -85.760  16.626 0.3000000119
1993  23.890  -85.523  14.845 0.3000000119
2430  25.558  -84.913  3.022 0.4000000060
120126  24.901  -86.613  3.632 0.4000000060
1373  24.902  -87.502  3.980 0.4000000060
3275  25.428  -82.984  1.730 0.3000000119
2376  20.769  -84.789  12.045 0.3000000119
6414  10.082  -75.786  11.955 0.6000000238
136338  25.051  -85.563  3.489 0.3000000119
2366  20.876  -84.930  13.017 0.3000000119
2355  21.392  -84.660  13.793 0.3000000119
3241  21.601  -82.559  6.583 0.3000000119
8246  6.372  -72.987  9.759 0.5000000000
8902  5.068  -71.831  7.924 0.6000000238
13597  9.358  -65.270  18.105 0.6999999881
14338  8.222  -64.046  18.192 0.6999999881
14327  9.474  -64.176  19.221 0.6999999881
15889  8.988  -62.948  20.281 0.6000000238
16728  13.830  -62.059  19.110 0.3000000119
3268  18.689  -82.862  3.890 0.5000000000
136749  17.627  -81.541  4.714 0.5000000000
3787  23.688  -81.570  -2.394 0.6000000238
7072  6.535  -75.805  8.313 0.4000000060
120194  6.018  -75.697  7.393 0.5000000000
9482  3.733  -70.632  6.413 0.5000000000
9480  6.114  -71.003  5.593 0.5000000000
10079  5.307  -71.048  5.314 0.5000000000
10080  4.491  -71.007  5.536 0.5000000000
10721  3.397  -69.719  6.988 0.5000000000
10745  4.422  -69.972  6.151 0.5000000000
9460  6.672  -71.091  6.403 0.5000000000
12212  3.348  -68.356  8.084 0.4000000060
10743  5.809  -69.823  6.325 0.5000000000
10744  5.188  -69.897  6.172 0.5000000000
11456  4.375  -68.626  7.554 0.5000000000
11435  2.838  -67.961  8.555 0.5000000000
11472  5.517  -69.310  6.951 0.6000000238
11455  5.325  -68.584  7.567 0.5000000000
12211  4.124  -67.578  8.271 0.5000000000
12940  3.354  -65.462  11.758 0.5000000000
125768  5.808  -67.711  8.158 0.6000000238
12957  2.029  -66.119  10.137 0.5000000000
13687  2.354  -65.614  10.554 0.5000000000
12210  5.095  -67.659  8.149 0.6000000238
13006  3.341  -66.348  8.750 0.6000000238
13007  2.618  -66.764  9.085 0.5000000000
11454  5.886  -68.381  7.854 0.6000000238
13743  5.204  -65.822  8.238 0.6000000238
13005  4.211  -66.027  8.412 0.6000000238
13699  2.477  -64.979  10.351 0.6000000238
129214  4.714  -65.309  8.511 0.6000000238
13686  2.761  -64.852  11.118 0.5000000000
14415  4.004  -64.231  11.481 0.5000000000
13732  3.658  -65.538  8.891 0.6000000238
13733  2.716  -65.894  9.289 0.6000000238
14360  7.275  -64.836  17.098 0.5000000000
14349  7.044  -63.956  17.303 0.5000000000
15154  4.685  -63.398  11.361 0.6000000238
14443  4.591  -64.234  9.201 0.6000000238
15155  3.816  -63.345  11.019 0.6000000238
14444  3.624  -64.143  9.719 0.6000000238
14428  2.876  -64.146  10.603 0.6000000238
15186  4.433  -63.544  9.678 0.6000000238
142662  11.278  -59.549  17.519 0.3000000119
21759  4.329  -55.978  16.288 0.3000000119
2468  26.433  -83.786  -1.100 0.4000000060
140707  25.252  -83.322  -2.363 0.5000000000
2120  17.987  -85.378  -1.335 0.5000000000
138587  18.211  -85.006  -0.330 0.5000000000
3308  25.310  -82.303  -2.676 0.4000000060
2453  18.877  -84.902  0.498 0.4000000060
4255  23.319  -80.938  -2.245 0.4000000060
139018  18.217  -83.628  2.611 0.4000000060
3269  17.674  -82.618  3.554 0.4000000060
2438  17.702  -83.584  2.082 0.4000000060
2444  18.621  -84.569  1.384 0.4000000060
5306  22.310  -79.197  -1.555 0.4000000060
120252  21.927  -79.643  -1.464 0.4000000060
4777  21.296  -79.908  -1.231 0.4000000060
139069  16.741  -81.208  4.760 0.4000000060
4784  22.672  -79.727  -1.845 0.4000000060
4776  22.066  -80.035  -1.577 0.4000000060
4778  20.378  -79.511  -1.076 0.4000000060
4772  18.758  -79.492  -0.440 0.5000000000
14456  6.000  -64.479  8.464 0.5000000000
14455  6.632  -64.382  8.422 0.5000000000
15185  5.499  -63.334  9.233 0.5000000000
15202  6.186  -63.879  8.689 0.5000000000
16009  6.428  -62.365  9.182 0.5000000000
16011  4.708  -62.694  9.971 0.5000000000
120587  6.342  -61.482  9.734 0.5000000000
15082  7.469  -63.697  17.905 0.4000000060
15900  7.371  -62.849  18.923 0.4000000060
16010  5.545  -62.542  9.511 0.5000000000
15976  4.180  -62.801  10.863 0.5000000000
3788  23.020  -81.305  -2.044 0.5000000000
531  16.855  -90.913  22.442 0.4000000060
198  17.394  -93.030  22.320 0.4000000060
577  17.232  -90.325  18.879 0.4000000060
136885  17.909  -89.684  21.844 0.4000000060
530  17.989  -90.887  22.263 0.4000000060
131072  18.038  -90.133  19.215 0.4000000060
329  17.699  -92.101  22.427 0.4000000060
560  19.717  -90.860  19.740 0.4000000060
365  19.088  -91.602  20.029 0.4000000060
353  17.706  -92.173  20.047 0.4000000060
768  19.258  -89.337  21.922 0.5000000000
758  18.775  -90.041  22.105 0.5000000000
529  19.364  -91.274  22.403 0.4000000060
328  18.694  -92.016  22.411 0.4000000060
352  18.499  -92.445  20.331 0.4000000060
767  20.115  -89.165  22.020 0.5000000000
756  20.912  -90.132  22.313 0.5000000000
757  19.839  -90.188  22.288 0.5000000000
196  19.308  -92.239  22.226 0.4000000060
197  18.409  -92.746  22.118 0.4000000060
141726  21.072  -90.890  22.339 0.4000000060
528  20.402  -91.007  22.396 0.4000000060
349  21.608  -91.625  20.339 0.4000000060
130114  20.833  -91.732  20.351 0.4000000060
138942  20.001  -91.903  20.462 0.4000000060
223  19.207  -92.268  20.521 0.4000000060
212  18.563  -92.880  20.975 0.4000000060
364  20.546  -91.414  19.783 0.4000000060
351  19.778  -91.728  20.145 0.4000000060
339  21.469  -91.341  21.676 0.5000000000
326  20.831  -91.340  22.147 0.4000000060
327  20.044  -91.780  22.213 0.4000000060
206  19.065  -92.549  21.661 0.4000000060
135498  21.900  -91.454  21.023 0.5000000000
126440  21.117  -91.728  21.014 0.4000000060
350  20.273  -92.004  20.975 0.4000000060
205  19.734  -92.209  21.492 0.4000000060
573  23.189  -91.012  18.897 0.3000000119
590  23.705  -90.678  17.860 0.3000000119
572  24.191  -90.351  19.011 0.4000000060
361  22.790  -91.301  19.733 0.3000000119
559  23.564  -90.889  19.848 0.4000000060
602  25.191  -90.425  15.770 0.3000000119
136293  24.494  -90.762  16.469 0.4000000060
589  24.684  -90.393  17.329 0.4000000060
120385  24.750  -90.174  18.149 0.4000000060
126521  25.511  -90.021  16.714 0.4000000060
588  25.802  -89.635  17.806 0.4000000060
787  26.180  -89.240  18.677 0.3000000119
362  22.072  -91.514  19.660 0.3000000119
558  24.955  -89.859  19.618 0.3000000119
141849  24.243  -90.402  19.945 0.4000000060
612  25.872  -89.989  15.128 0.4000000060
571  25.390  -89.775  18.813 0.3000000119
601  26.424  -89.208  16.932 0.4000000060
123630  26.596  -88.853  16.929 0.4000000060
798  26.540  -89.018  17.813 0.4000000060
337  22.899  -90.998  21.088 0.4000000060
551  23.816  -90.583  20.568 0.4000000060
613  24.974  -90.663  14.925 0.4000000060
781  26.151  -89.022  19.309 0.3000000119
138735  26.380  -89.641  14.599 0.4000000060
619  25.672  -90.179  14.324 0.4000000060
1017  26.887  -88.708  14.109 0.4000000060
1010  26.921  -88.732  15.178 0.4000000060
810  26.186  -89.619  15.982 0.4000000060
338  22.330  -91.104  21.457 0.4000000060
540  24.357  -89.995  20.944 0.3000000119
541  23.536  -90.567  21.164 0.4000000060
776  25.338  -89.412  20.648 0.3000000119
121310  26.381  -89.624  12.972 0.4000000060
634  26.214  -89.557  12.197 0.4000000060
1020  26.762  -88.734  13.101 0.4000000060
1287  26.769  -88.233  14.698 0.4000000060
805  26.890  -89.094  16.040 0.4000000060
755  21.970  -89.653  22.150 0.4000000060
766  23.989  -90.049  21.529 0.3000000119
964  22.092  -88.470  21.994 0.4000000060
527  21.680  -90.597  22.234 0.4000000060
526  22.635  -90.345  22.119 0.4000000060
525  23.013  -90.634  21.674 0.4000000060
4773  17.848  -79.038  -0.146 0.4000000060
611  26.693  -89.280  15.249 0.4000000060
211  19.432  -92.370  21.000 0.4000000060
325  21.424  -91.078  22.158 0.5000000000
340  20.450  -91.801  21.686 0.4000000060
341  19.717  -92.173  21.941 0.4000000060
347  23.148  -91.061  20.486 0.4000000060
348  22.407  -91.384  20.490 0.5000000000
542  22.104  -90.928  21.942 0.4000000060
549  25.375  -89.511  20.024 0.3000000119
550  24.656  -89.919  20.316 0.3000000119
557  25.754  -89.390  19.433 0.3000000119
561  18.728  -90.490  19.595 0.4000000060
622  26.389  -89.655  13.860 0.4000000060
693  21.169  -90.716  4.418 0.4000000060
816  26.872  -89.121  14.424 0.4000000060
820  26.825  -89.116  13.467 0.4000000060
829  26.637  -89.122  12.545 0.4000000060
836  25.991  -89.157  11.269 0.4000000060
843  25.982  -89.033  11.225 0.4000000060
852  25.225  -89.224  10.307 0.4000000060
878  23.336  -88.990  4.777 0.4000000060
884  23.779  -88.940  4.360 0.4000000060
900  21.867  -89.302  2.579 0.3000000119
956  16.725  -89.318  22.633 0.5000000000
960  25.936  -88.283  22.567 0.3000000119
974  17.634  -88.358  21.726 0.4000000060
977  25.921  -88.729  21.016 0.4000000060
987  26.377  -88.912  18.532 0.3000000119
1039  26.168  -88.954  11.445 0.4000000060
1046  25.709  -89.057  10.850 0.4000000060
1053  24.124  -88.562  9.349 0.4000000060
1104  24.744  -88.120  4.128 0.3000000119
1191  26.045  -87.331  25.407 0.3000000119
1192  25.550  -87.581  25.544 0.3000000119
1212  26.196  -87.990  22.254 0.3000000119
1215  17.562  -87.337  22.354 0.4000000060
1219  20.566  -87.453  21.705 0.4000000060
1221  18.555  -87.473  21.510 0.5000000000
1226  25.889  -88.509  20.549 0.4000000060
1244  24.383  -87.906  18.462 0.3000000119
1305  25.707  -88.459  11.421 0.4000000060
1306  25.115  -87.823  11.429 0.5000000000
1356  24.699  -87.737  4.368 0.5000000000
1363  24.802  -87.785  4.289 0.3000000119
1374  24.913  -87.728  3.873 0.3000000119
1394  22.643  -87.777  0.486 0.4000000060
1395  22.107  -87.958  0.300 0.4000000060
1410  19.969  -87.089  -2.560 0.4000000060
1500  26.143  -87.142  26.698 0.3000000119
1509  26.258  -86.975  25.993 0.3000000119
1510  26.187  -86.716  25.268 0.3000000119
1533  18.181  -86.421  23.291 0.3000000119
1544  20.161  -86.135  22.222 0.4000000060
1545  19.345  -85.974  22.197 0.3000000119
1546  18.524  -86.123  22.455 0.3000000119
1547  18.042  -86.821  21.842 0.3000000119
1556  21.150  -87.243  21.912 0.3000000119
1603  24.797  -86.686  15.941 0.5000000000
1626  25.074  -86.800  13.853 0.4000000060
1627  24.368  -86.368  13.762 0.3000000119
1661  23.205  -86.871  9.098 0.3000000119
1721  24.972  -86.859  3.572 0.4000000060
1728  25.220  -86.263  2.879 0.4000000060
1752  22.967  -85.501  -1.837 0.5000000000
1755  20.662  -86.810  -2.618 0.5000000000
2094  25.575  -85.561  2.297 0.4000000060
2104  25.933  -85.187  1.126 0.4000000060
2112  26.081  -84.852  0.478 0.5000000000
2113  25.053  -85.524  -0.083 0.4000000060
2118  24.317  -85.328  -0.753 0.4000000060
2124  23.615  -85.127  -1.643 0.6000000238
2134  20.877  -85.835  -3.130 0.6999999881
2135  19.238  -85.989  -3.008 0.6000000238
2433  26.029  -84.715  1.912 0.5000000000
2437  18.399  -84.096  2.113 0.4000000060
2440  26.162  -84.597  1.320 0.5000000000
2450  21.633  -84.391  0.014 0.8000000119
2458  26.258  -84.403  -0.315 0.5000000000
2471  23.643  -84.707  -2.084 0.6000000238
2476  18.965  -85.245  -1.961 0.6000000238
2482  21.203  -85.246  -2.958 0.6999999881
2806  18.408  -83.319  3.212 0.4000000060
2813  21.096  -83.234  2.011 0.6999999881
2816  18.907  -83.913  2.783 0.4000000060
2846  22.676  -83.730  -2.246 0.6999999881
3260  18.141  -82.156  4.305 0.5000000000
3279  16.232  -82.368  2.638 0.5000000000
3287  15.960  -82.634  1.719 0.5000000000
3695  14.569  -81.485  9.607 0.6999999881
3706  14.954  -81.590  9.029 0.6999999881
3738  18.718  -81.082  5.426 0.6000000238
3747  19.816  -81.348  4.309 0.6000000238
3783  21.821  -80.688  -1.231 0.6000000238
4157  13.160  -79.966  11.062 0.6000000238
4158  12.581  -80.281  11.278 0.6000000238
4159  11.817  -80.146  11.404 0.6000000238
4167  14.265  -80.367  10.216 0.6999999881
4182  15.249  -80.288  9.519 0.6999999881
4183  14.823  -80.792  9.797 0.6999999881
4194  15.804  -80.181  9.054 0.6999999881
4220  18.467  -80.550  5.928 0.6999999881
4247  19.442  -80.147  -0.394 0.6000000238
4250  21.225  -80.268  -1.099 0.6000000238
4662  10.285  -78.993  11.661 0.5000000000
4673  13.727  -80.000  10.530 0.6000000238
4688  11.933  -79.227  8.672 0.6000000238
4714  11.151  -79.989  7.043 0.5000000000
4715  10.189  -79.695  7.271 0.6000000238
4723  19.175  -79.270  6.280 0.8000000119
4731  8.414  -79.423  5.936 0.6999999881
4737  19.413  -79.640  5.593 0.6999999881
4739  10.151  -79.413  5.474 0.6000000238
4740  9.176  -79.226  5.146 0.6999999881
4747  19.738  -80.057  4.036 0.6999999881
4752  19.578  -79.895  3.117 0.8000000119
4765  18.113  -79.418  -0.003 0.4000000060
4779  19.394  -79.051  -0.920 0.5000000000
5176  12.350  -78.669  11.301 0.5000000000
5177  11.718  -78.059  11.555 0.6000000238
5195  15.175  -78.770  9.379 0.8000000119
5196  14.629  -78.671  9.320 0.8000000119
5197  14.058  -79.236  9.419 0.6999999881
5199  11.872  -78.546  9.359 0.6000000238
5211  16.314  -78.074  8.674 0.8000000119
5214  11.124  -78.894  8.610 0.6000000238
5224  18.447  -78.582  7.118 0.8000000119
5226  17.065  -78.193  7.912 0.6999999881
5230  8.350  -79.105  6.875 0.6000000238
5232  6.509  -78.334  6.372 0.6000000238
5239  13.047  -78.649  6.814 0.8000000119
5243  7.073  -78.899  5.888 0.6000000238
5244  6.619  -78.194  5.913 0.6000000238
5249  19.014  -78.371  5.749 0.6000000238
5253  9.481  -78.909  4.741 0.6999999881
5254  7.867  -79.130  5.547 0.6999999881
5263  10.742  -78.448  4.580 0.8000000119
5264  9.917  -78.275  4.322 0.6999999881
5272  19.425  -79.234  3.934 0.6999999881
5769  10.618  -77.064  12.794 0.6000000238
5804  11.811  -77.635  10.055 0.6000000238
5805  9.314  -77.184  9.289 0.5000000000
5822  14.728  -77.910  8.998 0.8000000119
5838  18.353  -77.957  7.042 0.8000000119
5840  15.094  -77.246  8.425 0.8999999762
5850  18.493  -77.838  6.270 0.6999999881
5854  13.310  -77.478  6.624 0.6999999881
5863  17.712  -77.267  5.741 0.6000000238
5867  11.497  -78.162  4.770 0.6999999881
5871  6.213  -77.626  5.907 0.6000000238
5880  16.702  -76.904  4.028 0.5000000000
5883  10.091  -77.048  3.981 0.5000000000
6384  10.010  -76.195  13.064 0.6000000238
6398  10.564  -76.444  12.687 0.6000000238
6399  9.815  -75.920  12.599 0.6000000238
6412  11.217  -76.546  11.492 0.5000000000
6413  10.822  -76.052  12.109 0.6000000238
6467  5.864  -77.301  6.530 0.6000000238
6483  8.230  -77.615  5.394 0.6000000238
6493  15.110  -75.862  5.708 0.6000000238
6497  8.591  -77.947  4.819 0.5000000000
6510  9.298  -77.354  4.488 0.5000000000
6522  14.727  -76.732  2.333 0.5000000000
7093  10.030  -75.885  6.128 0.6000000238
7096  7.025  -76.735  5.784 0.6999999881
7105  13.978  -75.187  5.372 0.6000000238
7117  11.800  -75.179  4.464 0.5000000000
7128  14.359  -75.580  2.204 0.6000000238
7660  5.429  -74.422  6.150 0.6999999881
7673  7.861  -75.460  6.505 0.6000000238
7688  5.834  -74.376  4.986 0.6999999881
7712  10.557  -74.288  3.585 0.5000000000
7727  13.608  -73.979  2.599 0.5000000000
7728  12.998  -73.397  2.957 0.5000000000
8235  6.092  -73.339  10.690 0.5000000000
8243  12.013  -73.041  9.850 0.6000000238
8264  9.142  -73.417  8.479 0.6000000238
8298  7.004  -73.781  5.853 0.6000000238
8347  12.102  -73.096  3.355 0.5000000000
8837  11.130  -72.177  11.379 0.5000000000
8844  11.682  -72.587  10.624 0.5000000000
8845  10.891  -72.705  10.824 0.5000000000
8862  12.371  -72.499  9.803 0.5000000000
8863  10.723  -73.148  10.215 0.5000000000
8864  9.807  -72.936  9.994 0.6000000238
8865  9.165  -72.482  9.585 0.6999999881
8885  12.227  -72.433  8.490 0.6000000238
8887  8.691  -72.434  8.796 0.6000000238
8888  5.637  -72.114  8.778 0.5000000000
8901  7.816  -72.779  7.246 0.6000000238
8918  11.593  -73.260  7.365 0.6000000238
8937  4.818  -72.189  5.218 0.6000000238
9390  11.421  -71.487  11.823 0.5000000000
9391  10.595  -71.492  11.683 0.5000000000
9392  9.855  -71.408  11.280 0.5000000000
9402  9.337  -71.307  10.691 0.5000000000
9440  12.207  -71.401  8.504 0.5000000000
9459  7.186  -71.386  7.262 0.6000000238
9463  3.010  -70.482  7.303 0.6000000238
9479  6.453  -71.992  5.766 0.5000000000
9491  5.750  -71.696  5.177 0.5000000000
9492  4.640  -71.583  5.363 0.6000000238
9989  11.827  -70.885  12.235 0.5000000000
10005  9.059  -70.643  10.412 0.5000000000
10024  8.603  -70.358  9.907 0.6000000238
10070  5.838  -70.439  5.755 0.5000000000
10071  5.461  -70.325  5.805 0.5000000000
10072  4.080  -70.527  6.012 0.5000000000
10652  10.320  -69.880  11.833 0.5000000000
10653  9.662  -69.870  11.173 0.5000000000
10699  1.893  -69.294  8.002 0.5000000000
10720  6.295  -69.627  7.150 0.6999999881
10746  3.847  -69.981  6.358 0.5000000000
10767  4.804  -70.460  5.717 0.5000000000
11361  8.868  -67.793  14.059 0.6000000238
11362  8.007  -68.229  14.042 0.6000000238
11457  2.817  -69.175  7.650 0.5000000000
11473  4.826  -69.359  6.733 0.5000000000
11474  4.067  -69.514  6.711 0.5000000000
12082  9.499  -67.515  15.117 0.6000000238
12083  8.384  -68.126  15.411 0.6000000238
12084  7.676  -68.199  15.855 0.5000000000
12091  8.994  -67.929  14.892 0.6000000238
12097  9.495  -67.148  13.968 0.6000000238
12113  8.013  -67.155  12.802 0.5000000000
12187  6.900  -67.714  8.239 0.5000000000
12189  3.878  -66.729  8.486 0.6000000238
12190  3.167  -67.294  8.572 0.5000000000
12208  6.369  -67.843  8.193 0.6999999881
12209  6.353  -67.076  8.239 0.6000000238
12858  9.767  -66.423  17.081 0.6000000238
12872  10.555  -66.628  15.772 0.6000000238
12873  9.064  -66.579  16.720 0.6000000238
12896  9.927  -66.533  14.294 0.5000000000
12920  4.107  -65.992  12.048 0.6000000238
12941  2.764  -65.864  11.234 0.5000000000
12976  2.239  -66.384  9.676 0.5000000000
13004  6.770  -66.178  8.220 0.6000000238
13026  5.727  -66.592  8.204 0.6000000238
13027  4.707  -66.677  8.282 0.6000000238
13624  11.410  -65.106  16.587 0.8000000119
13625  8.466  -65.992  17.061 0.6000000238
13634  10.727  -66.155  15.265 0.6000000238
13641  10.398  -65.953  14.637 0.6000000238
13642  9.912  -65.729  13.989 0.5000000000
13667  4.744  -65.860  12.033 0.5000000000
13714  2.935  -64.957  9.637 0.6000000238
13715  2.273  -65.604  9.890 0.5000000000
13728  7.264  -65.640  8.353 0.5000000000
13730  6.365  -64.942  8.259 0.5000000000
13731  5.666  -65.090  8.322 0.6000000238
14326  10.293  -64.409  19.345 0.6999999881
14346  11.929  -64.952  17.947 0.8000000119
14399  6.918  -64.688  11.832 0.6999999881
14413  6.184  -64.377  11.635 0.6999999881
14414  5.336  -64.347  11.574 0.6000000238
14416  3.115  -63.976  11.169 0.5000000000
14454  7.179  -64.282  8.476 0.5000000000
14457  5.153  -64.648  8.707 0.6000000238
14458  4.098  -64.784  9.035 0.6000000238
15068  12.875  -63.765  19.133 0.5000000000
15071  7.227  -63.196  18.214 0.4000000060
15080  13.032  -64.118  18.007 0.6999999881
15091  13.799  -63.675  17.195 0.4000000060
15092  12.964  -63.807  17.162 0.6000000238
15094  11.561  -63.825  16.321 0.6999999881
15122  7.638  -63.150  13.009 0.6999999881
15138  7.351  -63.905  12.484 0.6999999881
15156  3.518  -63.508  10.900 0.6000000238
15168  3.542  -63.603  10.374 0.6000000238
15203  5.387  -64.053  8.987 0.5000000000
15872  11.270  -62.253  20.257 0.6999999881
15937  10.567  -62.329  15.042 0.6999999881
15938  9.519  -62.301  14.091 0.6999999881
15950  7.914  -62.406  13.218 0.6999999881
15975  4.549  -61.988  11.011 0.6000000238
15992  4.419  -62.238  10.767 0.6000000238
15993  4.072  -63.049  10.575 0.5000000000
16036  6.916  -63.060  8.709 0.5000000000
16037  6.281  -63.194  8.943 0.5000000000
16771  10.351  -61.803  14.411 0.6999999881
16797  12.250  -61.470  12.527 0.4000000060
16800  5.482  -61.329  11.714 0.6999999881
16808  5.027  -61.393  11.220 0.6999999881
16833  5.567  -61.742  9.893 0.6000000238
16834  4.896  -61.962  10.308 0.6000000238
16851  7.218  -62.470  8.882 0.5000000000
17514  9.691  -60.555  19.821 0.6000000238
17582  9.319  -60.728  12.840 0.6000000238
17583  8.868  -60.961  13.204 0.6999999881
17599  7.477  -60.151  12.641 0.6999999881
17613  10.333  -60.109  11.457 0.5000000000
18355  8.636  -58.743  17.418 0.6000000238
18391  6.773  -59.425  12.095 0.5000000000
18404  9.894  -59.305  11.325 0.5000000000
18408  6.427  -58.986  11.582 0.5000000000
18409  6.160  -59.664  11.510 0.6999999881
18418  6.620  -58.308  10.716 0.5000000000
18419  6.248  -58.995  11.145 0.5000000000
19206  6.875  -57.869  10.694 0.5000000000
119729  20.937  -83.086  8.840 0.3000000119
120150  6.121  -77.325  7.294 0.5000000000
121038  24.444  -87.758  25.064 0.3000000119
121148  9.257  -76.187  13.132 0.6000000238
121796  8.536  -78.956  4.918 0.6999999881
121854  17.467  -77.651  7.381 0.6999999881
122309  26.343  -89.122  11.770 0.5000000000
122430  7.887  -66.990  9.025 0.5000000000
122468  10.283  -77.355  9.353 0.6000000238
123675  25.779  -89.145  19.985 0.4000000060
123852  14.165  -63.410  15.980 0.4000000060
124059  11.530  -77.042  10.709 0.6000000238
124146  20.426  -81.878  3.271 0.8000000119
124643  12.510  -71.234  9.144 0.5000000000
125354  18.343  -91.483  19.908 0.4000000060
125689  7.970  -70.760  8.838 0.6999999881
126474  4.334  -66.618  12.187 0.5000000000
127032  21.743  -86.311  -2.272 0.5000000000
127414  26.590  -83.377  -0.562 0.4000000060
128023  20.289  -90.522  19.223 0.4000000060
128284  3.330  -64.676  11.565 0.5000000000
128811  26.718  -88.662  16.065 0.5000000000
129175  17.247  -80.166  6.650 0.6999999881
129238  9.762  -75.719  5.218 0.6000000238
129386  11.840  -73.408  9.204 0.6000000238
129415  20.793  -83.257  8.207 0.3000000119
130089  17.311  -88.099  22.154 0.4000000060
130600  22.426  -88.985  2.516 0.3000000119
130794  7.463  -61.828  12.933 0.8000000119
131118  20.062  -85.954  -3.131 0.6000000238
131271  11.157  -65.842  15.977 0.6999999881
131472  21.796  -88.306  0.564 0.4000000060
131489  24.757  -87.851  17.792 0.5000000000
131723  9.012  -64.950  13.195 0.6999999881
131762  24.095  -87.835  23.552 0.3000000119
132013  6.979  -65.542  8.190 0.5000000000
132113  12.584  -61.987  13.134 0.4000000060
133513  22.821  -83.098  -2.047 0.6999999881
134072  3.613  -69.100  7.337 0.5000000000
134157  7.280  -68.459  14.097 0.5000000000
134209  7.729  -60.824  20.715 0.4000000060
134334  13.489  -74.813  4.876 0.6000000238
134406  24.293  -88.647  3.834 0.5000000000
134755  23.329  -90.820  20.877 0.4000000060
134857  20.151  -81.873  3.930 0.6000000238
134898  10.771  -77.543  9.412 0.6000000238
135231  9.167  -60.081  12.352 0.6000000238
135520  14.068  -62.773  19.016 0.3000000119
135959  12.638  -72.303  2.758 0.5000000000
136009  17.573  -80.529  6.052 0.8000000119
136207  7.664  -69.428  8.857 0.6000000238
136497  6.646  -61.546  12.585 0.6000000238
136835  4.811  -72.531  6.758 0.6000000238
137214  15.091  -81.625  8.328 0.6999999881
138161  5.247  -72.724  5.109 0.6000000238
138351  23.955  -83.590  -2.444 0.6000000238
138674  9.555  -75.487  3.962 0.5000000000
139442  16.776  -79.429  7.839 0.8000000119
140156  17.101  -80.697  5.631 0.6999999881
140192  6.047  -68.498  7.818 0.6999999881
140237  7.805  -76.729  9.281 0.6000000238
140424  6.897  -71.646  6.598 0.6000000238
140590  26.458  -88.065  13.422 0.5000000000
141253  22.626  -90.684  9.259 0.3000000119
141382  13.241  -79.412  8.418 0.6999999881
141542  12.145  -72.651  10.188 0.5000000000
141643  6.140  -73.961  8.136 0.6000000238
142297  13.951  -63.557  18.421 0.4000000060
142905  22.408  -91.249  21.046 0.5000000000
