#!ascii label  , from subject sub-v2s18x29500_ses-1 vox2ras=TkReg
1325
2844  26.550  -83.094  -1.704 0.5000000000
12223  10.475  -67.035  5.794 0.6000000238
12207  10.616  -66.965  6.309 0.6000000238
10717  10.985  -68.612  7.126 0.6000000238
11451  11.013  -67.617  7.025 0.6999999881
12185  11.804  -67.482  7.633 0.6999999881
141399  12.097  -68.189  8.034 0.6000000238
5904  16.783  -77.947  2.559 0.5000000000
5301  17.541  -78.745  -0.050 0.6000000238
5923  16.848  -78.200  0.206 0.6000000238
127079  16.666  -78.781  1.085 0.5000000000
5300  19.701  -78.366  -0.741 0.5000000000
124024  18.825  -78.459  -0.513 0.4000000060
4766  17.492  -79.067  0.096 0.5000000000
122374  16.641  -78.598  0.504 0.6000000238
123931  10.758  -73.336  3.355 0.5000000000
130763  23.522  -80.193  -2.269 0.4000000060
8954  10.793  -72.671  3.270 0.5000000000
8333  9.903  -73.249  3.379 0.5000000000
9509  10.343  -71.707  3.547 0.6000000238
10781  11.201  -68.844  4.274 0.6000000238
12244  10.949  -67.330  5.177 0.6000000238
12235  11.625  -66.049  5.297 0.6999999881
11493  10.508  -67.666  5.459 0.6000000238
13039  10.922  -66.199  5.790 0.6999999881
13756  12.826  -64.871  5.050 0.6000000238
13038  11.715  -65.405  5.416 0.6999999881
13748  14.253  -64.975  5.563 0.6000000238
13740  12.918  -64.881  5.983 0.6000000238
12205  11.870  -66.385  7.157 0.6999999881
13738  14.705  -65.259  6.657 0.6999999881
10698  11.712  -69.423  7.973 0.6000000238
5895  15.325  -77.019  2.660 0.5000000000
5291  15.634  -78.073  0.709 0.6000000238
5905  15.615  -77.724  2.130 0.5000000000
5921  18.492  -77.820  -0.070 0.6000000238
5922  17.463  -77.908  0.085 0.6999999881
5295  16.485  -78.392  0.463 0.6000000238
5308  20.334  -78.840  -1.038 0.4000000060
9507  12.422  -71.143  3.013 0.5000000000
8348  11.939  -72.560  3.201 0.5000000000
3785  25.877  -81.622  -2.663 0.5000000000
9508  11.555  -71.400  3.337 0.5000000000
10779  12.226  -68.920  4.249 0.6999999881
10092  11.969  -70.318  3.239 0.6000000238
10764  12.386  -68.058  5.363 0.6999999881
10780  11.910  -68.868  4.079 0.6000000238
10790  11.726  -69.477  3.702 0.6000000238
10765  11.814  -68.009  4.841 0.6999999881
11500  10.649  -68.251  4.889 0.6000000238
11492  11.977  -66.889  5.053 0.6999999881
135103  13.290  -65.763  4.834 0.6000000238
12234  12.351  -65.995  4.971 0.6000000238
13049  13.970  -65.602  4.803 0.6000000238
13051  11.935  -65.341  5.189 0.6000000238
120687  15.389  -66.028  4.744 0.6000000238
13037  15.195  -65.334  5.961 0.6999999881
11419  13.455  -68.454  9.197 0.6999999881
10697  12.422  -69.684  8.838 0.5000000000
13022  13.240  -65.465  7.043 0.6999999881
13001  12.728  -66.253  7.625 0.6999999881
11420  12.813  -69.081  9.010 0.6000000238
6532  15.438  -76.578  0.877 0.5000000000
6534  14.492  -76.938  1.169 0.5000000000
6523  14.489  -76.728  1.725 0.5000000000
6531  16.725  -76.635  0.977 0.6999999881
6547  15.100  -77.204  0.739 0.6000000238
6544  19.316  -77.055  0.313 0.5000000000
6545  18.448  -76.830  0.583 0.6999999881
124253  17.447  -77.089  0.595 0.6999999881
6546  16.613  -77.600  0.414 0.6000000238
133808  15.833  -77.226  0.620 0.6000000238
5934  21.205  -78.365  -0.823 0.4000000060
5930  20.436  -78.165  -0.701 0.4000000060
5931  19.276  -77.875  -0.278 0.5000000000
9517  12.753  -71.758  2.752 0.5000000000
136268  12.904  -70.435  3.432 0.5000000000
9506  13.223  -70.960  3.200 0.5000000000
10091  12.678  -70.580  3.190 0.5000000000
10076  12.797  -69.197  5.555 0.6000000238
10085  12.309  -69.810  3.568 0.5000000000
10741  13.299  -68.780  6.170 0.6999999881
10740  14.287  -68.987  6.514 0.6000000238
10739  15.231  -68.993  6.624 0.6000000238
11470  13.711  -67.960  6.141 0.6000000238
11491  12.871  -67.476  5.555 0.6999999881
10738  16.852  -68.719  5.796 0.6999999881
11469  14.764  -68.100  6.106 0.6000000238
12222  13.326  -66.853  5.392 0.6000000238
11487  17.737  -68.326  5.512 0.6000000238
11488  16.200  -67.691  4.964 0.6999999881
12232  15.248  -66.884  4.617 0.6999999881
12221  18.213  -67.782  5.689 0.6000000238
12230  17.260  -67.772  5.330 0.6000000238
12231  16.200  -67.424  4.872 0.6999999881
10670  13.444  -70.463  10.647 0.6000000238
13047  16.062  -66.594  4.837 0.6999999881
12183  13.250  -67.203  8.553 0.6999999881
10687  13.008  -70.085  9.646 0.6000000238
13034  18.330  -67.104  6.459 0.6999999881
13046  17.457  -67.126  5.727 0.6000000238
135396  15.961  -65.878  6.350 0.8000000119
125926  15.576  -65.786  7.252 0.6999999881
13020  14.917  -65.687  7.685 0.6999999881
12182  14.195  -66.808  8.895 0.6999999881
7139  14.944  -75.790  1.314 0.6000000238
6530  18.027  -76.238  1.218 0.6999999881
7137  17.627  -75.639  1.790 0.6999999881
7151  19.481  -75.847  0.949 0.5000000000
7152  18.872  -75.795  1.230 0.6999999881
120166  21.063  -77.427  -0.313 0.4000000060
6553  20.104  -77.404  -0.111 0.5000000000
8963  13.938  -72.397  2.784 0.5000000000
8346  13.474  -73.508  2.515 0.5000000000
9505  13.830  -71.662  3.355 0.5000000000
9499  13.525  -70.871  4.485 0.6000000238
9455  14.580  -71.163  7.056 0.6000000238
9476  13.322  -70.268  5.513 0.6999999881
10084  12.876  -69.978  4.043 0.6999999881
132756  14.956  -70.672  7.402 0.6999999881
10069  13.427  -69.755  6.200 0.6999999881
138793  16.160  -70.128  7.639 0.6000000238
10053  15.554  -70.574  7.710 0.6000000238
10068  14.088  -69.753  6.611 0.6999999881
10713  18.263  -69.725  6.874 0.6999999881
134207  17.484  -69.693  7.089 0.6999999881
10714  16.726  -69.455  6.856 0.6999999881
10650  14.471  -69.542  12.126 0.6000000238
10735  19.603  -69.481  5.937 0.6000000238
10737  17.727  -69.157  6.140 0.6999999881
129877  16.127  -68.996  6.406 0.6999999881
12228  20.772  -68.433  5.279 0.6000000238
12229  19.828  -68.532  5.522 0.6000000238
11485  19.531  -68.911  5.438 0.6000000238
10761  19.199  -69.057  5.581 0.6000000238
10763  17.383  -68.469  5.530 0.6999999881
140776  14.089  -69.930  10.839 0.6000000238
12220  19.246  -67.714  6.118 0.6000000238
124760  18.138  -68.252  5.566 0.6000000238
12164  15.547  -67.398  9.565 0.6999999881
11417  15.248  -68.381  10.140 0.6000000238
11418  14.359  -68.407  9.676 0.6999999881
11405  14.050  -69.198  9.914 0.6000000238
12218  21.270  -67.500  5.722 0.5000000000
13033  20.014  -67.190  6.967 0.6000000238
13018  18.448  -66.612  7.427 0.8000000119
126031  17.771  -66.383  7.776 0.8000000119
12996  17.202  -66.421  8.207 0.8000000119
12998  15.359  -66.044  8.429 0.8000000119
12181  15.021  -66.583  9.131 0.6999999881
12165  14.726  -67.500  9.421 0.6999999881
13035  17.570  -66.510  6.780 0.8000000119
13019  16.710  -66.142  7.277 0.8000000119
7138  16.250  -75.784  1.498 0.6999999881
7740  15.925  -74.964  2.027 0.6999999881
7741  14.825  -74.775  1.943 0.6999999881
7140  14.398  -75.360  1.914 0.6000000238
126697  19.061  -74.562  1.956 0.6999999881
8358  14.633  -73.908  2.277 0.6000000238
7751  19.890  -74.931  1.264 0.6000000238
8359  13.888  -73.715  2.328 0.5000000000
8345  14.325  -73.157  2.430 0.5000000000
15989  14.607  -62.419  10.234 0.6000000238
8953  14.505  -72.326  3.311 0.5000000000
15164  14.325  -63.000  10.681 0.5000000000
9498  13.984  -71.503  3.867 0.5000000000
14408  15.351  -64.186  12.007 0.6000000238
8916  14.724  -72.379  6.213 0.6999999881
121974  13.944  -71.573  4.741 0.6000000238
9454  15.266  -71.411  7.707 0.6999999881
8917  14.326  -71.620  6.331 0.6999999881
12913  14.648  -66.607  12.834 0.6000000238
10036  16.250  -70.745  8.187 0.6999999881
9438  15.853  -71.262  8.184 0.6000000238
10050  18.630  -70.289  7.799 0.6999999881
127711  18.659  -70.806  8.717 0.6999999881
10052  16.874  -70.141  7.738 0.6999999881
11368  15.145  -68.717  12.514 0.6000000238
12108  15.212  -67.361  13.031 0.6000000238
10711  19.838  -69.810  6.684 0.6000000238
10051  17.721  -70.203  7.778 0.6999999881
11382  16.320  -68.583  11.869 0.6000000238
11369  14.098  -68.190  13.067 0.6000000238
129472  21.676  -69.550  5.519 0.6000000238
10760  20.240  -69.224  5.480 0.6000000238
11402  16.660  -68.444  11.043 0.6999999881
11403  15.884  -68.709  11.009 0.6000000238
10649  15.166  -69.278  11.857 0.6000000238
11483  21.300  -68.907  4.869 0.6000000238
12160  19.017  -67.173  9.770 0.6000000238
12147  17.812  -67.844  10.321 0.6000000238
12163  16.397  -67.399  9.578 0.6999999881
12149  16.108  -68.088  10.224 0.6000000238
11404  14.668  -69.193  10.457 0.6000000238
12994  19.521  -66.531  8.648 0.6000000238
139013  17.515  -66.916  8.834 0.8000000119
12995  18.670  -66.483  8.196 0.6000000238
12971  18.068  -66.629  8.485 0.6999999881
12973  15.852  -66.601  9.088 0.8000000119
7724  18.005  -74.146  2.619 0.6999999881
7725  16.835  -74.254  2.646 0.6999999881
8343  16.312  -73.693  2.959 0.6999999881
135128  19.427  -74.386  2.400 0.6999999881
7738  18.366  -74.670  2.221 0.6999999881
8344  15.251  -73.391  2.653 0.6000000238
8962  14.871  -72.778  2.943 0.6000000238
140120  15.723  -60.924  9.968 0.6000000238
142432  14.598  -60.311  9.125 0.6000000238
140927  15.221  -61.568  9.859 0.6000000238
16828  14.458  -61.490  9.453 0.6000000238
8952  15.216  -72.647  3.548 0.6000000238
15163  15.146  -62.825  10.865 0.5000000000
8294  15.336  -73.002  6.100 0.6999999881
8931  14.976  -72.549  5.226 0.6999999881
15150  16.552  -63.276  11.558 0.4000000060
132070  15.697  -63.367  11.474 0.5000000000
8897  16.101  -72.898  8.050 0.6999999881
8278  15.773  -73.277  7.080 0.8000000119
14395  15.938  -64.893  12.443 0.5000000000
8883  16.514  -72.433  8.464 0.6000000238
8899  14.804  -72.019  7.033 0.6999999881
13661  15.741  -65.827  12.605 0.6000000238
10034  17.942  -70.788  8.545 0.6999999881
9436  17.450  -71.532  8.825 0.6999999881
122906  16.946  -67.028  12.635 0.6999999881
12911  16.362  -66.493  12.694 0.6000000238
10696  20.651  -70.011  8.107 0.6999999881
10032  20.207  -70.450  8.708 0.6999999881
133726  17.691  -66.968  12.498 0.5000000000
12107  16.221  -67.376  12.725 0.6000000238
123363  22.424  -69.221  6.692 0.6000000238
10710  20.487  -69.819  6.873 0.6000000238
10048  19.956  -70.137  7.671 0.6999999881
12106  17.213  -67.665  12.326 0.6999999881
10732  21.698  -69.594  6.346 0.6000000238
10734  20.427  -69.626  5.981 0.6000000238
12127  18.500  -67.725  11.504 0.5000000000
12128  17.791  -68.004  11.752 0.6000000238
10777  21.766  -69.408  5.096 0.6000000238
12969  19.722  -66.835  9.546 0.6000000238
12145  19.492  -67.265  10.441 0.5000000000
11401  17.463  -68.263  11.122 0.6999999881
122019  20.916  -66.374  9.021 0.6000000238
8330  17.981  -73.608  3.414 0.6999999881
8342  17.492  -73.810  3.016 0.6999999881
8331  16.872  -73.479  3.552 0.6000000238
8332  15.753  -73.179  3.272 0.6000000238
17633  15.274  -60.197  9.612 0.4000000060
18426  14.110  -59.111  8.542 0.5000000000
8322  16.110  -73.104  4.415 0.6000000238
139824  16.173  -61.159  10.322 0.5000000000
17643  13.283  -60.271  8.081 0.6000000238
8308  16.551  -73.420  5.042 0.6999999881
8293  16.097  -73.502  6.011 0.6999999881
8944  15.388  -72.599  4.220 0.6000000238
15973  16.003  -62.729  11.006 0.5000000000
136972  17.039  -73.120  8.413 0.6999999881
15137  17.088  -63.862  12.117 0.4000000060
9418  20.897  -71.369  9.414 0.6999999881
8859  19.594  -72.126  9.411 0.6999999881
8880  19.188  -72.882  9.083 0.6999999881
14394  16.852  -64.712  12.434 0.6000000238
10685  21.837  -70.226  9.197 0.6999999881
10021  21.359  -70.760  9.346 0.6999999881
9435  18.287  -71.460  9.046 0.6999999881
8861  17.915  -72.240  9.048 0.6999999881
14393  18.388  -64.769  12.565 0.5000000000
12910  17.183  -66.327  12.604 0.5000000000
10707  22.694  -69.028  8.197 0.6000000238
10031  20.983  -70.312  8.970 0.6999999881
10022  20.537  -70.813  9.218 0.6999999881
9420  19.192  -71.279  9.202 0.6999999881
124905  17.933  -66.246  12.579 0.5000000000
11467  23.716  -68.613  5.835 0.5000000000
11450  23.306  -68.672  7.104 0.6000000238
10708  21.872  -69.383  7.757 0.6000000238
8319  18.342  -73.660  3.907 0.6999999881
8320  17.685  -73.370  4.038 0.6999999881
19214  15.146  -58.452  9.592 0.4000000060
7697  18.225  -73.907  4.758 0.6999999881
8321  16.821  -73.309  4.266 0.6999999881
19215  14.356  -58.353  8.979 0.4000000060
8307  17.496  -73.599  4.759 0.6999999881
18435  13.432  -59.323  7.936 0.6000000238
7654  18.025  -74.190  7.194 0.8000000119
7671  17.723  -74.216  6.444 0.6999999881
8258  19.686  -73.441  8.532 0.6000000238
8276  18.399  -73.924  7.916 0.6000000238
119140  11.151  -57.026  8.723 0.6000000238
8858  20.458  -72.104  9.443 0.6999999881
8879  20.067  -72.847  9.143 0.6999999881
8259  18.796  -73.449  8.512 0.6000000238
9417  21.779  -71.330  9.501 0.6000000238
11416  23.983  -69.181  9.576 0.6000000238
19203  9.998  -57.440  10.385 0.5000000000
11429  23.517  -68.700  8.712 0.6000000238
10694  22.262  -69.605  8.874 0.6999999881
12204  24.625  -67.672  7.354 0.5000000000
7670  18.444  -74.351  6.419 0.6999999881
20086  13.837  -57.251  8.455 0.4000000060
7653  18.886  -74.266  7.190 0.8000000119
126841  13.317  -57.620  7.884 0.5000000000
8274  20.192  -73.881  7.830 0.8000000119
20978  12.270  -56.132  8.342 0.4000000060
20977  12.811  -56.001  8.124 0.4000000060
8275  19.295  -73.928  7.863 0.6999999881
20949  11.724  -56.280  9.408 0.4000000060
20088  12.447  -56.706  7.862 0.5000000000
118708  23.379  -70.469  9.647 0.6000000238
8857  21.306  -72.029  9.445 0.6000000238
8878  20.923  -72.737  9.136 0.6999999881
20056  12.032  -56.672  10.425 0.4000000060
10683  23.630  -69.902  9.690 0.6000000238
10684  22.779  -70.152  9.460 0.6000000238
18416  10.581  -58.255  10.929 0.4000000060
20071  11.110  -56.805  9.200 0.6000000238
11428  24.290  -68.401  9.221 0.6000000238
12180  24.661  -67.722  8.607 0.5000000000
12203  25.170  -67.175  8.046 0.5000000000
20976  13.387  -56.096  8.325 0.4000000060
7669  19.318  -74.481  6.370 0.8000000119
21872  12.657  -55.483  8.668 0.4000000060
7652  19.794  -74.271  7.119 0.6999999881
20948  12.220  -55.727  9.740 0.4000000060
8877  22.266  -72.675  8.769 0.6000000238
8257  20.587  -73.376  8.552 0.6999999881
9415  23.450  -71.041  9.622 0.6000000238
8856  22.234  -71.992  9.385 0.6000000238
19190  12.867  -58.217  11.364 0.4000000060
20047  11.940  -57.784  10.886 0.4000000060
11415  24.784  -68.872  9.953 0.6000000238
134751  11.425  -58.861  11.021 0.4000000060
12179  25.274  -67.329  9.152 0.4000000060
21858  13.154  -54.953  9.127 0.4000000060
7651  20.689  -74.225  7.094 0.6999999881
20947  12.766  -55.159  10.061 0.4000000060
8896  22.969  -72.729  8.320 0.6999999881
8273  21.098  -73.796  7.799 0.6000000238
20937  12.620  -56.170  10.742 0.4000000060
140903  24.019  -71.031  9.625 0.6000000238
138472  23.892  -71.433  9.345 0.6000000238
19191  12.300  -58.752  11.228 0.4000000060
10668  25.561  -68.456  10.131 0.6000000238
17611  12.263  -60.345  11.658 0.3000000119
12158  25.696  -67.664  9.892 0.4000000060
12966  25.889  -66.959  9.596 0.4000000060
12157  26.313  -67.201  10.111 0.4000000060
127262  13.476  -57.713  11.517 0.4000000060
19180  13.642  -58.574  11.768 0.4000000060
10018  24.990  -70.227  9.996 0.6000000238
10681  25.441  -69.365  10.180 0.6000000238
140072  26.264  -69.436  10.221 0.6000000238
12144  26.801  -67.443  10.351 0.4000000060
134011  27.463  -67.108  10.487 0.5000000000
13694  27.337  -65.733  10.356 0.4000000060
121808  14.334  -63.022  15.248 0.3000000119
12950  27.672  -66.293  10.563 0.4000000060
127348  15.328  -57.145  12.138 0.4000000060
125034  15.148  -62.112  14.293 0.3000000119
15067  14.323  -63.146  18.548 0.4000000060
20924  15.769  -56.352  12.303 0.4000000060
19172  15.853  -58.666  12.928 0.4000000060
16769  16.263  -61.108  14.365 0.3000000119
17579  15.852  -60.396  13.582 0.3000000119
15922  15.045  -63.089  16.250 0.3000000119
15932  15.285  -62.516  15.251 0.3000000119
15917  15.025  -63.090  17.341 0.3000000119
20025  16.942  -57.358  13.180 0.4000000060
19171  16.553  -58.825  13.415 0.4000000060
140489  16.160  -59.142  13.301 0.4000000060
16762  16.159  -62.170  15.749 0.3000000119
15921  15.750  -62.608  16.201 0.3000000119
17547  11.571  -60.054  18.017 0.4000000060
128046  10.739  -58.846  16.668 0.3000000119
19137  10.294  -58.520  16.146 0.3000000119
15916  15.620  -62.664  17.019 0.3000000119
15899  14.561  -62.414  18.514 0.3000000119
19161  17.125  -59.162  13.828 0.4000000060
18380  16.497  -59.605  13.670 0.4000000060
17578  16.707  -60.361  14.252 0.3000000119
16761  16.566  -61.522  15.292 0.3000000119
16755  16.175  -62.199  16.704 0.3000000119
17527  13.071  -61.237  18.708 0.3000000119
16744  15.797  -62.011  17.519 0.3000000119
18352  11.528  -59.085  16.884 0.3000000119
16745  15.114  -61.747  18.125 0.3000000119
19135  12.127  -58.619  16.330 0.4000000060
19136  11.216  -58.455  16.059 0.3000000119
135646  11.860  -58.133  15.794 0.3000000119
120648  17.323  -60.339  14.748 0.4000000060
17572  17.000  -60.886  14.944 0.4000000060
16754  16.682  -61.656  16.327 0.3000000119
17546  12.517  -60.384  17.997 0.4000000060
16743  16.378  -61.511  17.248 0.3000000119
17545  13.524  -60.649  17.977 0.3000000119
18334  12.062  -59.706  17.435 0.4000000060
18333  12.985  -59.882  17.446 0.4000000060
19149  11.357  -58.020  15.207 0.3000000119
17566  17.578  -60.526  15.435 0.4000000060
17556  17.653  -60.535  16.331 0.4000000060
17557  17.056  -60.940  16.954 0.4000000060
17542  16.198  -60.577  17.664 0.4000000060
17543  15.564  -61.097  17.784 0.3000000119
18332  13.953  -59.948  17.572 0.3000000119
18350  13.449  -59.278  16.976 0.3000000119
19134  13.022  -58.702  16.412 0.5000000000
18351  12.541  -59.245  16.858 0.4000000060
19997  11.497  -57.288  14.677 0.3000000119
17541  17.539  -60.301  17.070 0.4000000060
126571  16.895  -60.117  17.506 0.4000000060
18330  15.993  -59.631  17.691 0.3000000119
139113  14.585  -58.575  16.961 0.3000000119
19982  14.362  -57.882  16.515 0.3000000119
20872  13.753  -57.156  16.169 0.3000000119
18331  15.054  -59.979  17.748 0.3000000119
18349  14.319  -59.219  17.246 0.3000000119
19133  13.856  -58.649  16.632 0.3000000119
19983  13.424  -57.996  16.204 0.3000000119
19995  12.944  -57.370  15.706 0.3000000119
19984  12.570  -58.050  15.997 0.3000000119
19996  12.109  -57.614  15.395 0.3000000119
139690  11.062  -56.541  14.031 0.3000000119
19148  19.104  -58.886  15.704 0.3000000119
18364  18.665  -59.509  16.213 0.3000000119
18329  17.562  -59.566  17.384 0.3000000119
19971  16.247  -58.089  17.271 0.3000000119
123125  15.045  -57.457  16.614 0.3000000119
20871  14.532  -57.004  16.384 0.3000000119
122742  16.703  -59.402  17.608 0.3000000119
19132  15.302  -58.171  17.017 0.3000000119
20882  13.234  -56.534  15.654 0.3000000119
20883  12.423  -56.869  15.126 0.3000000119
20897  11.868  -56.320  14.694 0.3000000119
19159  19.524  -58.093  15.164 0.3000000119
19119  18.668  -58.486  17.226 0.3000000119
19120  17.845  -58.707  17.461 0.3000000119
135617  16.457  -57.469  17.090 0.3000000119
20870  15.294  -56.773  16.456 0.3000000119
21770  13.461  -55.519  15.702 0.3000000119
21771  12.628  -55.985  15.188 0.3000000119
21785  12.114  -55.586  14.850 0.3000000119
21786  10.874  -55.658  13.775 0.3000000119
21758  14.960  -55.916  16.224 0.3000000119
20881  14.079  -56.267  16.203 0.3000000119
22713  12.638  -55.094  15.230 0.3000000119
22725  11.968  -54.936  14.725 0.3000000119
132257  11.554  -55.671  14.349 0.3000000119
22726  11.362  -54.948  14.038 0.3000000119
21769  14.257  -55.485  16.059 0.3000000119
133155  14.056  -54.899  15.822 0.3000000119
21757  15.715  -55.383  16.157 0.3000000119
22711  14.309  -54.186  15.725 0.3000000119
22712  13.394  -54.456  15.525 0.3000000119
136069  12.533  -54.181  15.069 0.3000000119
127506  11.799  -54.238  14.369 0.3000000119
22742  11.207  -54.289  13.776 0.3000000119
3307  26.112  -82.155  -2.552 0.5000000000
3786  24.745  -81.650  -2.680 0.5000000000
4254  24.138  -80.937  -2.527 0.4000000060
12206  11.150  -66.683  6.701 0.6999999881
11430  12.554  -68.030  8.432 0.6999999881
5307  21.347  -79.211  -1.174 0.4000000060
125373  25.362  -80.925  -2.691 0.5000000000
12233  14.226  -66.310  4.878 0.6000000238
10083  13.388  -70.853  3.566 0.5000000000
11489  15.626  -67.479  4.915 0.6000000238
125224  16.643  -73.588  7.619 0.8000000119
8309  15.730  -73.051  5.127 0.6999999881
139888  17.670  -72.828  8.779 0.6000000238
125561  24.057  -68.169  6.817 0.5000000000
9419  20.065  -71.380  9.339 0.6999999881
19202  10.956  -57.621  10.541 0.4000000060
129680  25.324  -67.212  6.858 0.5000000000
10682  24.483  -69.694  9.948 0.6000000238
12991  25.674  -66.712  8.710 0.4000000060
8876  23.603  -72.071  8.670 0.6000000238
9414  24.641  -71.050  9.524 0.6000000238
18401  12.987  -59.097  11.642 0.3000000119
11400  26.207  -67.943  10.254 0.4000000060
11399  26.827  -68.203  10.369 0.4000000060
20034  16.168  -57.208  12.682 0.4000000060
18348  18.111  -59.974  16.704 0.3000000119
19131  19.080  -58.858  16.549 0.3000000119
126678  24.302  -72.624  7.327 0.5000000000
8290  22.458  -73.988  6.861 0.5000000000
8291  21.545  -74.119  7.023 0.6999999881
7666  21.911  -74.439  6.264 0.6999999881
7683  19.599  -74.636  5.431 0.6000000238
8895  23.701  -72.686  7.783 0.5000000000
8272  22.010  -73.652  7.651 0.6000000238
137106  19.205  -74.095  2.871 0.6000000238
8341  18.474  -73.932  2.880 0.6000000238
7665  22.833  -74.318  6.050 0.6999999881
130131  20.862  -74.912  4.699 0.6000000238
7695  19.863  -74.610  4.349 0.6000000238
7681  21.250  -74.742  5.640 0.6999999881
7682  20.412  -74.766  5.336 0.6000000238
7709  19.063  -74.143  3.552 0.6000000238
8875  24.335  -72.188  7.937 0.5000000000
7692  22.611  -75.061  4.547 0.6999999881
135267  21.280  -75.048  4.048 0.6999999881
122872  21.173  -74.869  3.190 0.6000000238
118251  19.822  -74.419  2.679 0.6000000238
7679  23.164  -74.558  5.193 0.6000000238
7693  21.728  -75.012  4.717 0.6999999881
7694  20.543  -74.770  3.720 0.6000000238
8305  24.523  -73.688  5.510 0.6000000238
118879  25.932  -71.661  8.100 0.5000000000
7678  23.996  -74.141  4.886 0.6999999881
7120  22.057  -75.166  3.671 0.6000000238
134527  19.878  -74.437  2.321 0.6000000238
9431  27.110  -70.871  8.739 0.5000000000
9433  25.347  -71.385  8.877 0.5000000000
10678  28.377  -69.221  9.543 0.5000000000
9432  26.229  -71.099  8.795 0.5000000000
11413  28.410  -68.375  10.006 0.4000000060
10055  10.955  -69.659  7.123 0.4000000060
11471  10.193  -68.111  5.718 0.4000000060
10056  10.247  -69.887  6.257 0.4000000060
10742  9.941  -69.140  5.558 0.5000000000
10782  10.281  -69.147  4.643 0.5000000000
10078  9.479  -70.541  4.732 0.5000000000
10016  26.506  -70.510  9.465 0.5000000000
10086  9.944  -70.127  4.389 0.5000000000
123906  9.597  -74.822  3.837 0.6000000238
10679  27.630  -69.627  9.764 0.4000000060
10093  10.960  -70.213  3.887 0.5000000000
10094  9.855  -71.063  3.949 0.5000000000
7714  9.531  -73.722  3.677 0.5000000000
9478  10.259  -71.009  6.060 0.5000000000
10077  9.723  -70.195  5.387 0.5000000000
121025  10.270  -72.105  5.902 0.5000000000
9489  9.414  -71.294  5.128 0.5000000000
8933  9.459  -72.343  5.092 0.5000000000
9490  9.270  -71.243  4.428 0.5000000000
8934  9.197  -72.771  4.310 0.5000000000
8323  9.275  -73.283  3.811 0.5000000000
10666  27.018  -69.064  10.244 0.5000000000
8946  9.227  -72.374  3.794 0.5000000000
140581  29.794  -67.247  9.581 0.4000000060
12156  29.154  -67.132  10.115 0.4000000060
133398  12.983  -70.968  10.348 0.5000000000
134746  10.363  -72.947  5.767 0.5000000000
10017  25.918  -70.071  10.064 0.5000000000
11398  27.563  -68.362  10.319 0.4000000060
10002  13.512  -70.388  11.703 0.5000000000
9980  13.012  -70.073  12.390 0.5000000000
9982  11.484  -70.264  12.371 0.5000000000
10003  12.998  -71.034  11.298 0.5000000000
12949  28.287  -66.904  10.497 0.4000000060
10639  13.205  -69.280  12.715 0.5000000000
10640  12.415  -69.496  12.622 0.5000000000
11370  13.354  -68.435  12.961 0.5000000000
12112  11.982  -68.067  12.417 0.5000000000
11372  11.774  -68.877  12.567 0.5000000000
10642  10.958  -69.786  12.303 0.4000000060
12914  13.402  -66.761  12.368 0.5000000000
12130  11.509  -67.444  11.831 0.6000000238
11385  10.605  -69.083  11.969 0.6000000238
12109  14.367  -67.449  13.039 0.5000000000
12936  13.306  -66.195  11.809 0.5000000000
12937  12.714  -66.592  11.802 0.5000000000
12938  11.883  -66.711  11.548 0.6000000238
129026  10.734  -67.538  11.424 0.6000000238
12132  10.378  -68.305  11.397 0.6000000238
11406  9.283  -69.047  10.729 0.5000000000
12150  8.794  -68.160  10.296 0.5000000000
12167  8.120  -67.872  9.523 0.5000000000
13663  13.954  -66.181  12.259 0.5000000000
13680  14.222  -65.347  11.949 0.5000000000
14410  13.698  -64.660  11.471 0.5000000000
13682  12.817  -65.805  11.325 0.5000000000
14411  12.915  -64.934  11.145 0.6000000238
13683  11.411  -66.009  11.133 0.6000000238
12954  10.280  -66.901  10.942 0.6000000238
12955  9.445  -67.226  10.529 0.6000000238
12956  8.546  -67.099  9.856 0.5000000000
16832  7.173  -61.724  9.304 0.5000000000
13002  7.545  -66.185  8.618 0.5000000000
14396  15.038  -65.233  12.309 0.5000000000
14409  14.514  -64.433  11.746 0.5000000000
14424  13.092  -63.890  11.070 0.6000000238
15166  12.529  -63.328  10.474 0.6000000238
15180  12.005  -62.715  9.855 0.6000000238
14426  11.314  -64.430  10.562 0.6000000238
15167  10.707  -63.786  10.145 0.6000000238
142879  10.131  -65.597  10.541 0.6000000238
134868  10.528  -64.505  10.308 0.6000000238
120068  9.812  -66.277  10.556 0.6000000238
13712  8.761  -65.577  9.886 0.5000000000
12975  8.244  -66.087  9.385 0.5000000000
13713  8.363  -65.242  9.430 0.5000000000
15184  8.228  -63.685  8.979 0.5000000000
13727  7.725  -65.297  8.782 0.5000000000
134445  7.631  -63.827  8.681 0.5000000000
15990  13.805  -62.521  10.074 0.6000000238
15991  12.938  -62.587  9.922 0.6000000238
16005  12.401  -61.904  9.188 0.6000000238
16031  11.025  -61.542  8.786 0.6000000238
16006  11.483  -62.116  9.271 0.6000000238
15182  10.108  -63.152  9.663 0.6000000238
16007  10.537  -62.261  9.308 0.6000000238
14440  9.761  -64.081  9.900 0.5000000000
16008  9.519  -62.457  9.250 0.5000000000
14441  9.014  -64.814  9.859 0.5000000000
16033  9.090  -62.026  9.048 0.5000000000
120417  8.896  -61.741  9.015 0.6000000238
124679  7.934  -63.193  8.717 0.5000000000
16850  8.001  -62.008  8.932 0.5000000000
16831  7.906  -60.912  9.384 0.5000000000
18428  6.733  -59.161  10.403 0.5000000000
16830  12.275  -61.101  8.339 0.6000000238
17646  11.201  -60.442  8.013 0.6000000238
16847  10.663  -61.023  8.462 0.6000000238
16848  9.749  -61.257  8.825 0.6000000238
17648  8.577  -60.052  9.072 0.6000000238
126842  7.550  -59.601  9.622 0.5000000000
17661  12.022  -60.030  7.495 0.6000000238
126589  9.326  -60.782  8.840 0.6000000238
18427  8.114  -58.766  9.216 0.6000000238
19218  7.266  -58.289  10.003 0.5000000000
20104  11.654  -57.857  8.064 0.6000000238
18454  12.112  -59.164  7.577 0.6000000238
20105  11.083  -58.148  8.208 0.6000000238
18436  10.248  -59.062  8.335 0.6000000238
18438  8.869  -59.181  8.947 0.6000000238
19217  8.125  -57.951  9.553 0.5000000000
20090  10.653  -57.602  8.688 0.6000000238
20091  9.855  -57.802  9.108 0.6000000238
20058  9.495  -57.157  9.777 0.6000000238
19232  8.788  -58.486  9.098 0.6000000238
19204  9.052  -57.446  10.483 0.6000000238
18405  8.987  -58.375  11.388 0.5000000000
18417  9.850  -58.276  11.036 0.4000000060
7696  18.928  -74.317  4.568 0.6000000238
7668  20.335  -74.560  6.250 0.6999999881
9434  24.495  -71.682  8.800 0.5000000000
9413  25.590  -70.718  9.527 0.5000000000
10030  27.949  -70.655  8.648 0.5000000000
10015  27.398  -70.307  9.334 0.5000000000
8311  9.458  -73.825  4.416 0.6000000238
14412  12.013  -65.287  10.910 0.6000000238
14425  12.219  -64.190  10.814 0.6000000238
13698  9.440  -65.570  10.240 0.6000000238
15183  9.141  -63.328  9.361 0.5000000000
18455  11.521  -59.539  7.712 0.6000000238
127383  10.090  -59.656  8.354 0.6000000238
20059  8.564  -57.349  9.918 0.6000000238
19192  8.037  -57.370  10.925 0.6000000238
2839  26.779  -83.136  -1.007 0.4000000060
3769  25.644  -81.880  -0.122 0.5000000000
4243  26.666  -81.279  -0.812 0.5000000000
3777  26.751  -82.301  -0.761 0.4000000060
3301  26.890  -82.350  -1.111 0.4000000060
3781  26.900  -81.547  -1.593 0.4000000060
3304  26.809  -82.480  -1.401 0.4000000060
120008  26.424  -80.209  -0.639 0.5000000000
139837  25.645  -80.837  -0.333 0.5000000000
3775  27.369  -80.568  -1.645 0.5000000000
128000  27.222  -80.668  -2.108 0.5000000000
3784  26.588  -81.496  -2.278 0.4000000060
4767  27.972  -79.728  -1.480 0.5000000000
4248  27.918  -80.123  -2.165 0.5000000000
4252  27.571  -80.023  -2.450 0.5000000000
4253  26.630  -80.700  -2.504 0.4000000060
126180  25.976  -80.060  -2.683 0.4000000060
4768  27.296  -79.322  -0.926 0.5000000000
5296  28.124  -78.980  -1.747 0.5000000000
5303  28.144  -78.889  -2.369 0.5000000000
4780  28.043  -79.592  -2.459 0.5000000000
4782  26.770  -79.263  -2.719 0.5000000000
126190  24.680  -80.159  -2.628 0.4000000060
7150  20.255  -75.384  0.830 0.5000000000
125820  20.023  -76.386  0.517 0.4000000060
6543  20.844  -76.219  0.337 0.4000000060
6552  21.784  -76.524  -0.065 0.4000000060
5929  21.938  -77.615  -0.622 0.4000000060
118234  22.085  -78.507  -1.128 0.4000000060
5309  27.636  -78.554  -2.672 0.5000000000
119860  22.912  -78.536  -1.559 0.4000000060
139769  22.976  -79.119  -1.871 0.4000000060
129873  23.493  -79.374  -2.113 0.4000000060
5936  27.070  -77.414  -2.546 0.4000000060
5310  26.210  -78.377  -2.645 0.5000000000
4783  24.184  -79.599  -2.403 0.4000000060
122748  25.232  -79.251  -2.631 0.4000000060
7149  21.014  -75.003  0.791 0.4000000060
6551  22.633  -76.753  -0.538 0.4000000060
5928  22.783  -77.734  -1.090 0.4000000060
6560  27.147  -76.338  -2.443 0.4000000060
121093  23.569  -77.735  -1.582 0.4000000060
5311  24.249  -79.030  -2.293 0.4000000060
6561  26.006  -76.581  -2.374 0.4000000060
5937  25.518  -77.492  -2.427 0.4000000060
5933  24.395  -77.613  -2.080 0.4000000060
119648  24.837  -78.375  -2.372 0.4000000060
7736  20.593  -74.416  1.816 0.5000000000
7749  21.220  -74.474  1.262 0.4000000060
7148  21.914  -74.594  0.730 0.4000000060
7757  22.889  -74.446  0.387 0.4000000060
7156  23.529  -75.192  -0.196 0.4000000060
6558  23.435  -76.890  -1.082 0.4000000060
7161  24.109  -75.969  -0.954 0.4000000060
126251  24.664  -76.161  -1.716 0.4000000060
6557  24.175  -76.864  -1.637 0.4000000060
7722  20.620  -74.357  2.098 0.5000000000
7721  21.556  -74.273  1.821 0.5000000000
7706  21.807  -74.746  2.584 0.6000000238
7734  22.262  -74.054  1.330 0.5000000000
7756  23.767  -74.235  -0.003 0.4000000060
7755  24.608  -74.045  -0.403 0.4000000060
7761  25.139  -74.488  -1.157 0.4000000060
7733  23.061  -73.842  1.364 0.4000000060
7705  22.770  -75.022  2.834 0.5000000000
7732  23.908  -73.818  1.570 0.4000000060
8371  24.078  -73.767  0.182 0.4000000060
7718  24.266  -74.316  2.414 0.5000000000
8340  24.715  -73.708  1.768 0.4000000060
8355  24.392  -73.317  1.054 0.4000000060
8364  24.483  -73.442  0.470 0.4000000060
7704  23.750  -74.848  3.219 0.6000000238
7691  23.513  -74.843  4.290 0.6000000238
7717  25.056  -74.135  2.641 0.5000000000
8339  25.526  -73.545  2.015 0.4000000060
8289  23.392  -73.738  6.585 0.5000000000
16004  13.308  -62.007  9.466 0.5000000000
17644  12.477  -60.456  7.839 0.5000000000
19246  12.412  -58.336  7.640 0.5000000000
16844  14.037  -60.825  8.788 0.5000000000
17660  12.682  -59.805  7.557 0.5000000000
135795  12.926  -61.492  8.891 0.5000000000
4242  27.461  -80.377  -1.225 0.5000000000
3776  27.014  -81.404  -1.252 0.5000000000
6542  21.604  -75.493  0.397 0.4000000060
7157  22.535  -75.560  0.098 0.4000000060
6556  24.914  -76.722  -2.177 0.4000000060
7748  22.509  -74.033  0.850 0.4000000060
7747  23.288  -73.905  0.501 0.4000000060
7155  24.375  -74.877  -0.641 0.4000000060
7160  24.842  -75.365  -1.470 0.4000000060
7720  22.417  -74.259  1.870 0.5000000000
8370  24.768  -73.636  -0.118 0.4000000060
7719  23.387  -74.403  2.162 0.5000000000
7703  24.581  -74.485  3.217 0.6000000238
8354  25.148  -73.031  1.127 0.5000000000
7702  25.294  -74.281  3.689 0.5000000000
142388  32.084  -68.488  7.063 0.3000000119
11466  31.016  -68.936  6.902 0.3000000119
10704  30.368  -69.224  7.399 0.3000000119
11446  31.485  -68.447  7.301 0.3000000119
12201  32.156  -67.944  7.640 0.3000000119
12174  34.500  -67.322  8.290 0.3000000119
12175  33.584  -67.337  8.235 0.3000000119
126365  30.834  -69.894  6.036 0.3000000119
10065  30.354  -70.290  6.407 0.4000000060
10066  29.668  -70.748  6.748 0.4000000060
133219  31.688  -68.917  6.663 0.3000000119
10067  28.947  -71.216  7.050 0.4000000060
10730  29.988  -69.996  7.144 0.4000000060
121556  26.876  -71.500  7.997 0.4000000060
8894  24.875  -72.356  7.287 0.4000000060
11445  32.760  -68.362  7.120 0.3000000119
11448  30.099  -68.794  8.093 0.3000000119
10706  28.722  -70.212  8.320 0.4000000060
12988  32.259  -66.755  8.719 0.3000000119
11426  30.523  -68.130  8.324 0.3000000119
9487  29.071  -72.249  5.852 0.4000000060
8928  27.583  -72.873  5.613 0.4000000060
8304  25.367  -73.542  5.372 0.4000000060
8930  25.801  -73.026  5.968 0.4000000060
10074  30.704  -70.423  5.618 0.4000000060
9471  29.418  -71.525  6.314 0.4000000060
8910  28.151  -72.430  6.122 0.4000000060
8913  25.350  -72.639  6.635 0.4000000060
10728  31.318  -69.503  6.125 0.3000000119
9472  28.630  -71.874  6.579 0.4000000060
8912  26.300  -72.463  6.641 0.4000000060
11465  32.425  -68.866  6.543 0.3000000119
9473  27.088  -72.078  7.153 0.4000000060
8914  24.621  -72.867  6.735 0.4000000060
11464  33.249  -68.806  6.538 0.3000000119
135121  27.635  -71.168  8.187 0.4000000060
10691  28.921  -69.460  8.790 0.4000000060
8314  28.238  -73.285  3.976 0.4000000060
8316  26.636  -73.639  4.370 0.4000000060
8941  28.852  -73.006  4.388 0.4000000060
8942  27.972  -73.210  4.793 0.4000000060
8317  25.795  -73.883  4.561 0.4000000060
10775  31.428  -69.917  4.349 0.3000000119
9485  30.572  -71.174  5.077 0.4000000060
11479  33.791  -69.326  5.814 0.3000000119
11480  32.857  -69.347  5.826 0.3000000119
8288  24.213  -73.405  6.246 0.4000000060
11463  34.185  -68.756  6.636 0.3000000119
8327  26.203  -73.917  3.565 0.4000000060
8326  27.037  -73.586  3.361 0.4000000060
118802  29.064  -68.704  9.192 0.3000000119
12155  30.152  -67.655  8.992 0.3000000119
11427  29.773  -68.343  8.753 0.3000000119
8306  23.713  -73.936  5.724 0.4000000060
7690  24.386  -74.543  4.015 0.4000000060
8338  26.443  -73.477  2.434 0.4000000060
10729  30.650  -69.581  6.661 0.3000000119
12176  32.673  -67.353  8.225 0.3000000119
9486  29.883  -71.794  5.475 0.4000000060
10705  29.551  -69.589  7.971 0.4000000060
122862  27.871  -72.078  6.843 0.4000000060
10047  28.383  -71.011  7.799 0.4000000060
9474  26.368  -71.970  7.445 0.4000000060
140322  29.502  -68.983  8.558 0.4000000060
8926  29.460  -72.480  4.926 0.4000000060
8302  27.082  -73.293  5.045 0.4000000060
8929  26.682  -72.922  5.819 0.4000000060
10756  31.206  -69.976  5.322 0.3000000119
8911  27.265  -72.490  6.360 0.4000000060
10755  31.724  -69.746  5.095 0.3000000119
9496  30.245  -71.891  4.444 0.4000000060
10082  31.028  -70.396  4.671 0.3000000119
10754  32.410  -69.557  4.915 0.3000000119
2794  25.158  -84.036  3.766 0.3000000119
2427  24.955  -84.671  3.832 0.3000000119
3256  25.136  -83.352  3.863 0.3000000119
2428  24.164  -84.711  4.096 0.3000000119
3264  25.326  -83.299  3.377 0.3000000119
2426  25.274  -84.622  3.487 0.3000000119
123837  24.985  -82.602  4.018 0.3000000119
3257  24.752  -82.705  4.356 0.3000000119
2795  24.731  -83.676  4.177 0.3000000119
120350  24.832  -81.779  4.151 0.3000000119
3265  25.133  -82.535  3.443 0.3000000119
2812  25.751  -83.922  2.621 0.3000000119
3294  26.323  -82.956  0.013 0.3000000119
3735  24.547  -81.410  5.382 0.3000000119
3248  24.511  -82.166  5.039 0.3000000119
125872  24.709  -81.982  4.627 0.3000000119
2783  24.276  -82.899  4.744 0.3000000119
129411  25.464  -83.194  2.661 0.3000000119
137533  24.862  -81.708  0.696 0.3000000119
3284  25.424  -82.589  0.740 0.3000000119
133291  24.484  -80.891  3.626 0.3000000119
3752  24.752  -81.703  3.191 0.3000000119
4235  24.032  -80.510  1.996 0.3000000119
131917  24.342  -81.124  1.267 0.3000000119
3765  24.835  -82.095  1.475 0.3000000119
4238  24.757  -80.740  0.369 0.3000000119
5297  27.361  -77.941  -1.195 0.4000000060
4769  25.945  -79.388  -0.460 0.4000000060
2050  21.479  -84.997  7.301 0.3000000119
2037  22.445  -85.867  8.763 0.3000000119
2796  23.754  -83.827  4.508 0.3000000119
3240  22.582  -82.089  6.329 0.3000000119
3251  22.066  -82.867  5.803 0.3000000119
2415  21.131  -84.387  6.579 0.3000000119
2060  21.639  -85.202  6.272 0.3000000119
119920  22.388  -86.050  8.007 0.3000000119
3725  24.135  -81.358  6.000 0.3000000119
3250  23.020  -82.549  5.618 0.3000000119
2786  21.933  -83.760  5.301 0.3000000119
2059  22.124  -85.881  6.065 0.3000000119
2049  22.161  -85.812  7.171 0.3000000119
3249  23.950  -82.391  5.402 0.3000000119
2784  23.419  -83.090  5.052 0.3000000119
2421  22.112  -84.704  4.806 0.3000000119
2067  21.971  -85.364  5.266 0.3000000119
2785  22.673  -83.936  4.767 0.3000000119
2077  22.641  -85.567  4.618 0.3000000119
120114  25.830  -83.684  2.008 0.3000000119
3736  24.229  -81.830  5.573 0.3000000119
3758  24.455  -81.482  2.193 0.3000000119
2407  21.135  -84.599  8.192 0.3000000119
1712  23.521  -86.608  4.656 0.3000000119
3239  23.580  -81.896  5.889 0.3000000119
2416  21.280  -83.457  6.163 0.3000000119
138280  22.605  -83.213  5.313 0.3000000119
2422  21.543  -84.495  5.634 0.3000000119
1700  22.597  -86.240  5.323 0.3000000119
4244  25.258  -79.948  -0.168 0.3000000119
117952  29.262  -74.014  -0.819 0.3000000119
7746  28.348  -74.256  -1.361 0.3000000119
7153  27.777  -74.712  -1.496 0.4000000060
122912  28.004  -75.611  -1.985 0.4000000060
6559  27.948  -76.860  -2.369 0.3000000119
5935  28.100  -77.805  -2.351 0.3000000119
7752  28.893  -73.730  -1.168 0.3000000119
7753  28.426  -73.795  -1.277 0.4000000060
7758  27.811  -74.067  -1.446 0.4000000060
7759  26.929  -74.209  -1.609 0.4000000060
8374  26.367  -73.768  -1.165 0.4000000060
7760  25.982  -74.281  -1.488 0.4000000060
7159  25.650  -75.053  -1.785 0.3000000119
7754  25.448  -73.823  -0.747 0.3000000119
7144  30.550  -75.747  0.498 0.3000000119
7145  29.616  -74.711  0.154 0.3000000119
7146  28.651  -74.498  -0.350 0.4000000060
7147  27.797  -74.756  -0.399 0.4000000060
7154  27.700  -75.375  -1.045 0.3000000119
136680  28.051  -77.078  -1.768 0.3000000119
7742  30.810  -74.755  0.339 0.3000000119
8360  30.201  -73.965  -0.025 0.3000000119
7744  29.416  -73.800  -0.713 0.3000000119
8362  29.023  -73.271  -0.931 0.3000000119
8366  28.455  -73.360  -1.169 0.3000000119
8372  27.909  -73.529  -1.267 0.4000000060
8973  28.937  -72.479  0.165 0.3000000119
8974  28.204  -72.337  0.058 0.3000000119
8977  28.600  -72.881  -0.744 0.3000000119
8367  27.878  -73.269  -1.073 0.4000000060
8373  27.190  -73.673  -1.289 0.4000000060
8975  27.519  -72.400  0.085 0.3000000119
8976  26.735  -72.603  0.151 0.4000000060
137559  26.037  -73.063  -0.174 0.4000000060
8960  27.594  -72.460  1.843 0.3000000119
8970  26.614  -72.295  0.965 0.4000000060
118646  25.294  -73.381  -0.130 0.4000000060
8951  28.093  -72.627  2.433 0.3000000119
8353  26.055  -72.879  1.420 0.4000000060
8337  27.379  -73.142  2.473 0.3000000119
5886  30.060  -77.802  2.223 0.3000000119
5899  29.367  -77.768  1.898 0.3000000119
5900  28.491  -77.643  2.163 0.3000000119
5910  27.845  -77.337  2.026 0.3000000119
6537  30.975  -77.115  0.588 0.3000000119
6538  30.166  -76.870  0.843 0.3000000119
6526  29.188  -76.680  1.312 0.3000000119
6528  27.050  -76.267  1.466 0.3000000119
7143  31.432  -75.718  0.663 0.3000000119
126951  31.320  -76.448  0.556 0.3000000119
139073  29.644  -75.734  0.845 0.3000000119
6539  28.707  -75.323  0.919 0.3000000119
7133  27.696  -75.286  0.753 0.3000000119
7134  26.798  -75.533  0.385 0.3000000119
6549  26.712  -75.960  -0.315 0.3000000119
5926  26.967  -76.754  -0.759 0.3000000119
5927  25.661  -77.443  -0.157 0.3000000119
5299  25.008  -78.201  0.038 0.3000000119
7731  31.578  -74.795  1.088 0.3000000119
9523  28.460  -71.727  1.277 0.3000000119
128245  27.172  -72.133  0.748 0.3000000119
140133  29.084  -71.562  1.827 0.3000000119
8959  28.163  -71.898  1.572 0.3000000119
8949  29.474  -72.001  2.752 0.3000000119
8950  28.747  -72.762  3.262 0.3000000119
8325  27.878  -73.266  3.259 0.3000000119
135763  30.768  -77.160  3.217 0.3000000119
119753  30.440  -77.907  1.489 0.3000000119
5909  28.828  -77.516  1.816 0.3000000119
6536  31.678  -77.466  0.566 0.3000000119
5908  29.926  -77.632  1.388 0.3000000119
5293  24.530  -78.636  0.537 0.3000000119
6500  31.371  -76.707  4.006 0.3000000119
5898  31.235  -78.217  1.862 0.3000000119
135338  31.934  -78.645  1.489 0.3000000119
5277  31.490  -78.364  1.066 0.3000000119
133706  30.718  -77.998  1.101 0.3000000119
7142  32.048  -76.789  0.632 0.3000000119
5885  31.642  -77.689  3.170 0.3000000119
5269  32.128  -78.608  2.402 0.3000000119
5292  32.095  -78.462  0.907 0.3000000119
5916  31.893  -78.173  0.647 0.3000000119
5298  26.000  -78.493  -0.446 0.3000000119
5304  28.246  -77.961  -2.082 0.3000000119
7162  27.819  -76.019  -2.261 0.3000000119
7158  26.593  -74.936  -1.938 0.4000000060
8971  25.894  -72.673  0.627 0.4000000060
8940  29.618  -72.440  3.847 0.3000000119
7743  30.065  -74.409  0.031 0.3000000119
7745  28.754  -73.994  -1.236 0.3000000119
122858  27.544  -75.069  -1.840 0.4000000060
7163  27.159  -75.586  -2.269 0.4000000060
121609  26.626  -73.451  -0.870 0.4000000060
139317  30.873  -75.390  0.386 0.3000000119
6548  27.775  -76.139  -1.485 0.3000000119
8351  31.012  -73.962  0.771 0.3000000119
8361  29.650  -73.235  -0.113 0.3000000119
8978  28.040  -72.855  -0.736 0.4000000060
127256  28.697  -72.037  2.271 0.3000000119
6527  28.105  -76.366  1.556 0.3000000119
126846  30.024  -71.364  2.358 0.3000000119
8955  9.824  -72.501  3.449 0.4000000060
2803  25.485  -84.093  3.260 0.3000000119
2847  25.883  -82.908  -2.478 0.5000000000
3276  25.084  -82.381  2.533 0.3000000119
3306  26.586  -82.305  -2.050 0.4000000060
4241  27.973  -80.110  -1.672 0.5000000000
4770  25.075  -79.012  -0.047 0.4000000060
4774  17.353  -78.813  0.099 0.5000000000
4775  28.257  -79.591  -2.030 0.5000000000
4781  27.791  -79.391  -2.654 0.5000000000
5282  17.186  -78.621  1.943 0.5000000000
5283  16.107  -78.326  1.517 0.6000000238
5286  32.101  -78.604  1.179 0.3000000119
5289  17.084  -79.193  0.675 0.6000000238
5290  16.017  -78.377  0.776 0.6000000238
5294  17.063  -78.699  0.269 0.5000000000
5302  17.112  -78.626  0.196 0.6000000238
5305  23.746  -78.568  -1.969 0.4000000060
5906  14.787  -77.313  1.806 0.5000000000
5914  15.205  -77.894  1.180 0.6000000238
5915  14.627  -77.296  1.188 0.5000000000
5917  31.231  -77.925  0.766 0.3000000119
5918  30.589  -77.656  0.894 0.3000000119
5924  15.067  -77.561  0.846 0.6000000238
5925  14.621  -77.155  0.894 0.6000000238
5932  17.911  -78.458  -0.184 0.6000000238
6533  14.674  -76.716  0.948 0.5000000000
6550  23.283  -76.095  -0.487 0.4000000060
6554  28.170  -76.508  -2.178 0.3000000119
6555  25.323  -75.893  -2.047 0.4000000060
7112  22.951  -75.185  3.707 0.6000000238
7125  9.640  -75.632  3.926 0.6000000238
7135  19.382  -75.013  1.524 0.6000000238
7136  18.648  -75.262  1.722 0.6999999881
7141  14.148  -74.479  2.230 0.6000000238
7164  26.283  -75.699  -2.236 0.4000000060
7667  21.145  -74.445  6.465 0.6999999881
7680  22.248  -74.748  5.438 0.6999999881
7684  18.719  -74.401  5.530 0.6999999881
7685  17.932  -74.126  5.618 0.6999999881
7700  9.324  -74.279  3.959 0.5000000000
7707  20.421  -74.527  2.761 0.6000000238
7708  19.741  -74.399  3.202 0.6000000238
7713  9.933  -74.101  3.525 0.5000000000
7723  18.885  -74.169  2.499 0.6999999881
7726  15.635  -74.144  2.421 0.6999999881
7735  21.399  -74.323  1.607 0.5000000000
7737  19.847  -74.491  1.838 0.6000000238
7739  17.246  -74.953  2.274 0.6999999881
7750  20.461  -74.690  1.311 0.5000000000
8255  22.384  -73.189  8.168 0.6999999881
8256  21.556  -73.198  8.502 0.6000000238
8260  17.938  -73.408  8.488 0.6000000238
8271  23.016  -73.396  7.523 0.5000000000
8277  17.515  -73.825  7.865 0.6000000238
8287  24.975  -73.166  6.059 0.4000000060
8292  17.177  -74.107  7.008 0.8000000119
8296  10.768  -73.753  6.120 0.5000000000
8303  26.216  -73.399  5.231 0.4000000060
8315  27.485  -73.462  4.150 0.4000000060
8318  24.928  -74.102  4.720 0.4000000060
8328  19.190  -74.207  2.705 0.6999999881
8329  18.712  -73.901  3.138 0.6000000238
8334  9.442  -73.022  3.578 0.5000000000
8356  23.696  -73.505  0.948 0.4000000060
8357  23.032  -73.735  0.898 0.4000000060
8363  25.243  -73.104  0.442 0.4000000060
8365  23.696  -73.676  0.612 0.4000000060
8368  27.338  -73.388  -1.017 0.4000000060
8369  25.947  -73.474  -0.643 0.4000000060
8855  23.111  -71.680  9.358 0.6000000238
8860  18.724  -72.179  9.276 0.6999999881
8881  18.348  -72.886  8.959 0.6999999881
8882  17.153  -72.312  8.768 0.6000000238
8884  15.874  -72.005  8.231 0.6000000238
8893  25.641  -72.146  7.340 0.4000000060
8898  15.452  -72.431  7.563 0.6999999881
8915  23.909  -73.158  7.035 0.5000000000
8919  11.120  -73.053  6.438 0.5000000000
8927  28.533  -72.791  5.343 0.4000000060
8932  14.296  -71.963  5.461 0.6000000238
8943  16.020  -73.081  3.865 0.6000000238
8945  14.554  -72.076  4.419 0.5000000000
8961  26.927  -72.740  1.689 0.3000000119
8964  13.111  -72.385  2.548 0.5000000000
8969  27.822  -71.816  0.872 0.3000000119
8979  27.378  -72.931  -0.598 0.4000000060
9416  22.639  -71.253  9.557 0.6000000238
9437  16.535  -71.576  8.541 0.6999999881
9452  27.713  -71.598  7.531 0.4000000060
9453  25.102  -71.884  8.057 0.5000000000
9475  13.970  -70.651  6.392 0.6000000238
9488  13.827  -71.214  5.558 0.6999999881
9497  14.599  -72.154  3.723 0.5000000000
9500  9.234  -71.555  4.018 0.5000000000
9510  9.475  -71.868  3.719 0.5000000000
9516  13.328  -71.636  2.835 0.5000000000
9518  11.958  -71.994  3.077 0.5000000000
9981  12.198  -70.232  12.415 0.5000000000
9988  12.692  -70.770  12.079 0.5000000000
10019  24.071  -70.488  9.763 0.6000000238
10020  22.914  -70.734  9.598 0.6000000238
10023  19.855  -70.849  9.100 0.6999999881
10033  19.376  -70.526  8.473 0.6999999881
10035  17.069  -70.784  8.420 0.6999999881
10046  29.219  -70.469  7.521 0.4000000060
10049  19.383  -70.116  7.424 0.6999999881
10054  14.516  -70.414  7.000 0.6999999881
10075  30.176  -71.055  6.003 0.4000000060
10101  12.930  -71.127  2.884 0.5000000000
10637  14.708  -69.082  12.443 0.6000000238
10638  14.027  -69.015  12.732 0.6000000238
10641  11.652  -69.634  12.486 0.5000000000
10651  13.778  -69.790  12.289 0.5000000000
10667  26.192  -68.733  10.304 0.6000000238
10669  14.683  -69.594  11.385 0.6000000238
10680  26.804  -69.886  9.932 0.5000000000
10686  13.489  -69.611  9.795 0.6000000238
10692  28.199  -69.985  9.126 0.5000000000
10693  23.127  -69.400  9.243 0.6000000238
10695  21.424  -69.817  8.504 0.6000000238
10709  21.128  -69.703  7.270 0.6000000238
10712  19.105  -69.780  6.703 0.6000000238
10715  15.711  -69.679  7.192 0.6000000238
10716  14.882  -69.894  7.106 0.6000000238
10718  10.344  -68.836  6.353 0.6000000238
10727  32.050  -69.399  5.912 0.3000000119
10731  22.929  -69.177  5.665 0.5000000000
10733  21.100  -69.716  6.106 0.6000000238
10736  18.737  -69.334  6.009 0.6000000238
10758  22.123  -69.479  5.069 0.6000000238
10759  21.137  -69.471  5.523 0.6000000238
10762  18.267  -68.810  5.725 0.6000000238
10766  9.807  -69.608  4.909 0.5000000000
10776  22.286  -69.359  4.694 0.6000000238
10778  21.183  -69.209  5.170 0.6000000238
10791  10.825  -69.502  4.142 0.6000000238
11367  16.527  -68.078  12.355 0.6999999881
11371  12.564  -68.675  12.781 0.5000000000
11373  11.171  -69.132  12.353 0.5000000000
11381  17.050  -68.287  11.868 0.6999999881
11383  15.723  -68.871  11.910 0.6000000238
11384  11.127  -68.333  12.055 0.6000000238
11407  8.661  -69.028  10.294 0.5000000000
11412  29.291  -67.860  9.537 0.4000000060
11414  27.828  -68.992  10.094 0.4000000060
11421  8.285  -68.622  9.880 0.5000000000
11431  12.200  -68.784  8.359 0.6000000238
11432  11.652  -68.371  7.709 0.6000000238
11444  33.571  -68.320  7.163 0.3000000119
11449  24.025  -68.143  8.006 0.6000000238
11452  10.474  -67.788  6.367 0.6000000238
11468  16.032  -68.290  5.486 0.6000000238
11484  20.446  -68.971  5.223 0.6000000238
11486  18.639  -68.672  5.612 0.6000000238
11490  14.438  -67.197  5.431 0.6000000238
11497  21.861  -69.230  4.688 0.6000000238
11498  15.755  -67.300  4.689 0.6999999881
11499  11.446  -68.056  4.762 0.6000000238
12105  18.142  -67.471  12.141 0.5000000000
12110  13.549  -67.555  12.898 0.5000000000
12111  12.758  -67.865  12.743 0.5000000000
12126  19.219  -67.409  11.274 0.5000000000
12129  12.296  -67.306  12.149 0.5000000000
12131  10.114  -67.634  10.977 0.6000000238
12142  27.947  -67.704  10.434 0.4000000060
12143  27.316  -67.763  10.421 0.4000000060
12146  18.664  -67.630  10.548 0.5000000000
12148  16.970  -68.013  10.256 0.6999999881
12159  25.027  -68.063  9.583 0.4000000060
12161  18.193  -67.218  9.454 0.6000000238
12162  17.279  -67.426  9.512 0.8000000119
12166  13.977  -67.667  9.162 0.6999999881
12184  12.428  -67.087  7.941 0.6999999881
12219  20.330  -67.765  5.974 0.5000000000
12236  11.130  -66.448  5.426 0.6000000238
12237  10.758  -66.885  5.545 0.6000000238
12242  14.815  -66.313  4.647 0.6999999881
12243  11.541  -67.036  5.174 0.6000000238
12912  15.529  -66.612  12.843 0.6000000238
12915  12.940  -67.206  12.430 0.5000000000
12939  11.035  -66.745  11.346 0.6000000238
12951  26.918  -66.593  10.309 0.4000000060
12965  26.381  -66.595  9.949 0.4000000060
12968  20.674  -66.659  9.811 0.6000000238
12970  18.862  -66.680  8.972 0.6000000238
12972  16.747  -66.860  8.869 0.8000000119
12974  8.990  -66.295  10.153 0.5000000000
12987  33.132  -66.734  8.696 0.3000000119
12997  16.234  -66.238  8.223 0.8000000119
12999  14.575  -66.045  8.421 0.6999999881
13000  13.679  -66.167  8.133 0.6999999881
13017  19.501  -66.589  7.815 0.6000000238
13021  14.202  -65.529  7.441 0.6999999881
13023  12.179  -65.344  6.333 0.6999999881
13024  11.396  -65.835  6.217 0.6999999881
13036  16.635  -66.416  5.860 0.6000000238
13040  10.900  -66.397  5.624 0.6000000238
13048  14.700  -65.849  4.720 0.6000000238
13050  12.832  -65.110  4.916 0.6000000238
13052  11.350  -65.852  5.471 0.6999999881
13055  15.402  -66.762  4.654 0.6000000238
13658  18.528  -65.762  12.592 0.5000000000
13659  17.590  -65.439  12.574 0.5000000000
13660  16.604  -65.642  12.579 0.5000000000
13662  14.592  -65.895  12.403 0.5000000000
13681  13.508  -65.539  11.611 0.5000000000
13693  27.995  -65.526  10.637 0.4000000060
13696  10.854  -65.243  10.686 0.6000000238
13697  10.562  -66.086  10.933 0.6000000238
13739  13.793  -65.019  6.275 0.6999999881
13747  15.714  -65.843  5.321 0.6999999881
13749  13.240  -64.805  5.329 0.6000000238
13750  12.459  -64.888  5.341 0.6000000238
13754  14.842  -65.368  5.059 0.6000000238
13755  13.737  -65.060  4.930 0.6000000238
13757  12.332  -65.028  5.126 0.6000000238
14407  16.238  -63.950  12.129 0.4000000060
14427  9.971  -64.948  10.265 0.6000000238
14442  8.242  -64.548  9.189 0.5000000000
14453  7.646  -64.444  8.704 0.5000000000
15151  14.832  -63.534  11.352 0.5000000000
15152  13.965  -63.708  11.221 0.6000000238
15165  13.465  -63.154  10.554 0.6000000238
15181  11.055  -62.923  9.827 0.6000000238
15199  8.604  -62.796  8.969 0.5000000000
15200  7.304  -63.520  8.617 0.5000000000
15909  15.198  -62.482  17.804 0.3000000119
15910  14.776  -62.962  18.065 0.3000000119
15988  15.440  -62.197  10.369 0.6000000238
16003  14.102  -62.005  9.690 0.5000000000
16030  11.764  -61.505  8.698 0.6000000238
16032  10.075  -61.661  8.947 0.6000000238
16034  8.328  -62.497  8.869 0.5000000000
16770  15.825  -61.833  14.750 0.3000000119
16817  15.913  -61.583  10.312 0.5000000000
16829  13.640  -61.484  9.122 0.5000000000
16845  13.093  -60.976  8.440 0.5000000000
16846  11.496  -60.967  8.232 0.6000000238
16849  8.658  -61.188  9.093 0.6000000238
17567  17.202  -61.119  15.877 0.4000000060
17624  16.410  -60.685  10.371 0.5000000000
17634  14.080  -59.941  8.516 0.6000000238
17636  6.249  -59.902  10.736 0.5000000000
17645  11.849  -60.488  7.818 0.6000000238
17647  9.451  -59.868  8.662 0.6000000238
17662  11.534  -60.127  7.700 0.6000000238
18328  18.460  -59.293  17.064 0.3000000119
18365  18.171  -60.083  15.842 0.4000000060
18373  17.871  -59.959  14.958 0.4000000060
18374  17.254  -59.776  14.298 0.4000000060
18381  15.764  -59.471  13.192 0.4000000060
18389  12.979  -59.979  11.821 0.3000000119
18402  12.232  -59.561  11.401 0.3000000119
18425  14.718  -59.398  9.238 0.5000000000
18437  9.490  -59.083  8.666 0.6000000238
18453  12.732  -59.046  7.588 0.5000000000
18456  10.875  -59.797  7.953 0.6000000238
19121  16.943  -58.780  17.576 0.3000000119
19147  19.599  -58.294  16.103 0.3000000119
19205  7.604  -57.629  10.390 0.5000000000
19216  8.971  -57.849  9.340 0.6000000238
19229  13.727  -58.355  8.227 0.6000000238
19230  10.397  -58.329  8.506 0.6000000238
19231  9.580  -58.408  8.849 0.6000000238
19247  11.950  -58.337  7.804 0.6000000238
19248  11.562  -58.708  7.899 0.6000000238
19249  10.964  -58.976  8.023 0.6000000238
19981  15.746  -57.460  16.843 0.3000000119
20026  16.443  -58.044  13.074 0.4000000060
20045  13.360  -56.797  11.328 0.4000000060
20046  12.729  -57.266  11.100 0.4000000060
20057  10.431  -57.038  9.768 0.6000000238
20072  10.311  -57.346  9.338 0.6000000238
20073  9.395  -57.484  9.555 0.6000000238
20087  13.105  -56.752  7.831 0.4000000060
20089  11.774  -56.929  8.154 0.6000000238
20102  12.743  -57.495  7.646 0.5000000000
20103  12.127  -57.557  7.812 0.5000000000
20962  12.175  -55.727  8.873 0.4000000060
20963  11.713  -56.411  8.655 0.4000000060
21859  12.624  -55.130  9.196 0.4000000060
21871  13.039  -55.485  8.556 0.4000000060
118143  16.694  -67.148  5.138 0.6000000238
118524  9.675  -68.239  10.837 0.6000000238
118941  15.089  -66.031  12.659 0.6000000238
119719  12.671  -70.642  9.436 0.5000000000
120364  19.095  -66.986  7.018 0.8000000119
121086  14.913  -60.948  9.420 0.6000000238
121515  9.794  -73.367  5.194 0.5000000000
122015  13.517  -73.050  2.374 0.5000000000
122726  22.832  -72.237  8.985 0.6000000238
122898  11.038  -70.985  3.720 0.6000000238
123031  18.343  -78.885  -0.402 0.4000000060
123082  18.910  -68.429  5.628 0.6000000238
123123  21.875  -74.236  1.185 0.4000000060
123440  21.638  -72.546  9.108 0.6999999881
123717  10.163  -68.639  5.197 0.5000000000
123880  14.530  -76.322  1.507 0.6000000238
124034  14.829  -68.073  13.018 0.6000000238
124371  15.864  -77.836  0.544 0.6000000238
124425  22.226  -69.498  5.547 0.6000000238
124536  13.969  -66.897  12.782 0.5000000000
125203  25.738  -73.950  2.849 0.5000000000
125467  22.225  -70.717  9.486 0.6000000238
125476  10.895  -72.136  3.334 0.5000000000
128475  20.220  -66.525  9.072 0.6000000238
129545  27.123  -79.916  -2.588 0.5000000000
129654  16.844  -67.971  5.192 0.6000000238
130076  17.011  -73.993  5.932 0.6999999881
131401  15.306  -69.194  11.004 0.6000000238
131468  11.614  -63.546  10.347 0.6000000238
131815  13.099  -58.377  7.702 0.5000000000
132276  27.364  -72.075  1.196 0.3000000119
132620  7.263  -65.025  8.367 0.5000000000
133051  11.320  -56.895  10.061 0.4000000060
133212  9.088  -71.854  4.352 0.5000000000
133314  17.569  -64.536  12.426 0.6000000238
133727  15.729  -68.177  12.608 0.6000000238
133788  22.979  -84.795  4.358 0.3000000119
134840  12.207  -66.103  11.258 0.6000000238
135368  21.048  -74.459  2.382 0.5000000000
135386  13.769  -74.097  2.444 0.5000000000
135408  21.352  -66.170  8.898 0.6000000238
135594  16.706  -68.150  5.253 0.6999999881
136672  9.484  -70.958  4.309 0.5000000000
136879  11.268  -57.474  8.357 0.6000000238
138067  28.617  -67.600  10.194 0.4000000060
138079  26.810  -73.091  -0.547 0.4000000060
138461  24.787  -73.190  0.741 0.4000000060
138721  24.284  -80.915  2.785 0.3000000119
138843  17.344  -78.294  -0.174 0.6000000238
139351  34.102  -68.323  7.194 0.3000000119
139758  30.956  -77.699  2.507 0.3000000119
140153  28.316  -71.570  7.175 0.4000000060
140333  10.240  -60.417  8.406 0.6000000238
140921  28.202  -77.225  -2.170 0.3000000119
141168  8.873  -64.064  9.462 0.5000000000
141292  18.120  -68.079  11.102 0.5000000000
141295  17.968  -73.452  4.293 0.6999999881
141959  14.705  -56.489  16.334 0.3000000119
141962  15.185  -72.675  6.819 0.8000000119
142377  15.547  -69.030  11.405 0.6000000238
142592  14.784  -61.975  9.877 0.6000000238
142792  14.542  -68.593  12.808 0.6000000238
142932  14.146  -69.921  11.723 0.6000000238
142985  16.496  -73.780  6.750 0.6999999881
