#!ascii label  , from subject sub-v2s18x29524_ses-1 vox2ras=TkReg
1514
5276  17.390  -71.912  -11.275 0.5000000000
14296  12.472  -61.197  -5.846 0.6000000238
15304  12.737  -60.632  -6.706 0.6000000238
14311  10.605  -62.170  -7.179 0.6000000238
14309  12.112  -60.957  -6.992 0.6999999881
14310  11.347  -61.458  -7.460 0.6000000238
15312  13.284  -59.486  -7.723 0.6999999881
15314  11.840  -60.656  -8.063 0.6000000238
9023  16.452  -66.878  -9.183 0.5000000000
9844  16.346  -65.575  -12.400 0.6000000238
9841  16.419  -65.120  -11.545 0.6000000238
135186  16.496  -66.608  -9.901 0.5000000000
130011  16.498  -66.763  -13.498 0.5000000000
9851  16.102  -66.427  -13.146 0.4000000060
9038  16.281  -66.319  -11.638 0.5000000000
126161  16.431  -66.955  -10.539 0.6000000238
131267  12.420  -66.384  -9.628 0.5000000000
137889  18.398  -70.797  -14.457 0.4000000060
9813  11.446  -66.314  -8.217 0.5000000000
126795  11.939  -67.020  -9.694 0.5000000000
10590  11.805  -65.354  -6.098 0.6000000238
13288  12.097  -62.740  -4.819 0.6000000238
14295  13.169  -61.079  -5.055 0.6000000238
15291  13.709  -60.436  -5.434 0.6999999881
13303  12.011  -61.916  -5.377 0.6000000238
118053  13.624  -60.168  -6.237 0.6999999881
17380  15.807  -58.433  -6.717 0.6000000238
16362  14.490  -59.295  -6.540 0.6999999881
124358  16.369  -57.993  -7.237 0.6000000238
17381  14.896  -58.621  -7.300 0.6000000238
16369  14.078  -59.081  -7.530 0.6999999881
18456  16.097  -57.485  -7.732 0.6999999881
14325  11.226  -60.982  -8.634 0.6000000238
9819  16.096  -66.449  -8.143 0.5000000000
9834  16.381  -65.856  -9.637 0.6000000238
136290  16.295  -66.358  -8.808 0.5000000000
10648  16.671  -64.905  -12.799 0.6000000238
11483  16.803  -64.058  -12.474 0.6999999881
133173  16.498  -65.923  -10.573 0.6000000238
9046  17.780  -67.004  -13.597 0.4000000060
11406  13.070  -64.886  -5.739 0.5000000000
10589  12.505  -65.236  -6.591 0.5000000000
5889  18.123  -71.353  -13.541 0.5000000000
11407  12.299  -64.927  -5.342 0.5000000000
14270  14.061  -62.110  -3.516 0.6999999881
12320  12.541  -63.612  -4.440 0.6000000238
14280  14.263  -61.400  -3.676 0.6999999881
14281  13.431  -61.802  -4.055 0.6000000238
13287  12.891  -62.734  -4.154 0.6000000238
15278  13.891  -60.871  -4.476 0.6999999881
14282  12.604  -61.867  -4.777 0.6000000238
129725  14.346  -60.108  -4.915 0.6999999881
17365  16.167  -58.792  -5.603 0.6000000238
16349  15.440  -59.266  -5.193 0.6000000238
17379  16.735  -58.363  -6.517 0.6000000238
16350  14.766  -59.497  -5.457 0.6000000238
18455  17.468  -57.569  -7.773 0.6000000238
18474  16.817  -57.119  -7.993 0.6999999881
17425  12.322  -59.078  -8.296 0.6999999881
15324  10.979  -60.650  -8.857 0.5000000000
125452  14.899  -58.099  -7.957 0.6999999881
114190  13.690  -58.921  -7.949 0.6999999881
15323  11.499  -60.347  -8.587 0.6000000238
12394  15.304  -62.789  -10.367 0.5000000000
10634  15.475  -64.335  -9.833 0.5000000000
10621  14.971  -64.744  -9.351 0.5000000000
12402  16.073  -62.544  -11.329 0.6999999881
10633  15.870  -64.054  -10.333 0.6000000238
11484  17.918  -64.605  -13.035 0.5000000000
11482  17.617  -64.088  -12.631 0.6999999881
11480  16.539  -63.125  -11.863 0.6999999881
119727  16.340  -63.891  -11.694 0.6000000238
10643  16.315  -64.706  -10.588 0.6000000238
9045  18.932  -67.126  -13.623 0.4000000060
9850  17.538  -65.874  -13.400 0.4000000060
10650  17.512  -65.132  -13.223 0.5000000000
119006  13.720  -64.608  -6.383 0.5000000000
12304  14.144  -63.443  -3.704 0.5000000000
12318  14.243  -63.992  -4.069 0.5000000000
11395  12.958  -64.439  -4.637 0.5000000000
122843  15.928  -60.829  -3.140 0.6000000238
13273  13.668  -62.753  -3.689 0.5000000000
16320  15.967  -60.034  -3.802 0.6999999881
17349  17.923  -59.003  -4.625 0.6000000238
16333  16.804  -59.665  -3.929 0.6999999881
15277  14.629  -60.571  -4.040 0.6999999881
17363  18.517  -58.536  -5.934 0.6000000238
16348  17.053  -58.983  -4.771 0.6000000238
125119  16.064  -59.382  -4.573 0.6999999881
17424  19.728  -57.579  -8.245 0.6999999881
123828  17.699  -58.369  -6.479 0.6000000238
122459  17.088  -58.623  -5.754 0.6000000238
126206  20.216  -55.948  -8.416 0.6000000238
18471  19.321  -57.135  -8.460 0.6999999881
17400  17.995  -58.004  -7.385 0.6999999881
21705  20.584  -53.384  -7.497 0.6000000238
20642  19.362  -55.583  -8.114 0.6000000238
18472  18.511  -57.107  -8.371 0.6999999881
136848  11.317  -58.586  -7.343 0.6000000238
20643  18.553  -55.661  -8.023 0.6999999881
17403  13.693  -58.523  -7.925 0.6999999881
17405  11.561  -59.054  -8.124 0.6000000238
21706  19.723  -53.363  -7.308 0.6999999881
21724  19.454  -54.379  -7.638 0.6000000238
20623  18.688  -54.680  -7.607 0.8000000119
20644  17.191  -55.722  -7.800 0.6999999881
18475  15.900  -57.026  -8.034 0.6999999881
116278  14.522  -57.710  -7.930 0.6999999881
11469  14.801  -63.413  -9.885 0.6000000238
13366  17.509  -61.831  -11.091 0.6999999881
120663  17.304  -61.720  -10.485 0.6999999881
12403  15.659  -62.392  -10.857 0.6000000238
11479  18.333  -63.758  -11.919 0.5000000000
12407  18.091  -62.892  -11.476 0.6999999881
9042  18.996  -66.294  -13.026 0.4000000060
10649  18.137  -65.343  -13.247 0.5000000000
11405  14.533  -64.307  -5.543 0.5000000000
11421  13.502  -64.539  -8.069 0.5000000000
11393  14.962  -64.026  -4.572 0.5000000000
13271  15.483  -62.297  -2.979 0.6000000238
15263  18.125  -60.654  -3.056 0.6000000238
14257  16.390  -61.522  -2.777 0.6999999881
14269  14.793  -61.991  -3.160 0.6999999881
16317  18.376  -59.975  -3.527 0.6999999881
16319  16.697  -60.383  -3.334 0.6999999881
17362  19.440  -58.719  -5.379 0.6000000238
16331  18.527  -59.346  -4.156 0.6000000238
16332  17.694  -59.453  -4.022 0.6999999881
18469  21.064  -57.351  -8.789 0.6999999881
17423  20.442  -57.779  -8.284 0.6999999881
17377  19.361  -58.282  -7.033 0.6999999881
19523  11.646  -56.842  -5.712 0.6000000238
132193  21.387  -55.937  -8.542 0.6000000238
19546  21.285  -56.607  -8.823 0.6999999881
17378  18.565  -58.289  -6.852 0.6999999881
117465  21.609  -51.279  -7.076 0.6000000238
22863  21.136  -52.741  -7.408 0.6000000238
22878  21.440  -53.601  -7.661 0.6000000238
20641  20.852  -55.342  -8.152 0.6000000238
123326  20.531  -56.691  -8.682 0.6999999881
18439  12.190  -57.449  -6.403 0.6000000238
23983  20.997  -52.010  -7.069 0.6000000238
21723  20.300  -54.328  -7.720 0.6000000238
20626  15.721  -54.742  -7.135 0.6999999881
19521  14.552  -55.846  -7.131 0.6000000238
18458  13.546  -57.893  -7.784 0.6999999881
117583  12.124  -58.557  -7.843 0.6000000238
25116  21.258  -51.572  -6.830 0.5000000000
23973  20.518  -52.322  -6.826 0.6000000238
22851  19.550  -52.874  -6.985 0.8000000119
136122  18.630  -53.671  -6.953 0.8000000119
21709  17.493  -54.324  -7.036 0.8000000119
125788  17.122  -54.813  -7.343 0.8000000119
19533  15.946  -55.750  -7.571 0.6999999881
19535  14.781  -56.793  -7.805 0.6999999881
21707  18.936  -53.581  -7.129 0.8000000119
20624  17.874  -55.067  -7.622 0.8000000119
131255  16.277  -61.956  -10.258 0.6999999881
12381  15.494  -62.851  -9.182 0.6999999881
12367  15.739  -63.052  -8.062 0.6999999881
11453  13.982  -63.943  -9.587 0.6000000238
11467  17.955  -63.334  -9.862 0.6999999881
125166  14.561  -63.557  -8.988 0.6000000238
11476  18.267  -63.533  -10.913 0.6000000238
11437  14.058  -64.012  -8.515 0.5000000000
11404  15.374  -63.859  -6.233 0.5000000000
25084  12.187  -50.688  -3.343 0.6000000238
135901  15.203  -64.036  -5.348 0.5000000000
25092  12.408  -51.108  -3.887 0.5000000000
134750  15.741  -63.626  -4.147 0.5000000000
22820  13.031  -52.572  -4.466 0.6000000238
14256  17.739  -61.885  -2.854 0.6999999881
13270  16.641  -62.708  -3.170 0.6000000238
16316  19.221  -59.869  -3.734 0.6999999881
15256  17.159  -61.413  -2.768 0.6999999881
21684  12.740  -54.169  -5.124 0.6000000238
17361  20.449  -58.809  -5.458 0.6999999881
16330  19.329  -59.268  -4.436 0.6000000238
18479  21.943  -57.028  -9.031 0.6999999881
17422  21.381  -57.957  -8.396 0.6999999881
127364  20.270  -58.319  -7.019 0.6999999881
135994  12.661  -55.802  -5.626 0.6000000238
20602  12.701  -55.112  -5.445 0.6000000238
19545  22.160  -56.235  -8.735 0.6000000238
17397  20.771  -58.217  -7.775 0.6999999881
20613  14.237  -54.683  -6.441 0.6000000238
19512  11.987  -55.928  -5.388 0.6000000238
22876  23.222  -53.283  -7.917 0.6000000238
21721  22.072  -54.278  -7.877 0.6000000238
21697  14.921  -54.042  -6.287 0.6999999881
19522  13.696  -56.109  -6.654 0.6000000238
132037  12.698  -56.469  -5.961 0.6000000238
23982  21.768  -52.064  -7.424 0.6000000238
21678  19.011  -54.213  -6.343 0.6000000238
20610  17.625  -54.583  -6.493 0.6000000238
132728  16.135  -54.383  -6.935 0.6999999881
20612  15.029  -54.589  -6.912 0.6000000238
18438  13.185  -57.194  -6.953 0.6000000238
122655  19.762  -54.005  -6.265 0.6000000238
123129  17.995  -54.161  -6.851 0.8000000119
21691  19.809  -53.010  -6.682 0.6000000238
21693  18.556  -53.697  -6.900 0.6999999881
21710  16.763  -54.400  -6.974 0.8000000119
12379  17.319  -62.335  -8.765 0.6999999881
130323  17.062  -62.120  -8.770 0.6999999881
12366  16.740  -62.628  -7.506 0.6999999881
11451  17.668  -63.176  -8.761 0.6999999881
12393  17.589  -62.216  -9.758 0.6999999881
12353  16.066  -63.236  -7.006 0.6000000238
12368  15.027  -63.687  -7.578 0.6000000238
127042  14.323  -51.542  -1.750 0.6000000238
136492  12.350  -51.432  -2.009 0.6000000238
136344  13.780  -51.136  -2.361 0.6000000238
25071  12.737  -50.794  -2.586 0.6000000238
127912  15.899  -63.650  -5.216 0.6000000238
25069  13.752  -51.375  -2.830 0.5000000000
13268  18.309  -62.300  -3.350 0.6999999881
13269  17.464  -62.533  -3.233 0.6999999881
21656  14.783  -54.017  -3.050 0.4000000060
23938  13.307  -51.865  -3.798 0.5000000000
14267  19.900  -60.549  -3.730 0.6999999881
118225  19.476  -61.256  -3.481 0.8000000119
22819  13.943  -53.876  -3.784 0.5000000000
16328  21.033  -59.472  -4.975 0.6000000238
15262  18.985  -60.581  -3.309 0.6999999881
21666  13.987  -54.231  -4.540 0.6000000238
17375  21.407  -58.555  -6.700 0.6999999881
17360  21.286  -58.966  -5.724 0.6999999881
20599  14.857  -54.557  -5.498 0.6999999881
116172  13.906  -54.172  -5.356 0.6000000238
19544  23.106  -56.267  -8.958 0.6999999881
18478  22.680  -57.327  -9.265 0.6999999881
20598  16.388  -55.399  -5.660 0.5000000000
21698  14.322  -54.140  -5.813 0.6000000238
21718  24.718  -54.047  -8.360 0.6000000238
21719  23.386  -54.857  -8.321 0.6000000238
21681  15.028  -54.013  -6.319 0.6999999881
123578  23.809  -54.097  -8.171 0.6000000238
128952  22.633  -54.839  -8.126 0.6000000238
20596  18.092  -55.404  -5.799 0.5000000000
21680  15.745  -54.398  -6.327 0.6000000238
23990  22.682  -52.310  -7.774 0.6000000238
125057  20.542  -54.827  -5.754 0.6000000238
20594  19.770  -55.244  -5.733 0.5000000000
20611  16.798  -54.609  -6.516 0.6999999881
20593  21.197  -54.540  -5.691 0.6000000238
13331  17.178  -62.494  -7.937 0.6999999881
115781  17.204  -62.725  -7.201 0.6999999881
12352  16.897  -62.851  -6.728 0.6000000238
136028  16.278  -63.373  -6.185 0.6000000238
23900  14.509  -52.084  -1.182 0.4000000060
23914  12.710  -51.891  -1.641 0.5000000000
12316  17.588  -63.186  -4.354 0.6000000238
23924  15.060  -52.089  -1.782 0.5000000000
23915  11.780  -52.031  -1.981 0.6000000238
12315  18.336  -63.040  -4.605 0.6999999881
13285  18.790  -62.652  -3.986 0.6999999881
12317  16.770  -63.368  -4.553 0.6000000238
22802  15.131  -52.794  -2.352 0.5000000000
15274  21.133  -60.647  -4.505 0.6999999881
20559  15.861  -55.222  -2.982 0.4000000060
16384  23.072  -58.803  -8.387 0.6999999881
17374  22.356  -58.924  -6.906 0.6999999881
16345  22.287  -59.857  -5.774 0.6999999881
20567  15.101  -55.008  -3.550 0.6000000238
122856  24.623  -56.646  -9.277 0.6999999881
17430  23.509  -58.174  -9.672 0.6999999881
16360  22.018  -59.247  -6.089 0.6999999881
19484  16.877  -56.464  -4.021 0.5000000000
20582  15.247  -55.420  -4.509 0.5000000000
20637  24.704  -55.721  -8.856 0.6000000238
128870  23.927  -56.394  -9.218 0.6999999881
18477  23.420  -57.582  -9.582 0.6999999881
17421  22.392  -58.200  -8.584 0.6999999881
20566  16.108  -55.990  -4.555 0.5000000000
22874  25.013  -53.201  -8.177 0.5000000000
124901  25.169  -54.789  -8.577 0.6000000238
20638  23.733  -55.613  -8.724 0.6000000238
12350  18.145  -63.118  -6.377 0.6999999881
12351  17.596  -62.993  -6.459 0.6999999881
22784  14.983  -52.707  -0.567 0.4000000060
118832  19.391  -63.012  -5.467 0.6999999881
118248  17.679  -63.178  -5.258 0.6999999881
23901  13.303  -52.646  -1.162 0.4000000060
13302  19.152  -62.828  -4.831 0.6999999881
22795  11.363  -53.157  -1.716 0.6000000238
135772  20.500  -61.673  -4.355 0.8000000119
13284  19.574  -62.368  -4.262 0.6999999881
14293  22.213  -61.020  -5.443 0.6000000238
15290  21.616  -60.974  -4.786 0.6000000238
123624  11.187  -55.589  -2.677 0.6000000238
16368  22.958  -59.392  -7.399 0.6999999881
15301  22.968  -59.990  -6.785 0.6999999881
15289  22.061  -60.379  -5.307 0.6000000238
17429  24.125  -57.925  -9.955 0.6000000238
116401  25.338  -56.229  -8.807 0.6000000238
122135  11.844  -57.893  -3.412 0.5000000000
20636  25.561  -55.396  -8.574 0.6000000238
121965  26.153  -53.993  -8.211 0.5000000000
13301  19.876  -62.652  -5.061 0.6999999881
22785  13.241  -53.603  -0.617 0.4000000060
13300  20.646  -62.480  -5.321 0.8000000119
22787  11.851  -53.712  -1.091 0.5000000000
14307  22.523  -61.155  -6.269 0.8000000119
20551  11.492  -54.760  -0.872 0.4000000060
21629  12.268  -54.188  -0.505 0.4000000060
14294  21.747  -61.503  -5.211 0.6999999881
135576  11.874  -56.066  -1.694 0.4000000060
21646  11.085  -54.403  -1.772 0.5000000000
17428  25.040  -57.937  -9.686 0.6000000238
17420  23.472  -58.792  -9.336 0.6000000238
16383  23.393  -59.487  -8.472 0.6999999881
19462  11.715  -55.690  -0.938 0.4000000060
19542  25.929  -56.837  -8.032 0.6000000238
19553  24.577  -57.341  -9.611 0.6000000238
17341  12.342  -58.738  -3.153 0.4000000060
18409  11.909  -57.115  -3.015 0.6000000238
126024  25.906  -55.906  -8.320 0.6000000238
21704  26.578  -54.535  -7.902 0.5000000000
22862  26.780  -53.655  -7.768 0.5000000000
21628  13.113  -54.391  -0.056 0.4000000060
13316  20.966  -62.835  -6.169 0.8000000119
21616  12.237  -54.806  0.108 0.4000000060
14308  22.056  -61.708  -5.833 0.6999999881
21617  11.751  -54.862  -0.215 0.4000000060
15321  23.523  -60.316  -8.727 0.6000000238
15311  22.932  -60.564  -6.883 0.6999999881
116512  24.500  -58.693  -10.102 0.6000000238
114042  23.803  -59.580  -9.797 0.6000000238
19450  11.930  -56.539  -0.513 0.4000000060
18397  12.508  -57.725  -1.938 0.4000000060
126716  26.460  -56.042  -7.591 0.6000000238
17337  12.561  -58.550  -2.311 0.4000000060
20622  26.966  -55.251  -7.494 0.4000000060
129123  13.859  -54.597  0.336 0.4000000060
14324  22.651  -61.432  -7.257 0.6999999881
20527  13.048  -55.230  0.629 0.4000000060
120628  23.647  -60.793  -10.003 0.6999999881
14323  23.176  -60.884  -7.884 0.6000000238
20540  11.689  -55.565  0.030 0.4000000060
17419  25.762  -58.514  -8.882 0.6000000238
16396  24.324  -59.588  -10.275 0.6000000238
18372  12.308  -57.492  -1.109 0.4000000060
19532  26.763  -56.821  -7.236 0.6000000238
17318  12.179  -58.079  -0.784 0.3000000119
125435  27.298  -56.025  -6.994 0.4000000060
20621  27.790  -55.259  -7.065 0.4000000060
19530  28.168  -56.035  -6.871 0.4000000060
133975  11.737  -56.157  0.798 0.4000000060
19437  11.643  -56.538  0.491 0.4000000060
17418  26.484  -58.565  -8.186 0.6000000238
18451  27.345  -57.548  -7.223 0.6000000238
17417  27.481  -58.850  -8.060 0.6000000238
132419  28.490  -56.735  -7.074 0.4000000060
18449  29.121  -57.220  -7.492 0.5000000000
20619  29.555  -55.262  -7.537 0.4000000060
17308  8.853  -58.656  -0.678 0.3000000119
122619  30.013  -55.954  -7.752 0.4000000060
134256  13.599  -56.192  3.314 0.4000000060
18319  9.801  -57.344  2.405 0.3000000119
18375  7.005  -58.293  -1.401 0.4000000060
20446  14.388  -55.375  4.270 0.4000000060
20447  12.560  -55.912  4.322 0.4000000060
118498  10.014  -56.563  3.710 0.3000000119
19359  10.645  -56.472  4.134 0.3000000119
131676  8.380  -56.999  1.596 0.3000000119
18342  8.730  -57.542  1.000 0.3000000119
19419  7.887  -57.126  0.426 0.3000000119
21554  13.800  -55.010  4.829 0.4000000060
21555  12.942  -55.202  4.825 0.4000000060
19357  11.992  -56.674  3.934 0.4000000060
19396  9.314  -56.782  3.048 0.3000000119
19397  8.500  -56.609  2.428 0.3000000119
126281  4.482  -54.294  -0.941 0.4000000060
127787  3.569  -53.541  -0.868 0.3000000119
23903  4.032  -52.837  -0.664 0.3000000119
19398  7.826  -56.369  1.649 0.3000000119
19420  7.372  -56.400  0.546 0.3000000119
21537  13.262  -54.453  5.226 0.4000000060
20448  11.712  -55.851  4.512 0.4000000060
20449  10.802  -55.723  4.547 0.3000000119
20450  10.110  -55.329  4.459 0.3000000119
20468  8.730  -55.344  3.790 0.3000000119
20530  5.961  -55.638  -0.835 0.3000000119
20488  8.146  -55.376  3.076 0.3000000119
22773  4.836  -53.525  -0.507 0.3000000119
20489  7.649  -55.502  2.225 0.3000000119
23890  5.375  -52.349  0.092 0.4000000060
23902  4.706  -51.988  -0.222 0.3000000119
25026  6.119  -50.965  -0.100 0.3000000119
25044  5.085  -50.938  -0.127 0.3000000119
21556  11.441  -54.975  4.860 0.4000000060
21557  10.538  -54.862  4.640 0.4000000060
21558  9.754  -54.705  4.409 0.3000000119
21619  5.303  -54.294  -0.560 0.4000000060
21568  8.969  -54.621  4.124 0.3000000119
21600  6.767  -53.936  1.155 0.3000000119
22772  5.529  -53.513  0.030 0.4000000060
22755  6.245  -53.120  0.641 0.4000000060
25043  5.998  -50.282  -0.221 0.3000000119
22718  11.627  -54.020  4.829 0.4000000060
123713  10.974  -54.295  4.643 0.4000000060
128100  9.387  -54.089  4.215 0.4000000060
22732  8.750  -53.709  3.651 0.4000000060
21569  8.335  -54.564  3.473 0.3000000119
22741  7.418  -53.805  2.094 0.3000000119
22754  7.016  -52.936  1.441 0.3000000119
23882  7.420  -52.020  1.273 0.3000000119
25024  8.171  -50.900  0.713 0.5000000000
23883  6.506  -52.018  0.681 0.4000000060
25025  7.055  -50.907  0.227 0.4000000060
27205  6.914  -49.034  -0.063 0.3000000119
23844  11.612  -52.903  4.554 0.4000000060
22730  10.299  -53.142  4.139 0.4000000060
23854  9.111  -52.700  3.269 0.3000000119
133464  8.811  -52.179  2.548 0.3000000119
25012  9.844  -50.511  1.621 0.3000000119
26108  10.613  -49.128  1.039 0.3000000119
22740  8.021  -53.742  2.918 0.3000000119
23865  8.390  -52.918  2.847 0.3000000119
25013  8.952  -51.360  1.732 0.3000000119
25023  9.113  -50.310  0.772 0.3000000119
26129  9.644  -49.043  0.317 0.3000000119
23881  8.185  -52.088  1.997 0.3000000119
26130  8.634  -49.383  -0.039 0.3000000119
25042  6.733  -49.888  -0.386 0.3000000119
27188  6.873  -49.121  0.935 0.3000000119
23828  14.569  -52.496  5.681 0.3000000119
23842  13.187  -52.182  5.205 0.3000000119
23843  12.452  -52.580  4.871 0.3000000119
24996  11.553  -51.112  3.422 0.3000000119
26087  11.943  -49.937  2.551 0.3000000119
120406  11.277  -51.959  4.022 0.3000000119
129501  10.725  -50.986  2.713 0.3000000119
24998  10.254  -51.294  2.676 0.3000000119
25011  10.685  -50.296  2.072 0.3000000119
26128  10.333  -48.341  0.644 0.3000000119
27202  9.397  -48.146  0.040 0.3000000119
26146  8.207  -48.557  -0.437 0.3000000119
28225  8.523  -48.244  -0.312 0.3000000119
26147  7.269  -49.089  -0.446 0.3000000119
27204  7.803  -48.407  0.142 0.3000000119
24960  15.688  -51.194  5.809 0.3000000119
24978  13.452  -50.952  4.663 0.3000000119
24979  12.678  -51.457  4.476 0.3000000119
24995  12.282  -50.691  3.537 0.3000000119
26106  12.301  -48.554  1.781 0.3000000119
28222  10.098  -48.069  0.646 0.3000000119
125172  10.032  -47.933  0.759 0.3000000119
28203  9.293  -48.119  0.917 0.3000000119
26110  7.105  -49.918  2.218 0.3000000119
27182  12.482  -47.954  1.642 0.3000000119
27183  11.884  -48.114  1.388 0.3000000119
27185  10.176  -48.071  1.611 0.3000000119
127029  9.272  -48.775  2.111 0.3000000119
27187  7.700  -49.007  1.431 0.3000000119
27173  8.817  -49.767  2.875 0.3000000119
28200  12.342  -47.830  1.736 0.3000000119
28201  11.624  -47.953  1.513 0.3000000119
27184  11.158  -47.832  1.801 0.3000000119
27168  13.352  -47.779  2.356 0.3000000119
28184  12.636  -47.540  2.296 0.3000000119
28185  11.988  -47.623  1.996 0.3000000119
27170  11.451  -48.069  2.715 0.3000000119
27171  10.560  -48.531  2.746 0.3000000119
27172  9.669  -49.252  2.873 0.3000000119
26089  9.204  -50.352  3.751 0.3000000119
5879  17.758  -71.529  -12.339 0.5000000000
5897  17.463  -71.201  -14.467 0.5000000000
5903  17.883  -70.914  -14.567 0.4000000060
15303  13.229  -60.154  -6.922 0.6999999881
16385  12.998  -59.099  -8.167 0.6999999881
9048  18.260  -68.196  -13.882 0.4000000060
5896  18.528  -71.096  -14.197 0.5000000000
132456  15.614  -63.296  -3.579 0.5000000000
17399  18.809  -57.997  -7.595 0.6000000238
132971  19.983  -61.690  -3.961 0.8000000119
13286  17.965  -62.905  -3.805 0.6999999881
126153  21.452  -60.228  -4.811 0.6000000238
123563  25.527  -53.992  -8.358 0.5000000000
17395  22.600  -58.728  -7.717 0.6999999881
133853  12.273  -57.190  -2.367 0.4000000060
122808  26.610  -52.794  -7.744 0.5000000000
18467  25.796  -57.800  -8.457 0.6000000238
21703  27.357  -54.462  -7.500 0.4000000060
16382  26.147  -59.206  -8.969 0.6000000238
122743  11.388  -57.469  0.543 0.3000000119
19531  27.699  -56.761  -6.902 0.4000000060
18450  28.264  -57.459  -7.216 0.4000000060
20466  13.500  -55.743  4.133 0.4000000060
24961  14.850  -51.419  5.536 0.3000000119
14352  23.861  -61.440  -11.018 0.5000000000
14342  23.270  -61.875  -10.228 0.5000000000
13329  22.192  -62.363  -7.762 0.6999999881
12347  21.275  -63.129  -7.077 0.6999999881
12332  20.093  -63.166  -5.951 0.6000000238
14333  23.307  -61.359  -9.036 0.6000000238
13315  21.637  -62.402  -6.390 0.6000000238
11450  17.901  -64.337  -7.738 0.6000000238
11436  17.584  -62.947  -7.792 0.6000000238
13330  21.718  -63.310  -8.124 0.6999999881
12348  19.914  -64.035  -6.501 0.6000000238
11419  18.570  -63.925  -6.536 0.6000000238
128834  20.658  -63.633  -6.784 0.6999999881
131197  18.074  -63.296  -6.710 0.6000000238
128676  24.714  -61.393  -11.244 0.5000000000
115776  20.554  -65.373  -7.172 0.6999999881
10597  19.683  -65.101  -6.662 0.6999999881
10619  18.233  -65.514  -7.911 0.6000000238
127151  17.916  -64.551  -8.804 0.6000000238
12378  21.729  -64.102  -8.720 0.6000000238
11434  20.628  -64.528  -7.092 0.6999999881
10598  18.890  -64.929  -6.653 0.6000000238
12391  22.767  -63.481  -10.023 0.6000000238
15342  26.495  -61.490  -11.219 0.5000000000
15344  24.447  -60.654  -10.677 0.5000000000
11449  21.973  -64.547  -8.922 0.6999999881
10609  19.222  -65.743  -6.915 0.6000000238
10632  18.215  -64.680  -9.967 0.6000000238
15341  27.667  -61.770  -11.423 0.5000000000
15337  25.836  -60.399  -10.298 0.5000000000
16392  28.500  -60.084  -9.691 0.5000000000
15336  27.034  -60.796  -10.345 0.5000000000
17415  29.500  -59.041  -9.141 0.4000000060
13332  10.138  -62.981  -7.089 0.4000000060
14297  11.685  -61.633  -6.202 0.4000000060
13318  10.636  -62.741  -6.506 0.4000000060
13305  10.997  -63.098  -5.800 0.5000000000
13289  11.530  -63.155  -5.166 0.5000000000
117733  10.560  -63.931  -5.817 0.5000000000
16393  27.480  -60.118  -9.469 0.5000000000
12335  11.312  -63.934  -5.211 0.5000000000
9024  11.395  -68.023  -9.877 0.6000000238
16379  28.810  -59.438  -9.217 0.4000000060
11396  12.067  -64.267  -4.822 0.5000000000
10591  11.037  -65.250  -5.894 0.5000000000
9011  11.712  -67.765  -9.842 0.5000000000
11439  9.236  -64.760  -7.616 0.5000000000
12354  9.984  -63.932  -6.493 0.5000000000
10614  9.373  -65.614  -7.413 0.5000000000
10602  9.837  -65.359  -6.668 0.5000000000
9824  9.215  -66.910  -9.013 0.5000000000
10601  10.524  -65.610  -6.493 0.5000000000
9815  9.646  -66.578  -7.998 0.5000000000
134710  11.086  -67.934  -9.888 0.5000000000
16380  27.897  -59.485  -8.817 0.5000000000
9814  10.683  -66.654  -8.111 0.5000000000
17414  30.899  -58.657  -9.211 0.4000000060
133409  29.359  -58.433  -8.431 0.4000000060
117881  30.119  -58.505  -8.934 0.4000000060
16388  10.581  -60.191  -8.637 0.5000000000
9835  8.817  -67.072  -10.170 0.5000000000
16381  26.997  -59.432  -8.667 0.5000000000
17392  28.853  -58.037  -7.746 0.4000000060
17383  10.815  -58.239  -6.670 0.5000000000
17407  9.581  -58.858  -7.532 0.5000000000
115147  8.996  -59.241  -7.636 0.5000000000
135069  10.276  -59.440  -8.001 0.5000000000
17391  29.700  -57.820  -8.126 0.4000000060
18441  10.225  -57.401  -6.313 0.5000000000
118948  9.383  -57.459  -6.743 0.5000000000
19514  10.128  -56.379  -5.913 0.5000000000
122688  9.210  -56.505  -6.415 0.5000000000
17408  8.640  -58.561  -7.415 0.5000000000
15315  7.808  -60.030  -7.828 0.4000000060
20604  10.135  -55.308  -5.569 0.5000000000
18442  8.598  -57.167  -6.753 0.6000000238
121959  7.616  -58.523  -7.270 0.6000000238
126125  11.872  -54.956  -5.119 0.5000000000
21685  10.768  -54.460  -5.046 0.5000000000
19515  9.393  -55.700  -5.964 0.5000000000
19524  7.964  -56.225  -6.284 0.6000000238
17385  6.958  -57.731  -6.732 0.6000000238
15316  6.481  -59.923  -7.941 0.6000000238
15328  5.844  -60.574  -8.417 0.5000000000
13349  4.593  -61.561  -9.141 0.5000000000
12384  3.621  -62.182  -9.602 0.5000000000
128675  11.756  -54.135  -4.917 0.5000000000
22837  12.221  -53.366  -4.782 0.5000000000
22839  9.773  -53.425  -4.659 0.5000000000
20605  8.901  -54.837  -5.556 0.5000000000
21687  8.320  -54.118  -4.765 0.6000000238
18444  6.255  -56.794  -6.137 0.6000000238
17409  6.336  -58.439  -7.052 0.6000000238
15317  5.068  -59.829  -7.929 0.6000000238
15329  4.439  -60.544  -8.443 0.5000000000
13319  5.865  -62.228  -6.401 0.5000000000
12385  3.114  -62.427  -9.784 0.5000000000
22836  12.956  -53.342  -4.840 0.5000000000
22822  11.553  -52.595  -4.472 0.5000000000
22823  10.300  -52.659  -4.295 0.6000000238
22824  9.179  -52.933  -4.064 0.6000000238
21668  8.291  -53.766  -4.098 0.6000000238
19526  5.907  -56.113  -5.363 0.6000000238
20586  6.330  -55.289  -4.737 0.6000000238
17386  5.698  -57.636  -6.394 0.6000000238
18445  5.571  -57.025  -5.629 0.6000000238
16376  4.530  -59.222  -7.129 0.6000000238
133045  4.265  -59.952  -7.639 0.5000000000
13350  3.517  -61.423  -9.259 0.5000000000
14327  3.479  -60.949  -8.449 0.5000000000
14313  4.010  -60.750  -7.476 0.5000000000
12371  3.024  -62.204  -9.216 0.5000000000
12370  3.695  -62.540  -7.896 0.5000000000
23951  10.880  -51.790  -3.892 0.6000000238
23940  9.537  -52.695  -3.558 0.6000000238
21658  8.297  -53.855  -3.854 0.6000000238
19502  6.808  -55.267  -4.206 0.6000000238
20585  6.663  -54.970  -4.380 0.6000000238
18424  5.708  -56.190  -4.917 0.6000000238
18423  6.429  -56.208  -4.578 0.6000000238
17368  4.694  -58.124  -5.671 0.5000000000
17367  5.115  -57.749  -5.309 0.5000000000
16364  4.334  -59.356  -6.536 0.5000000000
17366  5.705  -58.429  -5.137 0.5000000000
123529  6.723  -59.273  -5.150 0.6000000238
14300  4.446  -60.079  -6.518 0.5000000000
15294  5.357  -60.191  -5.877 0.5000000000
15293  6.460  -60.586  -5.505 0.5000000000
13306  7.355  -62.534  -5.188 0.5000000000
21657  9.081  -53.607  -3.412 0.6000000238
19501  7.794  -55.308  -3.843 0.6000000238
120913  7.781  -56.481  -4.374 0.6000000238
16352  7.005  -60.145  -5.200 0.6000000238
15292  7.295  -60.931  -5.274 0.5000000000
125494  8.913  -54.266  -3.469 0.6000000238
17353  7.227  -58.519  -4.941 0.6000000238
16339  7.894  -59.728  -5.020 0.6000000238
15282  7.891  -60.791  -5.018 0.5000000000
20560  10.728  -54.737  -2.435 0.6000000238
20569  10.269  -55.161  -3.216 0.6000000238
19486  10.272  -56.187  -3.708 0.6000000238
18421  9.155  -57.174  -4.412 0.6000000238
17352  8.360  -58.309  -4.733 0.6000000238
118886  8.996  -59.672  -4.780 0.5000000000
19485  11.230  -56.248  -3.165 0.6000000238
18420  10.192  -57.140  -4.074 0.6000000238
17343  10.964  -57.916  -3.942 0.6000000238
114916  9.164  -58.916  -4.677 0.6000000238
137558  10.472  -59.196  -4.385 0.6000000238
15279  10.584  -60.500  -4.175 0.5000000000
121310  11.890  -59.236  -3.545 0.4000000060
12349  19.129  -63.510  -6.051 0.6000000238
16398  24.935  -60.193  -10.481 0.5000000000
16394  26.544  -59.970  -9.442 0.5000000000
15335  28.113  -60.860  -10.499 0.5000000000
9012  9.983  -67.695  -9.859 0.6000000238
20615  7.196  -55.328  -5.503 0.6000000238
20607  6.781  -54.875  -4.635 0.6000000238
136409  4.550  -58.798  -6.608 0.6000000238
16354  4.605  -59.276  -5.872 0.5000000000
19500  9.242  -56.252  -4.099 0.6000000238
136491  8.564  -56.357  -4.238 0.6000000238
17351  9.950  -58.743  -4.486 0.6000000238
15280  9.750  -60.322  -4.529 0.6000000238
5266  17.567  -72.453  -10.467 0.4000000060
134530  20.053  -72.717  -9.304 0.5000000000
134726  20.094  -72.698  -10.006 0.5000000000
130407  19.231  -72.506  -9.846 0.4000000060
117826  19.282  -72.277  -10.700 0.4000000060
5274  19.538  -72.122  -11.922 0.4000000060
5275  18.433  -71.779  -11.322 0.4000000060
5255  21.902  -72.853  -10.160 0.5000000000
5247  20.524  -72.703  -9.333 0.5000000000
5273  20.549  -72.725  -12.018 0.5000000000
5283  20.183  -72.397  -12.776 0.5000000000
5878  18.770  -71.604  -12.622 0.4000000060
5270  22.887  -72.584  -11.237 0.5000000000
5271  21.968  -72.786  -11.856 0.5000000000
5280  21.419  -72.501  -12.752 0.5000000000
5288  20.178  -71.977  -13.374 0.5000000000
5887  19.630  -71.895  -13.127 0.4000000060
120464  19.805  -71.254  -13.977 0.4000000060
5876  23.398  -72.013  -11.703 0.5000000000
5885  22.162  -72.155  -12.782 0.5000000000
129847  23.164  -70.684  -13.644 0.5000000000
5886  21.442  -71.708  -13.508 0.5000000000
5900  21.128  -70.915  -14.194 0.5000000000
5902  19.073  -71.045  -14.136 0.4000000060
10642  18.420  -64.796  -11.134 0.5000000000
10645  18.486  -64.878  -12.237 0.4000000060
9843  18.655  -65.745  -12.636 0.4000000060
9041  19.465  -67.081  -13.097 0.4000000060
9044  19.495  -67.585  -13.477 0.4000000060
123560  22.737  -70.328  -14.255 0.5000000000
8207  20.285  -68.210  -13.992 0.4000000060
134345  19.412  -69.324  -14.499 0.4000000060
7348  18.857  -70.105  -14.636 0.4000000060
6584  22.955  -69.716  -14.436 0.4000000060
125380  21.716  -70.327  -14.514 0.5000000000
6587  20.009  -70.435  -14.570 0.4000000060
5901  20.296  -70.906  -14.288 0.4000000060
9840  18.520  -66.076  -11.403 0.4000000060
8199  19.883  -68.189  -12.582 0.4000000060
9040  20.009  -68.008  -13.607 0.4000000060
7340  24.407  -68.949  -13.980 0.4000000060
8213  20.904  -68.786  -14.336 0.4000000060
7346  20.542  -69.678  -14.628 0.4000000060
8203  23.813  -68.874  -14.054 0.4000000060
7345  21.962  -69.758  -14.624 0.4000000060
122186  21.349  -69.446  -14.543 0.4000000060
6586  21.013  -70.255  -14.557 0.4000000060
114587  18.373  -66.056  -10.102 0.4000000060
9032  18.716  -67.317  -10.891 0.4000000060
120651  19.307  -68.131  -10.702 0.4000000060
8192  19.796  -68.533  -11.449 0.4000000060
8198  20.556  -68.290  -13.305 0.4000000060
114833  21.352  -68.509  -13.313 0.4000000060
8206  20.990  -68.350  -14.004 0.4000000060
120726  23.228  -68.673  -13.463 0.4000000060
8197  22.249  -68.661  -13.338 0.4000000060
8205  21.923  -68.611  -14.026 0.4000000060
114930  18.259  -65.726  -8.970 0.5000000000
9833  18.453  -66.780  -9.022 0.5000000000
9818  18.530  -66.441  -8.159 0.6000000238
116011  18.552  -67.143  -9.864 0.5000000000
8178  19.933  -68.641  -10.464 0.4000000060
122724  20.345  -68.916  -11.114 0.4000000060
7317  21.619  -69.297  -10.459 0.4000000060
7327  23.163  -69.070  -11.409 0.4000000060
137939  19.282  -67.599  -8.460 0.4000000060
9807  19.583  -66.648  -7.372 0.5000000000
8149  20.262  -68.232  -8.649 0.4000000060
8177  20.689  -69.010  -10.353 0.4000000060
8994  20.206  -67.357  -7.685 0.5000000000
9006  20.810  -67.893  -8.092 0.4000000060
8148  21.013  -68.463  -8.744 0.4000000060
113791  21.905  -68.725  -8.851 0.4000000060
117808  21.277  -65.891  -7.612 0.6000000238
10608  20.081  -66.044  -6.948 0.6000000238
8993  21.068  -67.325  -7.744 0.5000000000
8992  21.980  -67.289  -7.665 0.4000000060
119640  22.197  -62.862  -8.796 0.5000000000
25094  10.872  -51.264  -3.195 0.5000000000
22803  9.841  -52.968  -2.770 0.5000000000
21638  10.963  -53.726  -1.866 0.5000000000
23926  11.084  -51.549  -2.638 0.5000000000
22796  10.602  -53.069  -2.271 0.5000000000
23928  9.729  -52.541  -3.155 0.5000000000
5272  21.275  -72.960  -11.549 0.5000000000
113778  20.059  -72.566  -11.087 0.5000000000
9037  18.937  -66.629  -12.313 0.4000000060
9036  19.307  -67.709  -11.862 0.4000000060
8204  22.801  -68.798  -14.095 0.4000000060
9031  18.996  -67.826  -9.856 0.4000000060
134056  19.547  -68.314  -9.868 0.4000000060
115947  20.543  -68.816  -12.144 0.4000000060
8191  21.622  -68.894  -12.315 0.4000000060
9008  18.834  -67.146  -8.322 0.5000000000
9806  20.582  -66.777  -7.454 0.5000000000
9805  21.474  -66.797  -7.593 0.6000000238
9005  21.731  -68.167  -8.214 0.5000000000
10617  22.577  -65.121  -8.536 0.5000000000
15297  30.482  -60.360  -7.346 0.3000000119
15308  30.200  -60.990  -7.997 0.3000000119
14318  30.491  -61.261  -8.803 0.3000000119
15307  31.136  -60.617  -8.201 0.3000000119
16367  31.197  -60.156  -7.465 0.3000000119
17355  32.281  -58.284  -6.089 0.3000000119
17371  32.620  -58.784  -6.890 0.3000000119
15309  29.230  -61.202  -7.617 0.3000000119
14332  28.676  -62.219  -8.892 0.4000000060
13338  28.852  -62.398  -9.591 0.4000000060
15298  29.596  -60.568  -7.085 0.3000000119
13351  28.719  -62.299  -10.314 0.4000000060
13337  29.278  -62.187  -9.702 0.4000000060
14349  27.101  -62.070  -11.579 0.4000000060
14351  24.588  -62.005  -11.614 0.4000000060
16357  30.722  -59.711  -6.830 0.3000000119
14329  30.291  -61.380  -9.143 0.3000000119
15340  28.478  -61.668  -10.786 0.4000000060
16365  32.863  -59.404  -8.004 0.3000000119
15332  30.464  -61.038  -9.301 0.3000000119
113943  26.159  -62.568  -8.218 0.4000000060
12362  25.252  -62.941  -8.490 0.4000000060
12389  23.950  -63.652  -10.324 0.4000000060
12390  23.328  -63.560  -10.251 0.4000000060
14321  27.877  -61.888  -7.946 0.4000000060
115135  26.954  -62.476  -9.124 0.4000000060
13340  25.972  -62.725  -9.282 0.4000000060
12388  24.795  -63.346  -10.384 0.4000000060
12405  24.435  -63.003  -11.339 0.4000000060
15299  28.694  -60.776  -6.747 0.3000000119
13352  27.926  -62.452  -10.221 0.4000000060
13364  26.353  -62.456  -11.235 0.4000000060
13356  22.875  -62.782  -10.281 0.4000000060
16358  29.024  -60.065  -6.289 0.3000000119
13363  27.398  -62.139  -11.511 0.4000000060
120533  23.963  -62.328  -11.496 0.4000000060
16341  30.124  -59.049  -6.194 0.3000000119
14348  27.876  -62.149  -11.505 0.4000000060
15334  28.972  -60.760  -10.224 0.4000000060
11431  23.936  -63.919  -7.224 0.4000000060
136430  23.069  -65.013  -8.517 0.4000000060
13328  24.540  -63.228  -7.031 0.4000000060
12363  24.532  -63.396  -7.912 0.4000000060
11446  23.719  -64.226  -8.494 0.4000000060
11447  23.065  -64.581  -9.269 0.4000000060
14290  27.095  -61.300  -5.956 0.3000000119
14322  27.032  -61.947  -7.354 0.4000000060
16343  28.490  -59.541  -5.479 0.3000000119
16342  29.293  -59.258  -5.887 0.3000000119
12401  23.218  -63.039  -10.782 0.4000000060
17358  29.600  -58.485  -5.399 0.3000000119
10607  22.118  -66.048  -7.858 0.4000000060
11432  23.380  -64.839  -7.594 0.4000000060
17427  30.320  -59.279  -9.467 0.3000000119
17426  31.109  -59.505  -9.358 0.3000000119
16390  30.464  -60.200  -9.529 0.3000000119
13341  22.380  -63.273  -9.597 0.4000000060
11466  22.837  -64.129  -9.712 0.4000000060
10618  22.000  -65.184  -8.517 0.4000000060
10606  22.815  -65.636  -7.725 0.4000000060
14331  29.278  -62.144  -9.178 0.3000000119
15306  31.765  -60.302  -8.316 0.3000000119
17390  32.793  -59.184  -7.592 0.3000000119
13325  27.046  -62.258  -8.116 0.4000000060
13361  29.082  -62.229  -10.129 0.4000000060
119694  27.449  -62.347  -11.212 0.4000000060
13362  28.493  -62.216  -10.720 0.4000000060
14353  25.230  -62.326  -11.556 0.4000000060
133055  29.623  -61.785  -9.671 0.4000000060
13326  26.308  -62.293  -7.331 0.4000000060
12376  24.463  -63.548  -8.932 0.4000000060
12375  25.128  -63.219  -9.503 0.4000000060
14305  27.462  -61.582  -6.875 0.3000000119
13354  25.679  -62.930  -10.406 0.4000000060
15300  27.878  -61.046  -6.361 0.3000000119
13312  25.670  -62.314  -6.536 0.4000000060
14306  26.524  -61.809  -6.493 0.3000000119
15287  27.447  -60.648  -5.493 0.3000000119
3692  21.088  -75.570  -5.582 0.3000000119
3184  21.709  -76.297  -6.258 0.3000000119
4697  20.292  -73.788  -5.068 0.3000000119
3691  22.242  -75.702  -5.677 0.3000000119
4180  19.547  -74.457  -5.405 0.3000000119
3694  19.158  -75.184  -5.703 0.3000000119
127131  19.850  -72.972  -5.344 0.3000000119
4168  21.073  -74.236  -4.644 0.3000000119
3679  21.627  -75.023  -5.038 0.3000000119
5232  19.728  -72.318  -5.717 0.3000000119
132056  19.491  -73.577  -5.452 0.3000000119
4181  18.656  -74.515  -5.823 0.3000000119
5258  18.617  -72.821  -9.308 0.3000000119
4686  20.954  -72.989  -3.849 0.3000000119
4155  21.248  -73.836  -3.982 0.3000000119
5821  20.310  -71.671  -5.555 0.3000000119
5228  20.729  -72.593  -4.548 0.3000000119
4167  21.758  -74.656  -4.274 0.3000000119
5237  18.821  -72.957  -6.677 0.3000000119
5248  19.823  -72.637  -8.730 0.3000000119
5249  18.891  -72.968  -8.505 0.3000000119
6516  20.895  -70.856  -6.492 0.3000000119
5236  19.356  -72.327  -6.344 0.3000000119
5841  20.480  -71.279  -7.284 0.3000000119
118739  21.120  -71.398  -8.074 0.3000000119
5854  20.640  -72.218  -8.598 0.3000000119
126946  19.301  -72.647  -7.973 0.3000000119
5246  21.322  -72.631  -9.362 0.3000000119
5875  24.224  -71.624  -11.288 0.4000000060
5261  23.282  -72.588  -10.403 0.4000000060
2071  24.045  -78.078  -1.061 0.3000000119
117414  22.936  -79.453  -1.017 0.3000000119
3678  22.598  -75.380  -4.824 0.3000000119
3690  23.059  -75.960  -5.625 0.3000000119
4146  21.342  -74.330  -2.118 0.3000000119
3664  22.752  -75.855  -2.650 0.3000000119
129067  24.256  -76.689  -1.296 0.3000000119
3155  24.591  -77.435  -1.828 0.3000000119
1586  23.975  -79.455  -1.812 0.3000000119
4675  21.022  -72.562  -2.997 0.3000000119
3665  21.946  -75.176  -2.426 0.3000000119
3165  23.878  -76.331  -2.768 0.3000000119
2091  24.692  -78.297  -2.749 0.3000000119
2084  24.483  -78.702  -2.165 0.3000000119
4154  21.553  -74.467  -3.277 0.3000000119
3669  22.309  -75.203  -3.612 0.3000000119
3172  24.213  -76.635  -3.772 0.3000000119
3179  24.399  -77.415  -4.103 0.3000000119
3173  23.352  -75.859  -3.977 0.3000000119
126961  24.089  -76.931  -4.774 0.3000000119
4701  18.461  -73.751  -6.288 0.3000000119
118033  18.350  -73.547  -7.194 0.3000000119
5842  19.886  -71.998  -7.805 0.3000000119
2607  23.823  -77.309  -0.548 0.3000000119
130974  24.035  -77.574  -4.770 0.3000000119
4685  21.118  -73.561  -3.043 0.3000000119
3156  23.679  -76.145  -1.515 0.3000000119
3164  24.464  -76.891  -2.489 0.3000000119
2638  24.351  -78.018  -4.105 0.3000000119
5254  22.872  -72.650  -9.993 0.3000000119
119535  26.931  -67.561  -8.211 0.3000000119
9004  27.546  -67.491  -9.049 0.3000000119
8173  27.509  -68.033  -11.632 0.3000000119
8186  27.007  -68.110  -12.341 0.4000000060
130075  25.902  -68.539  -13.207 0.4000000060
7335  25.178  -68.998  -13.622 0.3000000119
116488  23.555  -69.711  -14.106 0.3000000119
8132  26.149  -67.820  -7.802 0.3000000119
8161  26.093  -68.161  -10.564 0.4000000060
119696  25.907  -68.064  -11.791 0.4000000060
8175  24.571  -68.669  -11.201 0.4000000060
8202  24.732  -68.759  -13.661 0.3000000119
7315  23.556  -69.108  -10.813 0.4000000060
8176  24.098  -68.708  -11.906 0.4000000060
8189  23.448  -68.705  -12.519 0.3000000119
7316  22.631  -69.289  -10.585 0.3000000119
8988  29.438  -67.613  -8.548 0.3000000119
8975  28.989  -67.441  -7.575 0.3000000119
8172  28.122  -68.190  -11.018 0.4000000060
7324  27.501  -68.329  -11.754 0.4000000060
7326  26.475  -68.819  -12.778 0.3000000119
6575  25.609  -69.445  -12.956 0.3000000119
6571  24.962  -70.635  -12.154 0.3000000119
115822  28.385  -67.464  -6.315 0.3000000119
8976  27.530  -67.533  -6.930 0.3000000119
8977  26.397  -67.496  -6.451 0.3000000119
8991  25.755  -67.706  -6.926 0.3000000119
8145  25.722  -68.284  -8.396 0.3000000119
115647  25.328  -68.708  -9.142 0.4000000060
118478  25.342  -67.439  -6.040 0.3000000119
8978  24.745  -67.814  -6.642 0.3000000119
8133  25.252  -68.246  -7.459 0.3000000119
8146  24.858  -68.745  -8.103 0.4000000060
8162  24.833  -68.814  -10.093 0.4000000060
129928  24.255  -67.194  -5.925 0.3000000119
116218  23.903  -68.653  -7.925 0.4000000060
8147  23.376  -68.790  -8.531 0.4000000060
10596  22.967  -66.699  -6.766 0.3000000119
132765  23.184  -67.543  -6.987 0.4000000060
8135  23.138  -68.337  -7.922 0.4000000060
8164  22.799  -68.985  -9.033 0.4000000060
12346  23.530  -64.448  -6.430 0.3000000119
8981  22.753  -67.224  -7.125 0.4000000060
10595  23.148  -65.876  -6.531 0.3000000119
121326  29.441  -69.154  -5.699 0.3000000119
7264  29.520  -69.000  -6.754 0.3000000119
6526  28.494  -71.068  -7.572 0.3000000119
6541  28.712  -70.157  -8.339 0.3000000119
115580  30.274  -67.531  -7.988 0.3000000119
8987  30.482  -67.609  -7.837 0.3000000119
8142  29.748  -68.232  -8.785 0.3000000119
6542  28.142  -70.750  -8.582 0.3000000119
8948  29.085  -67.236  -5.677 0.3000000119
120888  30.011  -67.239  -7.089 0.3000000119
9001  30.149  -67.812  -8.326 0.3000000119
8143  29.238  -68.297  -9.552 0.3000000119
7304  28.409  -69.293  -10.276 0.3000000119
6560  27.675  -69.698  -10.532 0.3000000119
6562  25.990  -70.682  -10.885 0.3000000119
5874  25.076  -71.172  -10.996 0.3000000119
5870  24.455  -72.245  -10.153 0.3000000119
5260  23.941  -72.598  -10.035 0.3000000119
137320  28.239  -67.115  -4.661 0.3000000119
9788  23.827  -66.113  -5.276 0.3000000119
131874  23.461  -68.060  -7.347 0.3000000119
11392  23.592  -64.800  -5.136 0.3000000119
9794  23.440  -66.324  -5.992 0.3000000119
12345  24.077  -63.508  -6.176 0.3000000119
135065  23.252  -65.234  -6.787 0.3000000119
7250  29.417  -69.396  -4.648 0.3000000119
8112  30.477  -68.239  -6.541 0.3000000119
8123  30.540  -68.044  -7.484 0.3000000119
7289  28.867  -70.091  -7.662 0.3000000119
8974  30.662  -67.454  -7.538 0.3000000119
7288  29.499  -68.975  -8.399 0.3000000119
5253  23.743  -72.587  -9.786 0.3000000119
7235  30.338  -68.857  -4.104 0.3000000119
8096  30.347  -68.558  -5.394 0.3000000119
8111  31.106  -67.755  -6.229 0.3000000119
8122  30.966  -67.564  -7.062 0.3000000119
8130  30.604  -67.486  -7.618 0.3000000119
8963  30.904  -66.987  -6.862 0.3000000119
8082  31.327  -68.402  -4.199 0.3000000119
8095  31.213  -68.116  -5.155 0.3000000119
8961  31.635  -67.035  -5.820 0.3000000119
8962  31.218  -67.067  -6.451 0.3000000119
5871  23.646  -72.351  -10.719 0.3000000119
5883  24.060  -71.099  -12.381 0.3000000119
6576  24.758  -70.045  -13.130 0.3000000119
7339  25.284  -68.639  -13.447 0.3000000119
120733  24.573  -68.416  -12.987 0.4000000060
116980  22.566  -67.817  -7.664 0.4000000060
13313  24.859  -62.778  -6.446 0.3000000119
8989  27.937  -67.502  -8.150 0.3000000119
8160  27.101  -67.802  -10.812 0.3000000119
9003  28.686  -67.641  -9.346 0.3000000119
8174  26.930  -67.829  -11.955 0.4000000060
8187  26.492  -68.065  -12.696 0.4000000060
8188  25.430  -68.252  -12.721 0.4000000060
121492  24.369  -68.998  -8.832 0.4000000060
7313  28.029  -68.739  -11.060 0.3000000119
8158  28.742  -68.189  -10.289 0.3000000119
6569  26.780  -69.392  -11.929 0.4000000060
6570  25.875  -70.027  -12.026 0.3000000119
8949  27.786  -67.367  -5.219 0.3000000119
8950  26.736  -67.361  -4.883 0.3000000119
8965  26.069  -67.360  -5.504 0.3000000119
8134  24.320  -68.273  -7.296 0.4000000060
10588  23.521  -65.538  -5.558 0.3000000119
6550  28.589  -69.729  -9.309 0.3000000119
12330  24.068  -63.534  -5.183 0.3000000119
10600  11.305  -65.757  -6.760 0.4000000060
1574  23.644  -79.031  -1.282 0.3000000119
2085  24.535  -78.003  -1.583 0.3000000119
2623  24.729  -77.666  -2.642 0.3000000119
3171  24.569  -77.277  -3.302 0.3000000119
3668  23.728  -76.330  -4.593 0.3000000119
3676  23.550  -76.470  -5.280 0.3000000119
3677  23.339  -75.871  -4.993 0.3000000119
3693  20.028  -75.399  -5.576 0.3000000119
3708  20.571  -76.162  -6.083 0.3000000119
3709  19.485  -75.926  -6.077 0.3000000119
4179  20.609  -74.775  -5.168 0.3000000119
4189  18.130  -74.529  -6.373 0.3000000119
4192  17.955  -74.191  -6.944 0.3000000119
4694  20.828  -73.410  -4.544 0.3000000119
4698  19.130  -73.058  -5.877 0.3000000119
4699  18.929  -73.819  -5.694 0.3000000119
5231  20.312  -72.371  -5.163 0.3000000119
5239  19.233  -72.357  -7.175 0.3000000119
5245  23.322  -72.439  -9.384 0.3000000119
5256  21.018  -72.907  -10.027 0.5000000000
5257  19.510  -72.721  -9.229 0.5000000000
5262  22.494  -72.820  -10.804 0.5000000000
5263  21.828  -72.993  -11.020 0.5000000000
5264  20.751  -72.854  -10.885 0.5000000000
5267  16.884  -72.686  -10.868 0.5000000000
5281  20.817  -72.361  -13.161 0.5000000000
5282  20.613  -72.522  -12.830 0.5000000000
5802  20.954  -71.975  -3.888 0.3000000119
5822  19.800  -71.812  -6.105 0.3000000119
5829  20.279  -71.341  -6.328 0.3000000119
5830  19.733  -71.730  -6.818 0.3000000119
5877  22.682  -72.328  -12.053 0.5000000000
5884  23.118  -71.506  -12.770 0.5000000000
5888  18.982  -71.399  -13.536 0.5000000000
5893  22.406  -71.232  -13.572 0.5000000000
5894  20.537  -71.557  -13.742 0.5000000000
5895  19.445  -71.342  -13.793 0.5000000000
6504  20.680  -71.091  -5.831 0.3000000119
6551  27.738  -70.499  -9.332 0.3000000119
6561  26.862  -70.154  -10.767 0.3000000119
6577  23.874  -70.461  -13.320 0.3000000119
6580  24.386  -69.513  -13.703 0.3000000119
6581  21.951  -70.735  -14.232 0.5000000000
6585  22.377  -70.068  -14.564 0.5000000000
6588  19.031  -70.557  -14.454 0.4000000060
7276  29.606  -68.910  -7.699 0.3000000119
7277  28.837  -70.133  -6.907 0.3000000119
7297  29.260  -68.996  -9.181 0.3000000119
7303  28.914  -68.803  -10.002 0.3000000119
7305  23.923  -69.048  -10.229 0.4000000060
7306  23.121  -69.230  -9.895 0.4000000060
7307  22.201  -69.210  -9.661 0.4000000060
7309  10.932  -68.612  -9.831 0.6000000238
7312  28.502  -68.589  -10.594 0.3000000119
7314  27.505  -69.020  -11.626 0.4000000060
7318  21.088  -69.192  -11.292 0.4000000060
7325  27.049  -68.477  -12.367 0.3000000119
7328  22.259  -69.151  -11.552 0.4000000060
7334  26.499  -68.271  -12.786 0.4000000060
7341  23.438  -69.243  -14.303 0.4000000060
7344  22.730  -69.508  -14.468 0.4000000060
7347  19.689  -69.926  -14.703 0.4000000060
8094  31.901  -67.882  -4.795 0.3000000119
8121  31.165  -67.290  -6.536 0.3000000119
8131  30.336  -67.971  -8.149 0.3000000119
8136  22.580  -68.451  -8.323 0.4000000060
8144  26.628  -67.744  -8.757 0.3000000119
8159  28.405  -67.900  -10.539 0.4000000060
8163  23.717  -69.091  -9.396 0.4000000060
8165  21.238  -68.962  -9.533 0.4000000060
8166  20.271  -68.582  -9.479 0.4000000060
8167  19.499  -68.084  -9.021 0.4000000060
8168  16.411  -67.416  -9.723 0.5000000000
8190  22.541  -68.795  -12.607 0.4000000060
8194  25.918  -68.382  -13.128 0.4000000060
8195  25.193  -68.527  -13.378 0.4000000060
8196  24.282  -68.581  -13.515 0.3000000119
8208  19.449  -68.264  -14.036 0.4000000060
8211  22.320  -69.107  -14.385 0.4000000060
8212  21.615  -68.858  -14.294 0.4000000060
8214  20.121  -68.969  -14.448 0.4000000060
8964  27.125  -67.457  -5.873 0.3000000119
8967  23.793  -66.656  -5.732 0.3000000119
8973  30.831  -67.313  -7.132 0.3000000119
8979  23.809  -67.683  -6.683 0.3000000119
8980  23.408  -67.066  -6.378 0.3000000119
8990  26.727  -67.584  -7.392 0.3000000119
8995  19.430  -67.272  -7.895 0.5000000000
9002  29.499  -67.934  -9.093 0.3000000119
9007  19.892  -67.798  -8.225 0.5000000000
9010  12.533  -66.876  -9.704 0.5000000000
9019  29.072  -67.954  -9.766 0.3000000119
9020  28.670  -67.841  -10.060 0.3000000119
9021  28.117  -67.638  -9.985 0.3000000119
9022  18.820  -67.536  -9.035 0.5000000000
9025  10.518  -68.235  -10.025 0.6000000238
9030  27.888  -67.805  -10.771 0.4000000060
9775  29.141  -66.777  -4.692 0.3000000119
9799  10.815  -66.155  -7.192 0.4000000060
9800  10.109  -66.111  -7.140 0.5000000000
9804  22.300  -66.848  -7.423 0.4000000060
9808  18.784  -66.135  -7.448 0.6000000238
9823  10.647  -67.389  -9.369 0.5000000000
9846  19.015  -66.609  -13.251 0.4000000060
9847  18.587  -65.853  -13.101 0.4000000060
9848  16.443  -65.589  -12.823 0.4000000060
9849  18.444  -66.198  -13.352 0.4000000060
10599  11.986  -65.665  -7.431 0.5000000000
10610  18.511  -65.139  -7.098 0.6000000238
10620  15.978  -65.510  -9.132 0.5000000000
10646  16.545  -64.811  -12.467 0.6999999881
10647  18.370  -65.031  -12.965 0.5000000000
10651  16.745  -65.549  -13.132 0.5000000000
11394  14.226  -64.281  -4.630 0.5000000000
11403  23.365  -64.991  -5.884 0.3000000119
11408  11.546  -64.767  -5.351 0.5000000000
11409  10.894  -64.516  -5.584 0.5000000000
11418  19.186  -64.331  -6.414 0.6000000238
11420  14.397  -64.237  -7.009 0.5000000000
11422  10.203  -64.751  -6.100 0.5000000000
11423  9.576  -64.725  -6.818 0.5000000000
11433  21.432  -64.809  -8.066 0.6999999881
11435  18.093  -63.946  -7.023 0.6000000238
11448  22.455  -64.584  -9.136 0.4000000060
11452  14.362  -63.769  -9.727 0.6000000238
11464  23.734  -63.974  -9.519 0.4000000060
11465  23.330  -63.989  -9.787 0.4000000060
11468  15.105  -63.271  -10.234 0.5000000000
11481  18.045  -63.743  -12.325 0.6999999881
11485  17.131  -64.678  -12.970 0.6000000238
12302  17.135  -63.084  -3.743 0.6999999881
12303  14.925  -63.573  -3.754 0.5000000000
12314  23.763  -64.182  -4.866 0.3000000119
12319  13.436  -63.698  -4.007 0.5000000000
12321  11.900  -63.573  -4.815 0.6000000238
12331  23.617  -64.232  -5.541 0.3000000119
12333  18.531  -63.098  -5.603 0.6999999881
12334  16.933  -63.212  -5.785 0.6000000238
12336  10.445  -63.341  -6.288 0.4000000060
12364  21.217  -63.977  -7.701 0.6999999881
12365  17.596  -62.935  -7.024 0.6999999881
12377  22.199  -64.042  -9.477 0.6000000238
12380  16.578  -62.428  -8.393 0.6999999881
12392  17.958  -62.279  -10.824 0.6999999881
12398  25.136  -62.937  -11.149 0.4000000060
12399  24.410  -63.262  -10.932 0.4000000060
12400  23.847  -63.192  -11.061 0.4000000060
12406  24.164  -62.762  -11.479 0.4000000060
12408  17.818  -62.449  -11.482 0.6999999881
12409  17.035  -62.320  -11.513 0.6999999881
12410  18.040  -63.101  -11.866 0.6999999881
12411  17.493  -63.171  -12.067 0.6999999881
13256  16.933  -62.094  -2.775 0.6999999881
13257  16.133  -62.211  -2.810 0.6000000238
13267  19.158  -62.015  -3.589 0.6999999881
13272  14.437  -62.787  -3.450 0.5000000000
13283  20.304  -62.143  -4.568 0.8000000119
13299  21.423  -62.145  -5.553 0.6999999881
13304  11.512  -62.414  -5.571 0.5000000000
13314  22.174  -61.945  -6.739 0.6999999881
13317  11.066  -62.196  -6.388 0.4000000060
13321  3.545  -61.378  -8.068 0.5000000000
13327  25.318  -62.726  -7.405 0.4000000060
13334  3.187  -61.342  -8.963 0.5000000000
13339  27.946  -62.335  -8.984 0.4000000060
13342  21.992  -63.602  -9.067 0.4000000060
13343  16.478  -62.199  -9.291 0.6999999881
13344  15.636  -62.501  -9.811 0.6999999881
13353  26.715  -62.564  -10.288 0.4000000060
13355  23.402  -62.392  -11.003 0.4000000060
13357  17.116  -61.845  -9.544 0.6999999881
13365  23.689  -62.744  -11.263 0.4000000060
13367  16.598  -61.772  -11.025 0.6999999881
13368  26.301  -62.188  -11.454 0.4000000060
13369  24.804  -62.673  -11.462 0.4000000060
14255  17.806  -61.227  -2.823 0.6999999881
14268  15.593  -61.658  -2.924 0.6999999881
14279  21.056  -61.749  -4.773 0.8000000119
14285  7.707  -61.641  -4.968 0.5000000000
14299  6.063  -61.312  -6.040 0.5000000000
14304  28.329  -61.399  -7.256 0.3000000119
14312  4.945  -61.240  -6.610 0.5000000000
14319  29.685  -61.565  -8.540 0.3000000119
14320  28.853  -61.762  -8.237 0.3000000119
14326  10.735  -61.617  -8.278 0.6000000238
14330  29.803  -61.764  -9.255 0.3000000119
14334  22.700  -61.895  -8.359 0.6999999881
14335  10.599  -61.157  -8.841 0.5000000000
14339  5.244  -61.146  -8.899 0.5000000000
14340  4.032  -61.074  -9.067 0.5000000000
14341  3.411  -61.045  -9.013 0.5000000000
14343  22.749  -62.389  -9.425 0.5000000000
14347  29.068  -62.023  -10.346 0.4000000060
14350  25.694  -61.908  -11.555 0.4000000060
14354  24.517  -62.450  -11.559 0.4000000060
15264  17.338  -60.770  -2.950 0.6000000238
15265  16.689  -60.942  -2.883 0.6999999881
15266  15.061  -61.141  -3.382 0.6000000238
15275  20.673  -61.093  -4.188 0.6999999881
15276  15.329  -60.447  -3.729 0.6999999881
15281  8.737  -60.552  -4.765 0.5000000000
15286  28.204  -60.348  -5.879 0.3000000119
15302  22.556  -60.352  -6.060 0.6000000238
15305  4.059  -59.941  -7.097 0.5000000000
15310  23.260  -60.067  -7.574 0.6999999881
15313  12.600  -60.212  -7.663 0.6999999881
15318  3.968  -60.493  -7.812 0.5000000000
15322  12.170  -60.046  -8.336 0.6999999881
15330  3.631  -60.915  -8.663 0.5000000000
15333  29.769  -60.919  -9.818 0.4000000060
15338  24.039  -60.400  -10.329 0.5000000000
15339  29.268  -61.491  -10.221 0.4000000060
15343  25.311  -60.993  -10.971 0.5000000000
16315  19.905  -59.807  -4.083 0.6000000238
16318  17.505  -60.132  -3.432 0.6999999881
16322  11.743  -59.957  -3.514 0.4000000060
16329  20.671  -60.160  -4.333 0.6000000238
16334  15.168  -59.829  -4.470 0.6999999881
16335  11.193  -59.357  -4.067 0.6000000238
16336  10.507  -59.802  -4.341 0.6000000238
16337  9.830  -59.442  -4.569 0.6000000238
16338  8.378  -59.048  -4.843 0.6000000238
16346  21.758  -59.683  -5.385 0.6999999881
16347  20.178  -59.313  -4.688 0.6000000238
16351  14.131  -59.850  -5.880 0.6999999881
16353  5.722  -59.471  -5.397 0.6000000238
16355  4.412  -58.712  -5.992 0.5000000000
16356  32.270  -59.521  -7.444 0.3000000119
16359  22.587  -59.651  -6.443 0.6999999881
16361  15.234  -58.958  -6.091 0.6000000238
16363  13.826  -59.696  -6.861 0.6999999881
16366  31.904  -60.189  -7.801 0.3000000119
16370  12.657  -59.652  -8.095 0.6999999881
16371  11.029  -59.545  -8.425 0.5000000000
16373  8.843  -60.002  -7.775 0.5000000000
16374  7.062  -59.215  -7.571 0.6000000238
16375  5.695  -59.145  -7.434 0.6000000238
16386  12.353  -59.497  -8.279 0.6999999881
16387  11.740  -59.669  -8.475 0.6000000238
16391  29.514  -59.926  -9.711 0.3000000119
16395  24.996  -59.486  -10.215 0.5000000000
16397  23.923  -58.705  -10.109 0.6000000238
17332  12.434  -58.327  -1.502 0.3000000119
17342  11.546  -58.623  -3.773 0.5000000000
17348  18.588  -58.837  -4.937 0.6000000238
17350  10.740  -58.649  -4.224 0.6000000238
17359  28.791  -58.743  -5.062 0.3000000119
17364  17.800  -58.691  -5.404 0.6000000238
17376  20.698  -58.526  -6.163 0.6999999881
17382  11.665  -58.138  -6.836 0.6000000238
17384  9.923  -58.235  -6.902 0.5000000000
17387  4.896  -57.796  -5.986 0.6000000238
17388  4.401  -58.988  -6.559 0.5000000000
17393  27.941  -58.234  -7.532 0.6000000238
17394  27.108  -58.211  -7.582 0.6000000238
17396  21.929  -58.362  -7.625 0.6999999881
17398  19.737  -58.020  -7.791 0.6999999881
17401  15.543  -58.025  -7.596 0.6000000238
17402  14.291  -58.472  -7.848 0.6999999881
17404  12.928  -58.574  -8.056 0.6999999881
17406  10.615  -58.878  -7.552 0.6000000238
17410  4.965  -58.456  -6.692 0.6000000238
17416  28.558  -58.806  -8.374 0.4000000060
17431  22.820  -57.894  -9.270 0.6999999881
18320  8.984  -57.248  2.103 0.3000000119
18364  7.489  -57.694  -1.019 0.3000000119
18373  11.904  -57.319  -0.234 0.4000000060
18408  12.395  -57.874  -2.755 0.4000000060
18410  11.117  -57.105  -3.559 0.6000000238
18422  8.446  -57.561  -4.584 0.6000000238
18432  10.826  -56.983  -5.756 0.5000000000
18433  5.895  -57.280  -4.877 0.6000000238
18434  5.212  -57.390  -5.419 0.5000000000
18440  11.204  -57.607  -6.130 0.6000000238
18443  7.467  -56.974  -6.520 0.6000000238
18452  26.485  -57.650  -7.649 0.6000000238
18453  19.043  -57.599  -8.125 0.6999999881
18454  18.248  -57.598  -8.002 0.6999999881
18457  15.280  -57.499  -7.965 0.6999999881
18459  12.657  -57.991  -7.439 0.6000000238
18460  9.037  -57.956  -7.217 0.5000000000
18461  8.125  -57.853  -6.987 0.6000000238
18466  30.539  -57.795  -8.590 0.4000000060
18468  22.037  -57.628  -8.863 0.6999999881
18470  20.123  -57.223  -8.564 0.6999999881
18473  17.706  -57.111  -8.201 0.6000000238
18476  15.238  -57.017  -8.056 0.6999999881
19358  11.276  -56.406  4.277 0.3000000119
19360  10.027  -55.949  4.268 0.3000000119
19373  9.309  -56.038  3.813 0.3000000119
19374  8.594  -56.089  3.247 0.3000000119
19438  7.065  -56.855  -0.619 0.4000000060
19461  12.196  -56.792  -1.554 0.4000000060
19471  11.836  -56.348  -2.385 0.4000000060
19487  9.012  -55.193  -3.663 0.6000000238
19499  16.951  -56.219  -4.919 0.5000000000
19503  6.227  -55.457  -4.695 0.6000000238
19513  11.009  -56.236  -5.480 0.5000000000
19516  6.244  -55.389  -5.105 0.6000000238
19517  5.860  -55.685  -4.952 0.6000000238
19518  5.593  -56.498  -5.114 0.6000000238
19525  6.699  -56.025  -5.825 0.6000000238
19529  29.162  -56.199  -7.337 0.4000000060
19534  15.292  -55.934  -7.499 0.6999999881
19536  14.096  -56.989  -7.503 0.6000000238
19543  25.225  -57.084  -9.126 0.6000000238
19547  19.738  -56.557  -8.478 0.6000000238
19548  18.898  -56.457  -8.351 0.6999999881
19549  17.984  -56.319  -8.175 0.6999999881
19550  17.246  -56.599  -8.064 0.6999999881
19551  16.489  -56.339  -7.854 0.6999999881
19552  15.784  -56.557  -7.850 0.6999999881
19554  23.992  -57.128  -9.647 0.6999999881
19555  23.286  -56.911  -9.429 0.6999999881
19556  22.624  -56.785  -9.164 0.6999999881
20445  15.238  -55.195  4.354 0.4000000060
20467  9.446  -55.339  4.236 0.3000000119
20528  12.016  -55.597  0.495 0.4000000060
20568  14.377  -54.542  -3.815 0.6000000238
20570  9.748  -54.132  -2.881 0.6000000238
20571  7.851  -54.449  -3.781 0.6000000238
20583  14.506  -54.864  -4.438 0.5000000000
20584  7.061  -54.665  -3.973 0.6000000238
20595  18.877  -55.299  -5.797 0.5000000000
20597  17.270  -55.451  -5.760 0.6000000238
20600  14.201  -54.325  -5.197 0.6000000238
20601  13.560  -54.499  -5.701 0.6000000238
20603  11.187  -55.442  -5.266 0.5000000000
20606  7.674  -54.621  -5.108 0.6000000238
20614  8.406  -55.505  -5.889 0.6000000238
20620  28.655  -55.273  -7.159 0.4000000060
20625  16.467  -55.062  -7.393 0.8000000119
20635  26.249  -55.262  -8.122 0.6000000238
20639  22.831  -55.534  -8.490 0.6000000238
20640  21.891  -55.257  -8.193 0.6000000238
21583  7.754  -54.627  2.659 0.3000000119
21618  6.068  -54.103  0.219 0.4000000060
21630  11.682  -54.351  -0.795 0.4000000060
21637  11.357  -54.021  -1.304 0.5000000000
21647  10.373  -53.801  -2.393 0.5000000000
21648  9.597  -53.475  -2.911 0.5000000000
21667  13.370  -53.607  -4.703 0.6000000238
21669  7.519  -54.337  -4.034 0.6000000238
21670  6.982  -54.653  -4.188 0.6000000238
21677  20.512  -53.764  -6.129 0.6000000238
21679  18.324  -54.432  -6.426 0.6000000238
21682  14.538  -53.998  -5.950 0.6000000238
21683  13.509  -54.157  -5.164 0.6000000238
21686  9.391  -54.163  -5.157 0.5000000000
21688  7.444  -54.357  -4.336 0.6000000238
21692  19.193  -53.329  -6.820 0.6999999881
21694  17.289  -54.319  -6.884 0.8000000119
21695  16.341  -54.401  -6.844 0.6999999881
21696  15.536  -54.304  -6.614 0.6000000238
21708  18.233  -54.092  -7.114 0.8000000119
21717  25.894  -54.635  -8.411 0.6000000238
21720  22.908  -54.131  -7.974 0.6000000238
21722  21.204  -54.395  -7.798 0.6000000238
22717  12.342  -53.589  5.082 0.4000000060
22719  10.936  -53.514  4.457 0.4000000060
22720  10.190  -53.993  4.449 0.4000000060
22731  9.602  -53.321  3.929 0.4000000060
22786  12.541  -53.439  -0.947 0.5000000000
22788  4.138  -53.556  -0.890 0.3000000119
22794  12.225  -52.860  -1.401 0.6000000238
22801  15.602  -52.922  -1.630 0.5000000000
22804  9.359  -53.032  -3.281 0.5000000000
22810  14.282  -53.051  -3.098 0.4000000060
22811  13.524  -52.982  -3.826 0.4000000060
22812  8.933  -53.273  -3.789 0.6000000238
22821  12.591  -52.510  -4.526 0.6000000238
22838  11.074  -53.491  -4.716 0.5000000000
22840  8.866  -53.582  -4.503 0.6000000238
22850  20.070  -52.533  -6.839 0.8000000119
22852  19.077  -53.304  -6.993 0.8000000119
22853  18.125  -54.098  -6.888 0.8000000119
22864  20.200  -52.635  -7.099 0.6000000238
22865  19.434  -52.873  -7.021 0.8000000119
22873  25.927  -53.194  -8.065 0.5000000000
22877  22.183  -53.216  -7.710 0.6000000238
23852  10.795  -52.565  4.067 0.4000000060
23866  7.712  -52.915  2.211 0.3000000119
23899  15.137  -52.267  -0.965 0.4000000060
23904  3.380  -52.851  -0.591 0.3000000119
23912  14.865  -51.910  -1.488 0.6000000238
23913  13.652  -51.546  -1.622 0.4000000060
23916  10.985  -52.408  -2.287 0.6000000238
23927  10.287  -52.181  -2.816 0.5000000000
23937  13.874  -52.267  -3.202 0.5000000000
23939  10.165  -52.013  -3.242 0.5000000000
23949  12.817  -51.695  -4.182 0.5000000000
23950  12.052  -51.725  -4.207 0.5000000000
23952  9.983  -52.285  -3.722 0.6000000238
23972  20.840  -52.039  -6.703 0.6000000238
23974  19.899  -52.705  -6.932 0.8000000119
24962  13.962  -51.752  5.439 0.3000000119
24980  11.931  -51.807  4.259 0.3000000119
25010  11.198  -50.542  2.628 0.3000000119
25041  7.608  -49.627  -0.305 0.3000000119
25054  4.191  -51.995  -0.275 0.3000000119
25061  14.381  -51.411  -2.039 0.6000000238
25062  13.642  -51.100  -2.158 0.6000000238
25063  11.987  -51.005  -2.470 0.6000000238
25070  13.286  -50.862  -2.725 0.6000000238
25072  11.283  -50.907  -2.932 0.5000000000
25073  10.669  -51.445  -2.989 0.5000000000
25083  12.993  -50.949  -3.536 0.5000000000
25085  11.533  -50.738  -3.092 0.6000000238
25093  11.617  -51.025  -3.625 0.6000000238
25115  21.764  -50.710  -6.791 0.5000000000
26107  11.495  -49.145  1.577 0.3000000119
26109  7.979  -49.957  2.614 0.3000000119
26127  11.112  -48.380  1.100 0.3000000119
26145  8.933  -48.430  -0.263 0.3000000119
26148  6.498  -49.562  -0.299 0.3000000119
26178  12.635  -50.613  -3.022 0.6000000238
26179  11.976  -50.589  -2.906 0.6000000238
27167  13.789  -47.427  2.898 0.3000000119
27181  12.801  -47.727  2.001 0.3000000119
27186  8.551  -49.000  1.867 0.3000000119
27201  11.007  -48.133  1.063 0.3000000119
27203  8.377  -48.351  0.800 0.3000000119
27221  8.809  -48.150  -0.356 0.3000000119
27222  7.818  -48.637  -0.347 0.3000000119
28168  12.276  -47.629  2.813 0.3000000119
28202  10.724  -47.936  1.114 0.3000000119
28223  9.449  -48.016  0.236 0.3000000119
28224  8.756  -48.019  0.060 0.3000000119
28242  8.991  -48.056  -0.230 0.3000000119
113983  7.367  -57.419  -4.693 0.6000000238
114166  21.505  -51.232  -6.676 0.5000000000
114583  10.072  -58.000  -4.299 0.6000000238
114825  9.236  -58.160  -4.540 0.6000000238
116198  12.184  -55.293  4.791 0.4000000060
116773  3.201  -61.818  -9.490 0.5000000000
116848  13.169  -60.616  -6.043 0.6999999881
117188  11.464  -55.322  -1.826 0.6000000238
117229  21.767  -62.637  -7.250 0.6000000238
117268  29.883  -59.854  -6.594 0.3000000119
117967  12.375  -54.523  5.097 0.4000000060
117988  21.368  -72.974  -10.712 0.5000000000
118179  25.279  -58.898  -9.661 0.6000000238
118260  21.096  -72.777  -12.436 0.5000000000
118327  23.053  -58.343  -9.137 0.6999999881
118433  8.089  -56.036  2.593 0.3000000119
118733  32.487  -59.943  -8.007 0.3000000119
119337  11.202  -60.099  -8.763 0.6000000238
119369  27.264  -67.637  -9.820 0.3000000119
120322  4.173  -59.660  -7.090 0.5000000000
121346  19.119  -58.438  -6.323 0.6000000238
121817  26.349  -68.032  -9.537 0.4000000060
122782  16.192  -64.923  -9.856 0.6000000238
123294  28.061  -62.271  -11.219 0.4000000060
123514  17.186  -58.003  -7.192 0.6000000238
123632  20.048  -55.161  -7.973 0.6000000238
123666  24.184  -78.667  -1.547 0.3000000119
124248  13.715  -64.573  -5.084 0.5000000000
124474  13.287  -55.397  -5.962 0.6000000238
124694  15.626  -55.339  -5.332 0.5000000000
124909  4.799  -58.521  -5.526 0.5000000000
125127  24.308  -54.871  -8.532 0.6000000238
126538  10.761  -61.088  -3.812 0.5000000000
126665  24.415  -63.608  -9.756 0.4000000060
127251  15.170  -62.837  -3.277 0.6000000238
127298  18.068  -70.674  -14.599 0.4000000060
127462  18.557  -61.435  -3.085 0.6999999881
127558  25.559  -62.491  -11.399 0.4000000060
127708  5.431  -51.194  -0.107 0.3000000119
128802  15.884  -62.823  -3.167 0.6000000238
128819  24.655  -77.920  -3.427 0.3000000119
128824  19.897  -58.452  -6.201 0.6000000238
129766  15.709  -55.637  -3.745 0.6000000238
130232  8.188  -59.243  -7.601 0.4000000060
130830  12.888  -51.094  -2.024 0.6000000238
131501  11.081  -60.045  -4.041 0.5000000000
131503  23.074  -69.118  -14.321 0.4000000060
131576  5.442  -56.968  -5.147 0.6000000238
131679  22.639  -66.375  -7.290 0.4000000060
131755  10.619  -56.912  3.610 0.3000000119
131773  25.699  -59.628  -9.683 0.6000000238
132039  4.546  -58.495  -6.195 0.6000000238
132260  4.548  -52.852  -0.472 0.3000000119
132442  16.038  -63.175  -11.446 0.6999999881
132787  18.962  -66.799  -7.759 0.5000000000
132866  16.793  -57.615  -7.595 0.6000000238
132887  15.577  -63.185  -10.986 0.6000000238
133001  18.215  -64.317  -12.600 0.5000000000
133232  21.480  -72.130  -8.811 0.3000000119
134199  14.240  -55.788  3.460 0.4000000060
134490  15.314  -62.868  -10.671 0.5000000000
134497  16.302  -63.253  -3.662 0.5000000000
134639  20.495  -71.640  -7.951 0.3000000119
135114  18.502  -66.740  -10.522 0.4000000060
135224  20.040  -61.149  -3.760 0.6999999881
135484  24.148  -76.550  -1.989 0.3000000119
135485  15.104  -62.864  -9.942 0.6999999881
135673  19.582  -70.842  -14.327 0.4000000060
135922  21.621  -67.709  -7.884 0.5000000000
136081  10.423  -51.831  -3.479 0.6000000238
136185  30.217  -66.991  -6.452 0.3000000119
136256  18.533  -64.595  -6.801 0.6000000238
136914  21.846  -69.303  -14.484 0.4000000060
136919  24.774  -78.034  -2.159 0.3000000119
137271  12.162  -67.465  -9.754 0.5000000000
137325  17.939  -71.971  -10.753 0.4000000060
137440  5.197  -60.679  -6.237 0.5000000000
137599  13.721  -64.233  -4.406 0.5000000000
137650  18.018  -64.187  -12.689 0.5000000000
137830  5.833  -54.821  -0.488 0.4000000060
137842  20.833  -56.145  -8.582 0.6999999881
137949  20.458  -73.048  -4.952 0.3000000119
