#!ascii label  , from subject sub-v2s18x29504_ses-1 vox2ras=TkReg
901
43552  -40.772  -12.976  29.502 0.0000000000
42679  -24.784  -13.389  28.165 0.0000000000
45377  -32.093  -10.775  28.914 0.0000000000
62923  -41.857  11.184  10.791 0.0000000000
115156  -45.829  13.909  6.032 0.0000000000
40608  -18.848  -15.679  32.415 0.0000000000
61241  -38.829  8.414  14.246 0.0000000000
45432  -41.470  -10.133  25.671 0.0000000000
43534  -36.144  -12.825  30.462 0.0000000000
114705  -21.399  -15.062  29.610 0.0000000000
37780  -21.921  -19.468  34.003 0.0000000000
44455  -37.280  -11.811  27.491 0.0000000000
46349  -38.157  -10.548  25.054 0.0000000000
116093  -28.414  -10.228  27.435 0.0000000000
46308  -35.477  -9.812  28.704 0.0000000000
53150  -36.510  -1.363  12.439 0.0000000000
57394  -39.714  3.054  11.682 0.0000000000
59663  -42.347  6.621  11.275 0.0000000000
36933  -14.014  -19.637  35.924 0.0000000000
37723  -10.443  -19.004  38.520 0.0000000000
46366  -35.714  -9.475  22.949 0.0000000000
101408  -33.959  -7.539  18.922 0.0000000000
50726  -34.238  -4.474  14.770 0.0000000000
36950  -17.906  -20.091  34.938 0.0000000000
40627  -24.833  -15.454  30.819 0.0000000000
41685  -26.231  -14.392  30.489 0.0000000000
42656  -38.301  -13.359  29.925 0.0000000000
45389  -23.397  -10.920  28.619 0.0000000000
103147  -23.179  -14.008  27.878 0.0000000000
39613  -23.347  -16.911  30.987 0.0000000000
46295  -37.376  -8.399  29.077 0.0000000000
45379  -36.425  -9.934  28.434 0.0000000000
55678  -35.205  1.639  12.583 0.0000000000
54778  -38.194  0.777  11.920 0.0000000000
101415  -36.737  3.270  12.253 0.0000000000
60475  -39.594  7.805  11.669 0.0000000000
61275  -41.281  8.462  10.144 0.0000000000
60499  -43.611  7.910  9.915 0.0000000000
62111  -42.683  9.952  8.689 0.0000000000
102985  -44.782  10.197  7.783 0.0000000000
48059  -36.617  -7.545  25.647 0.0000000000
46357  -37.461  -9.983  24.166 0.0000000000
48070  -34.593  -7.538  24.331 0.0000000000
48127  -31.582  -7.233  20.130 0.0000000000
48992  -31.007  -6.002  18.331 0.0000000000
49010  -33.716  -6.491  17.127 0.0000000000
51520  -31.196  -3.374  15.714 0.0000000000
52374  -32.432  -2.056  14.185 0.0000000000
46305  -30.272  -9.338  28.303 0.0000000000
38638  -16.342  -17.157  34.219 0.0000000000
37793  -18.157  -18.197  32.827 0.0000000000
34550  -9.171  -22.077  39.659 0.0000000000
35332  -7.172  -20.677  41.427 0.0000000000
58864  -37.721  6.136  14.489 0.0000000000
47202  -42.119  -8.986  24.725 0.0000000000
44422  -33.560  -11.666  29.860 0.0000000000
41673  -20.369  -15.031  31.233 0.0000000000
37805  -19.626  -18.321  32.012 0.0000000000
38684  -21.291  -17.945  30.962 0.0000000000
66912  -47.962  15.696  5.507 0.0000000000
43565  -38.561  -12.939  28.352 0.0000000000
43587  -39.264  -12.378  26.581 0.0000000000
45410  -37.987  -11.669  26.391 0.0000000000
106722  -25.039  -10.026  26.986 0.0000000000
44448  -26.793  -12.117  27.548 0.0000000000
47187  -27.337  -8.435  25.857 0.0000000000
47189  -29.177  -8.005  25.854 0.0000000000
46324  -31.795  -9.171  26.742 0.0000000000
48026  -33.424  -7.702  28.544 0.0000000000
46306  -33.704  -9.944  27.863 0.0000000000
109723  -35.190  -11.635  28.710 0.0000000000
114486  -36.895  -12.781  28.628 0.0000000000
51537  -37.836  -3.387  13.998 0.0000000000
120136  -38.064  6.040  12.262 0.0000000000
58165  -40.913  4.820  11.428 0.0000000000
63686  -45.783  11.565  7.093 0.0000000000
36923  -11.732  -19.262  37.172 0.0000000000
34557  -11.043  -22.001  38.695 0.0000000000
45430  -39.535  -10.786  25.036 0.0000000000
46370  -39.178  -9.829  23.545 0.0000000000
47243  -38.393  -9.154  22.074 0.0000000000
48099  -32.886  -7.919  22.762 0.0000000000
47253  -34.224  -8.874  21.265 0.0000000000
47267  -37.160  -7.673  20.566 0.0000000000
48962  -36.741  -6.516  19.005 0.0000000000
49013  -36.584  -6.258  16.757 0.0000000000
50711  -36.721  -5.013  15.009 0.0000000000
51547  -34.705  -3.220  13.700 0.0000000000
53892  -34.009  0.131  12.968 0.0000000000
43530  -27.975  -12.810  30.230 0.0000000000
106508  -15.362  -16.931  35.738 0.0000000000
122494  -15.538  -19.665  35.234 0.0000000000
36967  -19.325  -19.758  34.183 0.0000000000
35318  -5.781  -21.143  42.553 0.0000000000
103004  -24.727  -14.422  29.214 0.0000000000
41684  -25.464  -14.841  30.642 0.0000000000
102867  -25.989  -13.778  29.223 0.0000000000
42666  -39.063  -13.319  29.809 0.0000000000
43574  -23.721  -12.170  27.819 0.0000000000
43558  -23.230  -12.514  28.185 0.0000000000
41701  -24.127  -14.058  28.396 0.0000000000
41692  -23.993  -14.748  29.073 0.0000000000
56520  -35.364  2.758  13.419 0.0000000000
56532  -36.318  2.688  12.263 0.0000000000
57375  -36.231  3.791  13.446 0.0000000000
62915  -41.018  10.878  11.839 0.0000000000
62095  -40.256  9.337  11.167 0.0000000000
62922  -41.154  9.942  10.202 0.0000000000
62103  -41.972  9.399  9.047 0.0000000000
62930  -42.194  10.437  9.347 0.0000000000
62931  -42.838  10.710  8.958 0.0000000000
48902  -35.931  -7.256  25.190 0.0000000000
49800  -29.902  -5.037  19.319 0.0000000000
50674  -30.969  -5.081  17.112 0.0000000000
52344  -30.511  -2.467  16.980 0.0000000000
53109  -30.965  -1.687  15.894 0.0000000000
121008  -30.905  -9.645  28.297 0.0000000000
46273  -30.633  -9.782  30.029 0.0000000000
46290  -31.356  -10.139  29.669 0.0000000000
39582  -17.969  -16.449  33.183 0.0000000000
39598  -18.356  -16.572  32.580 0.0000000000
64464  -46.439  13.265  5.682 0.0000000000
35347  -8.613  -21.477  39.958 0.0000000000
45423  -42.613  -10.390  26.894 0.0000000000
46351  -41.687  -9.585  25.059 0.0000000000
43532  -34.898  -12.207  29.825 0.0000000000
43533  -35.237  -12.338  30.613 0.0000000000
42662  -22.010  -13.597  29.059 0.0000000000
42652  -21.295  -13.581  30.518 0.0000000000
42645  -21.078  -13.355  31.519 0.0000000000
41681  -20.944  -15.079  30.294 0.0000000000
39625  -20.532  -16.875  30.724 0.0000000000
39626  -21.365  -16.631  30.194 0.0000000000
38670  -23.996  -17.214  32.738 0.0000000000
38669  -23.365  -17.775  32.282 0.0000000000
43577  -37.924  -12.627  27.837 0.0000000000
44469  -38.063  -12.363  26.834 0.0000000000
120841  -37.609  -11.850  26.879 0.0000000000
47158  -25.337  -8.283  27.960 0.0000000000
46334  -25.642  -9.688  26.318 0.0000000000
48030  -26.227  -7.105  27.208 0.0000000000
48876  -28.768  -6.419  26.297 0.0000000000
48878  -30.213  -7.166  26.091 0.0000000000
46337  -30.635  -8.581  26.244 0.0000000000
48032  -31.606  -7.435  26.822 0.0000000000
46292  -35.697  -8.775  29.182 0.0000000000
47162  -34.190  -9.091  28.317 0.0000000000
47175  -33.343  -9.109  27.704 0.0000000000
46307  -34.603  -10.018  28.296 0.0000000000
45396  -34.083  -10.760  28.114 0.0000000000
45397  -35.088  -10.872  28.445 0.0000000000
45399  -36.742  -11.119  28.037 0.0000000000
44453  -36.511  -12.148  28.377 0.0000000000
44454  -37.175  -12.387  28.127 0.0000000000
43564  -37.613  -13.039  28.661 0.0000000000
52378  -36.614  -2.486  13.110 0.0000000000
52380  -38.292  -2.234  13.421 0.0000000000
53151  -37.369  -1.454  12.560 0.0000000000
55689  -38.786  1.846  11.716 0.0000000000
54768  -39.411  0.529  12.307 0.0000000000
59623  -37.953  7.048  14.148 0.0000000000
59635  -37.615  6.340  13.480 0.0000000000
59636  -37.893  6.980  13.063 0.0000000000
59662  -40.591  6.542  11.103 0.0000000000
110598  -40.003  6.155  11.129 0.0000000000
58898  -41.438  5.476  11.621 0.0000000000
58154  -42.124  4.705  12.487 0.0000000000
110262  -45.224  10.764  7.533 0.0000000000
63680  -45.215  11.541  7.456 0.0000000000
64447  -45.312  12.307  7.458 0.0000000000
37753  -13.508  -18.235  36.360 0.0000000000
37737  -13.160  -17.941  37.206 0.0000000000
36932  -13.235  -19.257  36.258 0.0000000000
35364  -12.382  -21.927  38.317 0.0000000000
34546  -11.436  -22.948  40.134 0.0000000000
44491  -38.435  -11.250  25.603 0.0000000000
44482  -39.491  -11.850  26.066 0.0000000000
45429  -38.841  -10.744  24.806 0.0000000000
47226  -35.972  -9.167  23.674 0.0000000000
46369  -38.234  -9.997  23.582 0.0000000000
46368  -37.349  -9.860  23.376 0.0000000000
46381  -38.817  -9.518  22.873 0.0000000000
46379  -37.334  -9.630  22.398 0.0000000000
48925  -31.661  -6.772  22.717 0.0000000000
48139  -32.290  -7.564  19.728 0.0000000000
47262  -32.723  -8.348  21.126 0.0000000000
122541  -33.648  -8.222  20.047 0.0000000000
47265  -35.433  -8.378  20.434 0.0000000000
48130  -34.963  -7.743  19.843 0.0000000000
48132  -36.698  -7.346  20.062 0.0000000000
48157  -35.069  -7.025  18.689 0.0000000000
49863  -33.344  -5.488  15.807 0.0000000000
109122  -35.074  -6.459  16.935 0.0000000000
49865  -35.339  -5.664  15.650 0.0000000000
49845  -36.879  -5.837  16.125 0.0000000000
50710  -35.791  -5.171  15.139 0.0000000000
50728  -36.107  -4.470  14.579 0.0000000000
51533  -34.560  -3.856  14.243 0.0000000000
53866  -32.243  -0.250  14.634 0.0000000000
53129  -32.856  -1.373  13.720 0.0000000000
54747  -33.363  0.905  14.278 0.0000000000
45391  -27.801  -11.003  27.511 0.0000000000
43561  -27.153  -12.267  28.547 0.0000000000
44433  -27.863  -11.683  29.004 0.0000000000
37779  -16.884  -18.921  33.780 0.0000000000
37778  -16.023  -18.483  34.038 0.0000000000
36949  -17.046  -19.917  35.076 0.0000000000
36982  -20.618  -19.194  32.951 0.0000000000
36994  -19.790  -18.861  32.641 0.0000000000
36968  -20.344  -19.864  34.146 0.0000000000
39583  -24.759  -16.745  33.199 0.0000000000
40611  -25.472  -15.600  32.145 0.0000000000
41666  -26.542  -14.997  32.715 0.0000000000
41667  -27.258  -14.602  32.555 0.0000000000
102404  -36.874  -13.225  29.966 0.0000000000
43521  -36.559  -12.769  31.403 0.0000000000
44432  -23.025  -11.449  29.216 0.0000000000
43557  -22.722  -13.245  28.279 0.0000000000
41691  -22.242  -14.881  28.805 0.0000000000
39641  -22.611  -16.114  29.594 0.0000000000
40634  -23.073  -15.667  29.323 0.0000000000
39614  -24.052  -16.446  31.401 0.0000000000
45400  -37.085  -10.423  27.795 0.0000000000
46326  -37.849  -9.346  27.622 0.0000000000
46276  -36.328  -8.577  29.365 0.0000000000
46309  -35.960  -10.309  28.621 0.0000000000
45380  -37.143  -9.505  28.189 0.0000000000
53894  -35.388  -0.274  12.316 0.0000000000
53895  -36.920  -0.216  12.090 0.0000000000
55679  -35.960  1.347  12.079 0.0000000000
56542  -36.960  2.445  11.748 0.0000000000
56533  -37.634  3.079  11.953 0.0000000000
61257  -38.989  8.374  12.798 0.0000000000
61266  -39.431  8.505  12.139 0.0000000000
60476  -40.259  7.750  11.176 0.0000000000
60485  -41.563  7.691  10.372 0.0000000000
59676  -42.570  7.147  10.773 0.0000000000
60497  -41.946  8.174  9.714 0.0000000000
119104  -42.928  8.576  8.887 0.0000000000
61286  -44.361  8.554  8.788 0.0000000000
62938  -43.950  10.356  8.000 0.0000000000
63678  -43.818  11.083  8.319 0.0000000000
111968  -14.461  -20.497  36.386 0.0000000000
36129  -13.497  -20.209  36.394 0.0000000000
35378  -14.138  -21.503  37.663 0.0000000000
47200  -37.466  -8.702  25.763 0.0000000000
46348  -37.578  -9.965  24.933 0.0000000000
119901  -36.614  -8.761  24.730 0.0000000000
47212  -36.116  -8.634  24.324 0.0000000000
48086  -34.947  -8.298  23.870 0.0000000000
48934  -30.984  -6.618  21.498 0.0000000000
48960  -30.534  -5.951  20.278 0.0000000000
48976  -31.105  -6.428  18.921 0.0000000000
48977  -31.784  -6.599  18.354 0.0000000000
48168  -33.822  -6.792  17.814 0.0000000000
49829  -32.231  -6.018  16.985 0.0000000000
50689  -32.032  -5.036  16.092 0.0000000000
50724  -32.672  -4.316  15.151 0.0000000000
51531  -32.691  -3.677  14.704 0.0000000000
51530  -31.860  -3.137  15.039 0.0000000000
101274  -29.095  -9.508  27.832 0.0000000000
45375  -28.977  -10.460  29.349 0.0000000000
46287  -29.636  -9.800  29.383 0.0000000000
38650  -17.358  -17.706  33.120 0.0000000000
114694  -17.652  -19.176  33.777 0.0000000000
36101  -9.658  -20.334  38.541 0.0000000000
37713  -9.537  -18.885  39.755 0.0000000000
114333  -8.781  -20.765  39.529 0.0000000000
36083  -7.655  -19.961  40.555 0.0000000000
36082  -7.017  -19.848  41.431 0.0000000000
47229  -41.214  -8.110  23.442 0.0000000000
45378  -32.829  -11.209  29.368 0.0000000000
45362  -32.035  -10.673  30.098 0.0000000000
41664  -20.565  -14.059  31.893 0.0000000000
40609  -19.605  -15.302  31.830 0.0000000000
39599  -18.870  -16.755  31.897 0.0000000000
39612  -19.703  -17.056  31.318 0.0000000000
37817  -20.863  -18.477  31.445 0.0000000000
37807  -21.235  -18.887  32.220 0.0000000000
38699  -22.557  -17.202  30.656 0.0000000000
38668  -22.610  -18.185  31.934 0.0000000000
37781  -22.692  -19.205  34.455 0.0000000000
119674  -46.701  14.899  5.440 0.0000000000
43551  -39.265  -13.165  28.965 0.0000000000
43567  -40.451  -12.683  28.162 0.0000000000
43579  -39.155  -12.689  27.096 0.0000000000
44481  -38.718  -12.046  26.163 0.0000000000
47176  -38.086  -9.228  27.106 0.0000000000
47192  -38.068  -8.879  26.763 0.0000000000
47201  -37.746  -9.528  25.809 0.0000000000
48060  -37.249  -7.787  26.144 0.0000000000
122207  -25.131  -12.232  27.412 0.0000000000
43576  -25.972  -12.347  27.283 0.0000000000
44479  -26.176  -11.113  26.266 0.0000000000
45419  -26.772  -10.625  26.011 0.0000000000
46319  -28.074  -9.975  26.435 0.0000000000
48875  -27.747  -6.354  26.244 0.0000000000
47188  -28.250  -8.184  25.692 0.0000000000
47172  -28.973  -8.768  26.197 0.0000000000
47173  -29.827  -8.691  26.166 0.0000000000
46323  -31.115  -9.143  26.677 0.0000000000
118971  -31.563  -9.954  27.665 0.0000000000
48025  -32.674  -7.254  28.120 0.0000000000
116630  -32.532  -8.982  27.077 0.0000000000
46325  -32.980  -9.727  27.484 0.0000000000
45394  -32.268  -10.507  27.952 0.0000000000
44450  -33.649  -11.192  28.212 0.0000000000
44451  -34.396  -11.574  28.572 0.0000000000
44438  -35.109  -12.115  29.099 0.0000000000
116484  -35.672  -11.296  28.553 0.0000000000
44452  -35.837  -12.015  28.708 0.0000000000
43548  -36.259  -12.848  29.569 0.0000000000
43549  -37.600  -13.297  29.544 0.0000000000
43550  -38.390  -13.243  29.186 0.0000000000
46317  -24.499  -9.750  27.743 0.0000000000
53897  -38.406  -0.481  12.323 0.0000000000
58143  -37.114  5.225  13.570 0.0000000000
58152  -37.958  4.538  12.273 0.0000000000
58162  -38.784  4.282  11.825 0.0000000000
59660  -39.225  6.262  11.539 0.0000000000
58895  -39.222  4.971  11.541 0.0000000000
58163  -39.696  4.050  11.478 0.0000000000
57386  -41.276  3.313  12.294 0.0000000000
63697  -46.913  11.486  6.491 0.0000000000
65212  -45.920  12.974  6.449 0.0000000000
65219  -45.480  13.602  6.753 0.0000000000
37724  -12.012  -18.022  38.385 0.0000000000
36912  -10.938  -19.325  37.737 0.0000000000
36117  -12.835  -20.690  36.909 0.0000000000
35375  -11.558  -20.982  37.558 0.0000000000
36102  -10.267  -20.576  38.057 0.0000000000
35349  -10.288  -21.795  38.633 0.0000000000
44470  -40.662  -11.929  26.930 0.0000000000
44483  -40.340  -11.573  26.282 0.0000000000
45431  -40.462  -10.521  25.361 0.0000000000
46358  -38.225  -10.257  24.368 0.0000000000
45437  -39.525  -10.178  24.294 0.0000000000
105614  -40.931  -9.889  24.963 0.0000000000
46359  -40.079  -9.473  23.649 0.0000000000
47227  -39.706  -9.147  22.967 0.0000000000
111548  -39.316  -8.737  22.316 0.0000000000
48085  -34.088  -8.009  23.599 0.0000000000
47224  -34.081  -8.614  22.898 0.0000000000
48115  -32.034  -7.904  21.513 0.0000000000
47252  -33.432  -8.623  21.628 0.0000000000
46377  -35.532  -9.509  22.159 0.0000000000
46386  -36.120  -9.352  21.606 0.0000000000
47256  -37.269  -8.479  21.056 0.0000000000
48979  -35.073  -6.872  18.108 0.0000000000
102021  -36.731  -6.570  18.180 0.0000000000
50730  -37.734  -4.083  14.447 0.0000000000
51549  -36.302  -3.222  13.627 0.0000000000
53132  -35.377  -1.916  12.827 0.0000000000
109048  -33.242  -2.127  13.602 0.0000000000
53130  -33.931  -1.846  13.166 0.0000000000
53148  -34.857  -0.743  12.545 0.0000000000
54763  -34.340  0.712  12.898 0.0000000000
56510  -34.827  2.339  13.863 0.0000000000
42664  -26.652  -13.518  29.538 0.0000000000
42655  -27.658  -13.448  30.427 0.0000000000
44402  -28.878  -11.559  30.624 0.0000000000
37754  -14.127  -18.190  35.698 0.0000000000
38625  -15.799  -17.017  35.062 0.0000000000
37777  -15.416  -18.434  34.755 0.0000000000
36130  -14.916  -19.849  35.675 0.0000000000
36131  -16.036  -20.759  36.458 0.0000000000
37804  -18.915  -18.229  32.312 0.0000000000
36980  -18.928  -19.357  33.599 0.0000000000
36951  -18.816  -20.143  34.888 0.0000000000
116486  -7.536  -22.293  42.767 0.0000000000
35319  -6.407  -21.306  42.469 0.0000000000
36077  -6.222  -20.314  42.145 0.0000000000
106261  -40.850  -12.790  28.842 0.0000000000
42663  -25.157  -13.897  28.884 0.0000000000
41693  -25.550  -14.374  29.736 0.0000000000
101925  -39.964  -13.347  29.648 0.0000000000
43575  -24.375  -12.687  27.727 0.0000000000
42678  -23.938  -13.410  27.977 0.0000000000
57365  -35.703  3.426  13.802 0.0000000000
57366  -36.168  3.933  14.153 0.0000000000
63656  -41.673  11.324  11.537 0.0000000000
105414  -41.137  10.681  10.906 0.0000000000
62929  -41.598  9.919  9.609 0.0000000000
116587  -41.674  10.594  10.142 0.0000000000
63664  -42.392  11.192  10.219 0.0000000000
51505  -30.384  -3.501  17.116 0.0000000000
45376  -31.432  -10.153  28.586 0.0000000000
46289  -30.710  -9.707  29.321 0.0000000000
40596  -18.952  -15.091  33.504 0.0000000000
40595  -18.381  -15.806  33.279 0.0000000000
65231  -46.510  14.259  5.423 0.0000000000
115758  -42.220  -10.053  26.192 0.0000000000
46340  -42.390  -9.484  25.530 0.0000000000
43547  -35.558  -12.499  29.771 0.0000000000
41690  -21.755  -14.520  29.133 0.0000000000
42653  -21.674  -13.053  29.953 0.0000000000
42661  -21.541  -13.818  29.696 0.0000000000
41682  -21.258  -14.380  29.999 0.0000000000
40624  -21.382  -15.753  29.815 0.0000000000
47171  -25.911  -7.976  27.021 0.0000000000
49715  -30.547  -6.137  27.260 0.0000000000
48863  -30.080  -6.331  26.683 0.0000000000
48864  -30.849  -6.877  26.643 0.0000000000
46291  -34.846  -8.506  29.086 0.0000000000
117383  -34.979  -9.284  28.762 0.0000000000
52393  -36.814  -1.906  12.743 0.0000000000
52379  -37.450  -2.238  13.099 0.0000000000
56544  -39.400  2.272  11.761 0.0000000000
55681  -39.617  1.453  12.112 0.0000000000
60443  -38.464  7.809  14.277 0.0000000000
60453  -38.236  7.552  13.524 0.0000000000
117623  -41.415  6.349  11.272 0.0000000000
58899  -42.130  5.973  11.796 0.0000000000
36945  -13.780  -18.868  35.823 0.0000000000
44492  -39.084  -11.435  25.497 0.0000000000
46367  -36.529  -9.672  23.173 0.0000000000
46378  -36.363  -9.601  22.306 0.0000000000
48140  -33.253  -7.653  19.414 0.0000000000
47274  -34.132  -7.907  19.592 0.0000000000
48142  -35.407  -7.111  19.314 0.0000000000
48141  -34.647  -7.409  19.123 0.0000000000
50708  -33.854  -5.042  15.301 0.0000000000
49864  -34.340  -5.785  15.818 0.0000000000
50709  -34.800  -5.140  15.194 0.0000000000
50727  -35.180  -4.501  14.649 0.0000000000
45392  -28.287  -10.862  28.492 0.0000000000
36965  -17.379  -19.564  34.325 0.0000000000
36964  -16.499  -19.365  34.431 0.0000000000
36145  -17.491  -20.453  35.671 0.0000000000
36983  -21.052  -19.623  33.667 0.0000000000
118118  -10.841  -18.483  39.037 0.0000000000
37714  -10.246  -18.703  39.342 0.0000000000
45411  -41.963  -11.037  27.146 0.0000000000
40610  -24.810  -15.898  31.671 0.0000000000
39602  -25.081  -16.047  32.616 0.0000000000
41675  -26.080  -14.720  31.329 0.0000000000
107986  -26.724  -14.714  31.921 0.0000000000
41676  -26.929  -14.450  31.082 0.0000000000
43535  -37.735  -13.295  30.534 0.0000000000
45374  -23.766  -10.119  29.216 0.0000000000
42671  -22.460  -14.207  28.518 0.0000000000
41699  -22.825  -14.690  28.542 0.0000000000
40633  -22.475  -15.428  29.061 0.0000000000
40643  -23.238  -15.104  28.927 0.0000000000
41683  -24.675  -15.008  29.905 0.0000000000
40626  -24.144  -15.712  30.287 0.0000000000
117790  -24.328  -15.974  30.957 0.0000000000
39601  -24.422  -16.579  32.246 0.0000000000
46310  -37.473  -9.087  28.216 0.0000000000
46293  -36.359  -9.110  28.910 0.0000000000
54764  -35.114  0.750  12.418 0.0000000000
103157  -36.060  0.263  12.072 0.0000000000
62077  -39.402  9.099  12.774 0.0000000000
62089  -39.790  9.210  12.020 0.0000000000
62096  -40.826  9.212  10.402 0.0000000000
61274  -40.545  8.480  10.782 0.0000000000
60484  -40.872  7.755  10.687 0.0000000000
60486  -42.291  7.604  10.232 0.0000000000
61292  -42.722  9.138  8.637 0.0000000000
61284  -42.284  8.663  9.090 0.0000000000
61293  -43.501  8.882  8.530 0.0000000000
111525  -44.281  9.385  8.137 0.0000000000
62112  -43.382  9.670  8.331 0.0000000000
63672  -43.391  11.391  9.073 0.0000000000
62937  -43.318  10.536  8.486 0.0000000000
47213  -36.933  -8.341  25.355 0.0000000000
48071  -35.551  -7.876  24.483 0.0000000000
47211  -35.582  -8.581  23.959 0.0000000000
49812  -30.399  -5.495  18.673 0.0000000000
108064  -30.770  -5.963  18.799 0.0000000000
48993  -32.366  -6.434  17.583 0.0000000000
49828  -31.514  -5.894  17.536 0.0000000000
51506  -30.908  -3.930  16.358 0.0000000000
50688  -31.308  -4.717  16.475 0.0000000000
50705  -31.615  -4.286  15.894 0.0000000000
50706  -32.339  -4.611  15.591 0.0000000000
51521  -32.026  -3.933  15.296 0.0000000000
108150  -31.403  -1.103  15.554 0.0000000000
46304  -29.651  -9.449  28.564 0.0000000000
46288  -30.204  -9.587  29.361 0.0000000000
38651  -17.899  -17.221  32.823 0.0000000000
39581  -17.445  -16.773  33.353 0.0000000000
37792  -17.454  -18.531  33.345 0.0000000000
114566  -9.243  -21.391  39.248 0.0000000000
36092  -9.098  -20.147  39.175 0.0000000000
35333  -7.894  -21.499  40.905 0.0000000000
102061  -8.033  -20.718  40.259 0.0000000000
103631  -41.686  -8.538  24.071 0.0000000000
44436  -33.576  -11.599  28.867 0.0000000000
41674  -20.837  -14.213  30.893 0.0000000000
41663  -20.083  -14.566  32.262 0.0000000000
40619  -20.004  -16.065  31.128 0.0000000000
38697  -21.047  -17.371  30.618 0.0000000000
38683  -20.448  -17.780  31.031 0.0000000000
37818  -21.716  -18.431  31.626 0.0000000000
39628  -22.955  -16.609  30.207 0.0000000000
39627  -22.139  -16.704  30.009 0.0000000000
117660  -23.315  -18.432  33.508 0.0000000000
38652  -23.004  -18.406  32.774 0.0000000000
106830  -22.610  -18.927  33.496 0.0000000000
43566  -39.436  -12.827  28.000 0.0000000000
43578  -38.629  -12.716  27.408 0.0000000000
43586  -38.730  -12.519  26.749 0.0000000000
46339  -37.889  -10.161  26.009 0.0000000000
46327  -38.207  -8.463  27.957 0.0000000000
117503  -38.179  -7.948  27.279 0.0000000000
110150  -37.890  -8.278  26.544 0.0000000000
45408  -24.579  -10.765  27.240 0.0000000000
44466  -25.446  -11.583  26.841 0.0000000000
45409  -25.490  -10.636  26.505 0.0000000000
47186  -26.340  -8.785  26.112 0.0000000000
46335  -26.546  -9.849  25.815 0.0000000000
118317  -27.153  -9.295  25.835 0.0000000000
108642  -27.367  -9.979  26.022 0.0000000000
48048  -29.393  -7.228  25.943 0.0000000000
48047  -28.448  -7.225  25.802 0.0000000000
46338  -31.264  -8.667  26.487 0.0000000000
115889  -31.585  -9.563  27.047 0.0000000000
47149  -34.064  -8.166  28.864 0.0000000000
48015  -33.835  -7.445  29.272 0.0000000000
48033  -32.332  -7.911  27.165 0.0000000000
47160  -33.011  -8.226  27.762 0.0000000000
45393  -32.321  -9.866  27.210 0.0000000000
45395  -33.166  -10.501  27.772 0.0000000000
44435  -32.936  -11.097  28.368 0.0000000000
45398  -36.198  -11.207  28.398 0.0000000000
43563  -36.348  -12.644  28.922 0.0000000000
110510  -36.891  -13.109  29.180 0.0000000000
46318  -25.087  -9.226  27.344 0.0000000000
113266  -38.456  -3.736  14.460 0.0000000000
52381  -39.093  -2.169  13.628 0.0000000000
52366  -39.541  -2.680  14.234 0.0000000000
54766  -37.751  0.175  12.013 0.0000000000
53896  -37.614  -0.719  12.254 0.0000000000
107755  -37.378  5.503  14.275 0.0000000000
59645  -37.799  6.210  12.679 0.0000000000
58874  -37.436  5.668  13.026 0.0000000000
58882  -37.850  5.475  12.407 0.0000000000
118728  -38.496  4.986  12.035 0.0000000000
60463  -39.073  7.914  12.193 0.0000000000
60474  -39.026  7.218  11.841 0.0000000000
58897  -40.595  5.647  11.251 0.0000000000
58896  -39.749  5.537  11.218 0.0000000000
58164  -40.136  4.833  11.232 0.0000000000
112082  -40.487  4.249  11.462 0.0000000000
57395  -40.506  3.575  11.708 0.0000000000
57396  -41.116  4.109  11.791 0.0000000000
60487  -43.095  7.533  10.402 0.0000000000
62939  -45.680  10.070  7.755 0.0000000000
62949  -46.022  10.745  7.313 0.0000000000
62950  -47.012  10.411  7.346 0.0000000000
63687  -46.530  11.143  6.929 0.0000000000
65211  -45.451  12.951  7.220 0.0000000000
64448  -46.000  12.047  6.780 0.0000000000
37736  -12.328  -18.420  37.335 0.0000000000
38590  -12.845  -17.655  38.019 0.0000000000
37735  -11.567  -18.647  37.712 0.0000000000
35377  -13.301  -21.371  37.417 0.0000000000
35363  -11.605  -21.619  38.121 0.0000000000
122288  -11.186  -21.169  37.862 0.0000000000
35374  -10.918  -20.702  37.716 0.0000000000
35362  -10.689  -21.331  38.152 0.0000000000
34545  -10.476  -22.786  40.004 0.0000000000
43580  -39.968  -12.498  27.227 0.0000000000
43588  -39.927  -12.077  26.555 0.0000000000
44493  -39.902  -11.213  25.692 0.0000000000
45421  -40.841  -10.851  26.049 0.0000000000
112952  -37.094  -9.288  24.834 0.0000000000
45436  -38.771  -10.212  24.097 0.0000000000
45438  -40.166  -10.226  24.795 0.0000000000
46360  -40.509  -9.718  24.308 0.0000000000
48083  -32.426  -7.138  23.156 0.0000000000
48084  -33.210  -7.535  23.484 0.0000000000
117046  -33.522  -8.137  23.042 0.0000000000
48948  -30.992  -6.659  20.650 0.0000000000
48097  -31.500  -7.180  21.901 0.0000000000
48114  -31.468  -7.355  21.048 0.0000000000
47263  -33.530  -8.573  20.737 0.0000000000
47240  -34.120  -8.893  22.148 0.0000000000
46376  -34.845  -9.252  21.818 0.0000000000
46385  -35.485  -9.264  21.519 0.0000000000
47266  -36.410  -8.224  20.593 0.0000000000
47257  -38.219  -8.420  21.246 0.0000000000
48116  -37.896  -7.617  20.750 0.0000000000
48143  -36.219  -6.858  19.443 0.0000000000
48995  -34.555  -6.649  17.504 0.0000000000
49012  -35.781  -6.419  16.815 0.0000000000
48996  -35.449  -6.655  17.554 0.0000000000
48997  -36.290  -6.558  17.524 0.0000000000
49867  -37.275  -5.425  15.555 0.0000000000
49846  -37.677  -5.764  16.176 0.0000000000
50712  -37.694  -4.820  15.000 0.0000000000
51534  -35.528  -3.748  14.072 0.0000000000
51535  -36.410  -3.912  14.157 0.0000000000
51548  -35.421  -3.045  13.528 0.0000000000
52377  -35.774  -2.509  13.150 0.0000000000
52376  -34.821  -2.422  13.175 0.0000000000
103834  -32.375  -2.860  14.533 0.0000000000
52364  -33.173  -2.978  14.070 0.0000000000
53875  -33.485  -0.131  13.330 0.0000000000
110654  -33.468  -1.028  13.286 0.0000000000
121615  -34.077  -1.264  13.007 0.0000000000
53131  -34.687  -1.472  12.795 0.0000000000
53876  -34.157  -0.646  12.878 0.0000000000
53893  -34.604  -0.015  12.603 0.0000000000
55667  -34.436  1.758  13.569 0.0000000000
43560  -26.345  -12.805  28.181 0.0000000000
43546  -27.613  -12.460  29.445 0.0000000000
42665  -27.329  -13.186  29.831 0.0000000000
106146  -27.579  -13.879  31.004 0.0000000000
43517  -28.125  -13.277  30.917 0.0000000000
44420  -28.910  -10.975  30.057 0.0000000000
38623  -14.691  -17.491  35.700 0.0000000000
39553  -16.444  -16.452  35.275 0.0000000000
36963  -15.755  -19.174  34.709 0.0000000000
36947  -15.096  -19.101  35.110 0.0000000000
36143  -15.751  -20.279  35.680 0.0000000000
38667  -19.174  -17.648  31.806 0.0000000000
36981  -19.769  -19.432  33.378 0.0000000000
37794  -18.978  -18.866  32.890 0.0000000000
66082  -47.312  14.827  5.083 0.0000000000
35304  -6.048  -21.886  42.783 0.0000000000
40620  -25.437  -15.245  31.462 0.0000000000
41694  -26.299  -13.995  29.862 0.0000000000
44447  -23.754  -11.269  27.773 0.0000000000
110887  -23.314  -11.781  28.351 0.0000000000
113954  -23.532  -13.044  27.940 0.0000000000
41700  -23.422  -14.513  28.458 0.0000000000
46296  -38.089  -7.941  29.276 0.0000000000
56531  -35.677  2.311  12.581 0.0000000000
56521  -36.030  3.217  12.915 0.0000000000
57382  -36.642  3.931  12.848 0.0000000000
112932  -40.113  9.859  11.913 0.0000000000
62914  -40.515  10.251  11.434 0.0000000000
62921  -40.679  9.913  10.750 0.0000000000
61283  -41.763  8.771  9.469 0.0000000000
62102  -41.411  9.252  9.763 0.0000000000
63671  -42.822  11.119  9.575 0.0000000000
48901  -35.066  -7.045  24.985 0.0000000000
49827  -30.591  -5.314  17.888 0.0000000000
50673  -30.329  -4.425  17.545 0.0000000000
50687  -30.705  -4.362  16.870 0.0000000000
51519  -30.670  -3.158  16.418 0.0000000000
52351  -30.752  -2.458  16.134 0.0000000000
104681  -30.941  -9.842  30.182 0.0000000000
64453  -46.568  12.293  6.129 0.0000000000
64465  -47.138  12.621  5.457 0.0000000000
34544  -9.410  -22.634  40.237 0.0000000000
34543  -8.614  -22.225  40.516 0.0000000000
103370  -8.075  -22.172  41.667 0.0000000000
46350  -41.366  -9.338  24.443 0.0000000000
44437  -34.260  -11.994  29.373 0.0000000000
44423  -34.358  -12.004  30.413 0.0000000000
120364  -34.773  -12.075  30.998 0.0000000000
44406  -35.161  -12.044  31.633 0.0000000000
43543  -22.251  -12.697  29.296 0.0000000000
43529  -22.109  -12.327  30.385 0.0000000000
43514  -21.583  -12.778  30.989 0.0000000000
40623  -20.715  -15.966  30.467 0.0000000000
38698  -21.718  -17.307  30.537 0.0000000000
39600  -23.694  -17.079  31.848 0.0000000000
38686  -23.007  -17.578  31.416 0.0000000000
38653  -23.653  -17.913  33.128 0.0000000000
47170  -25.554  -8.747  26.844 0.0000000000
48045  -26.644  -7.668  26.358 0.0000000000
48862  -29.231  -5.899  26.834 0.0000000000
48877  -29.556  -6.571  26.324 0.0000000000
47190  -30.089  -7.938  25.859 0.0000000000
47191  -30.971  -7.898  26.197 0.0000000000
47174  -31.785  -8.405  26.604 0.0000000000
47161  -33.622  -8.456  28.200 0.0000000000
51550  -37.200  -3.000  13.531 0.0000000000
51551  -37.868  -2.765  13.598 0.0000000000
53133  -37.986  -1.729  12.932 0.0000000000
53134  -38.638  -1.612  13.050 0.0000000000
55688  -38.131  1.436  11.814 0.0000000000
54767  -38.646  0.274  12.158 0.0000000000
55680  -38.821  1.023  11.939 0.0000000000
58863  -37.402  5.795  13.731 0.0000000000
59661  -39.868  6.971  11.304 0.0000000000
58153  -41.565  4.759  11.986 0.0000000000
58884  -42.108  5.301  12.179 0.0000000000
63679  -44.468  11.191  7.819 0.0000000000
37752  -12.932  -18.627  36.748 0.0000000000
36931  -12.481  -19.245  36.728 0.0000000000
34552  -11.242  -22.595  39.333 0.0000000000
46356  -36.675  -9.444  24.080 0.0000000000
46380  -38.022  -9.753  22.840 0.0000000000
48098  -32.176  -7.598  22.347 0.0000000000
48128  -32.113  -7.870  20.622 0.0000000000
48129  -32.896  -8.120  20.269 0.0000000000
47264  -34.413  -8.502  20.364 0.0000000000
47254  -35.045  -8.938  21.048 0.0000000000
48131  -35.855  -7.591  19.945 0.0000000000
49842  -33.541  -6.092  16.383 0.0000000000
49011  -34.394  -6.309  16.632 0.0000000000
49843  -35.163  -6.142  16.281 0.0000000000
49844  -36.019  -5.973  16.067 0.0000000000
114848  -35.903  -5.601  15.585 0.0000000000
49866  -36.436  -5.521  15.560 0.0000000000
53118  -32.257  -1.014  14.341 0.0000000000
53874  -32.773  -0.405  13.879 0.0000000000
54752  -33.133  0.318  13.860 0.0000000000
54753  -33.717  0.682  13.473 0.0000000000
44468  -27.229  -11.512  27.029 0.0000000000
44449  -27.511  -11.590  28.021 0.0000000000
37791  -16.703  -18.050  33.487 0.0000000000
36948  -16.200  -19.827  35.118 0.0000000000
36144  -16.603  -20.416  35.707 0.0000000000
37806  -20.392  -18.688  32.133 0.0000000000
120105  -20.446  -19.572  33.522 0.0000000000
45422  -41.762  -10.652  26.426 0.0000000000
39571  -24.763  -17.096  33.952 0.0000000000
104309  -25.287  -16.620  33.948 0.0000000000
39584  -25.393  -16.199  33.323 0.0000000000
40597  -25.873  -15.619  32.902 0.0000000000
41665  -25.978  -15.059  32.117 0.0000000000
43544  -22.808  -12.266  28.764 0.0000000000
44418  -22.600  -11.905  29.781 0.0000000000
40632  -21.831  -15.357  29.188 0.0000000000
40625  -23.385  -16.005  29.895 0.0000000000
40635  -23.771  -15.402  29.560 0.0000000000
39629  -23.721  -16.303  30.610 0.0000000000
108264  -37.461  -10.750  27.217 0.0000000000
108915  -35.829  -9.281  29.041 0.0000000000
46294  -36.881  -8.811  28.899 0.0000000000
104809  -36.235  -0.650  12.210 0.0000000000
118054  -36.942  -0.903  12.266 0.0000000000
54765  -36.835  0.685  11.842 0.0000000000
56541  -36.314  2.099  11.994 0.0000000000
54776  -36.808  1.602  11.724 0.0000000000
55687  -37.455  1.769  11.695 0.0000000000
56543  -37.937  2.241  11.801 0.0000000000
57393  -38.682  2.801  11.697 0.0000000000
61249  -38.614  8.153  13.502 0.0000000000
61267  -39.994  8.485  11.483 0.0000000000
109892  -40.545  7.197  11.053 0.0000000000
59674  -41.130  7.097  10.896 0.0000000000
59675  -41.870  7.082  10.784 0.0000000000
60498  -42.787  8.106  9.568 0.0000000000
36118  -13.801  -20.990  36.901 0.0000000000
48072  -36.364  -7.998  24.887 0.0000000000
47225  -35.256  -8.978  23.439 0.0000000000
48947  -30.539  -5.912  21.174 0.0000000000
112324  -30.069  -5.310  19.987 0.0000000000
48961  -31.072  -6.575  19.723 0.0000000000
48138  -31.661  -6.996  19.245 0.0000000000
48154  -32.466  -7.135  18.882 0.0000000000
48155  -33.359  -7.130  18.437 0.0000000000
48978  -32.606  -6.837  18.156 0.0000000000
48994  -33.111  -6.721  17.635 0.0000000000
49009  -32.916  -6.323  16.950 0.0000000000
49840  -31.767  -5.449  16.720 0.0000000000
49841  -32.636  -5.708  16.353 0.0000000000
49862  -32.678  -5.161  15.828 0.0000000000
50707  -33.036  -4.853  15.409 0.0000000000
50725  -33.344  -4.391  14.921 0.0000000000
52363  -31.855  -2.328  14.875 0.0000000000
52352  -31.261  -2.480  15.439 0.0000000000
53110  -31.419  -1.828  15.291 0.0000000000
53117  -31.815  -1.487  14.845 0.0000000000
53865  -31.785  -0.592  15.073 0.0000000000
53857  -32.025  0.162  15.355 0.0000000000
46303  -28.986  -9.934  28.581 0.0000000000
45361  -29.544  -10.193  30.068 0.0000000000
101446  -30.147  -9.726  30.009 0.0000000000
39569  -17.109  -16.403  34.053 0.0000000000
38639  -16.939  -17.228  33.570 0.0000000000
36970  -22.184  -19.641  34.920 0.0000000000
36904  -9.641  -19.451  38.905 0.0000000000
36903  -8.923  -19.525  39.617 0.0000000000
36091  -8.389  -20.095  39.804 0.0000000000
36895  -8.199  -19.458  40.236 0.0000000000
36894  -7.437  -19.172  40.992 0.0000000000
58134  -37.794  5.386  15.004 0.0000000000
108183  -38.263  6.621  14.950 0.0000000000
59624  -38.566  7.288  15.004 0.0000000000
60444  -39.048  8.068  15.090 0.0000000000
45363  -32.868  -10.985  30.530 0.0000000000
43520  -35.816  -12.504  31.260 0.0000000000
103005  -20.401  -13.943  32.879 0.0000000000
40618  -19.338  -16.145  31.650 0.0000000000
38682  -19.794  -17.859  31.472 0.0000000000
37816  -20.208  -18.268  31.564 0.0000000000
37795  -21.610  -19.167  33.127 0.0000000000
39640  -21.937  -16.062  29.515 0.0000000000
38685  -22.153  -17.804  31.158 0.0000000000
37808  -22.165  -18.775  32.472 0.0000000000
66074  -46.097  14.959  5.848 0.0000000000
102398  -40.141  -13.064  28.842 0.0000000000
102498  -37.819  -10.514  26.533 0.0000000000
48061  -37.711  -7.664  26.625 0.0000000000
43559  -25.406  -12.840  27.834 0.0000000000
44467  -26.456  -11.763  26.757 0.0000000000
45418  -26.086  -10.426  26.012 0.0000000000
44480  -26.873  -11.240  26.401 0.0000000000
45420  -27.538  -10.711  26.585 0.0000000000
48850  -26.691  -6.454  27.616 0.0000000000
48031  -26.878  -6.659  26.600 0.0000000000
48046  -27.473  -7.347  25.877 0.0000000000
46336  -28.019  -9.196  25.976 0.0000000000
46320  -28.771  -9.454  26.796 0.0000000000
46321  -29.573  -9.089  27.346 0.0000000000
46322  -30.300  -9.045  27.020 0.0000000000
109661  -30.915  -9.438  27.452 0.0000000000
117149  -32.034  -7.097  27.520 0.0000000000
43562  -35.838  -12.420  29.212 0.0000000000
46301  -24.247  -9.524  28.771 0.0000000000
45390  -23.866  -10.328  28.096 0.0000000000
44465  -24.441  -11.765  27.411 0.0000000000
52365  -38.622  -2.918  14.001 0.0000000000
53152  -38.169  -1.180  12.585 0.0000000000
53153  -38.932  -0.981  12.708 0.0000000000
53898  -39.188  -0.258  12.493 0.0000000000
58132  -36.624  4.486  13.584 0.0000000000
58151  -37.185  4.804  12.806 0.0000000000
57383  -37.329  3.913  12.369 0.0000000000
57384  -38.260  3.670  12.032 0.0000000000
115485  -39.030  3.559  11.646 0.0000000000
60462  -38.532  7.576  12.674 0.0000000000
59646  -38.331  6.613  12.200 0.0000000000
58883  -38.581  5.722  11.899 0.0000000000
121108  -39.198  5.613  11.530 0.0000000000
102562  -41.767  4.111  12.438 0.0000000000
66073  -45.381  14.477  6.624 0.0000000000
66068  -44.837  15.016  7.447 0.0000000000
110657  -11.157  -18.529  38.371 0.0000000000
36128  -12.793  -19.890  36.536 0.0000000000
36116  -12.132  -19.975  36.837 0.0000000000
35376  -12.424  -21.390  37.611 0.0000000000
117818  -12.043  -20.653  37.196 0.0000000000
36115  -11.341  -20.133  37.283 0.0000000000
36922  -10.681  -20.088  37.709 0.0000000000
36911  -10.231  -19.800  38.179 0.0000000000
35348  -9.791  -21.214  38.523 0.0000000000
105166  -9.728  -21.896  39.033 0.0000000000
34551  -10.420  -22.307  39.150 0.0000000000
118025  -9.832  -22.362  39.574 0.0000000000
47214  -40.940  -9.015  23.804 0.0000000000
47228  -40.506  -8.646  23.165 0.0000000000
47244  -40.096  -8.256  22.523 0.0000000000
48914  -32.744  -6.613  24.055 0.0000000000
48069  -33.697  -7.169  24.164 0.0000000000
106405  -34.609  -8.698  23.334 0.0000000000
47241  -34.839  -9.199  22.710 0.0000000000
47238  -32.715  -8.250  21.991 0.0000000000
47239  -33.434  -8.443  22.435 0.0000000000
46387  -36.906  -9.258  21.652 0.0000000000
47255  -35.856  -8.952  21.006 0.0000000000
105375  -36.528  -8.911  21.168 0.0000000000
47242  -37.688  -9.102  21.586 0.0000000000
48100  -38.988  -8.136  21.675 0.0000000000
48101  -39.640  -7.879  22.047 0.0000000000
48133  -37.529  -6.981  20.235 0.0000000000
48156  -34.360  -7.081  18.354 0.0000000000
116751  -35.849  -6.663  18.525 0.0000000000
115433  -38.302  -4.355  14.800 0.0000000000
50729  -36.970  -4.355  14.523 0.0000000000
51536  -37.090  -3.707  13.989 0.0000000000
52392  -36.091  -1.909  12.735 0.0000000000
51532  -33.655  -3.821  14.399 0.0000000000
51546  -34.001  -3.361  13.914 0.0000000000
52375  -33.953  -2.719  13.484 0.0000000000
121548  -33.348  -1.605  13.418 0.0000000000
53149  -35.573  -1.227  12.473 0.0000000000
55677  -34.635  1.412  12.928 0.0000000000
54754  -34.183  1.220  13.352 0.0000000000
55668  -34.957  2.098  13.155 0.0000000000
56511  -35.292  2.883  14.277 0.0000000000
42672  -25.712  -13.385  28.484 0.0000000000
42673  -26.310  -13.287  28.905 0.0000000000
43545  -26.868  -12.864  29.119 0.0000000000
42654  -26.982  -13.863  30.311 0.0000000000
44434  -28.496  -11.199  29.365 0.0000000000
43531  -28.331  -11.883  29.951 0.0000000000
43518  -28.602  -12.456  30.890 0.0000000000
42647  -28.550  -13.132  31.474 0.0000000000
46275  -31.374  -10.144  30.712 0.0000000000
38611  -14.116  -17.453  36.330 0.0000000000
36946  -14.374  -19.004  35.445 0.0000000000
38637  -15.693  -17.741  34.534 0.0000000000
38624  -15.257  -17.629  35.122 0.0000000000
37766  -14.779  -18.307  35.220 0.0000000000
111430  -15.275  -20.485  36.212 0.0000000000
38666  -18.532  -17.483  32.325 0.0000000000
118801  -19.311  -18.572  32.457 0.0000000000
36979  -18.234  -19.001  33.406 0.0000000000
36966  -18.315  -19.644  34.134 0.0000000000
36969  -21.296  -19.865  34.506 0.0000000000
100991  -20.689  -20.138  35.095 0.0000000000
36146  -18.365  -20.475  35.621 0.0000000000
34535  -7.215  -21.652  42.078 0.0000000000
108492  -6.784  -22.026  42.907 0.0000000000
36884  -6.528  -19.325  41.725 0.0000000000
35303  -5.478  -21.771  42.456 0.0000000000
35317  -5.408  -21.040  42.206 0.0000000000
36076  -5.700  -20.407  42.204 0.0000000000
113076  -5.922  -19.566  42.046 0.0000000000
48975  -30.537  -5.845  19.364 0.0000000000
54777  -37.529  1.066  11.773 0.0000000000
116716  -9.318  -20.783  38.973 0.0000000000
