#!ascii label  , from subject sub-v2s18x29504_ses-1 vox2ras=TkReg
881
108731  43.767  43.409  5.027 0.0000000000
87381  47.105  48.296  5.425 0.0000000000
113456  51.051  38.674  3.948 0.0000000000
83233  39.177  40.323  5.347 0.0000000000
82207  42.748  38.007  4.796 0.0000000000
85984  46.548  44.740  -0.366 0.0000000000
101037  44.097  50.620  5.341 0.0000000000
89778  44.074  54.916  3.501 0.0000000000
79911  52.370  33.009  6.547 0.0000000000
79984  47.418  34.587  -1.557 0.0000000000
85913  48.561  45.413  4.329 0.0000000000
83208  47.436  40.367  6.614 0.0000000000
84751  51.001  43.627  8.782 0.0000000000
82149  48.670  38.433  8.790 0.0000000000
87887  42.298  50.340  -0.298 0.0000000000
87407  47.961  48.390  0.811 0.0000000000
82229  44.893  38.757  1.488 0.0000000000
100249  41.908  42.693  4.640 0.0000000000
110827  40.911  39.086  5.407 0.0000000000
83718  43.172  40.963  5.586 0.0000000000
85943  44.977  45.581  2.408 0.0000000000
85348  41.997  44.283  3.347 0.0000000000
89331  41.245  52.804  4.219 0.0000000000
100712  51.884  32.280  8.343 0.0000000000
79922  48.708  33.870  5.346 0.0000000000
115166  47.158  33.362  7.145 0.0000000000
88370  45.222  50.642  -3.722 0.0000000000
86445  48.981  46.371  5.104 0.0000000000
85314  48.878  45.139  6.980 0.0000000000
85892  48.828  46.067  8.145 0.0000000000
84200  45.689  42.432  9.970 0.0000000000
83662  47.839  41.833  10.108 0.0000000000
102780  47.016  38.948  10.561 0.0000000000
81014  48.436  37.043  11.172 0.0000000000
110086  46.165  52.003  4.621 0.0000000000
88335  46.427  51.323  2.114 0.0000000000
118554  47.538  48.771  2.825 0.0000000000
86931  49.862  46.280  2.418 0.0000000000
108495  49.903  39.607  5.366 0.0000000000
82203  46.492  38.517  4.355 0.0000000000
82220  48.218  38.182  2.184 0.0000000000
81051  39.868  36.768  5.007 0.0000000000
81075  40.799  36.653  3.274 0.0000000000
85425  48.207  43.012  -2.963 0.0000000000
85415  43.905  44.013  -2.450 0.0000000000
87846  46.138  50.171  7.305 0.0000000000
86876  47.086  47.701  8.681 0.0000000000
117809  37.482  54.616  3.344 0.0000000000
89793  40.321  53.784  2.976 0.0000000000
89328  44.127  53.244  5.230 0.0000000000
80511  51.239  35.570  5.208 0.0000000000
81096  50.902  35.733  0.692 0.0000000000
79375  50.473  33.480  2.039 0.0000000000
100114  46.598  34.507  2.662 0.0000000000
85335  45.818  44.663  4.576 0.0000000000
84232  45.621  41.994  6.107 0.0000000000
84760  47.658  43.325  6.517 0.0000000000
83690  49.661  41.980  7.208 0.0000000000
82695  51.304  40.340  6.574 0.0000000000
85274  49.114  44.588  10.854 0.0000000000
83173  50.434  40.905  8.967 0.0000000000
82176  50.359  38.401  6.765 0.0000000000
113840  49.552  35.720  8.276 0.0000000000
79890  51.355  34.465  10.289 0.0000000000
89389  42.602  52.335  -2.373 0.0000000000
87443  44.386  48.495  -1.456 0.0000000000
87885  44.740  49.325  0.445 0.0000000000
86984  46.753  46.915  -1.322 0.0000000000
85983  49.642  45.171  -0.313 0.0000000000
111144  48.305  45.199  2.040 0.0000000000
113639  44.968  39.127  5.525 0.0000000000
81642  44.150  38.012  3.239 0.0000000000
99431  41.813  37.983  1.024 0.0000000000
81678  47.161  36.688  -1.481 0.0000000000
84255  42.774  42.815  4.999 0.0000000000
83719  42.236  41.098  5.256 0.0000000000
84774  43.744  42.480  5.447 0.0000000000
85345  44.419  45.079  4.068 0.0000000000
85930  43.332  44.974  2.984 0.0000000000
117690  43.098  44.352  4.160 0.0000000000
84789  41.362  43.079  4.280 0.0000000000
78191  50.833  31.433  9.806 0.0000000000
79325  48.807  32.723  7.795 0.0000000000
78773  48.397  32.127  8.301 0.0000000000
81101  38.464  36.762  1.407 0.0000000000
86921  48.075  47.598  4.914 0.0000000000
86436  48.676  46.431  6.222 0.0000000000
86895  48.135  47.113  6.541 0.0000000000
83177  45.706  40.553  9.737 0.0000000000
83176  46.383  41.127  9.898 0.0000000000
87854  46.300  50.285  6.087 0.0000000000
87863  46.453  50.239  4.275 0.0000000000
87390  47.483  48.302  4.005 0.0000000000
86925  48.525  47.502  3.875 0.0000000000
82727  50.757  39.440  4.594 0.0000000000
82212  49.467  38.165  3.432 0.0000000000
81640  49.872  37.910  2.726 0.0000000000
104295  38.322  39.997  5.587 0.0000000000
82721  38.845  39.492  5.594 0.0000000000
82192  41.476  38.399  5.308 0.0000000000
82193  40.618  38.225  5.444 0.0000000000
81624  41.124  37.605  5.100 0.0000000000
101981  40.180  36.512  4.204 0.0000000000
81062  42.175  37.007  3.858 0.0000000000
84835  48.184  43.449  -1.529 0.0000000000
85426  45.957  42.939  -3.081 0.0000000000
85997  45.454  44.549  -1.372 0.0000000000
83740  39.585  41.740  4.679 0.0000000000
113475  38.285  41.326  4.956 0.0000000000
87847  45.684  50.316  7.112 0.0000000000
86897  45.817  48.855  7.535 0.0000000000
108952  45.096  48.585  6.851 0.0000000000
88323  42.472  50.883  4.360 0.0000000000
89329  43.147  53.058  4.768 0.0000000000
88311  44.449  51.589  5.396 0.0000000000
88827  45.341  51.987  5.749 0.0000000000
80510  51.954  34.393  5.586 0.0000000000
79945  51.854  33.870  3.295 0.0000000000
79355  51.884  32.843  4.604 0.0000000000
79936  47.291  34.362  4.623 0.0000000000
79946  48.106  34.076  3.947 0.0000000000
79948  46.193  34.546  3.548 0.0000000000
85334  46.800  44.714  4.750 0.0000000000
84771  46.704  43.896  5.701 0.0000000000
85322  47.933  44.853  5.860 0.0000000000
84755  50.030  44.349  7.864 0.0000000000
84756  49.623  43.545  7.508 0.0000000000
84223  50.270  42.757  7.579 0.0000000000
83695  51.082  41.283  6.975 0.0000000000
84219  51.260  42.078  8.286 0.0000000000
86406  47.240  46.592  9.849 0.0000000000
86405  48.025  46.450  9.674 0.0000000000
85275  48.072  44.782  11.100 0.0000000000
83175  48.556  40.453  9.662 0.0000000000
83670  49.852  41.947  9.838 0.0000000000
83174  49.336  40.405  9.250 0.0000000000
82678  50.302  39.492  7.755 0.0000000000
82155  48.955  38.137  7.921 0.0000000000
81026  49.638  36.796  7.166 0.0000000000
81020  48.717  36.724  8.477 0.0000000000
80996  49.217  36.434  12.608 0.0000000000
80480  49.682  35.765  11.022 0.0000000000
88350  42.215  50.664  -1.219 0.0000000000
88359  43.433  50.362  -2.264 0.0000000000
87444  43.410  49.569  -1.031 0.0000000000
98452  42.000  54.451  3.508 0.0000000000
89364  41.723  52.594  2.695 0.0000000000
89790  43.438  53.560  3.043 0.0000000000
87879  47.080  49.850  1.517 0.0000000000
88338  46.194  50.742  1.584 0.0000000000
87883  46.953  49.454  0.978 0.0000000000
87426  45.632  48.204  -0.270 0.0000000000
87424  47.722  47.937  0.248 0.0000000000
86497  48.670  46.565  -0.580 0.0000000000
86488  49.154  46.896  -0.015 0.0000000000
85924  49.691  45.686  3.392 0.0000000000
102839  49.663  45.257  2.154 0.0000000000
85926  48.376  45.303  3.556 0.0000000000
85927  47.037  45.493  3.451 0.0000000000
108057  46.409  41.937  6.433 0.0000000000
83210  45.576  40.428  6.209 0.0000000000
82701  46.045  39.647  6.131 0.0000000000
99395  45.824  38.597  2.819 0.0000000000
82215  45.601  38.476  3.798 0.0000000000
82223  45.001  38.515  2.756 0.0000000000
81654  42.658  37.698  2.046 0.0000000000
82230  44.082  38.582  1.088 0.0000000000
80547  50.013  34.660  -1.353 0.0000000000
81109  49.031  36.547  -0.894 0.0000000000
81119  47.478  35.678  -2.173 0.0000000000
83739  40.486  41.614  4.777 0.0000000000
83232  40.167  40.242  5.295 0.0000000000
110999  41.480  40.742  5.177 0.0000000000
83230  41.996  40.182  5.327 0.0000000000
82717  42.719  39.499  5.399 0.0000000000
85958  45.853  45.514  1.039 0.0000000000
84790  40.667  42.860  4.263 0.0000000000
78778  52.021  32.574  6.851 0.0000000000
79342  51.838  32.594  5.426 0.0000000000
79331  50.143  33.033  6.521 0.0000000000
79912  48.269  33.875  6.238 0.0000000000
85902  48.680  45.680  5.177 0.0000000000
85321  48.492  45.437  6.111 0.0000000000
101828  48.781  45.996  5.827 0.0000000000
85891  49.228  45.486  7.582 0.0000000000
85302  50.196  45.043  8.722 0.0000000000
112626  46.464  43.716  10.534 0.0000000000
84734  47.639  43.988  10.829 0.0000000000
83663  46.919  41.846  10.081 0.0000000000
82660  47.806  40.143  9.915 0.0000000000
82140  47.548  39.264  10.022 0.0000000000
106320  48.369  37.110  10.156 0.0000000000
81576  48.020  37.768  10.859 0.0000000000
81556  48.039  37.756  12.695 0.0000000000
80974  48.621  37.152  14.222 0.0000000000
88900  41.106  51.101  0.150 0.0000000000
90217  46.482  54.980  4.145 0.0000000000
89788  45.943  53.622  3.341 0.0000000000
88865  46.371  52.167  2.996 0.0000000000
87877  47.013  50.262  1.828 0.0000000000
87394  47.930  48.713  1.836 0.0000000000
86942  49.052  47.486  1.245 0.0000000000
87393  48.598  47.787  1.997 0.0000000000
86919  49.343  46.845  3.811 0.0000000000
82698  49.179  39.862  6.085 0.0000000000
82713  47.528  39.062  5.858 0.0000000000
82185  48.149  38.676  5.156 0.0000000000
82213  48.182  38.248  3.345 0.0000000000
81651  47.298  38.282  1.531 0.0000000000
79986  45.888  34.756  -0.291 0.0000000000
80559  46.338  35.387  -2.389 0.0000000000
81053  38.165  36.697  5.057 0.0000000000
106058  40.125  38.878  5.628 0.0000000000
81626  39.417  37.299  5.370 0.0000000000
81065  38.619  36.500  4.457 0.0000000000
81076  39.183  36.468  3.789 0.0000000000
113110  39.862  36.569  3.051 0.0000000000
104919  39.538  36.877  1.898 0.0000000000
85437  46.757  43.018  -4.330 0.0000000000
84856  44.477  42.710  -4.250 0.0000000000
87369  46.551  49.267  6.337 0.0000000000
86887  47.187  47.917  8.053 0.0000000000
87346  46.256  48.804  7.596 0.0000000000
86877  46.521  47.564  8.550 0.0000000000
86407  46.439  46.454  9.816 0.0000000000
85857  45.473  45.301  10.460 0.0000000000
113780  45.496  43.745  10.445 0.0000000000
90232  38.641  54.833  3.179 0.0000000000
98456  40.019  56.337  3.793 0.0000000000
98450  42.181  56.953  4.150 0.0000000000
90635  44.657  56.197  5.104 0.0000000000
89320  45.862  53.589  5.367 0.0000000000
110449  46.101  51.039  6.518 0.0000000000
81061  50.937  37.053  3.915 0.0000000000
81648  50.572  37.075  2.483 0.0000000000
80526  51.308  35.679  3.110 0.0000000000
79969  51.509  34.098  0.517 0.0000000000
79970  49.854  33.572  0.232 0.0000000000
79366  50.321  33.354  3.223 0.0000000000
79957  48.797  33.779  1.545 0.0000000000
79972  47.256  34.385  0.280 0.0000000000
85336  44.913  44.597  4.553 0.0000000000
84773  44.599  43.050  5.411 0.0000000000
84772  45.369  43.623  5.319 0.0000000000
84231  46.194  42.674  6.110 0.0000000000
111272  47.491  41.928  6.739 0.0000000000
114264  48.226  43.962  6.630 0.0000000000
84229  48.004  42.656  6.788 0.0000000000
107218  48.500  41.972  6.901 0.0000000000
83206  49.931  40.568  6.357 0.0000000000
83227  51.123  40.479  5.679 0.0000000000
82183  51.336  39.570  5.201 0.0000000000
111871  48.170  46.652  8.766 0.0000000000
85868  49.562  45.337  9.520 0.0000000000
85288  50.568  43.994  9.593 0.0000000000
84197  49.087  43.354  10.743 0.0000000000
118682  50.101  42.739  10.215 0.0000000000
83669  51.133  42.110  9.056 0.0000000000
83187  51.215  41.094  8.132 0.0000000000
82696  51.239  39.859  6.754 0.0000000000
111300  50.636  38.277  5.928 0.0000000000
81035  50.181  36.883  6.318 0.0000000000
81025  50.391  36.072  6.662 0.0000000000
80494  51.104  34.994  7.115 0.0000000000
112111  48.766  36.362  9.736 0.0000000000
80482  50.608  35.018  9.623 0.0000000000
79898  51.804  34.194  8.540 0.0000000000
79314  52.360  32.674  9.163 0.0000000000
88358  44.056  50.627  -2.830 0.0000000000
87922  44.704  49.455  -3.024 0.0000000000
87455  45.114  48.065  -3.006 0.0000000000
116072  45.342  51.699  2.251 0.0000000000
105911  43.855  49.673  0.335 0.0000000000
87427  44.660  48.658  -0.470 0.0000000000
117045  45.327  47.473  -1.702 0.0000000000
86505  46.640  46.474  -2.257 0.0000000000
86511  47.602  45.529  -2.423 0.0000000000
85411  49.070  43.867  -1.663 0.0000000000
85398  48.647  43.890  -0.706 0.0000000000
86476  49.858  45.949  0.998 0.0000000000
85381  49.419  44.794  0.637 0.0000000000
85971  47.674  44.812  0.649 0.0000000000
85941  47.058  45.552  2.492 0.0000000000
85928  45.923  45.381  3.599 0.0000000000
83717  44.475  41.235  5.882 0.0000000000
112747  44.338  39.755  5.619 0.0000000000
118481  43.825  38.636  4.977 0.0000000000
82187  46.071  38.669  5.239 0.0000000000
82205  44.400  38.343  4.629 0.0000000000
81633  43.013  37.629  4.097 0.0000000000
81644  42.906  37.371  3.190 0.0000000000
81098  41.121  37.361  1.604 0.0000000000
81659  49.810  37.257  1.158 0.0000000000
81661  47.682  37.945  0.456 0.0000000000
116492  46.277  37.893  0.024 0.0000000000
81121  45.978  36.166  -2.128 0.0000000000
81673  44.018  38.230  0.216 0.0000000000
78783  46.466  31.920  7.369 0.0000000000
79335  45.881  33.017  6.491 0.0000000000
85338  43.009  43.727  4.536 0.0000000000
85337  43.890  44.339  4.515 0.0000000000
85346  43.553  44.849  3.865 0.0000000000
78772  49.411  32.006  8.637 0.0000000000
86910  47.659  47.661  6.009 0.0000000000
87382  46.677  49.157  4.884 0.0000000000
82199  51.174  39.175  4.530 0.0000000000
82211  50.541  38.304  3.555 0.0000000000
82191  42.331  38.576  5.241 0.0000000000
81623  42.000  37.755  5.060 0.0000000000
81635  41.609  37.203  4.590 0.0000000000
81634  42.328  37.449  4.521 0.0000000000
85399  47.501  43.988  -0.908 0.0000000000
85412  47.329  43.421  -1.781 0.0000000000
85400  46.438  44.272  -1.180 0.0000000000
109669  38.700  41.817  4.619 0.0000000000
83722  39.002  41.174  5.015 0.0000000000
83234  38.326  40.726  5.293 0.0000000000
87855  44.785  50.162  6.182 0.0000000000
87370  44.968  49.361  6.607 0.0000000000
88322  43.444  51.180  4.774 0.0000000000
88310  45.154  51.165  6.121 0.0000000000
80502  52.095  34.110  6.407 0.0000000000
107413  52.257  33.631  5.052 0.0000000000
79341  52.230  32.879  5.257 0.0000000000
79937  46.252  34.482  4.449 0.0000000000
85333  47.875  45.031  5.089 0.0000000000
85323  47.143  44.432  5.449 0.0000000000
84754  50.852  43.572  8.024 0.0000000000
84222  51.117  42.567  7.886 0.0000000000
84220  51.189  42.848  8.569 0.0000000000
85871  46.870  46.004  10.412 0.0000000000
85870  47.787  46.031  10.434 0.0000000000
85855  47.429  45.447  10.907 0.0000000000
82659  48.346  39.702  9.610 0.0000000000
82673  48.918  39.400  8.998 0.0000000000
82148  49.365  39.054  8.208 0.0000000000
81589  48.617  37.498  8.590 0.0000000000
80470  49.951  35.737  13.073 0.0000000000
88348  41.632  50.842  -0.499 0.0000000000
88351  41.661  51.252  -1.139 0.0000000000
87899  42.958  50.195  -1.584 0.0000000000
87892  42.756  50.071  -0.841 0.0000000000
99031  43.111  55.627  3.707 0.0000000000
98642  42.849  54.510  3.453 0.0000000000
87399  47.486  49.120  1.207 0.0000000000
87408  47.328  48.704  0.660 0.0000000000
119192  48.693  47.153  -0.084 0.0000000000
86958  48.498  47.598  0.341 0.0000000000
85925  49.258  45.507  3.441 0.0000000000
85914  47.528  45.125  4.253 0.0000000000
83699  46.901  41.278  6.649 0.0000000000
83209  46.444  40.391  6.461 0.0000000000
82222  45.696  38.547  1.925 0.0000000000
81652  44.176  38.413  2.102 0.0000000000
79993  48.294  34.581  -1.503 0.0000000000
80557  47.890  34.946  -2.139 0.0000000000
80558  47.084  35.015  -2.627 0.0000000000
84256  41.149  42.287  4.606 0.0000000000
83720  40.743  40.868  5.096 0.0000000000
83738  41.353  41.447  4.964 0.0000000000
112744  42.702  40.371  5.481 0.0000000000
102465  45.981  45.780  1.971 0.0000000000
85959  44.981  45.616  1.541 0.0000000000
85358  42.444  44.713  2.811 0.0000000000
85945  42.854  45.059  2.253 0.0000000000
78770  52.065  32.471  7.604 0.0000000000
105553  51.509  32.429  7.783 0.0000000000
115151  48.518  33.192  7.336 0.0000000000
79332  48.904  33.429  6.765 0.0000000000
79333  47.961  33.596  7.039 0.0000000000
79913  47.353  33.935  6.461 0.0000000000
79334  46.570  33.592  6.555 0.0000000000
104026  44.644  51.027  -3.407 0.0000000000
88930  45.361  51.374  -3.978 0.0000000000
104567  48.741  46.143  7.205 0.0000000000
85310  49.985  44.981  8.129 0.0000000000
85879  49.518  45.508  8.492 0.0000000000
115523  45.821  43.141  10.213 0.0000000000
84199  46.409  42.654  10.176 0.0000000000
82651  47.085  39.768  10.132 0.0000000000
83169  47.240  40.813  9.956 0.0000000000
82127  47.586  38.491  10.566 0.0000000000
81564  47.506  38.114  12.120 0.0000000000
81557  47.416  38.051  13.044 0.0000000000
111968  48.617  37.141  13.181 0.0000000000
81537  48.012  37.766  13.680 0.0000000000
89327  46.472  53.642  4.351 0.0000000000
89346  46.460  53.652  3.742 0.0000000000
88843  46.422  52.760  3.795 0.0000000000
87391  46.967  49.329  3.421 0.0000000000
87872  46.773  50.424  2.732 0.0000000000
87871  47.345  49.596  2.192 0.0000000000
87389  48.124  48.038  2.888 0.0000000000
86920  49.005  46.997  4.642 0.0000000000
117358  49.346  46.434  4.293 0.0000000000
82712  48.649  39.195  5.722 0.0000000000
82184  49.416  38.849  4.957 0.0000000000
81641  48.981  37.984  2.704 0.0000000000
99112  47.265  38.353  2.722 0.0000000000
81628  37.649  37.140  5.503 0.0000000000
81627  38.543  37.236  5.395 0.0000000000
82719  40.400  39.577  5.457 0.0000000000
81625  40.268  37.381  5.308 0.0000000000
81052  39.036  36.788  5.051 0.0000000000
81064  39.399  36.559  4.587 0.0000000000
81088  40.507  36.861  2.256 0.0000000000
86020  47.831  43.394  -3.374 0.0000000000
85436  47.489  42.850  -3.538 0.0000000000
84846  45.419  42.614  -3.911 0.0000000000
84847  44.256  42.794  -3.856 0.0000000000
85428  43.416  43.299  -3.385 0.0000000000
87845  46.294  50.123  7.078 0.0000000000
87360  46.328  49.392  7.322 0.0000000000
87361  46.085  49.526  7.544 0.0000000000
86889  46.001  48.065  7.945 0.0000000000
86423  46.050  46.779  9.062 0.0000000000
85873  44.993  45.553  10.181 0.0000000000
85277  45.659  44.600  10.624 0.0000000000
90234  37.460  54.426  2.451 0.0000000000
100643  38.049  54.827  3.253 0.0000000000
115682  39.802  56.385  4.165 0.0000000000
98563  40.259  56.481  4.342 0.0000000000
98455  41.777  56.786  3.920 0.0000000000
89766  43.558  54.402  5.213 0.0000000000
98537  43.035  55.784  5.122 0.0000000000
89765  44.640  54.429  5.509 0.0000000000
89761  45.751  54.571  5.495 0.0000000000
89321  45.157  53.472  5.596 0.0000000000
88294  46.126  50.742  7.021 0.0000000000
88309  45.872  51.273  6.245 0.0000000000
88293  46.207  50.592  7.037 0.0000000000
80518  51.215  35.950  4.352 0.0000000000
108176  51.185  36.205  3.698 0.0000000000
112093  51.558  35.194  3.945 0.0000000000
115674  51.288  33.752  2.176 0.0000000000
79955  51.517  33.974  2.245 0.0000000000
79374  51.116  33.613  1.551 0.0000000000
114671  50.963  33.495  -0.040 0.0000000000
79383  50.733  33.434  0.882 0.0000000000
79921  49.966  33.323  5.097 0.0000000000
79356  50.815  33.119  4.285 0.0000000000
79934  49.252  33.710  4.328 0.0000000000
117248  47.326  34.313  2.747 0.0000000000
100551  48.135  33.987  2.810 0.0000000000
79958  47.560  34.235  1.773 0.0000000000
100049  46.675  34.507  1.592 0.0000000000
79973  46.246  34.637  0.822 0.0000000000
79959  45.849  34.631  2.021 0.0000000000
84786  45.365  44.222  4.939 0.0000000000
85324  46.155  44.171  5.182 0.0000000000
84761  46.819  43.326  6.109 0.0000000000
84230  47.021  42.537  6.510 0.0000000000
85315  48.341  44.654  6.500 0.0000000000
84224  49.087  42.740  7.137 0.0000000000
110368  48.592  43.428  6.929 0.0000000000
83697  49.140  41.235  6.819 0.0000000000
83696  50.335  41.276  6.912 0.0000000000
83205  50.912  40.875  6.251 0.0000000000
83204  51.156  40.690  6.353 0.0000000000
82711  51.212  40.072  5.347 0.0000000000
82174  51.344  39.889  5.900 0.0000000000
86427  47.604  47.280  8.398 0.0000000000
85290  49.174  45.215  10.505 0.0000000000
85869  48.657  45.809  10.159 0.0000000000
85289  49.862  44.671  10.171 0.0000000000
111332  48.483  42.660  10.401 0.0000000000
108982  48.258  43.410  10.642 0.0000000000
113172  49.938  41.229  9.360 0.0000000000
106087  50.662  41.663  9.347 0.0000000000
84207  50.622  42.455  9.721 0.0000000000
83684  51.205  41.595  8.529 0.0000000000
83685  51.001  41.341  8.789 0.0000000000
118445  50.979  39.849  7.412 0.0000000000
82153  50.696  39.202  7.040 0.0000000000
82175  51.096  39.196  6.042 0.0000000000
81607  50.589  37.536  5.482 0.0000000000
81608  50.144  37.561  6.530 0.0000000000
81019  49.143  36.340  7.989 0.0000000000
80495  49.930  35.828  7.525 0.0000000000
103763  50.425  35.226  8.082 0.0000000000
81013  48.888  36.338  10.593 0.0000000000
80479  50.465  35.187  10.597 0.0000000000
80487  50.946  34.820  8.732 0.0000000000
79893  51.615  34.322  9.323 0.0000000000
79897  52.234  33.494  8.816 0.0000000000
89383  41.825  52.500  -1.784 0.0000000000
89826  42.161  53.306  -2.174 0.0000000000
114134  43.529  51.036  -2.618 0.0000000000
87457  43.914  49.167  -1.712 0.0000000000
87911  44.050  49.720  -2.482 0.0000000000
87456  44.504  48.753  -2.450 0.0000000000
86985  44.759  47.884  -2.082 0.0000000000
89360  46.205  52.676  3.095 0.0000000000
89361  45.353  52.523  2.739 0.0000000000
88877  46.083  51.904  2.464 0.0000000000
87880  45.482  50.001  1.127 0.0000000000
88339  45.078  50.598  1.475 0.0000000000
87881  44.373  49.975  0.967 0.0000000000
87891  43.953  49.358  -0.308 0.0000000000
86975  45.996  47.461  -0.915 0.0000000000
86506  45.897  46.992  -1.899 0.0000000000
119530  47.346  46.399  -1.664 0.0000000000
86496  49.360  45.939  -0.476 0.0000000000
86503  49.119  45.586  -1.153 0.0000000000
85410  49.463  44.523  -0.899 0.0000000000
85397  49.201  44.042  -0.890 0.0000000000
85396  49.474  44.632  -0.176 0.0000000000
86941  49.683  46.538  1.614 0.0000000000
86956  49.497  46.869  0.914 0.0000000000
85939  49.183  45.247  2.644 0.0000000000
85956  49.308  44.924  1.537 0.0000000000
104986  48.461  44.806  1.107 0.0000000000
85957  47.128  45.226  1.419 0.0000000000
85915  46.387  45.128  4.112 0.0000000000
85916  45.381  45.134  4.099 0.0000000000
84242  45.414  42.801  5.726 0.0000000000
84243  44.676  42.068  5.808 0.0000000000
83229  45.223  39.721  5.863 0.0000000000
83211  44.780  40.517  5.922 0.0000000000
82716  43.636  39.274  5.334 0.0000000000
82189  44.392  38.874  5.238 0.0000000000
82186  47.033  38.690  5.201 0.0000000000
82714  46.526  39.059  5.804 0.0000000000
82216  44.714  38.137  3.929 0.0000000000
119617  45.110  38.341  4.527 0.0000000000
81632  43.916  37.893  4.046 0.0000000000
115615  43.508  37.700  3.498 0.0000000000
102323  40.877  37.774  0.689 0.0000000000
81085  50.524  36.669  1.590 0.0000000000
81649  50.095  37.530  2.106 0.0000000000
119219  50.331  36.531  0.574 0.0000000000
81110  47.993  36.892  -1.057 0.0000000000
81669  48.557  37.500  0.019 0.0000000000
81670  47.158  37.592  -0.383 0.0000000000
81662  46.741  38.163  0.654 0.0000000000
80560  45.141  35.356  -2.468 0.0000000000
109285  45.666  35.622  -2.414 0.0000000000
81122  45.033  36.227  -2.232 0.0000000000
84245  42.044  42.049  5.014 0.0000000000
84244  42.948  41.853  5.381 0.0000000000
85929  44.940  45.442  3.370 0.0000000000
105408  44.102  45.452  2.754 0.0000000000
107276  44.034  45.259  3.460 0.0000000000
85347  42.802  44.524  3.555 0.0000000000
84799  42.422  44.039  4.012 0.0000000000
84800  41.633  43.707  3.818 0.0000000000
84788  42.181  43.340  4.386 0.0000000000
78771  50.721  32.124  8.849 0.0000000000
78780  49.919  32.531  8.008 0.0000000000
78781  49.071  32.418  8.223 0.0000000000
78782  47.831  32.847  7.647 0.0000000000
86909  48.596  47.046  5.570 0.0000000000
116252  48.353  46.686  7.014 0.0000000000
103176  48.267  46.678  7.819 0.0000000000
83672  45.640  41.572  9.776 0.0000000000
88321  46.147  51.125  5.190 0.0000000000
88330  46.381  51.473  3.566 0.0000000000
82200  50.137  38.691  4.048 0.0000000000
81063  40.711  36.965  4.768 0.0000000000
102463  41.193  36.795  4.066 0.0000000000
81074  41.582  36.762  3.364 0.0000000000
84838  48.357  43.179  -2.508 0.0000000000
84844  47.734  42.813  -3.203 0.0000000000
84840  47.173  42.807  -2.774 0.0000000000
85413  46.241  43.640  -2.067 0.0000000000
85414  45.096  43.968  -2.307 0.0000000000
83723  37.520  41.137  5.183 0.0000000000
83235  37.625  40.356  5.569 0.0000000000
87362  45.747  49.609  7.352 0.0000000000
88847  41.876  51.697  4.109 0.0000000000
89330  42.220  52.848  4.431 0.0000000000
88846  42.802  51.905  4.492 0.0000000000
88845  43.772  52.184  4.929 0.0000000000
88844  44.718  52.519  5.487 0.0000000000
88295  45.674  50.831  6.792 0.0000000000
80517  51.772  34.718  4.735 0.0000000000
79933  52.096  33.963  4.176 0.0000000000
79354  51.881  33.386  4.027 0.0000000000
79365  51.485  33.200  3.643 0.0000000000
79935  48.126  34.073  4.783 0.0000000000
79947  47.123  34.405  3.567 0.0000000000
100113  45.582  34.627  3.046 0.0000000000
84770  47.527  44.073  6.113 0.0000000000
85313  49.507  44.905  7.557 0.0000000000
84759  49.017  44.311  7.184 0.0000000000
83689  50.787  41.915  7.440 0.0000000000
83688  51.183  41.753  7.661 0.0000000000
83189  51.230  41.042  7.317 0.0000000000
86421  47.430  47.032  9.145 0.0000000000
85854  48.421  45.400  10.881 0.0000000000
83168  48.199  41.036  9.838 0.0000000000
83661  48.817  41.860  10.076 0.0000000000
83671  49.123  41.149  9.646 0.0000000000
82672  49.973  40.040  8.455 0.0000000000
82154  49.825  38.646  7.530 0.0000000000
81593  49.577  37.775  7.321 0.0000000000
81027  48.947  37.212  7.837 0.0000000000
81004  49.058  36.374  11.586 0.0000000000
80474  49.844  35.751  12.011 0.0000000000
80473  50.407  35.290  11.459 0.0000000000
89384  41.193  52.422  -1.302 0.0000000000
88914  42.061  51.598  -1.718 0.0000000000
88360  42.775  51.060  -2.171 0.0000000000
87912  43.491  49.751  -1.837 0.0000000000
98458  40.510  55.382  3.543 0.0000000000
89792  41.275  53.804  3.347 0.0000000000
89791  42.324  53.457  3.141 0.0000000000
88337  46.758  50.615  1.786 0.0000000000
100922  46.560  50.091  1.328 0.0000000000
87884  45.929  49.403  0.790 0.0000000000
87410  45.406  48.815  0.234 0.0000000000
87409  46.347  48.760  0.430 0.0000000000
87425  46.705  48.038  0.007 0.0000000000
86974  47.156  47.373  -0.483 0.0000000000
86983  47.672  46.747  -0.910 0.0000000000
86973  48.135  47.256  -0.196 0.0000000000
86487  49.630  45.984  0.168 0.0000000000
86456  49.988  45.857  2.965 0.0000000000
86465  49.978  45.611  2.102 0.0000000000
85938  49.727  45.466  2.779 0.0000000000
85940  48.067  45.340  2.892 0.0000000000
83701  45.167  41.247  6.077 0.0000000000
83700  45.975  41.212  6.413 0.0000000000
82214  46.445  38.538  3.283 0.0000000000
81643  43.497  37.868  2.609 0.0000000000
81653  43.400  38.269  1.586 0.0000000000
81664  42.717  38.210  1.128 0.0000000000
114763  50.269  35.241  -1.161 0.0000000000
81108  49.829  36.042  -0.822 0.0000000000
80555  49.467  35.450  -1.378 0.0000000000
81118  48.440  35.678  -1.660 0.0000000000
83721  39.870  41.006  5.033 0.0000000000
83231  41.073  40.029  5.344 0.0000000000
82718  41.761  39.292  5.373 0.0000000000
85972  46.688  45.073  0.465 0.0000000000
85973  45.607  45.347  0.076 0.0000000000
118613  44.303  45.584  1.163 0.0000000000
85944  43.505  45.291  2.304 0.0000000000
84257  40.182  42.340  4.427 0.0000000000
116284  43.050  50.227  4.752 0.0000000000
79323  52.291  32.798  7.316 0.0000000000
79329  52.151  32.676  5.971 0.0000000000
79330  51.568  32.565  6.182 0.0000000000
79343  50.759  32.862  5.678 0.0000000000
79344  49.395  33.440  5.946 0.0000000000
79324  49.445  32.972  7.278 0.0000000000
79923  47.557  34.218  5.561 0.0000000000
111454  46.703  34.354  5.230 0.0000000000
118216  48.268  45.292  5.572 0.0000000000
85900  48.792  45.790  6.670 0.0000000000
85301  50.626  44.425  8.565 0.0000000000
85276  46.947  44.736  10.935 0.0000000000
84198  47.416  42.879  10.376 0.0000000000
82139  48.170  38.686  9.672 0.0000000000
81585  48.373  37.719  9.441 0.0000000000
82126  48.048  37.944  10.130 0.0000000000
81563  48.046  37.732  11.751 0.0000000000
81005  48.552  37.094  12.165 0.0000000000
80973  49.280  36.463  13.684 0.0000000000
80957  49.047  36.315  14.544 0.0000000000
90224  46.033  55.627  4.149 0.0000000000
89777  45.509  54.791  3.593 0.0000000000
89776  46.326  54.515  3.809 0.0000000000
89347  46.365  53.563  3.624 0.0000000000
88876  46.314  51.992  2.757 0.0000000000
88334  46.541  51.238  2.357 0.0000000000
87876  47.419  49.405  1.519 0.0000000000
87398  47.912  48.676  1.186 0.0000000000
87406  48.466  47.997  0.858 0.0000000000
87397  48.378  48.192  1.286 0.0000000000
86932  49.360  47.023  2.196 0.0000000000
86924  48.953  47.305  2.974 0.0000000000
86923  49.651  46.566  3.054 0.0000000000
86448  49.682  46.161  3.659 0.0000000000
85912  49.327  45.839  4.216 0.0000000000
82699  48.025  39.619  6.353 0.0000000000
82700  46.974  39.607  6.281 0.0000000000
82202  47.608  38.479  4.358 0.0000000000
82201  48.840  38.365  4.299 0.0000000000
101793  47.165  38.418  3.633 0.0000000000
82221  46.459  38.439  2.291 0.0000000000
82227  46.361  38.382  1.434 0.0000000000
79985  46.637  34.647  -0.455 0.0000000000
80548  46.532  34.820  -1.806 0.0000000000
80549  45.621  35.025  -1.703 0.0000000000
98821  37.258  36.630  5.039 0.0000000000
82720  39.671  39.562  5.536 0.0000000000
104172  39.280  38.784  5.649 0.0000000000
82195  38.898  37.971  5.594 0.0000000000
82194  39.787  38.046  5.615 0.0000000000
81066  37.690  36.379  4.359 0.0000000000
81077  38.085  36.403  3.410 0.0000000000
81089  38.838  36.639  2.663 0.0000000000
84853  47.101  42.640  -3.784 0.0000000000
84854  46.297  42.624  -4.153 0.0000000000
85986  44.959  45.224  -0.672 0.0000000000
85998  44.420  44.748  -1.486 0.0000000000
87368  46.889  48.437  6.675 0.0000000000
87345  46.678  48.446  7.580 0.0000000000
86888  46.675  48.164  8.118 0.0000000000
86422  46.868  47.131  9.241 0.0000000000
85856  46.397  45.366  10.653 0.0000000000
118527  39.153  54.641  3.065 0.0000000000
90227  38.740  55.525  3.906 0.0000000000
90226  39.319  55.790  3.753 0.0000000000
98454  41.413  55.570  3.657 0.0000000000
98948  42.285  55.660  3.669 0.0000000000
98699  43.752  56.225  3.918 0.0000000000
99737  41.722  53.854  4.575 0.0000000000
98447  42.579  56.562  4.558 0.0000000000
98660  43.236  56.634  4.371 0.0000000000
98453  44.411  56.419  4.325 0.0000000000
90639  45.968  56.141  4.746 0.0000000000
89759  46.472  54.274  4.672 0.0000000000
88825  46.183  52.780  4.851 0.0000000000
106929  45.438  52.786  5.553 0.0000000000
88826  45.733  52.515  5.356 0.0000000000
104388  45.889  51.782  5.590 0.0000000000
81622  51.104  38.153  4.346 0.0000000000
81631  50.922  37.926  3.617 0.0000000000
81073  50.934  36.914  3.176 0.0000000000
81084  50.961  36.308  2.382 0.0000000000
101434  51.046  35.840  1.573 0.0000000000
80531  51.479  34.679  2.726 0.0000000000
80538  51.392  34.601  1.914 0.0000000000
80545  51.344  34.734  -0.072 0.0000000000
80546  50.850  34.621  -0.866 0.0000000000
79983  49.211  34.157  -0.975 0.0000000000
100630  48.107  34.188  -0.831 0.0000000000
115330  48.972  33.679  3.383 0.0000000000
116179  49.381  33.587  2.442 0.0000000000
79956  49.815  33.513  1.452 0.0000000000
79971  48.414  33.946  0.315 0.0000000000
84787  44.646  43.904  4.997 0.0000000000
84241  46.081  43.433  5.679 0.0000000000
115340  46.917  41.922  6.627 0.0000000000
83698  47.949  41.201  6.769 0.0000000000
83207  48.585  40.419  6.572 0.0000000000
82697  50.236  40.173  5.722 0.0000000000
83228  50.823  40.505  5.735 0.0000000000
111158  50.927  40.149  5.176 0.0000000000
82726  51.223  39.791  4.843 0.0000000000
86896  47.357  47.790  7.081 0.0000000000
86886  47.798  47.240  7.484 0.0000000000
85880  48.826  46.016  9.155 0.0000000000
111277  50.346  44.787  9.301 0.0000000000
109912  48.667  44.060  10.957 0.0000000000
84733  49.398  43.872  10.829 0.0000000000
83660  49.405  42.654  10.379 0.0000000000
84196  49.805  43.314  10.598 0.0000000000
84732  49.945  43.945  10.550 0.0000000000
84741  50.400  43.232  10.110 0.0000000000
84206  50.923  43.025  9.362 0.0000000000
83687  51.283  41.516  8.027 0.0000000000
82677  50.787  40.105  7.904 0.0000000000
82676  51.170  40.429  7.498 0.0000000000
101141  51.225  38.776  5.147 0.0000000000
81050  50.756  36.819  4.766 0.0000000000
81034  50.621  36.408  5.738 0.0000000000
80503  51.282  35.292  6.125 0.0000000000
80493  52.128  33.757  7.188 0.0000000000
81018  48.534  36.837  9.209 0.0000000000
81017  48.931  36.008  8.886 0.0000000000
80483  49.533  35.696  9.899 0.0000000000
80488  49.902  35.397  8.907 0.0000000000
79905  51.518  34.498  7.929 0.0000000000
79318  52.295  32.655  8.193 0.0000000000
113111  52.102  32.233  8.859 0.0000000000
78766  51.773  31.876  9.303 0.0000000000
88371  44.652  50.209  -3.188 0.0000000000
87467  45.201  48.902  -3.316 0.0000000000
104566  45.805  47.412  -3.519 0.0000000000
88893  41.290  50.989  0.992 0.0000000000
88346  41.785  50.646  0.351 0.0000000000
89789  44.770  53.629  3.156 0.0000000000
89362  43.956  52.590  2.643 0.0000000000
88889  45.798  51.311  1.869 0.0000000000
88345  42.560  50.338  0.476 0.0000000000
87886  43.120  49.869  -0.128 0.0000000000
87428  44.046  49.016  -0.955 0.0000000000
87442  44.993  47.917  -1.156 0.0000000000
86996  45.380  47.396  -2.537 0.0000000000
86513  45.924  46.696  -2.908 0.0000000000
86512  46.624  45.814  -3.249 0.0000000000
86010  48.371  44.065  -2.699 0.0000000000
86504  48.159  45.977  -1.413 0.0000000000
85996  48.708  44.952  -1.877 0.0000000000
85424  48.598  43.467  -2.275 0.0000000000
84834  48.681  43.504  -1.784 0.0000000000
85384  47.588  44.503  -0.080 0.0000000000
86957  49.052  47.351  0.557 0.0000000000
105249  49.480  46.674  0.475 0.0000000000
85970  49.683  45.215  0.457 0.0000000000
85955  49.630  45.233  1.371 0.0000000000
85382  49.187  44.373  -0.030 0.0000000000
85383  48.557  44.437  0.293 0.0000000000
85942  45.968  45.624  2.896 0.0000000000
108385  43.820  41.569  5.694 0.0000000000
105908  43.992  40.702  5.753 0.0000000000
111191  43.419  40.103  5.584 0.0000000000
82190  43.141  38.689  5.085 0.0000000000
82715  45.669  39.078  5.653 0.0000000000
82204  45.670  38.479  4.713 0.0000000000
82188  45.182  38.615  5.142 0.0000000000
82206  43.522  38.170  4.572 0.0000000000
81086  42.190  36.944  2.900 0.0000000000
81087  41.385  36.880  2.568 0.0000000000
81099  40.219  37.398  1.214 0.0000000000
81639  50.478  37.674  2.976 0.0000000000
81650  49.209  37.814  1.804 0.0000000000
81097  49.665  36.908  0.004 0.0000000000
81660  49.088  37.565  0.824 0.0000000000
100663  48.364  38.000  1.103 0.0000000000
82228  45.718  38.455  0.826 0.0000000000
81120  46.772  35.889  -2.340 0.0000000000
81679  46.332  37.120  -1.146 0.0000000000
81680  45.402  37.170  -1.302 0.0000000000
81671  45.532  37.957  -0.212 0.0000000000
82235  44.817  38.559  0.502 0.0000000000
81663  43.299  38.334  0.730 0.0000000000
78200  47.293  31.692  8.018 0.0000000000
118258  47.002  32.599  7.501 0.0000000000
78786  45.862  32.088  6.803 0.0000000000
78785  46.456  32.831  7.042 0.0000000000
78779  50.861  32.689  7.132 0.0000000000
79364  51.564  33.612  3.089 0.0000000000
79373  51.378  33.885  1.324 0.0000000000
79382  51.254  33.702  0.540 0.0000000000
79904  52.202  33.532  7.956 0.0000000000
79920  52.372  33.297  5.821 0.0000000000
79968  51.469  34.164  1.342 0.0000000000
79981  51.308  33.962  -0.283 0.0000000000
79982  50.567  33.932  -0.780 0.0000000000
80525  51.651  34.644  3.494 0.0000000000
80532  51.257  35.392  2.141 0.0000000000
80539  51.352  34.909  1.099 0.0000000000
80556  48.894  34.817  -1.698 0.0000000000
81107  50.560  35.712  -0.358 0.0000000000
81655  41.865  37.336  2.032 0.0000000000
82671  50.871  40.672  8.322 0.0000000000
82710  51.274  40.316  5.874 0.0000000000
83664  46.209  41.925  9.953 0.0000000000
84839  48.061  43.037  -2.347 0.0000000000
84845  46.757  42.560  -3.645 0.0000000000
84855  45.331  42.756  -4.347 0.0000000000
85370  49.124  44.594  0.701 0.0000000000
85427  44.650  43.234  -3.232 0.0000000000
85985  45.765  44.919  -0.686 0.0000000000
85995  49.309  44.623  -1.398 0.0000000000
86009  49.034  44.070  -2.013 0.0000000000
88878  44.327  51.748  2.296 0.0000000000
88915  41.551  51.866  -1.364 0.0000000000
89319  46.239  53.610  5.036 0.0000000000
89359  46.331  52.824  3.303 0.0000000000
89760  46.294  54.518  5.127 0.0000000000
89764  46.540  54.379  4.151 0.0000000000
89775  46.476  54.256  3.877 0.0000000000
89779  39.698  55.018  3.331 0.0000000000
90211  46.503  55.005  4.646 0.0000000000
90212  46.205  55.649  5.110 0.0000000000
90213  45.249  55.571  5.376 0.0000000000
90218  46.350  55.598  4.549 0.0000000000
90225  44.950  55.901  3.923 0.0000000000
90634  45.591  56.154  5.063 0.0000000000
90640  45.019  56.290  4.751 0.0000000000
90642  39.453  56.138  4.240 0.0000000000
90646  45.349  56.151  4.353 0.0000000000
98449  42.643  56.623  3.987 0.0000000000
98457  40.892  56.568  3.919 0.0000000000
98635  43.616  56.418  4.971 0.0000000000
101196  44.905  45.600  0.729 0.0000000000
108245  49.549  45.135  -0.873 0.0000000000
108367  51.182  33.438  2.611 0.0000000000
111977  36.820  54.345  2.827 0.0000000000
112320  44.113  55.627  5.386 0.0000000000
114227  51.230  32.807  4.993 0.0000000000
114598  52.209  33.215  4.650 0.0000000000
117507  48.658  43.437  -2.112 0.0000000000
118159  44.167  56.581  4.781 0.0000000000
118239  50.913  38.992  4.003 0.0000000000
119503  47.844  37.532  -0.176 0.0000000000
