#!ascii label  , from subject sub-v2s18x29520_ses-1 vox2ras=TkReg
1798
65059  -28.594  -16.470  64.325 0.0000000000
128749  -46.295  -11.372  37.540 0.0000000000
68065  -33.901  -14.111  49.038 0.0000000000
56151  1.026  -27.285  63.145 0.0000000000
134857  -14.003  -18.796  63.837 0.0000000000
65990  1.261  -16.768  63.135 0.0000000000
66836  1.861  -15.974  70.594 0.0000000000
71066  -41.482  -11.487  42.666 0.0000000000
141744  0.316  -15.774  54.838 0.0000000000
122319  3.751  -28.973  70.864 0.0000000000
147014  -27.528  -17.152  58.109 0.0000000000
58992  -23.789  -21.782  62.409 0.0000000000
63063  -22.028  -19.331  64.673 0.0000000000
126431  -48.713  -7.247  35.760 0.0000000000
69052  -36.850  -13.455  45.462 0.0000000000
60008  -7.792  -22.269  60.744 0.0000000000
68903  -3.784  -13.075  59.792 0.0000000000
60963  -1.130  -21.571  63.595 0.0000000000
138045  -0.678  -20.842  58.886 0.0000000000
56191  -0.674  -27.236  58.731 0.0000000000
58947  -2.810  -23.291  72.245 0.0000000000
58938  1.149  -23.167  73.716 0.0000000000
68990  -32.228  -13.754  52.275 0.0000000000
122486  -18.963  -17.093  66.886 0.0000000000
62097  -16.481  -20.231  59.657 0.0000000000
65972  1.404  -16.447  66.406 0.0000000000
59946  0.691  -21.600  67.487 0.0000000000
68143  -44.091  -13.993  40.144 0.0000000000
58005  -4.466  -23.742  68.444 0.0000000000
58027  -5.530  -23.904  64.308 0.0000000000
66006  1.370  -16.871  59.291 0.0000000000
61089  -0.045  -21.160  54.622 0.0000000000
65914  0.970  -16.601  72.986 0.0000000000
59927  2.363  -22.197  71.217 0.0000000000
56119  3.309  -27.896  67.352 0.0000000000
66910  -30.547  -15.066  62.998 0.0000000000
63090  -28.224  -18.706  61.470 0.0000000000
65072  -29.349  -17.025  61.146 0.0000000000
62039  -26.098  -19.403  63.553 0.0000000000
60001  -25.715  -20.951  60.611 0.0000000000
62007  -25.579  -18.764  65.545 0.0000000000
73009  -47.718  -9.246  36.284 0.0000000000
70073  -42.962  -12.424  37.482 0.0000000000
72075  -44.718  -10.235  36.040 0.0000000000
73023  -45.227  -8.876  35.081 0.0000000000
68087  -35.491  -14.503  46.679 0.0000000000
132870  -30.801  -15.048  49.156 0.0000000000
127162  -31.881  -15.033  46.874 0.0000000000
68091  -33.850  -14.324  45.228 0.0000000000
58035  -1.315  -24.389  63.571 0.0000000000
59022  -2.068  -24.135  61.303 0.0000000000
56170  -0.055  -27.176  61.006 0.0000000000
54181  0.497  -29.452  58.503 0.0000000000
53055  0.901  -29.901  60.412 0.0000000000
55059  -1.712  -27.086  69.589 0.0000000000
55035  -0.832  -26.994  72.130 0.0000000000
122204  -31.197  -12.922  54.932 0.0000000000
68925  -28.257  -13.339  58.654 0.0000000000
66024  -26.631  -16.026  57.295 0.0000000000
142448  -28.758  -13.258  55.867 0.0000000000
68016  -29.410  -13.653  53.549 0.0000000000
65953  -20.899  -16.589  68.836 0.0000000000
133986  -20.375  -21.220  60.604 0.0000000000
63082  -19.668  -19.378  62.382 0.0000000000
78320  -46.381  -4.402  34.977 0.0000000000
79215  -45.211  -2.665  34.801 0.0000000000
141656  1.717  -16.552  68.931 0.0000000000
63037  1.602  -19.421  67.114 0.0000000000
63019  1.803  -19.305  68.922 0.0000000000
70047  -42.773  -12.212  41.655 0.0000000000
71062  -36.826  -11.775  41.919 0.0000000000
69101  -39.579  -13.533  40.609 0.0000000000
144622  -40.194  -14.938  39.930 0.0000000000
60922  -6.146  -21.149  70.068 0.0000000000
59934  -6.511  -21.989  68.548 0.0000000000
142098  -0.359  -14.878  63.769 0.0000000000
66922  -1.167  -15.763  61.685 0.0000000000
65997  1.108  -17.064  61.254 0.0000000000
58121  -1.956  -24.328  55.898 0.0000000000
61059  -0.134  -20.686  56.644 0.0000000000
134389  -1.049  -23.919  54.256 0.0000000000
65918  -0.304  -16.737  71.994 0.0000000000
56061  2.409  -26.684  73.253 0.0000000000
142898  2.110  -22.470  72.418 0.0000000000
57090  2.384  -25.825  71.200 0.0000000000
57098  2.285  -25.856  69.829 0.0000000000
140642  3.740  -28.293  68.972 0.0000000000
66953  -29.013  -15.823  60.256 0.0000000000
64002  -22.880  -18.201  67.508 0.0000000000
63035  -24.048  -18.815  66.821 0.0000000000
138793  -23.447  -20.860  64.190 0.0000000000
126206  -48.104  -4.674  35.546 0.0000000000
75615  -46.411  -7.031  34.557 0.0000000000
71028  -39.248  -11.742  44.356 0.0000000000
70007  -35.367  -12.783  43.692 0.0000000000
61009  -11.935  -19.699  59.321 0.0000000000
60996  -10.605  -19.995  61.828 0.0000000000
66968  -2.493  -16.236  57.947 0.0000000000
62029  1.134  -19.310  63.504 0.0000000000
63098  1.492  -18.357  60.856 0.0000000000
60993  -1.581  -21.433  61.144 0.0000000000
58094  -2.601  -24.263  58.489 0.0000000000
56219  -0.856  -27.479  55.919 0.0000000000
61971  -2.274  -21.436  71.764 0.0000000000
61969  -0.827  -20.734  72.350 0.0000000000
144730  -1.317  -23.693  73.677 0.0000000000
55022  0.615  -26.573  74.101 0.0000000000
68059  -32.690  -14.365  50.299 0.0000000000
67043  -30.089  -14.515  51.015 0.0000000000
64040  -16.602  -17.979  64.675 0.0000000000
64024  -21.087  -18.009  66.269 0.0000000000
64047  -17.893  -18.208  63.561 0.0000000000
62050  -14.893  -18.755  62.321 0.0000000000
67904  0.003  -14.193  65.158 0.0000000000
68846  0.100  -13.720  66.601 0.0000000000
65982  1.424  -16.900  64.854 0.0000000000
62020  1.296  -19.185  64.819 0.0000000000
142138  0.233  -21.216  65.771 0.0000000000
58019  -0.021  -24.830  65.689 0.0000000000
69120  -45.661  -13.189  38.959 0.0000000000
68156  -41.673  -14.628  38.263 0.0000000000
60917  -4.025  -21.626  70.835 0.0000000000
57996  -3.200  -24.257  70.443 0.0000000000
55078  -2.588  -27.073  67.610 0.0000000000
59974  -9.491  -20.831  63.716 0.0000000000
59954  -8.850  -21.110  65.305 0.0000000000
59943  -7.915  -21.347  67.052 0.0000000000
58016  -5.190  -23.866  66.168 0.0000000000
54095  -3.601  -27.031  65.376 0.0000000000
69840  -3.413  -12.588  61.726 0.0000000000
66942  -2.078  -16.332  59.827 0.0000000000
66022  -0.056  -16.126  57.518 0.0000000000
63111  1.591  -18.360  58.967 0.0000000000
138081  1.660  -18.274  56.663 0.0000000000
65138  1.423  -17.501  54.716 0.0000000000
66829  2.125  -16.101  72.045 0.0000000000
61963  1.273  -20.328  73.198 0.0000000000
62991  2.338  -19.298  72.242 0.0000000000
62999  2.525  -19.243  70.603 0.0000000000
146237  1.526  -21.797  69.544 0.0000000000
58012  1.579  -25.687  67.497 0.0000000000
56134  1.930  -27.711  64.957 0.0000000000
50781  4.727  -31.846  69.874 0.0000000000
139336  4.775  -30.856  66.548 0.0000000000
140237  2.176  -30.176  62.486 0.0000000000
65989  -29.975  -15.622  63.539 0.0000000000
66893  -29.602  -15.156  64.781 0.0000000000
64049  -28.805  -17.425  63.047 0.0000000000
65066  -29.718  -16.673  62.295 0.0000000000
63065  -26.996  -17.859  64.229 0.0000000000
62040  -26.776  -18.794  62.918 0.0000000000
65057  -28.346  -16.268  64.905 0.0000000000
64043  -26.803  -17.737  65.038 0.0000000000
72069  -46.841  -10.591  37.001 0.0000000000
70074  -44.873  -11.994  37.642 0.0000000000
71097  -43.913  -11.089  36.810 0.0000000000
71098  -44.980  -10.758  36.557 0.0000000000
125682  -45.403  -10.225  36.155 0.0000000000
133546  -34.649  -14.179  47.881 0.0000000000
68081  -36.790  -14.205  47.978 0.0000000000
68073  -35.703  -14.180  49.042 0.0000000000
67077  -31.638  -14.933  47.908 0.0000000000
67079  -33.463  -14.388  47.400 0.0000000000
67086  -33.678  -14.558  46.518 0.0000000000
57140  -0.332  -26.118  62.942 0.0000000000
57149  -0.436  -26.179  62.103 0.0000000000
56161  0.199  -26.887  61.870 0.0000000000
55154  0.608  -28.482  60.683 0.0000000000
55147  1.204  -28.292  62.100 0.0000000000
54064  -1.807  -27.939  68.345 0.0000000000
54056  -1.371  -28.231  69.368 0.0000000000
69878  -29.836  -12.552  58.037 0.0000000000
68934  -28.075  -13.497  57.594 0.0000000000
69888  -29.630  -12.666  56.949 0.0000000000
134011  -30.536  -12.916  55.472 0.0000000000
78305  -46.971  -4.002  35.438 0.0000000000
78304  -46.142  -3.584  35.214 0.0000000000
81006  -46.119  -0.719  36.091 0.0000000000
66846  1.727  -16.300  69.458 0.0000000000
65941  1.895  -17.192  69.124 0.0000000000
64996  2.260  -17.371  69.816 0.0000000000
70026  -42.159  -11.714  41.985 0.0000000000
145590  -43.621  -11.798  42.494 0.0000000000
71065  -39.400  -11.408  42.511 0.0000000000
70043  -38.056  -12.296  41.018 0.0000000000
70045  -40.477  -12.143  41.413 0.0000000000
128294  -41.122  -12.667  41.247 0.0000000000
61989  -6.733  -20.525  68.024 0.0000000000
61990  -8.195  -20.139  67.965 0.0000000000
63057  -14.418  -18.669  64.409 0.0000000000
124095  -13.355  -18.890  64.103 0.0000000000
123710  -1.264  -16.047  54.965 0.0000000000
66904  0.296  -15.387  63.548 0.0000000000
66921  0.352  -16.000  62.329 0.0000000000
136472  0.896  -16.879  62.318 0.0000000000
57232  -1.597  -25.268  55.361 0.0000000000
58134  -1.365  -24.262  54.998 0.0000000000
126234  -1.262  -25.101  54.345 0.0000000000
66834  -1.528  -15.483  71.380 0.0000000000
63979  -0.608  -17.691  70.728 0.0000000000
54009  3.027  -27.738  72.077 0.0000000000
56072  2.867  -26.685  71.886 0.0000000000
55040  3.324  -27.728  70.954 0.0000000000
56084  3.172  -27.417  70.327 0.0000000000
54041  3.907  -28.693  70.361 0.0000000000
66931  -30.327  -15.336  61.647 0.0000000000
66004  -29.438  -16.373  60.814 0.0000000000
67962  -30.310  -14.634  61.387 0.0000000000
68918  -30.238  -13.222  60.550 0.0000000000
60949  -24.743  -20.646  64.326 0.0000000000
60948  -24.362  -20.364  64.865 0.0000000000
59977  -23.377  -21.534  62.897 0.0000000000
59002  -21.562  -22.114  61.320 0.0000000000
126800  -48.814  -5.894  35.664 0.0000000000
73870  -47.243  -7.862  35.291 0.0000000000
73868  -45.664  -8.376  34.884 0.0000000000
74761  -47.034  -7.292  34.958 0.0000000000
125301  -47.466  -5.758  35.047 0.0000000000
69995  -37.837  -12.600  44.935 0.0000000000
69987  -40.435  -12.343  45.810 0.0000000000
69986  -39.081  -13.161  46.156 0.0000000000
69050  -35.086  -13.925  45.390 0.0000000000
141519  -34.685  -13.737  44.841 0.0000000000
69051  -36.174  -13.289  44.895 0.0000000000
70008  -37.325  -12.251  44.145 0.0000000000
68912  -4.032  -13.160  59.144 0.0000000000
67971  -4.186  -13.910  58.620 0.0000000000
67965  -3.800  -14.602  59.278 0.0000000000
62046  0.068  -20.348  63.048 0.0000000000
132711  0.170  -20.366  62.032 0.0000000000
60979  -1.155  -21.172  62.640 0.0000000000
57179  -1.151  -26.048  59.738 0.0000000000
58074  -2.369  -24.353  60.126 0.0000000000
57180  -1.564  -25.799  58.981 0.0000000000
57204  -1.789  -25.467  57.240 0.0000000000
56206  -0.865  -27.516  57.723 0.0000000000
55184  -0.183  -28.427  57.433 0.0000000000
60908  -2.487  -22.405  72.404 0.0000000000
60907  -2.173  -22.295  72.716 0.0000000000
58943  -2.258  -23.465  73.231 0.0000000000
54030  -0.293  -28.365  71.465 0.0000000000
55029  0.052  -27.181  73.351 0.0000000000
54019  0.623  -28.564  72.558 0.0000000000
54012  1.543  -28.279  73.304 0.0000000000
121762  -32.307  -13.983  51.557 0.0000000000
68032  -30.445  -13.772  52.805 0.0000000000
68044  -29.968  -14.061  52.042 0.0000000000
68045  -30.915  -14.158  51.867 0.0000000000
68058  -31.493  -14.497  50.784 0.0000000000
65027  -18.183  -16.841  67.099 0.0000000000
65042  -17.442  -17.075  66.657 0.0000000000
65052  -17.528  -17.301  65.880 0.0000000000
64026  -22.680  -18.496  66.785 0.0000000000
64013  -22.098  -18.221  67.184 0.0000000000
63052  -21.649  -18.743  65.170 0.0000000000
62070  -18.381  -19.602  60.588 0.0000000000
63071  -18.931  -18.771  63.202 0.0000000000
142285  -17.346  -18.763  61.676 0.0000000000
63079  -16.588  -18.532  62.501 0.0000000000
62068  -15.756  -19.087  61.395 0.0000000000
62082  -13.876  -19.747  59.921 0.0000000000
67871  0.937  -14.612  67.773 0.0000000000
66882  1.143  -15.793  66.247 0.0000000000
66890  0.813  -15.492  65.309 0.0000000000
132067  1.472  -16.853  65.759 0.0000000000
137106  1.560  -17.552  65.041 0.0000000000
146190  1.753  -17.888  65.683 0.0000000000
60937  1.209  -20.908  67.046 0.0000000000
127450  0.997  -20.715  66.246 0.0000000000
59948  -0.229  -21.771  66.481 0.0000000000
58972  -0.818  -23.131  65.777 0.0000000000
58971  -0.383  -23.804  66.264 0.0000000000
68154  -44.520  -13.848  39.760 0.0000000000
143353  -45.981  -13.379  40.338 0.0000000000
69107  -45.640  -13.428  40.755 0.0000000000
68142  -42.507  -14.402  40.085 0.0000000000
67159  -41.566  -14.993  39.065 0.0000000000
68153  -43.318  -14.302  39.671 0.0000000000
69118  -43.738  -13.690  38.624 0.0000000000
63004  -4.986  -20.300  69.733 0.0000000000
138610  -5.493  -22.720  69.340 0.0000000000
59926  -4.817  -22.430  70.513 0.0000000000
58001  -4.288  -23.699  69.300 0.0000000000
56097  -2.807  -25.389  68.877 0.0000000000
56106  -3.200  -25.591  68.168 0.0000000000
60994  -9.134  -21.105  61.356 0.0000000000
60966  -9.922  -20.347  63.348 0.0000000000
59986  -8.670  -21.299  62.765 0.0000000000
58037  -6.753  -23.857  63.140 0.0000000000
58977  -7.497  -21.962  63.902 0.0000000000
58974  -7.370  -21.764  64.880 0.0000000000
59949  -8.045  -21.299  66.610 0.0000000000
129316  -6.429  -22.282  65.250 0.0000000000
58966  -6.129  -22.129  67.196 0.0000000000
58020  -5.413  -23.652  65.151 0.0000000000
56135  -4.045  -26.548  64.886 0.0000000000
69831  -2.976  -12.633  62.727 0.0000000000
138580  -0.339  -16.327  61.128 0.0000000000
66923  -2.054  -15.484  61.226 0.0000000000
66003  -1.083  -16.420  60.221 0.0000000000
66016  -0.661  -16.381  58.239 0.0000000000
66015  0.263  -16.405  58.288 0.0000000000
62094  0.282  -20.080  59.667 0.0000000000
63104  1.591  -18.263  59.836 0.0000000000
139861  0.608  -19.895  58.806 0.0000000000
61067  0.013  -20.821  55.766 0.0000000000
62110  0.679  -19.572  56.863 0.0000000000
132364  0.918  -19.196  56.063 0.0000000000
64094  1.758  -18.201  55.791 0.0000000000
63137  0.938  -19.134  55.084 0.0000000000
63145  0.187  -19.967  53.977 0.0000000000
65913  1.851  -16.134  72.546 0.0000000000
60905  0.201  -21.587  73.422 0.0000000000
61964  0.578  -20.735  73.290 0.0000000000
60904  0.984  -21.321  73.475 0.0000000000
59924  2.392  -22.247  71.720 0.0000000000
61960  2.111  -21.247  72.412 0.0000000000
61973  2.480  -20.525  71.542 0.0000000000
62995  2.523  -19.507  71.285 0.0000000000
61980  2.455  -20.096  70.837 0.0000000000
126759  2.065  -20.878  69.904 0.0000000000
132185  1.967  -21.998  70.300 0.0000000000
57101  2.599  -26.690  68.264 0.0000000000
58007  1.682  -25.422  68.424 0.0000000000
57109  2.361  -27.016  66.836 0.0000000000
128240  1.835  -26.717  66.451 0.0000000000
55104  2.871  -28.317  65.748 0.0000000000
49844  4.920  -33.304  68.108 0.0000000000
50810  4.851  -31.659  68.491 0.0000000000
140700  -30.696  -14.563  62.522 0.0000000000
62086  -27.878  -19.494  60.012 0.0000000000
63099  -28.577  -18.747  59.982 0.0000000000
64054  -29.131  -17.851  61.573 0.0000000000
65067  -30.151  -16.334  62.087 0.0000000000
59979  -25.056  -21.103  63.183 0.0000000000
60986  -25.768  -20.345  62.361 0.0000000000
62072  -26.884  -19.610  61.104 0.0000000000
62019  -25.730  -18.899  64.952 0.0000000000
73015  -48.242  -8.538  36.071 0.0000000000
71096  -43.390  -10.603  36.348 0.0000000000
128206  -44.007  -9.783  35.464 0.0000000000
72094  -44.206  -9.459  35.119 0.0000000000
72083  -45.151  -9.714  35.715 0.0000000000
126557  -46.736  -9.132  35.838 0.0000000000
126601  -36.397  -13.968  45.820 0.0000000000
69046  -38.248  -13.547  46.207 0.0000000000
123861  -37.165  -14.129  47.025 0.0000000000
68082  -37.897  -14.134  47.922 0.0000000000
67060  -29.585  -15.197  49.420 0.0000000000
66082  -29.981  -15.523  47.960 0.0000000000
67084  -30.929  -15.252  47.063 0.0000000000
66093  -31.172  -15.399  46.181 0.0000000000
67101  -31.885  -15.012  44.927 0.0000000000
130530  -33.053  -14.752  45.921 0.0000000000
68092  -34.552  -14.246  45.660 0.0000000000
59971  -1.548  -22.470  63.694 0.0000000000
136354  -1.940  -22.352  62.274 0.0000000000
58046  -1.702  -24.474  62.076 0.0000000000
57150  -0.872  -25.898  61.321 0.0000000000
56178  -0.605  -26.925  59.577 0.0000000000
125937  0.183  -28.340  58.768 0.0000000000
55164  0.250  -28.146  59.534 0.0000000000
53069  0.639  -29.819  59.390 0.0000000000
57088  -2.331  -25.262  71.129 0.0000000000
56070  -1.970  -25.424  72.328 0.0000000000
55042  -1.668  -27.036  70.996 0.0000000000
68962  -31.960  -13.415  53.832 0.0000000000
66965  -27.845  -15.607  59.057 0.0000000000
66025  -27.158  -16.444  57.722 0.0000000000
67985  -27.166  -14.762  57.947 0.0000000000
128588  -26.987  -14.512  57.184 0.0000000000
68003  -27.143  -14.054  55.436 0.0000000000
68950  -28.778  -13.400  55.234 0.0000000000
68960  -30.447  -13.474  53.863 0.0000000000
65012  -20.342  -16.900  68.240 0.0000000000
60984  -21.238  -20.613  62.191 0.0000000000
62036  -20.602  -19.667  62.636 0.0000000000
60999  -20.013  -20.397  60.955 0.0000000000
60997  -18.817  -20.254  60.048 0.0000000000
78331  -45.176  -4.704  34.128 0.0000000000
78330  -44.484  -3.909  33.981 0.0000000000
79225  -43.943  -2.367  33.679 0.0000000000
80094  -44.285  -1.375  33.456 0.0000000000
65959  1.567  -16.633  67.379 0.0000000000
135212  1.747  -17.933  66.431 0.0000000000
65035  1.662  -17.693  67.460 0.0000000000
63029  1.641  -19.440  68.026 0.0000000000
125234  1.516  -20.617  68.380 0.0000000000
69085  -43.482  -12.970  41.390 0.0000000000
70028  -44.944  -12.527  42.331 0.0000000000
69099  -36.958  -13.745  40.299 0.0000000000
68138  -38.272  -14.482  40.060 0.0000000000
67157  -38.992  -15.457  39.504 0.0000000000
134799  -39.806  -14.250  40.398 0.0000000000
137543  -41.986  -13.761  40.668 0.0000000000
63005  -5.540  -20.394  69.700 0.0000000000
63006  -5.963  -20.506  69.466 0.0000000000
59930  -6.328  -21.656  69.420 0.0000000000
58958  -6.039  -22.495  68.790 0.0000000000
57143  -6.459  -24.276  62.078 0.0000000000
56137  -4.797  -25.447  63.856 0.0000000000
68876  -1.265  -13.758  63.877 0.0000000000
67939  -2.163  -14.342  62.535 0.0000000000
67938  -1.360  -14.845  62.946 0.0000000000
143645  0.132  -16.147  61.834 0.0000000000
124956  1.303  -16.776  59.989 0.0000000000
60046  -1.937  -22.234  57.222 0.0000000000
61052  -0.678  -20.917  57.201 0.0000000000
61061  -1.482  -21.956  56.366 0.0000000000
60067  -0.777  -22.407  54.916 0.0000000000
129289  -0.533  -22.175  54.412 0.0000000000
66832  -1.794  -14.465  72.597 0.0000000000
65916  -0.455  -15.810  72.523 0.0000000000
65915  0.284  -16.585  72.596 0.0000000000
140416  1.916  -25.178  73.571 0.0000000000
58937  1.639  -23.141  73.185 0.0000000000
57984  2.371  -24.587  72.778 0.0000000000
58948  2.280  -23.736  71.994 0.0000000000
58953  1.941  -23.866  71.257 0.0000000000
58954  1.784  -23.731  70.779 0.0000000000
57093  2.425  -26.183  70.495 0.0000000000
134320  2.967  -27.299  69.321 0.0000000000
55077  3.851  -28.295  68.274 0.0000000000
65090  -28.292  -17.880  58.369 0.0000000000
65077  -28.904  -17.597  60.068 0.0000000000
66011  -28.904  -17.088  59.572 0.0000000000
142136  -28.392  -16.793  59.117 0.0000000000
146836  -28.638  -14.302  60.157 0.0000000000
137127  -29.612  -12.986  59.812 0.0000000000
62003  -23.539  -19.257  65.985 0.0000000000
63044  -24.881  -19.045  66.399 0.0000000000
62015  -23.845  -19.947  65.433 0.0000000000
62026  -23.134  -20.419  64.505 0.0000000000
60969  -21.847  -21.278  62.242 0.0000000000
73875  -45.380  -8.125  34.440 0.0000000000
76510  -46.149  -5.670  34.444 0.0000000000
77407  -47.617  -4.776  35.332 0.0000000000
71048  -39.854  -11.351  43.444 0.0000000000
71031  -41.880  -11.451  44.630 0.0000000000
71010  -41.231  -11.827  45.316 0.0000000000
68099  -32.862  -14.410  44.263 0.0000000000
122182  -35.876  -12.206  43.220 0.0000000000
71046  -37.862  -11.659  43.296 0.0000000000
146407  -12.810  -19.255  62.133 0.0000000000
62048  -12.697  -19.100  63.003 0.0000000000
62064  -11.458  -19.618  60.982 0.0000000000
60010  -9.398  -21.360  59.839 0.0000000000
125282  -2.998  -16.115  57.279 0.0000000000
66980  -1.751  -16.398  57.120 0.0000000000
137259  1.288  -17.521  63.017 0.0000000000
137258  1.221  -17.575  61.968 0.0000000000
62044  1.116  -19.197  62.487 0.0000000000
62080  0.014  -20.486  60.723 0.0000000000
61022  -0.889  -21.008  59.783 0.0000000000
59995  -2.078  -22.258  61.523 0.0000000000
60007  -2.412  -22.694  60.285 0.0000000000
60032  -2.474  -22.608  58.676 0.0000000000
58109  -2.454  -24.025  57.575 0.0000000000
62997  -0.853  -19.585  71.167 0.0000000000
61970  -1.676  -21.113  72.093 0.0000000000
60906  -0.758  -21.877  73.271 0.0000000000
58940  -0.332  -23.536  73.996 0.0000000000
56066  -0.991  -25.424  73.405 0.0000000000
57075  -0.389  -25.233  73.813 0.0000000000
144151  0.693  -25.686  74.250 0.0000000000
56063  1.942  -26.756  73.798 0.0000000000
54011  2.551  -27.839  73.118 0.0000000000
52908  3.625  -29.643  71.539 0.0000000000
68064  -33.296  -14.304  49.729 0.0000000000
68066  -34.662  -13.957  49.545 0.0000000000
68060  -34.486  -13.833  50.187 0.0000000000
65098  -26.737  -17.581  56.647 0.0000000000
67052  -29.632  -14.801  50.255 0.0000000000
67055  -31.944  -14.568  50.169 0.0000000000
64031  -15.957  -17.742  65.562 0.0000000000
63058  -15.139  -18.533  64.221 0.0000000000
65013  -21.525  -17.424  68.224 0.0000000000
65029  -20.738  -17.463  67.559 0.0000000000
65044  -19.596  -17.396  66.531 0.0000000000
127258  -20.498  -18.458  64.378 0.0000000000
64034  -19.708  -17.908  64.855 0.0000000000
64033  -18.567  -17.649  64.953 0.0000000000
63060  -16.838  -18.347  64.011 0.0000000000
63069  -16.021  -18.444  63.621 0.0000000000
62034  -14.583  -18.674  63.400 0.0000000000
123285  -13.199  -19.482  60.526 0.0000000000
127779  -45.257  -0.048  32.380 0.0000000000
81047  -45.604  0.111  31.791 0.0000000000
81053  -47.273  0.191  30.506 0.0000000000
67927  -0.091  -14.878  64.083 0.0000000000
123209  0.984  -15.561  63.935 0.0000000000
68854  0.048  -13.988  65.896 0.0000000000
66895  1.161  -15.813  64.459 0.0000000000
65986  1.452  -16.684  63.855 0.0000000000
137257  1.442  -17.561  63.860 0.0000000000
63066  1.440  -18.814  64.126 0.0000000000
60951  0.592  -20.124  64.594 0.0000000000
63047  1.455  -19.299  66.274 0.0000000000
60942  0.723  -20.439  65.385 0.0000000000
59970  -1.112  -22.016  64.434 0.0000000000
58975  -1.409  -23.019  64.448 0.0000000000
58026  -0.580  -24.639  64.819 0.0000000000
57133  0.489  -26.155  64.075 0.0000000000
70067  -46.139  -12.566  38.626 0.0000000000
66148  -39.932  -15.830  38.579 0.0000000000
67174  -40.546  -15.603  38.054 0.0000000000
68163  -41.351  -14.317  37.773 0.0000000000
68164  -42.133  -13.917  38.016 0.0000000000
69126  -44.413  -13.193  38.372 0.0000000000
61983  -3.384  -20.783  70.208 0.0000000000
129566  -3.460  -22.409  71.501 0.0000000000
61979  -5.467  -21.083  70.249 0.0000000000
60915  -4.278  -22.263  71.015 0.0000000000
57993  -3.020  -24.212  71.133 0.0000000000
55069  -2.322  -26.703  68.514 0.0000000000
60968  -11.706  -19.520  64.135 0.0000000000
60955  -10.707  -19.869  64.451 0.0000000000
60944  -10.689  -19.969  65.097 0.0000000000
59985  -8.099  -21.644  63.139 0.0000000000
59960  -8.979  -21.229  64.397 0.0000000000
60935  -9.806  -20.483  66.281 0.0000000000
59945  -9.232  -20.890  66.617 0.0000000000
59940  -9.198  -20.959  67.051 0.0000000000
60930  -8.275  -21.050  67.375 0.0000000000
59937  -6.720  -21.622  67.663 0.0000000000
58961  -5.651  -22.616  67.583 0.0000000000
58010  -4.554  -23.942  67.608 0.0000000000
57116  -4.631  -25.332  64.694 0.0000000000
56122  -4.239  -25.509  66.078 0.0000000000
57107  -3.990  -25.350  66.932 0.0000000000
55079  -3.126  -26.582  67.049 0.0000000000
68902  -3.676  -13.134  60.508 0.0000000000
68894  -2.892  -14.188  61.802 0.0000000000
142365  -3.499  -13.924  61.049 0.0000000000
67964  -3.415  -14.794  60.122 0.0000000000
133137  -2.637  -16.187  59.261 0.0000000000
66023  -0.759  -16.317  57.399 0.0000000000
66032  0.482  -16.320  55.904 0.0000000000
137917  1.461  -17.585  60.952 0.0000000000
64066  1.673  -17.747  59.686 0.0000000000
65081  1.591  -17.474  59.164 0.0000000000
62103  0.855  -19.524  57.617 0.0000000000
142994  1.392  -18.735  57.560 0.0000000000
65089  1.487  -17.417  57.525 0.0000000000
66019  1.704  -16.999  56.835 0.0000000000
66031  1.553  -16.723  56.199 0.0000000000
66047  1.247  -16.354  54.854 0.0000000000
65139  0.842  -17.621  53.876 0.0000000000
62996  -0.223  -19.152  71.563 0.0000000000
63974  0.596  -18.204  72.317 0.0000000000
63971  1.028  -18.125  72.629 0.0000000000
60902  1.819  -21.276  72.775 0.0000000000
62986  2.126  -19.865  72.574 0.0000000000
64985  1.749  -17.393  72.469 0.0000000000
146901  2.304  -17.687  71.982 0.0000000000
64989  2.462  -17.379  71.163 0.0000000000
64993  2.413  -17.286  70.513 0.0000000000
141833  2.184  -19.043  69.582 0.0000000000
130749  1.685  -20.708  69.299 0.0000000000
59941  0.759  -21.972  68.378 0.0000000000
58000  1.485  -24.276  69.719 0.0000000000
58960  0.675  -23.428  68.431 0.0000000000
144604  0.325  -23.408  67.709 0.0000000000
58018  0.715  -25.421  66.207 0.0000000000
57123  0.759  -26.265  64.913 0.0000000000
56143  1.401  -27.413  63.803 0.0000000000
51780  4.186  -31.005  71.133 0.0000000000
145444  4.514  -32.193  70.323 0.0000000000
144671  4.373  -30.080  70.341 0.0000000000
122441  4.532  -30.092  69.379 0.0000000000
121858  4.714  -28.929  67.901 0.0000000000
52975  4.868  -29.369  66.568 0.0000000000
51863  4.429  -30.777  65.755 0.0000000000
54093  3.772  -29.201  65.733 0.0000000000
122145  2.870  -28.805  64.553 0.0000000000
55137  2.585  -28.720  64.150 0.0000000000
55146  1.658  -28.600  62.755 0.0000000000
53039  1.755  -29.920  61.924 0.0000000000
51930  1.050  -30.928  60.573 0.0000000000
65060  -29.362  -15.909  63.804 0.0000000000
142889  -29.854  -15.413  64.068 0.0000000000
65988  -29.081  -15.787  64.417 0.0000000000
64045  -28.364  -17.058  64.011 0.0000000000
65062  -29.064  -16.623  63.531 0.0000000000
140041  -28.084  -16.904  64.501 0.0000000000
64048  -27.847  -17.563  63.711 0.0000000000
64038  -27.868  -16.859  64.788 0.0000000000
65984  -28.908  -15.642  64.909 0.0000000000
124684  -47.946  -10.512  37.448 0.0000000000
71090  -47.416  -11.296  38.042 0.0000000000
70075  -45.752  -12.042  37.942 0.0000000000
71089  -45.348  -11.378  37.239 0.0000000000
71099  -45.807  -10.779  36.759 0.0000000000
68071  -34.039  -13.962  48.055 0.0000000000
123651  -35.342  -14.259  48.172 0.0000000000
68072  -34.795  -14.031  48.732 0.0000000000
67064  -33.098  -14.361  49.032 0.0000000000
67071  -32.492  -14.546  48.521 0.0000000000
67072  -33.294  -14.199  48.252 0.0000000000
67080  -34.204  -14.371  47.268 0.0000000000
57139  0.400  -26.560  63.214 0.0000000000
126211  0.066  -26.551  62.535 0.0000000000
56152  0.521  -26.957  62.586 0.0000000000
56160  0.751  -27.539  62.214 0.0000000000
52957  -1.342  -28.989  68.285 0.0000000000
124738  1.868  -16.461  70.059 0.0000000000
65925  1.905  -16.856  69.625 0.0000000000
141540  2.133  -16.971  70.137 0.0000000000
71067  -42.340  -11.459  42.858 0.0000000000
130278  -40.467  -11.509  42.377 0.0000000000
71077  -39.687  -11.759  41.665 0.0000000000
70025  -41.296  -11.881  41.793 0.0000000000
134457  -8.970  -19.537  67.722 0.0000000000
63014  -7.724  -19.846  67.905 0.0000000000
62024  -13.924  -18.777  64.256 0.0000000000
66042  -0.579  -16.253  55.710 0.0000000000
66911  1.090  -15.889  63.283 0.0000000000
65993  1.072  -16.490  62.869 0.0000000000
63980  -1.198  -18.193  70.156 0.0000000000
54029  3.451  -28.345  71.118 0.0000000000
55033  3.216  -27.769  71.522 0.0000000000
125185  3.550  -28.184  70.620 0.0000000000
67954  -30.626  -14.519  61.948 0.0000000000
68909  -30.757  -13.443  61.204 0.0000000000
59964  -24.542  -21.242  63.950 0.0000000000
59963  -24.126  -21.299  64.045 0.0000000000
58978  -23.796  -21.489  63.134 0.0000000000
75602  -48.426  -6.585  35.447 0.0000000000
74762  -47.972  -7.360  35.333 0.0000000000
75611  -47.703  -6.520  35.095 0.0000000000
145302  -37.525  -13.104  45.331 0.0000000000
69985  -38.309  -13.036  45.560 0.0000000000
69045  -35.927  -13.734  45.361 0.0000000000
130719  -35.349  -13.529  44.937 0.0000000000
69994  -36.998  -12.924  44.857 0.0000000000
70836  -3.419  -11.434  59.241 0.0000000000
69856  -3.732  -12.289  59.322 0.0000000000
146745  -3.840  -13.908  59.734 0.0000000000
124870  -0.486  -20.931  63.339 0.0000000000
60978  -0.423  -20.706  62.362 0.0000000000
56179  -0.994  -26.441  59.083 0.0000000000
56192  -1.212  -26.490  58.388 0.0000000000
55175  -0.214  -28.075  58.333 0.0000000000
59920  -2.656  -22.857  72.549 0.0000000000
137432  -2.467  -23.055  73.048 0.0000000000
58946  -2.576  -23.309  72.795 0.0000000000
54020  0.049  -28.148  72.230 0.0000000000
68047  -33.009  -13.713  51.710 0.0000000000
125711  -27.840  -17.611  58.135 0.0000000000
68046  -31.714  -14.062  51.757 0.0000000000
65967  -18.886  -16.676  67.688 0.0000000000
65043  -18.279  -17.191  66.429 0.0000000000
63053  -22.336  -18.935  65.569 0.0000000000
64025  -22.023  -18.419  66.488 0.0000000000
61011  -17.083  -20.154  59.960 0.0000000000
131978  -17.542  -19.197  60.948 0.0000000000
62069  -16.767  -19.480  60.716 0.0000000000
62052  -16.574  -18.896  61.548 0.0000000000
62084  -15.911  -19.758  60.411 0.0000000000
62096  -15.534  -20.148  59.568 0.0000000000
136842  1.393  -15.997  67.207 0.0000000000
67886  1.094  -15.323  67.186 0.0000000000
65049  1.623  -17.424  65.722 0.0000000000
65971  1.634  -17.178  66.659 0.0000000000
60938  0.603  -21.312  66.674 0.0000000000
59947  0.029  -22.157  67.125 0.0000000000
58968  -0.482  -22.670  66.507 0.0000000000
68144  -44.893  -13.663  40.411 0.0000000000
127142  -43.360  -14.129  40.234 0.0000000000
67144  -42.406  -14.659  39.312 0.0000000000
144244  -43.949  -14.089  39.732 0.0000000000
58002  -5.220  -23.055  68.852 0.0000000000
57100  -3.783  -24.340  68.901 0.0000000000
57099  -3.418  -24.941  68.504 0.0000000000
57104  -4.007  -24.462  68.068 0.0000000000
59997  -8.426  -21.594  61.721 0.0000000000
58028  -6.381  -23.482  63.746 0.0000000000
58973  -6.721  -22.551  64.227 0.0000000000
58021  -5.879  -23.051  64.617 0.0000000000
58017  -5.650  -22.904  65.683 0.0000000000
66008  -0.227  -16.518  59.941 0.0000000000
66007  0.669  -16.615  59.326 0.0000000000
127966  -0.144  -16.425  58.989 0.0000000000
66014  0.914  -16.788  58.433 0.0000000000
146132  -0.493  -20.683  59.410 0.0000000000
61038  0.065  -20.418  58.911 0.0000000000
61077  0.048  -21.050  55.116 0.0000000000
62127  0.355  -20.315  55.659 0.0000000000
62134  0.336  -20.560  55.029 0.0000000000
62126  0.692  -19.679  55.523 0.0000000000
62138  0.043  -20.763  54.398 0.0000000000
130576  0.495  -15.747  73.094 0.0000000000
65911  1.543  -16.671  72.718 0.0000000000
60899  0.646  -22.065  73.551 0.0000000000
59910  0.939  -22.515  73.634 0.0000000000
60916  2.464  -21.494  71.476 0.0000000000
134622  2.437  -20.867  71.007 0.0000000000
60920  2.369  -21.475  70.847 0.0000000000
60921  2.147  -21.440  70.331 0.0000000000
59928  2.216  -22.098  70.710 0.0000000000
56113  2.852  -27.358  67.819 0.0000000000
57105  2.490  -26.811  67.501 0.0000000000
56120  2.788  -27.442  67.094 0.0000000000
55089  3.121  -28.081  66.634 0.0000000000
47722  4.848  -34.583  68.056 0.0000000000
48849  5.190  -33.983  68.750 0.0000000000
136697  4.818  -33.918  67.813 0.0000000000
146128  -30.516  -15.194  62.560 0.0000000000
62074  -28.420  -18.867  60.542 0.0000000000
63091  -28.694  -18.320  61.262 0.0000000000
65995  -30.154  -16.100  62.607 0.0000000000
65996  -30.390  -15.702  62.491 0.0000000000
62027  -25.536  -20.000  63.952 0.0000000000
60972  -25.416  -20.624  63.276 0.0000000000
141146  -25.730  -20.047  63.203 0.0000000000
63083  -27.818  -18.478  62.418 0.0000000000
62057  -27.174  -19.167  61.844 0.0000000000
62073  -27.719  -19.295  60.840 0.0000000000
63064  -26.349  -18.425  64.708 0.0000000000
62028  -25.936  -19.173  64.341 0.0000000000
73856  -48.961  -8.348  36.431 0.0000000000
73010  -48.743  -9.001  36.634 0.0000000000
69136  -42.243  -12.515  37.353 0.0000000000
70082  -42.745  -11.733  37.180 0.0000000000
136718  -44.423  -10.698  36.468 0.0000000000
143450  -43.262  -11.206  36.922 0.0000000000
72081  -43.503  -10.014  35.621 0.0000000000
72074  -44.088  -10.296  36.023 0.0000000000
72082  -44.491  -9.784  35.597 0.0000000000
73008  -46.801  -9.779  36.325 0.0000000000
72084  -45.966  -9.694  35.903 0.0000000000
142717  -47.480  -8.672  35.804 0.0000000000
68094  -35.957  -14.361  46.173 0.0000000000
68095  -36.618  -14.135  46.375 0.0000000000
68088  -36.282  -14.411  46.909 0.0000000000
122588  -36.155  -14.302  48.604 0.0000000000
139245  -37.420  -13.965  48.658 0.0000000000
67068  -29.968  -15.343  48.771 0.0000000000
67069  -30.498  -15.264  48.470 0.0000000000
67091  -32.114  -15.065  45.863 0.0000000000
67087  -34.348  -14.477  46.653 0.0000000000
68086  -34.767  -14.431  46.359 0.0000000000
68093  -35.249  -14.300  45.975 0.0000000000
58986  -1.631  -23.448  63.691 0.0000000000
134706  -1.748  -23.898  62.879 0.0000000000
58045  -1.261  -24.820  62.797 0.0000000000
56162  -0.338  -26.550  61.369 0.0000000000
57163  -0.596  -26.508  60.522 0.0000000000
56177  -0.116  -27.426  60.089 0.0000000000
54158  0.685  -29.200  60.291 0.0000000000
55163  0.472  -28.611  59.851 0.0000000000
122264  0.815  -30.440  60.081 0.0000000000
56079  -2.099  -26.022  70.775 0.0000000000
55043  -1.888  -26.587  70.722 0.0000000000
55050  -1.708  -27.001  70.292 0.0000000000
138402  -31.740  -13.080  54.547 0.0000000000
67978  -27.979  -14.328  59.342 0.0000000000
67977  -27.544  -14.798  58.657 0.0000000000
68924  -27.631  -14.073  58.347 0.0000000000
68941  -28.376  -13.382  56.598 0.0000000000
68933  -27.572  -13.880  56.925 0.0000000000
67994  -26.989  -14.252  56.362 0.0000000000
68940  -27.912  -13.659  55.951 0.0000000000
68004  -27.959  -13.640  55.099 0.0000000000
123002  -30.479  -13.245  54.750 0.0000000000
130029  -20.087  -16.170  68.991 0.0000000000
60983  -20.771  -20.955  61.315 0.0000000000
77429  -45.747  -5.243  34.318 0.0000000000
77428  -44.967  -5.377  33.765 0.0000000000
78319  -45.893  -4.756  34.558 0.0000000000
78318  -45.383  -3.948  34.633 0.0000000000
79214  -44.491  -3.061  34.262 0.0000000000
80082  -44.882  -1.470  34.295 0.0000000000
80083  -45.400  -1.619  35.101 0.0000000000
66861  1.600  -16.215  68.090 0.0000000000
130280  1.663  -17.169  67.632 0.0000000000
65958  1.701  -16.864  68.287 0.0000000000
63991  2.005  -18.536  69.089 0.0000000000
132352  1.747  -18.077  68.336 0.0000000000
132110  1.667  -18.755  68.219 0.0000000000
61997  1.626  -20.051  67.734 0.0000000000
61994  1.680  -20.041  68.700 0.0000000000
70048  -44.337  -12.665  41.842 0.0000000000
133078  -43.609  -12.197  41.952 0.0000000000
70042  -37.101  -12.219  41.062 0.0000000000
70057  -38.863  -12.850  40.764 0.0000000000
70056  -37.444  -12.947  40.606 0.0000000000
143243  -38.191  -13.132  40.607 0.0000000000
125504  -38.659  -13.791  40.467 0.0000000000
68139  -39.083  -14.389  40.290 0.0000000000
70046  -41.905  -12.360  41.451 0.0000000000
69083  -41.568  -13.176  41.032 0.0000000000
69084  -42.410  -13.065  41.215 0.0000000000
69104  -42.916  -13.672  40.751 0.0000000000
63013  -6.313  -20.247  68.192 0.0000000000
141571  -6.602  -21.417  68.461 0.0000000000
60923  -6.483  -21.077  69.085 0.0000000000
57134  -5.881  -24.781  62.625 0.0000000000
56154  -5.450  -25.705  62.250 0.0000000000
67928  -0.948  -14.522  63.593 0.0000000000
68884  -1.740  -14.027  63.183 0.0000000000
67937  -0.531  -15.189  63.273 0.0000000000
65998  0.802  -16.890  61.998 0.0000000000
65999  0.501  -16.533  61.660 0.0000000000
124960  1.071  -16.879  60.896 0.0000000000
59060  -1.922  -22.815  56.496 0.0000000000
59074  -1.908  -23.407  55.964 0.0000000000
59086  -1.142  -23.285  54.833 0.0000000000
59100  -0.809  -22.946  54.283 0.0000000000
59110  -0.979  -23.476  53.524 0.0000000000
65919  -0.882  -16.095  71.700 0.0000000000
64988  0.212  -17.430  72.142 0.0000000000
57079  1.988  -25.941  73.628 0.0000000000
57084  2.216  -25.343  73.235 0.0000000000
57083  2.438  -25.666  72.864 0.0000000000
57087  2.577  -25.962  71.797 0.0000000000
136723  2.506  -25.264  72.343 0.0000000000
57992  2.397  -24.821  71.833 0.0000000000
135932  2.142  -23.996  71.665 0.0000000000
57995  2.142  -24.695  71.385 0.0000000000
57094  1.984  -25.024  70.798 0.0000000000
55058  3.540  -28.003  69.628 0.0000000000
56094  3.227  -27.569  69.778 0.0000000000
55067  3.342  -27.839  68.979 0.0000000000
64081  -28.312  -18.505  57.923 0.0000000000
64074  -28.579  -18.156  58.758 0.0000000000
135960  -29.029  -17.591  60.643 0.0000000000
64060  -28.699  -18.142  60.036 0.0000000000
142707  -29.188  -17.197  60.625 0.0000000000
66954  -29.321  -16.123  60.528 0.0000000000
141699  -29.132  -16.677  60.152 0.0000000000
66010  -28.860  -16.620  59.701 0.0000000000
66952  -28.490  -15.233  59.931 0.0000000000
67970  -29.172  -14.830  60.578 0.0000000000
59016  -24.814  -21.895  60.650 0.0000000000
64016  -24.261  -18.579  67.038 0.0000000000
63034  -23.570  -18.647  66.850 0.0000000000
63042  -23.851  -18.988  66.541 0.0000000000
63045  -25.464  -18.506  66.143 0.0000000000
62006  -24.995  -19.279  65.679 0.0000000000
60958  -23.857  -21.038  64.347 0.0000000000
62016  -24.190  -19.878  65.427 0.0000000000
60946  -23.672  -20.529  64.837 0.0000000000
62014  -23.372  -19.937  65.275 0.0000000000
60957  -22.903  -20.848  63.548 0.0000000000
146717  -22.460  -20.692  63.259 0.0000000000
60970  -22.365  -21.009  62.842 0.0000000000
59001  -20.939  -21.953  60.910 0.0000000000
143734  -48.329  -4.153  35.979 0.0000000000
73013  -44.856  -9.347  35.298 0.0000000000
73022  -44.474  -9.126  34.810 0.0000000000
74760  -46.170  -7.783  34.700 0.0000000000
74766  -45.819  -7.525  34.413 0.0000000000
75614  -45.798  -6.907  34.246 0.0000000000
124800  -45.703  -6.212  34.149 0.0000000000
76511  -46.342  -6.280  34.495 0.0000000000
76506  -47.830  -5.207  35.300 0.0000000000
128731  -47.257  -5.174  35.065 0.0000000000
78306  -47.718  -4.184  35.570 0.0000000000
71029  -40.201  -11.573  44.408 0.0000000000
71030  -41.073  -11.508  44.486 0.0000000000
69998  -40.523  -11.819  45.093 0.0000000000
69039  -38.124  -14.014  46.956 0.0000000000
128664  -38.915  -13.644  46.883 0.0000000000
67103  -33.242  -14.431  44.815 0.0000000000
67102  -32.524  -14.665  44.675 0.0000000000
69058  -34.803  -13.391  44.211 0.0000000000
69069  -34.621  -12.973  43.192 0.0000000000
70009  -38.286  -11.975  44.255 0.0000000000
71047  -38.848  -11.502  43.401 0.0000000000
62065  -12.494  -19.378  61.262 0.0000000000
61008  -11.248  -19.845  59.900 0.0000000000
61024  -10.301  -20.794  59.690 0.0000000000
131940  -4.291  -13.516  58.064 0.0000000000
66957  -3.921  -14.922  58.594 0.0000000000
66969  -3.544  -15.589  58.041 0.0000000000
63077  1.312  -18.604  63.087 0.0000000000
64050  1.342  -18.141  62.601 0.0000000000
60991  -0.251  -20.697  61.469 0.0000000000
147018  0.046  -20.519  61.376 0.0000000000
61005  -0.798  -20.902  60.734 0.0000000000
58999  -2.066  -23.306  62.011 0.0000000000
59011  -2.382  -23.132  60.975 0.0000000000
58083  -2.544  -24.374  59.414 0.0000000000
59023  -2.557  -23.520  60.034 0.0000000000
59034  -2.689  -23.456  59.075 0.0000000000
60019  -2.481  -22.683  59.570 0.0000000000
59047  -2.584  -23.331  58.180 0.0000000000
136228  -1.451  -26.063  56.733 0.0000000000
54171  0.411  -28.807  58.795 0.0000000000
54182  0.371  -29.202  57.820 0.0000000000
53084  0.457  -29.684  57.650 0.0000000000
62998  -1.643  -20.086  70.813 0.0000000000
61975  -2.023  -20.843  71.309 0.0000000000
59918  -1.919  -22.668  73.238 0.0000000000
127184  -1.619  -22.123  73.019 0.0000000000
59917  -1.145  -22.565  73.420 0.0000000000
59912  -0.679  -23.028  73.715 0.0000000000
133700  -0.952  -23.657  73.803 0.0000000000
57085  -1.679  -25.032  72.979 0.0000000000
55031  -1.160  -26.402  72.467 0.0000000000
55026  0.359  -26.862  73.847 0.0000000000
55027  -0.166  -26.527  73.527 0.0000000000
56059  0.325  -26.071  74.028 0.0000000000
143351  0.000  -25.526  74.005 0.0000000000
56058  0.843  -26.372  74.239 0.0000000000
131364  1.122  -26.056  74.281 0.0000000000
55021  1.058  -26.744  74.231 0.0000000000
52910  2.300  -29.515  72.482 0.0000000000
130628  2.049  -27.922  73.485 0.0000000000
140955  2.811  -29.287  72.423 0.0000000000
52900  2.921  -28.634  72.466 0.0000000000
130813  -33.991  -14.062  49.819 0.0000000000
135951  -33.550  -14.029  50.429 0.0000000000
66037  -26.768  -16.895  57.161 0.0000000000
68052  -29.578  -14.412  51.516 0.0000000000
68043  -28.899  -14.307  52.178 0.0000000000
67042  -29.317  -14.654  50.969 0.0000000000
121759  -32.169  -14.392  50.729 0.0000000000
67063  -32.427  -14.526  49.458 0.0000000000
65051  -16.692  -17.290  66.143 0.0000000000
63051  -15.535  -18.308  64.757 0.0000000000
64012  -21.326  -17.904  67.033 0.0000000000
65045  -20.463  -17.592  66.825 0.0000000000
64023  -20.177  -17.700  65.923 0.0000000000
63073  -20.776  -19.048  63.578 0.0000000000
63072  -19.944  -19.060  63.086 0.0000000000
126088  -18.076  -18.470  62.851 0.0000000000
64042  -18.746  -18.073  64.100 0.0000000000
64041  -17.704  -17.892  64.334 0.0000000000
62051  -15.733  -18.669  62.284 0.0000000000
63078  -15.690  -18.559  63.046 0.0000000000
62035  -15.166  -18.631  62.973 0.0000000000
63068  -15.128  -18.584  63.629 0.0000000000
122601  -14.174  -18.955  61.916 0.0000000000
62066  -14.072  -19.345  60.863 0.0000000000
146534  -13.717  -20.016  59.190 0.0000000000
81023  -44.981  -0.578  33.690 0.0000000000
81034  -44.698  -0.519  32.810 0.0000000000
81035  -45.331  0.120  33.076 0.0000000000
81048  -46.259  0.240  31.165 0.0000000000
81966  -47.006  0.812  31.378 0.0000000000
68864  -0.529  -13.693  64.760 0.0000000000
67916  -0.090  -14.526  64.566 0.0000000000
67926  0.378  -15.137  64.258 0.0000000000
68840  0.403  -13.787  67.422 0.0000000000
138869  1.241  -16.229  65.290 0.0000000000
65987  1.417  -16.234  64.221 0.0000000000
65058  1.476  -17.218  64.244 0.0000000000
63056  1.487  -18.690  64.983 0.0000000000
64039  1.521  -18.145  64.399 0.0000000000
132921  1.064  -19.497  64.355 0.0000000000
133512  1.646  -18.658  66.596 0.0000000000
60952  0.313  -20.983  64.794 0.0000000000
60953  -0.499  -21.625  65.064 0.0000000000
59958  -1.066  -22.521  65.159 0.0000000000
145278  -0.650  -24.069  65.553 0.0000000000
58034  -0.184  -25.354  64.100 0.0000000000
138723  0.205  -25.459  64.805 0.0000000000
69121  -46.446  -12.857  39.321 0.0000000000
131332  -35.321  -13.967  49.413 0.0000000000
146229  -39.291  -15.855  39.049 0.0000000000
136431  -39.951  -15.410  39.451 0.0000000000
67176  -42.058  -14.768  38.817 0.0000000000
67175  -41.197  -15.093  38.470 0.0000000000
67194  -40.935  -15.119  37.894 0.0000000000
129754  -42.382  -14.376  38.523 0.0000000000
69119  -44.454  -13.678  39.038 0.0000000000
130534  -44.983  -13.338  38.779 0.0000000000
69127  -45.184  -12.757  38.294 0.0000000000
61977  -3.574  -21.335  70.675 0.0000000000
60914  -3.318  -21.953  71.400 0.0000000000
61986  -5.949  -20.701  70.093 0.0000000000
61985  -5.274  -20.706  70.029 0.0000000000
58955  -4.386  -23.174  70.594 0.0000000000
59925  -4.229  -22.861  71.087 0.0000000000
57994  -3.571  -23.781  70.885 0.0000000000
58950  -3.704  -23.351  71.266 0.0000000000
57092  -2.628  -24.718  70.729 0.0000000000
57095  -2.737  -24.722  70.000 0.0000000000
56105  -2.686  -25.981  68.537 0.0000000000
56096  -2.252  -25.945  69.145 0.0000000000
54065  -2.162  -27.529  68.081 0.0000000000
54073  -2.303  -27.701  67.358 0.0000000000
62047  -11.775  -19.488  62.197 0.0000000000
62031  -11.702  -19.442  63.330 0.0000000000
60982  -10.649  -19.764  62.843 0.0000000000
60967  -10.691  -19.768  63.735 0.0000000000
60954  -9.969  -20.435  64.068 0.0000000000
60943  -9.995  -20.468  64.731 0.0000000000
133676  -7.621  -22.479  62.663 0.0000000000
59959  -8.253  -21.434  64.623 0.0000000000
59972  -8.257  -21.548  63.813 0.0000000000
59955  -9.446  -20.875  64.997 0.0000000000
59951  -9.310  -20.771  65.886 0.0000000000
59950  -8.742  -21.041  66.258 0.0000000000
59944  -8.717  -21.214  66.890 0.0000000000
59939  -8.548  -21.211  67.146 0.0000000000
60931  -9.059  -20.810  67.411 0.0000000000
59938  -7.580  -21.290  67.200 0.0000000000
58963  -7.078  -21.388  67.321 0.0000000000
58965  -5.532  -22.776  66.736 0.0000000000
58011  -5.046  -23.423  67.159 0.0000000000
58015  -4.678  -24.308  66.806 0.0000000000
56136  -4.386  -26.058  64.403 0.0000000000
56127  -4.289  -25.862  65.211 0.0000000000
56126  -3.891  -26.320  65.687 0.0000000000
129787  -4.398  -24.948  66.645 0.0000000000
56121  -3.665  -26.054  66.522 0.0000000000
55091  -3.362  -26.818  66.205 0.0000000000
70819  -3.353  -11.854  61.793 0.0000000000
129189  -3.407  -11.829  60.957 0.0000000000
69847  -3.544  -12.388  60.730 0.0000000000
67948  -1.950  -15.040  62.025 0.0000000000
66933  -2.598  -15.624  60.500 0.0000000000
67955  -2.935  -14.764  61.033 0.0000000000
67956  -3.659  -13.970  60.361 0.0000000000
66943  -3.104  -15.714  59.690 0.0000000000
138640  -0.205  -16.171  56.989 0.0000000000
122228  0.210  -16.277  56.770 0.0000000000
64053  1.484  -18.018  61.467 0.0000000000
63105  1.400  -18.896  59.066 0.0000000000
65076  1.653  -17.305  59.865 0.0000000000
140346  1.660  -18.073  58.997 0.0000000000
61039  -0.088  -20.642  57.856 0.0000000000
62111  0.399  -20.085  57.231 0.0000000000
63125  0.983  -19.174  56.587 0.0000000000
63119  1.118  -19.147  57.254 0.0000000000
63124  1.362  -18.755  56.933 0.0000000000
64073  1.514  -17.752  58.306 0.0000000000
64080  1.561  -18.120  57.394 0.0000000000
65097  1.822  -17.525  56.585 0.0000000000
64103  1.432  -18.306  55.236 0.0000000000
65110  2.038  -17.486  55.913 0.0000000000
65111  1.965  -16.995  55.569 0.0000000000
131240  1.544  -16.626  55.424 0.0000000000
65125  1.638  -16.848  55.031 0.0000000000
66049  1.128  -16.564  54.302 0.0000000000
65917  2.217  -16.522  71.777 0.0000000000
62994  -0.401  -19.941  71.858 0.0000000000
62989  0.794  -19.738  72.979 0.0000000000
62992  0.849  -18.864  72.654 0.0000000000
62988  1.313  -19.064  72.826 0.0000000000
59915  1.768  -22.359  72.855 0.0000000000
59916  1.618  -21.804  73.016 0.0000000000
124584  1.912  -21.800  72.641 0.0000000000
61967  2.309  -20.056  72.297 0.0000000000
61961  2.092  -20.651  72.507 0.0000000000
132119  2.118  -18.977  72.509 0.0000000000
63969  1.970  -18.147  72.417 0.0000000000
64984  2.113  -17.541  72.215 0.0000000000
63973  2.278  -18.318  72.133 0.0000000000
63976  2.586  -18.622  71.022 0.0000000000
64992  2.613  -17.888  70.735 0.0000000000
63978  2.601  -18.485  70.332 0.0000000000
64995  2.563  -17.868  70.060 0.0000000000
63007  2.441  -19.128  70.062 0.0000000000
60924  1.802  -21.473  69.798 0.0000000000
145220  2.028  -19.952  69.702 0.0000000000
60929  1.320  -21.335  69.004 0.0000000000
59936  1.169  -22.334  69.196 0.0000000000
57999  1.789  -24.641  70.229 0.0000000000
58956  1.596  -23.500  70.219 0.0000000000
58003  1.791  -25.184  69.372 0.0000000000
58004  1.207  -24.492  68.956 0.0000000000
58008  0.896  -24.855  68.032 0.0000000000
58009  0.445  -24.161  67.498 0.0000000000
58014  0.235  -24.492  66.642 0.0000000000
58013  0.829  -25.160  67.087 0.0000000000
57114  1.784  -27.194  65.739 0.0000000000
57115  1.228  -26.314  65.775 0.0000000000
57122  1.339  -26.959  65.021 0.0000000000
57131  1.422  -27.273  64.340 0.0000000000
56142  1.871  -27.785  64.211 0.0000000000
134562  4.037  -31.498  71.023 0.0000000000
49832  4.925  -32.452  69.271 0.0000000000
49819  4.804  -32.749  69.831 0.0000000000
50772  4.377  -31.463  70.585 0.0000000000
51799  4.478  -30.882  70.172 0.0000000000
141086  4.644  -31.031  69.318 0.0000000000
136064  4.836  -30.862  67.512 0.0000000000
51828  4.882  -30.157  67.680 0.0000000000
51846  4.866  -30.114  66.924 0.0000000000
54071  4.751  -28.878  67.155 0.0000000000
51877  4.282  -30.015  65.504 0.0000000000
53002  3.790  -29.594  65.281 0.0000000000
54105  3.269  -29.029  64.894 0.0000000000
53003  3.257  -29.541  64.457 0.0000000000
53014  2.826  -29.561  63.735 0.0000000000
140246  2.484  -29.535  63.235 0.0000000000
55138  2.035  -28.517  63.500 0.0000000000
54136  2.084  -29.118  63.024 0.0000000000
54148  1.600  -29.134  62.131 0.0000000000
65992  -30.274  -15.637  63.077 0.0000000000
66901  -30.349  -15.200  63.633 0.0000000000
146097  -30.253  -15.130  64.058 0.0000000000
66894  -30.108  -15.038  64.422 0.0000000000
63084  -28.857  -18.182  62.155 0.0000000000
64051  -29.310  -17.428  62.239 0.0000000000
65065  -29.361  -16.815  62.806 0.0000000000
65063  -29.756  -16.161  63.093 0.0000000000
63074  -26.550  -18.619  63.920 0.0000000000
63075  -27.309  -18.133  63.355 0.0000000000
63076  -28.230  -17.962  62.918 0.0000000000
65055  -27.104  -17.108  65.858 0.0000000000
64037  -27.251  -17.190  65.296 0.0000000000
65981  -28.527  -15.704  65.352 0.0000000000
72077  -47.549  -10.004  36.742 0.0000000000
72078  -48.393  -9.750  36.990 0.0000000000
70084  -44.111  -11.902  37.468 0.0000000000
70083  -43.453  -11.837  37.338 0.0000000000
71088  -44.555  -11.282  37.021 0.0000000000
72076  -46.142  -10.228  36.343 0.0000000000
68079  -34.958  -14.538  47.215 0.0000000000
68080  -35.808  -14.440  47.577 0.0000000000
122807  -36.327  -14.118  49.205 0.0000000000
67070  -31.157  -15.018  48.607 0.0000000000
138589  -31.853  -14.743  48.792 0.0000000000
67078  -32.601  -14.622  47.611 0.0000000000
67085  -32.830  -14.789  46.677 0.0000000000
58044  -0.619  -25.245  63.373 0.0000000000
139934  -0.725  -25.543  62.637 0.0000000000
55155  0.373  -27.881  60.565 0.0000000000
55148  0.404  -27.492  61.422 0.0000000000
126564  0.705  -28.046  61.394 0.0000000000
54149  1.002  -28.760  61.297 0.0000000000
54057  -1.620  -27.743  69.059 0.0000000000
52943  -1.525  -28.398  68.621 0.0000000000
52942  -1.120  -28.876  68.989 0.0000000000
68926  -29.071  -12.750  58.894 0.0000000000
68935  -28.820  -12.784  57.889 0.0000000000
142876  -28.801  -13.056  57.035 0.0000000000
68942  -29.163  -12.988  56.257 0.0000000000
68951  -29.649  -13.198  55.425 0.0000000000
140847  -29.902  -12.834  56.018 0.0000000000
65939  -21.163  -15.706  69.301 0.0000000000
59998  -20.020  -21.411  59.957 0.0000000000
139912  -46.696  -3.276  35.638 0.0000000000
80998  -46.794  -0.810  36.685 0.0000000000
63983  2.172  -17.836  69.308 0.0000000000
128016  -42.970  -11.694  42.234 0.0000000000
71068  -43.160  -11.468  42.998 0.0000000000
71076  -38.272  -11.634  41.671 0.0000000000
71075  -37.565  -11.770  41.546 0.0000000000
136087  -38.961  -11.543  41.855 0.0000000000
124793  -38.920  -12.061  41.293 0.0000000000
70044  -39.686  -12.511  41.035 0.0000000000
69082  -40.399  -12.953  40.885 0.0000000000
63023  -7.212  -19.563  67.692 0.0000000000
60925  -7.032  -20.812  67.796 0.0000000000
64030  -14.962  -18.199  65.424 0.0000000000
66995  -2.472  -16.232  55.607 0.0000000000
66912  0.596  -15.788  62.894 0.0000000000
65994  0.697  -16.221  62.556 0.0000000000
59087  -1.575  -23.591  55.404 0.0000000000
64991  -0.628  -16.918  71.136 0.0000000000
64990  -0.224  -17.606  71.458 0.0000000000
56067  2.715  -26.730  72.556 0.0000000000
125072  2.512  -26.309  72.924 0.0000000000
55034  3.013  -27.215  72.029 0.0000000000
56071  3.129  -27.242  71.380 0.0000000000
56077  2.837  -26.713  71.265 0.0000000000
56085  2.818  -26.831  70.668 0.0000000000
56076  3.169  -27.315  70.817 0.0000000000
55049  3.583  -28.075  70.153 0.0000000000
54055  3.950  -28.506  69.513 0.0000000000
66000  -30.063  -16.050  61.495 0.0000000000
65073  -29.432  -16.673  61.026 0.0000000000
66941  -29.900  -15.696  61.169 0.0000000000
66940  -29.688  -15.322  60.857 0.0000000000
68908  -30.055  -14.303  60.870 0.0000000000
61014  -26.406  -20.401  60.041 0.0000000000
62017  -24.764  -19.869  64.916 0.0000000000
59956  -24.068  -20.842  64.623 0.0000000000
59962  -23.342  -21.228  63.454 0.0000000000
60971  -22.750  -21.414  62.790 0.0000000000
58989  -22.505  -21.948  62.160 0.0000000000
76498  -48.445  -5.204  35.579 0.0000000000
73024  -45.947  -8.558  35.263 0.0000000000
73869  -46.485  -8.076  35.103 0.0000000000
75610  -46.988  -6.388  34.813 0.0000000000
76507  -48.135  -5.828  35.294 0.0000000000
69996  -38.719  -12.349  45.028 0.0000000000
69997  -39.671  -12.149  45.194 0.0000000000
121901  -39.058  -12.690  45.583 0.0000000000
138736  -39.602  -12.635  45.858 0.0000000000
69978  -39.909  -12.902  46.409 0.0000000000
68101  -34.295  -14.062  45.027 0.0000000000
69059  -35.588  -13.167  44.436 0.0000000000
134998  -36.268  -12.594  44.127 0.0000000000
61025  -11.284  -20.422  59.048 0.0000000000
62045  0.623  -19.805  62.826 0.0000000000
60992  -1.131  -20.932  61.750 0.0000000000
58073  -1.918  -24.696  60.618 0.0000000000
140383  -2.350  -23.926  60.649 0.0000000000
122736  -1.948  -25.178  59.757 0.0000000000
131157  -2.303  -25.126  58.803 0.0000000000
58093  -2.243  -24.893  57.867 0.0000000000
57191  -1.724  -25.656  58.134 0.0000000000
56207  -1.364  -26.394  57.511 0.0000000000
56220  -1.203  -27.098  56.765 0.0000000000
124124  -0.642  -28.027  56.773 0.0000000000
125022  0.008  -28.625  56.517 0.0000000000
60913  -2.394  -21.951  72.160 0.0000000000
59919  -2.371  -22.732  72.950 0.0000000000
58942  -1.702  -23.689  73.538 0.0000000000
54021  -0.560  -27.615  71.791 0.0000000000
55030  -0.490  -26.760  72.894 0.0000000000
54015  -0.228  -27.434  72.585 0.0000000000
54014  0.330  -27.841  72.963 0.0000000000
54007  0.601  -27.458  73.570 0.0000000000
54006  1.060  -27.674  73.614 0.0000000000
52903  1.246  -28.816  72.733 0.0000000000
52902  1.824  -29.018  72.832 0.0000000000
68055  -32.718  -14.097  50.996 0.0000000000
66991  -26.126  -15.667  56.772 0.0000000000
121831  -30.317  -14.317  51.519 0.0000000000
68053  -30.863  -14.438  51.205 0.0000000000
146211  -31.420  -14.318  51.358 0.0000000000
68054  -31.976  -14.281  51.202 0.0000000000
125346  -16.842  -17.429  65.374 0.0000000000
64014  -22.909  -18.410  67.111 0.0000000000
64001  -22.165  -17.998  67.628 0.0000000000
64035  -20.879  -18.225  65.265 0.0000000000
63081  -18.711  -18.961  62.241 0.0000000000
62053  -18.362  -19.092  61.334 0.0000000000
63080  -17.710  -18.571  62.254 0.0000000000
63070  -17.176  -18.402  63.154 0.0000000000
62067  -14.940  -19.192  61.163 0.0000000000
62083  -14.782  -19.757  60.227 0.0000000000
62095  -14.483  -20.105  59.393 0.0000000000
77434  -43.391  -4.511  32.885 0.0000000000
67887  0.518  -14.536  66.668 0.0000000000
67902  0.779  -15.226  66.204 0.0000000000
64029  1.656  -18.123  65.205 0.0000000000
137710  1.593  -18.675  65.748 0.0000000000
62000  1.425  -20.126  66.818 0.0000000000
59952  -0.678  -22.034  65.881 0.0000000000
69112  -45.123  -13.552  39.391 0.0000000000
69113  -45.870  -13.341  39.687 0.0000000000
68145  -45.323  -13.620  40.067 0.0000000000
68141  -41.470  -14.446  40.203 0.0000000000
137881  -40.890  -14.943  39.645 0.0000000000
67143  -41.786  -14.730  39.659 0.0000000000
68157  -42.999  -14.376  38.953 0.0000000000
68158  -43.834  -14.038  39.334 0.0000000000
61984  -4.400  -20.810  69.975 0.0000000000
59929  -5.649  -21.945  69.962 0.0000000000
60919  -5.130  -21.707  70.344 0.0000000000
58952  -5.235  -22.637  69.934 0.0000000000
57997  -3.948  -23.725  70.131 0.0000000000
57096  -3.461  -24.279  69.677 0.0000000000
126311  -3.066  -24.811  69.268 0.0000000000
56114  -2.917  -26.315  67.887 0.0000000000
60995  -9.786  -20.613  61.590 0.0000000000
60981  -9.863  -20.421  62.495 0.0000000000
60980  -9.189  -20.947  62.206 0.0000000000
60965  -9.301  -20.823  63.070 0.0000000000
58987  -7.241  -23.218  62.890 0.0000000000
58988  -7.574  -22.258  63.297 0.0000000000
58976  -7.054  -22.940  63.444 0.0000000000
59953  -8.088  -21.300  65.626 0.0000000000
58970  -7.100  -21.544  65.976 0.0000000000
58967  -6.878  -21.517  66.817 0.0000000000
58969  -6.251  -22.157  66.336 0.0000000000
55118  -4.217  -26.726  64.108 0.0000000000
136938  -3.288  -27.765  65.013 0.0000000000
55105  -2.984  -27.492  65.950 0.0000000000
121714  -1.563  -16.074  60.775 0.0000000000
66009  -1.037  -16.480  59.325 0.0000000000
66021  0.605  -16.580  57.462 0.0000000000
62079  0.585  -19.673  60.401 0.0000000000
62078  1.252  -18.947  60.107 0.0000000000
62093  0.861  -19.472  59.378 0.0000000000
129319  0.974  -19.448  58.433 0.0000000000
62119  0.334  -20.163  56.388 0.0000000000
62118  0.629  -19.649  56.187 0.0000000000
63129  1.429  -18.700  56.267 0.0000000000
63130  1.188  -18.885  55.689 0.0000000000
64112  1.030  -18.470  54.556 0.0000000000
139536  0.681  -19.314  54.456 0.0000000000
61965  -0.338  -21.113  73.057 0.0000000000
61968  0.081  -20.289  72.581 0.0000000000
59921  2.347  -22.193  72.088 0.0000000000
60901  2.218  -21.773  72.271 0.0000000000
136081  2.437  -21.784  71.956 0.0000000000
60910  2.405  -21.246  72.021 0.0000000000
62990  2.468  -19.797  71.943 0.0000000000
63972  2.495  -18.881  71.753 0.0000000000
61988  2.380  -19.801  70.315 0.0000000000
61981  2.296  -20.664  70.410 0.0000000000
59932  1.619  -22.417  69.929 0.0000000000
57102  2.404  -25.939  68.762 0.0000000000
57106  2.287  -26.088  67.877 0.0000000000
133151  2.001  -26.412  67.165 0.0000000000
57110  1.414  -25.964  66.677 0.0000000000
57113  2.177  -27.304  66.281 0.0000000000
56125  2.304  -27.810  65.722 0.0000000000
124341  5.099  -33.248  69.225 0.0000000000
143465  4.937  -32.133  67.798 0.0000000000
139766  4.852  -31.719  67.153 0.0000000000
51891  3.097  -30.227  63.886 0.0000000000
62087  -28.347  -19.267  59.743 0.0000000000
63092  -28.764  -18.100  60.734 0.0000000000
64055  -29.221  -17.445  61.246 0.0000000000
64052  -29.429  -17.228  61.756 0.0000000000
65069  -29.592  -16.827  61.665 0.0000000000
65070  -29.794  -16.468  61.591 0.0000000000
144800  -30.330  -16.061  61.949 0.0000000000
66932  -30.472  -15.406  62.091 0.0000000000
59978  -24.618  -21.328  63.298 0.0000000000
124763  -25.352  -20.900  62.631 0.0000000000
60985  -25.504  -20.885  61.714 0.0000000000
127888  -26.258  -19.572  62.606 0.0000000000
62056  -26.385  -19.766  61.769 0.0000000000
61000  -26.189  -20.239  61.094 0.0000000000
61015  -27.234  -20.038  59.624 0.0000000000
63046  -25.949  -18.163  65.795 0.0000000000
64028  -26.570  -17.637  65.686 0.0000000000
63055  -26.161  -18.261  65.343 0.0000000000
62018  -25.217  -19.378  65.023 0.0000000000
60950  -25.101  -20.022  64.446 0.0000000000
60959  -25.176  -20.714  63.887 0.0000000000
74755  -48.449  -7.724  35.730 0.0000000000
129883  -49.213  -7.247  36.198 0.0000000000
73861  -49.031  -7.769  36.211 0.0000000000
71095  -42.628  -10.991  36.703 0.0000000000
71094  -41.885  -10.891  36.391 0.0000000000
71105  -42.643  -10.310  35.938 0.0000000000
73014  -45.756  -9.072  35.532 0.0000000000
73859  -46.779  -8.474  35.486 0.0000000000
74754  -47.869  -8.116  35.578 0.0000000000
69984  -37.660  -13.415  45.722 0.0000000000
69038  -37.295  -13.778  46.186 0.0000000000
67076  -30.671  -15.255  47.852 0.0000000000
141657  -30.080  -15.709  47.133 0.0000000000
66098  -30.363  -15.709  45.658 0.0000000000
66099  -31.198  -15.361  45.255 0.0000000000
67092  -32.584  -14.785  45.316 0.0000000000
140734  -35.724  -14.108  45.704 0.0000000000
69848  -3.596  -12.242  59.900 0.0000000000
60964  -1.627  -21.961  62.866 0.0000000000
59984  -1.895  -22.891  62.947 0.0000000000
57141  -1.067  -25.362  62.043 0.0000000000
57151  -1.472  -25.018  61.301 0.0000000000
57164  -1.328  -25.555  60.537 0.0000000000
55165  -0.119  -27.727  59.188 0.0000000000
54170  0.554  -29.168  59.326 0.0000000000
51944  0.623  -30.501  59.068 0.0000000000
57089  -2.570  -24.560  71.455 0.0000000000
57989  -2.395  -24.261  72.266 0.0000000000
56074  -2.173  -25.790  71.604 0.0000000000
56078  -1.952  -26.412  71.305 0.0000000000
55036  -1.507  -26.703  71.722 0.0000000000
54043  -1.546  -27.560  69.805 0.0000000000
54032  -1.481  -27.436  70.449 0.0000000000
54031  -0.992  -27.699  70.974 0.0000000000
68975  -31.875  -13.657  53.015 0.0000000000
68976  -32.473  -13.551  53.123 0.0000000000
137539  -32.671  -13.360  53.844 0.0000000000
66017  -28.029  -16.571  58.802 0.0000000000
66026  -27.558  -16.872  58.179 0.0000000000
66979  -27.576  -16.112  58.314 0.0000000000
66978  -27.102  -15.632  57.839 0.0000000000
66977  -26.688  -15.211  57.292 0.0000000000
143179  -27.471  -14.146  57.622 0.0000000000
67993  -26.357  -14.885  56.668 0.0000000000
127140  -26.328  -14.565  55.815 0.0000000000
68002  -26.449  -14.444  54.932 0.0000000000
68014  -27.497  -13.960  54.426 0.0000000000
68015  -28.611  -13.582  54.435 0.0000000000
68959  -29.619  -13.452  54.569 0.0000000000
65952  -19.536  -16.489  68.385 0.0000000000
65028  -19.789  -17.122  67.450 0.0000000000
62038  -22.351  -20.142  63.846 0.0000000000
62025  -21.591  -19.480  63.949 0.0000000000
62037  -21.470  -19.921  63.138 0.0000000000
62055  -20.315  -20.122  61.791 0.0000000000
60998  -19.671  -20.709  60.236 0.0000000000
62071  -19.181  -19.849  60.682 0.0000000000
62085  -17.825  -19.863  60.221 0.0000000000
77427  -44.307  -4.632  33.588 0.0000000000
78329  -43.709  -3.763  33.404 0.0000000000
79224  -43.391  -2.749  33.128 0.0000000000
80093  -43.556  -1.812  32.976 0.0000000000
81005  -45.606  -0.702  35.385 0.0000000000
134247  1.475  -15.682  67.901 0.0000000000
132970  1.644  -18.325  67.391 0.0000000000
65018  1.756  -17.472  68.400 0.0000000000
138459  1.622  -18.914  67.440 0.0000000000
60933  1.476  -20.533  67.545 0.0000000000
60934  1.222  -21.092  67.923 0.0000000000
69105  -43.820  -13.635  40.746 0.0000000000
137203  -44.529  -13.588  40.723 0.0000000000
124409  -44.435  -13.255  41.295 0.0000000000
124691  -44.237  -12.156  42.412 0.0000000000
70055  -36.510  -12.784  40.590 0.0000000000
67141  -38.617  -14.974  39.809 0.0000000000
67142  -39.564  -14.853  40.019 0.0000000000
68140  -40.475  -14.466  40.263 0.0000000000
69102  -40.393  -13.748  40.610 0.0000000000
69103  -41.128  -13.823  40.606 0.0000000000
128501  -5.432  -19.812  68.484 0.0000000000
63012  -5.663  -20.141  68.775 0.0000000000
61987  -6.262  -20.794  69.420 0.0000000000
59933  -6.008  -22.288  69.383 0.0000000000
59012  -7.294  -23.128  60.918 0.0000000000
58060  -6.940  -23.739  60.987 0.0000000000
58059  -6.752  -23.844  61.737 0.0000000000
58047  -6.855  -23.802  62.517 0.0000000000
57135  -6.527  -24.205  62.774 0.0000000000
134020  -6.217  -24.363  63.068 0.0000000000
58036  -5.913  -24.193  63.531 0.0000000000
57124  -5.123  -24.680  64.086 0.0000000000
127784  -5.491  -24.843  63.358 0.0000000000
56144  -4.611  -26.241  63.638 0.0000000000
68877  -2.117  -13.256  63.429 0.0000000000
66914  -0.862  -15.451  62.558 0.0000000000
66913  0.016  -15.586  62.788 0.0000000000
126109  -0.220  -15.829  62.063 0.0000000000
66002  0.580  -16.619  60.494 0.0000000000
60031  -1.963  -21.771  58.180 0.0000000000
61040  -1.120  -21.092  58.064 0.0000000000
61053  -1.396  -21.451  57.211 0.0000000000
61060  -0.784  -21.296  56.427 0.0000000000
60060  -1.458  -22.672  55.583 0.0000000000
60059  -0.871  -21.798  55.610 0.0000000000
136012  -0.338  -21.211  55.859 0.0000000000
61068  -0.327  -21.595  55.136 0.0000000000
61078  -0.277  -21.612  54.524 0.0000000000
147000  -0.436  -22.038  54.023 0.0000000000
126030  -1.255  -15.236  72.195 0.0000000000
66831  -0.989  -14.876  72.765 0.0000000000
57979  1.486  -24.351  73.857 0.0000000000
59909  1.412  -22.366  73.248 0.0000000000
57985  2.095  -24.197  73.192 0.0000000000
144588  2.255  -23.842  72.793 0.0000000000
57988  2.394  -24.374  72.294 0.0000000000
58944  2.279  -23.533  72.421 0.0000000000
58951  2.186  -23.058  71.600 0.0000000000
136857  2.048  -22.897  71.034 0.0000000000
56095  2.770  -26.928  69.948 0.0000000000
57097  2.670  -26.673  69.119 0.0000000000
56104  2.911  -27.324  68.608 0.0000000000
56112  3.370  -27.828  68.093 0.0000000000
135156  3.874  -28.341  67.576 0.0000000000
65101  -27.814  -18.218  57.642 0.0000000000
62088  -28.477  -19.147  59.470 0.0000000000
64067  -28.699  -18.133  59.419 0.0000000000
140356  -29.166  -17.032  60.222 0.0000000000
128827  -28.771  -17.555  59.496 0.0000000000
65083  -28.671  -17.556  59.190 0.0000000000
66018  -28.497  -17.078  59.105 0.0000000000
66027  -28.074  -17.069  58.635 0.0000000000
66966  -28.474  -16.242  59.467 0.0000000000
68917  -29.321  -13.841  60.415 0.0000000000
68916  -28.723  -13.485  59.639 0.0000000000
137148  -22.872  -18.805  66.214 0.0000000000
63054  -23.016  -19.340  65.639 0.0000000000
63036  -24.614  -18.859  66.763 0.0000000000
62005  -24.491  -19.365  65.913 0.0000000000
63043  -24.350  -19.097  66.484 0.0000000000
62013  -22.752  -19.730  64.962 0.0000000000
59987  -20.906  -21.685  61.067 0.0000000000
59989  -21.946  -21.995  61.746 0.0000000000
59988  -21.442  -21.925  61.406 0.0000000000
73867  -44.853  -8.674  34.590 0.0000000000
73874  -44.433  -8.318  34.048 0.0000000000
77421  -46.544  -5.091  34.733 0.0000000000
76505  -46.818  -5.683  34.771 0.0000000000
77406  -47.124  -4.646  35.202 0.0000000000
79204  -47.399  -3.434  35.890 0.0000000000
71049  -40.826  -11.333  43.531 0.0000000000
71050  -41.697  -11.344  43.686 0.0000000000
69040  -39.534  -13.383  46.803 0.0000000000
70024  -36.000  -12.028  42.293 0.0000000000
71045  -36.742  -11.800  43.116 0.0000000000
71063  -37.605  -11.547  42.317 0.0000000000
71064  -38.492  -11.450  42.473 0.0000000000
62049  -13.493  -18.972  62.582 0.0000000000
62033  -13.453  -18.877  63.510 0.0000000000
130556  -10.458  -20.320  60.812 0.0000000000
61007  -9.593  -20.935  60.638 0.0000000000
60009  -8.661  -21.586  60.465 0.0000000000
59024  -7.589  -23.034  59.930 0.0000000000
67979  -4.202  -14.615  57.942 0.0000000000
66981  -2.485  -16.326  56.524 0.0000000000
122869  -1.541  -16.431  56.080 0.0000000000
65064  1.185  -17.317  62.668 0.0000000000
63089  1.362  -18.508  61.995 0.0000000000
62062  1.067  -19.204  61.313 0.0000000000
140653  0.660  -19.725  62.010 0.0000000000
62063  0.376  -20.018  61.303 0.0000000000
61021  -0.375  -20.539  59.895 0.0000000000
61023  -1.485  -21.422  59.213 0.0000000000
128122  -1.658  -21.558  62.019 0.0000000000
60006  -2.125  -22.103  60.702 0.0000000000
60018  -2.082  -21.997  59.908 0.0000000000
60047  -2.344  -22.574  57.924 0.0000000000
59061  -2.276  -23.128  57.338 0.0000000000
59075  -2.158  -23.731  56.696 0.0000000000
58108  -2.146  -24.634  56.922 0.0000000000
55174  0.198  -28.700  58.035 0.0000000000
61974  -1.244  -20.402  71.601 0.0000000000
60912  -1.965  -21.767  72.426 0.0000000000
60911  -1.247  -21.475  72.722 0.0000000000
59911  0.163  -22.777  73.787 0.0000000000
58939  0.431  -23.333  74.021 0.0000000000
57082  -2.052  -24.386  73.028 0.0000000000
57983  -1.974  -24.021  73.416 0.0000000000
57982  -1.459  -24.181  73.599 0.0000000000
56068  -0.754  -26.120  73.162 0.0000000000
57076  -0.816  -25.005  73.668 0.0000000000
57978  -0.727  -24.664  73.793 0.0000000000
57977  -0.336  -24.865  73.981 0.0000000000
58935  -0.053  -24.198  74.160 0.0000000000
57981  0.726  -24.188  74.221 0.0000000000
57980  0.987  -25.258  74.248 0.0000000000
56056  1.704  -26.308  73.948 0.0000000000
56062  2.072  -26.415  73.628 0.0000000000
54005  1.516  -27.490  73.737 0.0000000000
54004  2.020  -27.295  73.667 0.0000000000
55023  2.369  -27.130  73.378 0.0000000000
54010  2.886  -27.991  72.405 0.0000000000
54018  3.274  -28.570  71.769 0.0000000000
121977  3.597  -29.107  71.255 0.0000000000
139471  -33.474  -13.781  51.061 0.0000000000
66038  -26.998  -17.137  57.374 0.0000000000
65099  -26.722  -17.614  56.755 0.0000000000
66044  -26.549  -17.349  56.636 0.0000000000
67061  -30.308  -14.883  49.672 0.0000000000
67053  -30.639  -14.613  50.523 0.0000000000
67054  -31.167  -14.708  49.985 0.0000000000
67062  -31.562  -14.742  49.387 0.0000000000
65041  -16.539  -16.979  66.947 0.0000000000
144865  -15.954  -17.295  66.484 0.0000000000
64022  -15.259  -17.556  66.368 0.0000000000
63050  -14.830  -18.550  64.653 0.0000000000
63067  -14.499  -18.687  64.028 0.0000000000
65954  -21.700  -16.617  68.830 0.0000000000
65030  -21.473  -17.738  67.621 0.0000000000
132559  -20.984  -17.313  68.134 0.0000000000
63062  -21.268  -18.838  64.484 0.0000000000
63061  -19.776  -18.505  63.831 0.0000000000
65054  -19.227  -17.525  65.730 0.0000000000
130084  -18.906  -17.306  66.274 0.0000000000
65053  -18.382  -17.409  65.741 0.0000000000
64032  -17.605  -17.481  65.069 0.0000000000
63059  -15.959  -18.344  64.249 0.0000000000
122944  -14.114  -18.772  63.022 0.0000000000
125975  -13.407  -19.238  61.557 0.0000000000
61010  -12.928  -19.719  59.410 0.0000000000
80103  -43.986  -1.070  32.485 0.0000000000
80114  -44.021  -1.109  31.573 0.0000000000
81052  -45.409  -0.310  31.156 0.0000000000
68875  -0.599  -14.257  64.173 0.0000000000
65991  1.356  -16.265  63.514 0.0000000000
67903  0.427  -14.746  65.659 0.0000000000
67915  0.400  -14.920  64.894 0.0000000000
66896  0.737  -15.423  64.558 0.0000000000
66903  1.340  -15.901  63.820 0.0000000000
65061  1.374  -17.102  63.447 0.0000000000
64046  1.403  -18.038  63.539 0.0000000000
137256  1.528  -17.701  64.552 0.0000000000
62030  0.575  -19.901  63.784 0.0000000000
60962  0.116  -20.588  63.987 0.0000000000
64018  1.765  -18.210  65.930 0.0000000000
62008  1.330  -19.229  65.475 0.0000000000
62009  1.079  -19.861  65.893 0.0000000000
62021  0.937  -19.682  65.113 0.0000000000
123495  -0.387  -21.286  64.244 0.0000000000
58985  -1.327  -24.057  64.370 0.0000000000
128421  -1.092  -23.619  65.080 0.0000000000
139875  -0.765  -24.746  64.044 0.0000000000
129075  -0.073  -25.930  63.553 0.0000000000
70076  -46.656  -11.885  38.365 0.0000000000
70068  -46.970  -12.260  39.008 0.0000000000
71051  -42.522  -11.341  43.811 0.0000000000
66160  -39.056  -16.163  38.335 0.0000000000
67158  -40.730  -15.398  38.843 0.0000000000
67173  -39.823  -16.034  37.813 0.0000000000
67193  -40.327  -15.587  37.575 0.0000000000
128836  -40.670  -14.817  37.523 0.0000000000
68176  -40.311  -14.105  37.139 0.0000000000
68177  -41.017  -13.745  37.377 0.0000000000
69124  -41.814  -13.397  37.564 0.0000000000
132264  -42.650  -13.161  37.706 0.0000000000
68165  -42.945  -13.766  38.260 0.0000000000
69125  -43.616  -12.875  37.830 0.0000000000
142469  -44.430  -12.586  37.888 0.0000000000
61976  -2.720  -21.161  70.965 0.0000000000
61972  -2.776  -21.665  71.482 0.0000000000
60909  -2.839  -22.450  71.949 0.0000000000
59922  -3.028  -22.878  71.921 0.0000000000
63011  -5.207  -19.937  69.255 0.0000000000
61978  -4.533  -21.204  70.294 0.0000000000
60918  -4.554  -21.624  70.588 0.0000000000
133568  -3.988  -21.963  71.173 0.0000000000
58949  -3.171  -23.355  71.712 0.0000000000
57990  -2.791  -23.874  71.787 0.0000000000
57091  -2.280  -25.328  70.369 0.0000000000
56086  -1.977  -25.920  69.943 0.0000000000
56087  -2.441  -25.315  69.609 0.0000000000
55060  -1.901  -26.575  69.389 0.0000000000
55068  -1.855  -27.274  68.808 0.0000000000
52958  -1.711  -28.481  67.848 0.0000000000
62032  -12.668  -19.157  63.833 0.0000000000
62022  -12.537  -19.221  64.359 0.0000000000
60956  -11.599  -19.583  64.690 0.0000000000
60940  -10.601  -19.887  65.907 0.0000000000
59996  -7.699  -22.453  61.815 0.0000000000
137863  -8.066  -21.832  62.484 0.0000000000
59973  -8.958  -21.225  63.646 0.0000000000
59961  -9.459  -20.916  64.242 0.0000000000
60939  -9.941  -20.462  65.512 0.0000000000
60936  -10.336  -20.087  66.648 0.0000000000
60932  -10.331  -20.007  67.152 0.0000000000
60927  -9.615  -20.191  67.563 0.0000000000
60926  -8.527  -20.574  67.659 0.0000000000
59935  -7.140  -21.107  67.662 0.0000000000
58962  -6.503  -22.003  67.749 0.0000000000
58959  -6.405  -22.173  68.237 0.0000000000
129579  -5.876  -22.524  68.259 0.0000000000
58006  -5.108  -23.153  67.987 0.0000000000
57112  -4.986  -24.535  65.143 0.0000000000
128157  -4.545  -25.224  65.459 0.0000000000
57111  -4.678  -24.764  66.070 0.0000000000
57108  -4.250  -24.707  67.287 0.0000000000
57103  -3.703  -25.123  67.709 0.0000000000
56115  -3.446  -25.828  67.376 0.0000000000
55090  -2.783  -27.291  66.787 0.0000000000
70826  -3.388  -11.546  60.127 0.0000000000
68885  -2.771  -13.501  62.469 0.0000000000
135362  -3.463  -13.308  61.423 0.0000000000
66956  -3.187  -15.795  58.793 0.0000000000
66955  -1.981  -16.419  58.745 0.0000000000
66967  -1.505  -16.399  57.861 0.0000000000
66034  -0.750  -16.358  56.632 0.0000000000
66994  0.147  -16.047  55.428 0.0000000000
138689  1.094  -17.355  61.917 0.0000000000
65068  1.306  -17.415  61.311 0.0000000000
64059  1.624  -17.932  60.557 0.0000000000
146118  1.610  -17.509  60.283 0.0000000000
65071  1.507  -17.330  60.558 0.0000000000
66001  1.465  -16.919  60.030 0.0000000000
66005  1.531  -17.091  59.293 0.0000000000
62104  0.567  -20.047  58.096 0.0000000000
63112  1.364  -18.985  58.122 0.0000000000
63118  1.503  -18.354  58.217 0.0000000000
66012  1.382  -17.288  58.452 0.0000000000
66013  1.167  -16.969  58.470 0.0000000000
124331  1.061  -16.946  57.812 0.0000000000
66020  1.251  -16.836  57.067 0.0000000000
64086  1.878  -18.074  56.213 0.0000000000
66030  1.992  -16.940  56.060 0.0000000000
124768  0.871  -16.539  56.467 0.0000000000
66041  1.064  -16.427  55.592 0.0000000000
66993  0.671  -16.076  55.129 0.0000000000
67018  0.853  -15.966  54.391 0.0000000000
145315  0.360  -17.369  53.353 0.0000000000
64113  0.548  -18.813  53.838 0.0000000000
64126  0.162  -18.052  53.313 0.0000000000
65920  2.120  -16.638  70.644 0.0000000000
63977  -0.500  -18.564  70.943 0.0000000000
63975  0.092  -18.365  71.763 0.0000000000
62993  0.324  -19.244  72.209 0.0000000000
64987  0.759  -17.336  72.589 0.0000000000
64986  1.261  -17.346  72.688 0.0000000000
60903  1.471  -21.256  73.175 0.0000000000
61962  1.752  -20.520  72.882 0.0000000000
62987  1.761  -19.597  72.815 0.0000000000
140146  1.791  -18.754  72.646 0.0000000000
63970  1.509  -18.100  72.552 0.0000000000
65910  1.986  -16.847  72.352 0.0000000000
65912  2.118  -16.512  72.148 0.0000000000
140137  2.468  -17.943  71.552 0.0000000000
135289  2.274  -17.120  71.853 0.0000000000
134304  2.298  -16.833  71.224 0.0000000000
63982  2.437  -18.432  69.790 0.0000000000
59931  1.880  -22.705  70.568 0.0000000000
58957  1.264  -23.399  69.461 0.0000000000
59942  0.341  -22.631  67.748 0.0000000000
58964  -0.069  -23.367  67.155 0.0000000000
58025  0.591  -25.643  65.456 0.0000000000
57132  0.956  -26.904  63.797 0.0000000000
51769  3.882  -30.413  71.421 0.0000000000
52918  4.053  -29.936  71.210 0.0000000000
142425  4.505  -32.716  70.288 0.0000000000
50763  4.254  -31.923  70.618 0.0000000000
51788  4.328  -30.525  70.880 0.0000000000
52926  4.162  -29.580  70.726 0.0000000000
52940  4.291  -29.290  69.938 0.0000000000
122439  4.429  -29.103  68.897 0.0000000000
51812  4.757  -30.598  68.456 0.0000000000
52956  4.753  -29.681  68.273 0.0000000000
54063  4.205  -28.599  68.471 0.0000000000
129976  4.408  -28.613  67.691 0.0000000000
141034  4.391  -28.653  67.178 0.0000000000
55088  3.774  -28.459  66.924 0.0000000000
50844  4.561  -31.607  66.137 0.0000000000
126019  4.773  -30.005  66.087 0.0000000000
135645  4.391  -28.968  66.553 0.0000000000
55103  3.511  -28.671  66.176 0.0000000000
141870  3.254  -28.760  65.442 0.0000000000
54094  2.928  -28.620  64.960 0.0000000000
56133  2.531  -28.245  65.050 0.0000000000
54119  2.888  -29.071  64.259 0.0000000000
140411  2.295  -28.166  64.559 0.0000000000
55130  2.259  -28.274  64.102 0.0000000000
56150  1.684  -27.863  63.616 0.0000000000
55139  1.412  -27.964  62.883 0.0000000000
51773  1.669  -29.564  72.369 0.0000000000
52901  2.336  -28.702  72.999 0.0000000000
52966  4.923  -29.451  67.365 0.0000000000
52990  4.462  -29.512  65.951 0.0000000000
53028  2.162  -29.705  62.632 0.0000000000
54013  0.864  -28.158  73.220 0.0000000000
54135  2.520  -29.063  63.684 0.0000000000
55024  1.475  -26.974  74.062 0.0000000000
55025  0.938  -27.131  74.065 0.0000000000
55028  2.731  -27.305  72.719 0.0000000000
55041  -1.153  -27.183  71.480 0.0000000000
55051  -1.811  -26.509  70.160 0.0000000000
55129  2.616  -28.538  64.554 0.0000000000
56057  1.367  -26.563  74.141 0.0000000000
56060  -0.391  -25.581  73.682 0.0000000000
56064  0.071  -26.182  73.832 0.0000000000
56065  -0.396  -25.955  73.554 0.0000000000
56069  -1.439  -25.755  72.775 0.0000000000
56124  2.601  -27.668  66.413 0.0000000000
57074  0.497  -25.895  74.183 0.0000000000
57077  -1.080  -24.511  73.677 0.0000000000
57078  2.272  -26.127  73.287 0.0000000000
57080  1.582  -25.632  73.982 0.0000000000
57081  -1.434  -24.622  73.453 0.0000000000
57086  -2.077  -24.780  72.503 0.0000000000
57976  0.290  -25.134  74.189 0.0000000000
57986  -2.377  -23.817  72.946 0.0000000000
57987  -2.594  -23.666  72.416 0.0000000000
57991  -3.231  -23.756  71.389 0.0000000000
57998  -4.829  -23.179  69.735 0.0000000000
58936  -0.633  -24.187  73.949 0.0000000000
58941  -1.132  -24.103  73.759 0.0000000000
58945  2.009  -23.178  72.751 0.0000000000
58979  -24.212  -21.440  63.312 0.0000000000
58993  -24.230  -21.588  62.591 0.0000000000
59913  -1.446  -23.217  73.559 0.0000000000
59914  -2.127  -23.112  73.327 0.0000000000
59923  -3.652  -22.875  71.461 0.0000000000
59957  -24.380  -20.918  64.394 0.0000000000
59965  -24.927  -21.095  63.706 0.0000000000
59975  -22.212  -21.648  62.234 0.0000000000
59976  -22.981  -21.646  62.689 0.0000000000
60898  1.242  -21.879  73.351 0.0000000000
60900  -0.236  -22.329  73.555 0.0000000000
60947  -24.015  -20.531  64.972 0.0000000000
61006  -1.479  -21.441  60.261 0.0000000000
61012  -18.286  -20.638  59.501 0.0000000000
61013  -19.347  -20.963  59.582 0.0000000000
61966  2.348  -20.604  72.155 0.0000000000
62004  -24.068  -19.392  66.002 0.0000000000
62054  -19.420  -19.585  61.502 0.0000000000
62081  -12.175  -19.395  60.140 0.0000000000
63041  -23.292  -18.714  66.627 0.0000000000
63138  0.554  -19.985  54.753 0.0000000000
64036  -21.630  -18.438  65.783 0.0000000000
64044  -27.556  -17.255  64.561 0.0000000000
64102  1.838  -17.517  55.399 0.0000000000
65082  -28.281  -17.412  58.677 0.0000000000
65985  -29.534  -15.383  64.512 0.0000000000
66033  -0.087  -16.249  56.256 0.0000000000
66964  -27.429  -15.379  58.360 0.0000000000
66992  1.033  -16.201  54.933 0.0000000000
69100  -37.855  -13.831  40.344 0.0000000000
70027  -43.937  -11.676  43.062 0.0000000000
73860  -48.537  -8.084  35.958 0.0000000000
81046  -44.710  -0.461  31.866 0.0000000000
123779  2.605  -26.136  72.392 0.0000000000
125357  -25.460  -19.506  64.567 0.0000000000
127012  -9.746  -20.511  66.850 0.0000000000
127265  -2.295  -25.000  71.877 0.0000000000
128856  0.984  -26.729  64.389 0.0000000000
129148  3.361  -27.732  70.482 0.0000000000
129874  -43.932  -3.187  33.765 0.0000000000
130631  -2.693  -22.094  71.906 0.0000000000
130718  -2.175  -22.005  59.152 0.0000000000
131669  -12.292  -19.337  64.796 0.0000000000
132402  -22.005  -20.633  62.881 0.0000000000
134663  -23.756  -21.325  63.656 0.0000000000
135369  2.326  -22.834  72.036 0.0000000000
136601  1.291  -17.145  57.682 0.0000000000
137496  -21.374  -21.460  61.636 0.0000000000
137647  -40.944  -13.279  40.867 0.0000000000
138568  3.389  -27.758  70.124 0.0000000000
140968  4.961  -32.576  68.382 0.0000000000
142295  -24.535  -19.727  65.348 0.0000000000
145312  -21.787  -21.762  61.817 0.0000000000
146748  -0.070  -25.726  73.863 0.0000000000
