#!ascii label  , from subject sub-v2s18x29520_ses-1 vox2ras=TkReg
996
89877  47.738  11.813  25.814 0.0000000000
87712  56.144  8.371  18.508 0.0000000000
91443  51.136  13.942  5.225 0.0000000000
84904  53.839  4.485  10.069 0.0000000000
86969  47.724  7.272  21.635 0.0000000000
128553  50.479  14.231  12.540 0.0000000000
124356  54.130  7.645  11.848 0.0000000000
90705  45.454  12.666  11.728 0.0000000000
92082  56.759  14.605  19.556 0.0000000000
89155  52.672  10.991  21.995 0.0000000000
85588  51.623  5.475  18.245 0.0000000000
93554  45.895  16.853  5.967 0.0000000000
89251  47.127  9.965  6.829 0.0000000000
89954  51.378  11.401  13.463 0.0000000000
87798  49.108  8.037  7.569 0.0000000000
92912  43.343  15.482  10.479 0.0000000000
136551  54.503  13.780  25.097 0.0000000000
90605  50.012  12.367  23.940 0.0000000000
86302  49.862  6.110  19.647 0.0000000000
92936  48.274  15.028  6.753 0.0000000000
129650  47.413  18.386  5.954 0.0000000000
92966  48.224  16.083  3.773 0.0000000000
140427  47.157  13.299  6.772 0.0000000000
90745  48.276  11.195  3.929 0.0000000000
89910  56.294  11.362  19.978 0.0000000000
90664  55.255  13.763  15.852 0.0000000000
89185  52.545  10.320  17.311 0.0000000000
139522  54.510  7.420  8.689 0.0000000000
125045  51.304  7.433  9.597 0.0000000000
85672  52.602  6.421  7.747 0.0000000000
143664  49.397  5.630  7.071 0.0000000000
84907  51.341  4.392  10.415 0.0000000000
83272  50.803  2.743  13.647 0.0000000000
88402  45.209  9.824  25.228 0.0000000000
88413  47.271  9.750  23.217 0.0000000000
92195  51.800  14.569  9.530 0.0000000000
85597  55.695  6.420  16.702 0.0000000000
87008  54.144  8.111  16.156 0.0000000000
86353  56.297  7.385  13.301 0.0000000000
86366  57.091  6.913  11.245 0.0000000000
91319  53.418  13.882  20.376 0.0000000000
92832  55.865  16.128  23.812 0.0000000000
90608  56.575  12.625  22.560 0.0000000000
88435  55.771  8.922  20.957 0.0000000000
87693  49.642  8.774  21.344 0.0000000000
86974  52.437  7.932  20.103 0.0000000000
86313  54.202  6.375  18.398 0.0000000000
84853  53.592  4.488  16.645 0.0000000000
88405  42.392  9.326  25.530 0.0000000000
95314  46.801  19.562  7.335 0.0000000000
94699  44.803  17.886  9.415 0.0000000000
92212  45.372  14.564  8.722 0.0000000000
89982  46.748  11.272  9.215 0.0000000000
87090  45.513  7.817  9.472 0.0000000000
92118  53.664  14.579  15.674 0.0000000000
91401  53.506  14.084  12.202 0.0000000000
121914  51.698  12.847  9.429 0.0000000000
87757  50.816  8.689  13.529 0.0000000000
88494  49.080  9.646  10.660 0.0000000000
89990  48.755  10.909  6.984 0.0000000000
87121  48.009  8.209  4.639 0.0000000000
86386  47.357  6.127  8.177 0.0000000000
93529  42.608  16.074  11.397 0.0000000000
93528  43.052  16.424  10.947 0.0000000000
130612  50.640  13.030  26.061 0.0000000000
89883  48.813  11.964  24.940 0.0000000000
92230  50.591  14.499  5.564 0.0000000000
92952  48.838  15.645  4.468 0.0000000000
92244  49.946  14.653  4.278 0.0000000000
91459  48.489  14.120  3.638 0.0000000000
90743  49.551  12.877  3.961 0.0000000000
88442  55.975  9.566  19.528 0.0000000000
89915  54.406  11.327  18.756 0.0000000000
88446  54.084  9.733  18.446 0.0000000000
85658  54.211  6.339  8.594 0.0000000000
86385  53.224  6.999  7.752 0.0000000000
85660  52.666  5.738  8.382 0.0000000000
144525  51.971  5.358  8.760 0.0000000000
84906  52.101  4.393  10.207 0.0000000000
143764  52.091  3.253  11.770 0.0000000000
83284  53.252  3.204  11.095 0.0000000000
87679  45.312  8.656  24.353 0.0000000000
122640  49.478  14.315  9.838 0.0000000000
92186  50.588  14.434  10.896 0.0000000000
85619  54.840  5.421  15.256 0.0000000000
86340  55.646  7.518  15.307 0.0000000000
85626  55.696  6.345  13.923 0.0000000000
85637  57.561  6.416  11.847 0.0000000000
84903  57.351  4.830  10.097 0.0000000000
131943  56.260  5.438  9.460 0.0000000000
130372  53.145  12.573  23.314 0.0000000000
90602  55.190  13.058  23.365 0.0000000000
90610  54.493  12.244  22.701 0.0000000000
122727  56.492  10.841  21.681 0.0000000000
88426  54.246  9.927  21.422 0.0000000000
87688  47.506  8.547  22.373 0.0000000000
88418  48.442  9.735  22.300 0.0000000000
87694  48.750  8.417  21.572 0.0000000000
85575  50.346  5.614  19.082 0.0000000000
86984  51.032  7.090  19.802 0.0000000000
86300  51.516  6.597  19.241 0.0000000000
86982  53.061  7.425  19.560 0.0000000000
86314  52.979  6.325  18.495 0.0000000000
85599  53.798  5.238  17.289 0.0000000000
85600  52.764  5.215  17.568 0.0000000000
83254  53.682  2.334  15.844 0.0000000000
94148  46.768  18.223  5.586 0.0000000000
95321  47.311  19.219  6.700 0.0000000000
94713  45.865  18.504  7.212 0.0000000000
94705  45.543  18.473  8.082 0.0000000000
94142  45.127  17.292  7.329 0.0000000000
93539  44.327  16.606  8.599 0.0000000000
92939  44.883  16.228  7.657 0.0000000000
89991  47.386  11.684  6.847 0.0000000000
90721  46.951  12.913  8.173 0.0000000000
89245  46.826  10.312  7.954 0.0000000000
88503  45.340  9.107  9.222 0.0000000000
87794  45.715  8.687  8.588 0.0000000000
92091  55.621  14.911  19.327 0.0000000000
91339  54.009  14.398  18.164 0.0000000000
135627  55.172  15.130  17.731 0.0000000000
90675  53.684  13.078  14.768 0.0000000000
91384  54.464  13.968  14.132 0.0000000000
126729  52.714  13.045  12.522 0.0000000000
90702  52.920  13.653  10.815 0.0000000000
90704  51.257  12.326  11.112 0.0000000000
87039  54.363  7.953  14.023 0.0000000000
87747  52.363  8.230  14.900 0.0000000000
87040  52.365  7.652  13.467 0.0000000000
138830  50.154  7.568  8.577 0.0000000000
87064  49.785  7.997  10.698 0.0000000000
87785  48.832  8.704  9.221 0.0000000000
89238  48.652  10.204  8.985 0.0000000000
88512  48.549  9.244  7.203 0.0000000000
88517  48.359  8.664  4.904 0.0000000000
87803  48.534  7.865  5.459 0.0000000000
143607  49.237  5.097  9.669 0.0000000000
85684  47.917  5.693  7.673 0.0000000000
85664  47.995  5.640  9.663 0.0000000000
131451  47.454  6.093  10.381 0.0000000000
91386  50.500  13.801  14.045 0.0000000000
92165  43.709  14.435  12.045 0.0000000000
92178  44.143  14.273  11.471 0.0000000000
92037  54.675  14.893  26.621 0.0000000000
124245  52.955  13.654  26.295 0.0000000000
90597  51.978  13.065  24.285 0.0000000000
89897  51.451  11.712  22.695 0.0000000000
86289  48.686  6.316  20.544 0.0000000000
93546  47.460  16.682  6.693 0.0000000000
93559  47.523  17.067  4.878 0.0000000000
131916  46.557  16.376  4.852 0.0000000000
92233  45.913  15.639  6.420 0.0000000000
92241  47.279  14.778  4.750 0.0000000000
126127  47.821  12.962  5.072 0.0000000000
89255  47.506  10.125  5.281 0.0000000000
90624  56.864  13.241  19.788 0.0000000000
91338  56.493  14.290  17.698 0.0000000000
90638  55.148  12.676  18.184 0.0000000000
89932  53.059  11.853  16.721 0.0000000000
89939  52.174  11.440  15.505 0.0000000000
87072  54.707  8.042  9.724 0.0000000000
128513  52.510  7.449  10.672 0.0000000000
87085  53.212  7.672  8.834 0.0000000000
87095  52.075  7.351  7.825 0.0000000000
87104  50.786  7.036  6.999 0.0000000000
86402  49.549  6.645  6.189 0.0000000000
121908  51.076  5.888  7.279 0.0000000000
85662  50.537  5.122  9.044 0.0000000000
84908  50.093  4.560  10.649 0.0000000000
82413  51.771  1.882  13.286 0.0000000000
142257  46.338  10.801  25.262 0.0000000000
89148  47.117  10.669  24.260 0.0000000000
88409  46.219  9.740  24.254 0.0000000000
87683  46.356  8.603  23.284 0.0000000000
86964  46.585  7.415  22.527 0.0000000000
92211  48.162  14.705  8.835 0.0000000000
92209  50.185  14.453  8.019 0.0000000000
92219  51.717  14.281  7.023 0.0000000000
86998  56.437  7.267  17.818 0.0000000000
132661  54.740  8.495  17.520 0.0000000000
125552  55.774  7.920  16.237 0.0000000000
87026  55.445  8.008  14.782 0.0000000000
123829  55.800  8.282  12.901 0.0000000000
85630  56.902  6.574  12.778 0.0000000000
86352  56.811  7.460  12.479 0.0000000000
87059  56.027  8.232  10.996 0.0000000000
86376  56.179  7.280  9.567 0.0000000000
85657  55.626  6.307  9.151 0.0000000000
84129  54.794  4.379  9.849 0.0000000000
83294  54.056  3.090  10.804 0.0000000000
137859  54.087  14.785  21.759 0.0000000000
92849  56.481  15.238  22.141 0.0000000000
91291  56.123  14.820  25.572 0.0000000000
129446  56.865  14.516  23.794 0.0000000000
91308  57.192  13.713  21.221 0.0000000000
90617  57.271  12.078  21.119 0.0000000000
88433  57.035  9.400  20.741 0.0000000000
87705  56.595  8.338  19.771 0.0000000000
89900  48.862  11.322  23.161 0.0000000000
140970  50.227  10.861  22.286 0.0000000000
89166  51.403  10.365  21.671 0.0000000000
86977  49.731  7.345  20.550 0.0000000000
87702  50.906  8.277  20.657 0.0000000000
136748  52.563  9.640  21.192 0.0000000000
143419  53.871  8.621  20.628 0.0000000000
86972  55.266  7.863  20.165 0.0000000000
86296  56.219  6.960  18.799 0.0000000000
86325  55.710  6.371  17.572 0.0000000000
85609  54.953  5.608  16.229 0.0000000000
84860  54.446  4.352  15.379 0.0000000000
84074  53.293  3.535  16.381 0.0000000000
84082  53.723  3.094  15.845 0.0000000000
89144  44.589  10.350  25.609 0.0000000000
146818  43.896  9.178  25.382 0.0000000000
135868  41.332  7.923  25.463 0.0000000000
95965  47.977  20.381  7.845 0.0000000000
95301  46.090  19.920  9.325 0.0000000000
94129  43.878  16.790  9.821 0.0000000000
92201  44.019  15.231  9.932 0.0000000000
92188  45.090  14.195  10.135 0.0000000000
91424  46.273  13.901  8.298 0.0000000000
91418  46.310  13.137  9.698 0.0000000000
89976  46.237  11.665  10.703 0.0000000000
92139  52.434  14.352  14.326 0.0000000000
92116  55.456  15.012  15.739 0.0000000000
92137  54.203  14.554  14.231 0.0000000000
92160  52.726  14.494  12.011 0.0000000000
92184  52.826  14.267  10.365 0.0000000000
92206  52.709  14.113  8.917 0.0000000000
90718  51.934  13.506  7.685 0.0000000000
87724  52.751  9.179  16.981 0.0000000000
88469  51.618  9.359  15.488 0.0000000000
89209  50.449  9.927  13.368 0.0000000000
124191  50.919  7.759  11.993 0.0000000000
88485  49.693  9.166  12.036 0.0000000000
89222  49.947  10.689  11.802 0.0000000000
89974  49.699  11.456  10.209 0.0000000000
130746  49.549  11.733  8.372 0.0000000000
90733  50.208  12.524  6.329 0.0000000000
131731  48.833  10.719  4.394 0.0000000000
89263  48.160  9.894  3.881 0.0000000000
88518  47.602  8.633  5.010 0.0000000000
136656  48.577  6.426  6.031 0.0000000000
86405  47.293  6.926  6.554 0.0000000000
87800  46.660  8.353  6.842 0.0000000000
87089  46.239  7.216  9.388 0.0000000000
83263  50.015  2.269  14.715 0.0000000000
94117  43.496  17.156  11.432 0.0000000000
94116  44.315  17.756  11.057 0.0000000000
90585  48.315  12.272  26.225 0.0000000000
90595  49.012  12.356  25.859 0.0000000000
89876  48.255  11.892  25.459 0.0000000000
92238  51.108  14.165  5.304 0.0000000000
92239  50.359  14.545  4.807 0.0000000000
91451  50.624  14.135  4.690 0.0000000000
91452  49.941  13.979  3.999 0.0000000000
91444  50.449  13.560  4.570 0.0000000000
88444  56.482  8.559  19.343 0.0000000000
88445  55.374  9.229  18.864 0.0000000000
88454  54.631  8.919  18.163 0.0000000000
84914  54.260  5.316  9.394 0.0000000000
85659  53.455  5.632  8.851 0.0000000000
84915  53.411  4.979  9.601 0.0000000000
84916  52.573  5.090  9.385 0.0000000000
84905  52.987  4.429  10.105 0.0000000000
84121  52.659  3.762  10.721 0.0000000000
84120  53.491  3.805  10.556 0.0000000000
91394  49.784  13.791  13.442 0.0000000000
92162  49.559  14.234  11.993 0.0000000000
145528  49.806  14.304  11.346 0.0000000000
92175  50.584  14.398  11.641 0.0000000000
84868  54.737  4.663  14.682 0.0000000000
85627  55.194  5.385  14.364 0.0000000000
84895  57.816  4.854  11.004 0.0000000000
84118  57.757  4.074  10.298 0.0000000000
84126  57.160  4.089  9.623 0.0000000000
141024  45.314  11.287  11.821 0.0000000000
130156  53.036  11.990  22.706 0.0000000000
90611  53.629  12.312  22.887 0.0000000000
89905  53.252  11.382  22.254 0.0000000000
89904  54.364  11.325  22.123 0.0000000000
89165  53.549  10.630  21.728 0.0000000000
86963  47.276  7.738  22.187 0.0000000000
87695  47.970  8.094  21.824 0.0000000000
86316  51.121  5.928  18.781 0.0000000000
86315  51.978  6.189  18.600 0.0000000000
85587  52.439  5.702  18.101 0.0000000000
85601  52.046  5.158  17.781 0.0000000000
93561  46.540  17.487  5.252 0.0000000000
94721  46.320  18.426  6.392 0.0000000000
135426  45.891  17.588  6.307 0.0000000000
94141  45.618  17.924  6.961 0.0000000000
93543  44.658  16.716  7.836 0.0000000000
93547  45.283  16.718  6.976 0.0000000000
89250  47.399  10.788  6.465 0.0000000000
89992  47.282  10.964  7.471 0.0000000000
140623  46.401  9.810  8.386 0.0000000000
133021  46.530  9.489  7.718 0.0000000000
92083  56.253  14.911  19.920 0.0000000000
92090  56.386  15.043  18.814 0.0000000000
89953  52.098  12.026  13.832 0.0000000000
90688  52.984  13.069  13.254 0.0000000000
90689  52.049  12.298  13.009 0.0000000000
90696  52.048  12.536  12.231 0.0000000000
89966  51.233  12.074  11.888 0.0000000000
123598  54.233  7.861  13.034 0.0000000000
141300  53.308  7.610  13.537 0.0000000000
87051  53.061  7.490  12.706 0.0000000000
87097  49.642  7.756  8.129 0.0000000000
87088  49.616  7.835  8.986 0.0000000000
87792  48.743  8.740  8.237 0.0000000000
87799  48.746  8.359  6.840 0.0000000000
87105  49.100  7.493  6.247 0.0000000000
124399  49.353  4.855  10.505 0.0000000000
85649  48.702  5.336  10.075 0.0000000000
84899  48.699  5.205  11.021 0.0000000000
85650  48.161  5.624  10.517 0.0000000000
92919  42.926  15.936  10.673 0.0000000000
92913  42.852  15.513  11.273 0.0000000000
92179  43.397  14.866  11.284 0.0000000000
92189  43.921  14.764  10.632 0.0000000000
91286  53.194  13.907  27.428 0.0000000000
123215  52.456  13.591  27.266 0.0000000000
90599  50.592  12.795  24.821 0.0000000000
132417  51.315  12.964  24.496 0.0000000000
121890  50.799  12.592  23.952 0.0000000000
89887  51.555  12.513  23.577 0.0000000000
89888  50.689  12.119  23.277 0.0000000000
92937  47.596  15.654  7.336 0.0000000000
92944  47.730  15.914  6.147 0.0000000000
93558  48.137  16.416  4.250 0.0000000000
92953  48.125  16.422  4.939 0.0000000000
93567  47.825  16.513  4.140 0.0000000000
93568  47.276  17.073  4.561 0.0000000000
92961  47.267  16.605  4.366 0.0000000000
92246  47.125  15.787  4.467 0.0000000000
92245  47.652  15.124  3.907 0.0000000000
90744  48.788  13.236  3.749 0.0000000000
145474  47.975  13.332  4.357 0.0000000000
128078  48.325  12.543  4.104 0.0000000000
90740  47.812  11.830  4.680 0.0000000000
90006  47.795  10.725  4.337 0.0000000000
89909  56.859  11.980  20.341 0.0000000000
90625  56.373  12.653  19.510 0.0000000000
89914  55.480  12.021  19.209 0.0000000000
89916  53.522  11.184  18.088 0.0000000000
89924  52.949  11.046  17.476 0.0000000000
89933  52.324  11.271  16.336 0.0000000000
87083  55.051  7.922  9.298 0.0000000000
122920  53.844  7.695  9.475 0.0000000000
87084  54.238  7.723  8.944 0.0000000000
86391  52.965  7.155  7.767 0.0000000000
86392  52.564  6.939  7.526 0.0000000000
131083  51.387  7.244  7.540 0.0000000000
86393  51.845  7.029  7.405 0.0000000000
86394  51.096  6.513  7.024 0.0000000000
85682  51.852  6.439  7.418 0.0000000000
84917  51.479  4.919  9.526 0.0000000000
85661  51.320  5.312  8.631 0.0000000000
84918  50.657  4.659  10.063 0.0000000000
84919  49.864  4.820  9.797 0.0000000000
84896  50.837  4.233  10.947 0.0000000000
83278  52.318  2.712  12.128 0.0000000000
83279  51.766  2.563  12.786 0.0000000000
89150  45.888  10.160  24.917 0.0000000000
89149  46.541  10.427  24.566 0.0000000000
88410  45.575  9.419  24.635 0.0000000000
87684  45.688  8.265  23.648 0.0000000000
86958  46.120  7.859  23.030 0.0000000000
86965  45.931  7.115  22.847 0.0000000000
127931  50.600  14.448  10.076 0.0000000000
92197  49.274  14.401  8.932 0.0000000000
92196  50.734  14.516  9.039 0.0000000000
144633  51.114  14.482  7.465 0.0000000000
92208  51.625  14.444  8.046 0.0000000000
86324  56.292  6.954  17.323 0.0000000000
87006  56.174  7.568  17.033 0.0000000000
86332  55.954  7.341  16.345 0.0000000000
86346  55.700  7.570  14.251 0.0000000000
130628  55.753  8.024  13.589 0.0000000000
127120  55.328  8.156  14.118 0.0000000000
84876  56.866  5.404  12.885 0.0000000000
85638  57.549  6.068  12.305 0.0000000000
136589  57.250  6.806  12.233 0.0000000000
86360  57.066  7.287  11.865 0.0000000000
87048  56.539  8.023  11.928 0.0000000000
87058  56.646  7.629  11.095 0.0000000000
87070  56.172  7.824  10.159 0.0000000000
86371  56.735  6.946  10.274 0.0000000000
141479  56.547  4.565  9.523 0.0000000000
130867  55.795  4.516  9.496 0.0000000000
84913  55.267  5.341  9.396 0.0000000000
84119  54.762  3.383  10.240 0.0000000000
92840  55.246  15.996  22.874 0.0000000000
92063  53.651  15.151  22.348 0.0000000000
92062  54.661  15.365  22.219 0.0000000000
92073  55.023  14.921  21.465 0.0000000000
92839  56.185  15.742  22.876 0.0000000000
91292  54.732  14.186  26.118 0.0000000000
92048  55.368  14.785  26.174 0.0000000000
91297  55.535  14.223  25.419 0.0000000000
90601  56.222  13.203  23.246 0.0000000000
91301  56.671  13.903  23.684 0.0000000000
139333  56.818  13.406  22.963 0.0000000000
147050  57.115  14.435  22.548 0.0000000000
90607  57.076  13.045  22.335 0.0000000000
90614  57.241  12.834  21.620 0.0000000000
90615  56.923  12.128  22.031 0.0000000000
88424  56.413  9.329  21.182 0.0000000000
126349  57.043  10.411  21.265 0.0000000000
88434  56.754  8.970  20.724 0.0000000000
87697  56.885  8.985  20.346 0.0000000000
87698  56.116  8.343  20.487 0.0000000000
89153  47.488  10.508  23.610 0.0000000000
89152  48.200  10.954  23.372 0.0000000000
89160  47.943  10.204  22.868 0.0000000000
88431  48.940  9.292  21.760 0.0000000000
88417  49.058  9.999  22.022 0.0000000000
88430  49.657  9.723  21.671 0.0000000000
89167  50.450  10.254  21.741 0.0000000000
88429  50.400  9.378  21.369 0.0000000000
86288  49.423  6.590  20.253 0.0000000000
86978  48.918  7.115  20.745 0.0000000000
86975  51.433  7.747  20.230 0.0000000000
87701  51.817  8.456  20.549 0.0000000000
88438  51.213  9.068  21.018 0.0000000000
88437  52.205  9.136  20.861 0.0000000000
131439  53.163  9.198  20.874 0.0000000000
87700  52.838  8.582  20.489 0.0000000000
86298  53.672  6.899  18.985 0.0000000000
86981  54.434  7.416  19.535 0.0000000000
86297  55.096  6.859  18.938 0.0000000000
86980  55.860  7.346  19.474 0.0000000000
86311  56.328  6.864  18.105 0.0000000000
86312  55.554  6.503  18.300 0.0000000000
85598  54.954  5.649  17.102 0.0000000000
85610  54.308  5.095  16.733 0.0000000000
84852  54.404  4.754  16.118 0.0000000000
84075  52.602  2.992  16.752 0.0000000000
83253  54.166  2.580  15.403 0.0000000000
89879  45.141  11.119  25.909 0.0000000000
122242  42.954  9.975  25.627 0.0000000000
140782  43.793  9.802  25.532 0.0000000000
88404  43.224  9.247  25.439 0.0000000000
87673  43.575  8.622  25.253 0.0000000000
87674  42.755  8.577  25.322 0.0000000000
95972  47.595  19.709  7.317 0.0000000000
95966  47.061  20.115  7.910 0.0000000000
95958  46.600  20.301  8.799 0.0000000000
95307  46.360  19.781  8.197 0.0000000000
94706  44.903  17.759  8.484 0.0000000000
94123  44.267  17.422  10.028 0.0000000000
94128  44.304  17.124  9.047 0.0000000000
92213  44.743  15.278  8.748 0.0000000000
92924  44.267  15.593  9.220 0.0000000000
92200  44.708  14.805  9.464 0.0000000000
92199  45.379  14.219  9.505 0.0000000000
92232  46.243  14.829  6.465 0.0000000000
92223  46.239  14.384  7.361 0.0000000000
91430  46.762  13.558  7.460 0.0000000000
90722  47.013  12.121  8.796 0.0000000000
128471  46.585  13.042  9.021 0.0000000000
90715  46.594  12.202  9.717 0.0000000000
90709  46.180  12.798  10.394 0.0000000000
89975  46.470  11.203  9.942 0.0000000000
89231  45.830  10.416  10.288 0.0000000000
87786  45.246  8.554  9.326 0.0000000000
91330  52.484  13.494  19.226 0.0000000000
91352  54.021  14.675  16.429 0.0000000000
91362  52.762  13.870  16.683 0.0000000000
91373  52.642  13.951  15.796 0.0000000000
91374  51.868  13.798  15.339 0.0000000000
92128  53.190  14.380  14.955 0.0000000000
91351  55.888  14.180  16.458 0.0000000000
91350  56.300  14.789  16.795 0.0000000000
91361  55.700  14.755  15.896 0.0000000000
91392  53.813  14.156  12.965 0.0000000000
91383  54.377  14.419  14.282 0.0000000000
121498  53.648  14.272  12.846 0.0000000000
92159  53.146  14.488  12.754 0.0000000000
141113  53.349  14.231  12.119 0.0000000000
92173  52.649  14.434  11.138 0.0000000000
123573  53.161  14.245  11.495 0.0000000000
90707  52.491  13.452  9.922 0.0000000000
91417  52.871  13.985  9.312 0.0000000000
131145  52.434  13.544  9.089 0.0000000000
91423  52.518  13.894  8.436 0.0000000000
90713  51.889  13.130  8.568 0.0000000000
87732  54.306  8.307  16.926 0.0000000000
87723  53.594  8.890  17.436 0.0000000000
87733  53.216  8.588  16.651 0.0000000000
87756  51.310  8.623  14.021 0.0000000000
87740  52.020  8.745  15.436 0.0000000000
87749  51.053  9.123  14.107 0.0000000000
89203  51.201  10.255  14.621 0.0000000000
88480  50.531  9.263  13.484 0.0000000000
87074  51.530  7.453  10.608 0.0000000000
87062  51.712  7.483  11.503 0.0000000000
87776  49.307  8.762  10.708 0.0000000000
87771  49.751  8.578  11.581 0.0000000000
88490  49.457  9.348  11.397 0.0000000000
89217  49.722  9.829  11.985 0.0000000000
89223  49.495  10.218  11.255 0.0000000000
89968  49.776  11.111  11.047 0.0000000000
89229  49.215  10.561  10.488 0.0000000000
89244  48.656  10.360  7.851 0.0000000000
89243  48.974  11.089  8.685 0.0000000000
89984  49.123  11.372  7.750 0.0000000000
90727  49.975  12.256  7.572 0.0000000000
89989  49.338  11.644  6.668 0.0000000000
89997  49.556  11.810  5.202 0.0000000000
89998  48.784  10.870  5.777 0.0000000000
87810  48.090  8.312  4.599 0.0000000000
88522  48.122  9.085  4.096 0.0000000000
87814  48.010  8.616  4.328 0.0000000000
127460  47.666  9.291  4.583 0.0000000000
87811  47.902  8.373  4.582 0.0000000000
85690  49.795  5.998  6.511 0.0000000000
86403  49.171  6.315  6.136 0.0000000000
85691  48.989  5.894  6.517 0.0000000000
86395  47.562  6.296  7.125 0.0000000000
86396  46.963  6.797  7.637 0.0000000000
87106  46.702  7.524  7.201 0.0000000000
136170  46.503  7.370  8.080 0.0000000000
86387  46.749  6.828  8.741 0.0000000000
86367  47.241  6.256  11.256 0.0000000000
86372  46.718  6.622  10.721 0.0000000000
84099  50.678  3.479  13.110 0.0000000000
146232  50.337  2.763  14.235 0.0000000000
93522  42.821  16.649  11.804 0.0000000000
122792  49.961  12.845  26.704 0.0000000000
123225  49.731  12.495  25.193 0.0000000000
89882  49.275  12.062  24.289 0.0000000000
92231  49.301  14.660  6.128 0.0000000000
92943  48.616  15.410  5.528 0.0000000000
92240  49.697  15.034  4.991 0.0000000000
92951  49.627  15.120  4.275 0.0000000000
92965  48.844  15.559  3.747 0.0000000000
91460  48.113  14.656  3.656 0.0000000000
92250  49.483  14.822  3.733 0.0000000000
144587  49.427  13.539  3.765 0.0000000000
129471  48.843  11.859  3.661 0.0000000000
89172  56.641  10.037  20.113 0.0000000000
89911  55.410  10.743  19.517 0.0000000000
89174  54.671  10.168  19.031 0.0000000000
89175  53.852  10.484  18.513 0.0000000000
89184  53.213  10.207  17.975 0.0000000000
86378  54.942  6.929  8.681 0.0000000000
85670  53.998  7.029  8.185 0.0000000000
85671  53.380  6.432  8.143 0.0000000000
85673  51.795  5.736  7.890 0.0000000000
142757  51.737  3.696  11.136 0.0000000000
84113  52.522  3.222  11.442 0.0000000000
82419  52.759  1.941  12.105 0.0000000000
88411  44.967  9.058  25.001 0.0000000000
87680  44.670  8.351  24.665 0.0000000000
92187  48.471  14.483  10.543 0.0000000000
142856  49.604  14.318  10.704 0.0000000000
92185  51.591  14.531  10.345 0.0000000000
85608  55.519  6.528  15.710 0.0000000000
85618  55.452  6.501  14.739 0.0000000000
85636  58.036  5.590  12.088 0.0000000000
85643  57.803  5.620  11.546 0.0000000000
86365  57.309  6.188  10.947 0.0000000000
85655  56.958  5.772  10.016 0.0000000000
93436  55.034  16.281  24.442 0.0000000000
91304  53.571  13.326  24.211 0.0000000000
91303  54.773  13.533  24.253 0.0000000000
90603  54.063  12.846  23.417 0.0000000000
90609  55.689  12.387  22.722 0.0000000000
89893  56.313  11.646  22.161 0.0000000000
89903  55.631  10.976  21.926 0.0000000000
89164  54.862  10.432  21.655 0.0000000000
88425  55.318  9.617  21.324 0.0000000000
88419  47.715  9.369  22.587 0.0000000000
87687  48.223  8.907  22.061 0.0000000000
86287  50.203  6.853  20.011 0.0000000000
86301  50.666  6.371  19.422 0.0000000000
86983  51.945  7.292  19.645 0.0000000000
86299  52.486  6.770  19.116 0.0000000000
85586  53.433  5.795  17.941 0.0000000000
84842  52.984  4.683  17.160 0.0000000000
82375  52.713  2.030  16.760 0.0000000000
82373  53.961  1.014  15.907 0.0000000000
94726  47.295  18.217  5.607 0.0000000000
94719  47.465  18.749  6.417 0.0000000000
94720  47.095  18.743  6.083 0.0000000000
94712  46.588  19.076  6.742 0.0000000000
95308  46.131  19.162  7.634 0.0000000000
94134  45.221  17.805  7.676 0.0000000000
94135  44.587  17.188  8.083 0.0000000000
92930  44.457  16.049  8.390 0.0000000000
92929  45.137  15.412  7.962 0.0000000000
90728  47.240  12.670  7.269 0.0000000000
89985  47.276  11.923  7.892 0.0000000000
89986  47.070  11.172  8.402 0.0000000000
125980  46.600  10.452  8.767 0.0000000000
89230  46.311  10.450  9.497 0.0000000000
88502  46.074  9.747  8.987 0.0000000000
88508  45.987  9.217  8.414 0.0000000000
92092  54.424  14.377  19.941 0.0000000000
91329  53.475  13.891  19.322 0.0000000000
92099  54.771  14.663  18.789 0.0000000000
92109  54.552  14.913  17.108 0.0000000000
90665  54.007  12.903  15.791 0.0000000000
90674  54.815  13.896  14.958 0.0000000000
90687  53.863  13.891  13.067 0.0000000000
91402  53.477  13.785  12.389 0.0000000000
91407  53.351  13.960  11.522 0.0000000000
90695  52.864  13.384  11.787 0.0000000000
131536  52.165  12.951  10.693 0.0000000000
90708  51.449  12.588  10.293 0.0000000000
87028  53.869  7.834  14.743 0.0000000000
87019  53.192  7.879  15.034 0.0000000000
87029  52.956  7.682  14.312 0.0000000000
87030  51.913  8.152  14.176 0.0000000000
87041  51.413  8.093  13.490 0.0000000000
87087  51.146  7.441  8.424 0.0000000000
87075  50.588  7.562  10.609 0.0000000000
131336  50.157  7.581  9.568 0.0000000000
87784  49.309  8.274  9.738 0.0000000000
87777  48.769  9.075  9.955 0.0000000000
88495  48.669  9.943  9.886 0.0000000000
88501  48.644  9.343  9.168 0.0000000000
88507  48.596  9.550  8.353 0.0000000000
89249  48.555  10.070  6.484 0.0000000000
125105  48.503  9.229  5.895 0.0000000000
87117  48.170  7.580  5.149 0.0000000000
127783  49.279  5.357  8.000 0.0000000000
85683  48.676  5.617  7.334 0.0000000000
85663  48.682  5.317  9.040 0.0000000000
85677  47.862  5.591  8.637 0.0000000000
86379  47.333  6.087  9.234 0.0000000000
85644  47.932  5.707  11.401 0.0000000000
143437  42.454  15.670  12.031 0.0000000000
91408  44.862  13.520  11.652 0.0000000000
91293  53.880  14.064  26.707 0.0000000000
91298  53.762  13.796  25.506 0.0000000000
141036  52.031  13.449  26.191 0.0000000000
90598  51.993  13.412  25.144 0.0000000000
91299  52.735  13.459  24.753 0.0000000000
90604  52.514  12.847  23.809 0.0000000000
90612  52.317  12.226  23.019 0.0000000000
89896  52.409  11.542  22.449 0.0000000000
86283  48.224  6.789  21.113 0.0000000000
86290  48.009  5.974  20.895 0.0000000000
85567  48.519  5.519  20.421 0.0000000000
85566  49.157  5.801  20.033 0.0000000000
85576  49.581  5.206  19.415 0.0000000000
85589  50.799  5.064  18.422 0.0000000000
84844  51.481  4.754  17.883 0.0000000000
144954  47.422  17.271  7.024 0.0000000000
94140  47.558  17.891  6.160 0.0000000000
93553  47.567  16.771  5.653 0.0000000000
94147  47.387  17.857  5.433 0.0000000000
94151  46.976  17.993  5.140 0.0000000000
92954  46.334  16.819  5.236 0.0000000000
129026  45.673  16.281  6.460 0.0000000000
92946  46.139  16.234  5.762 0.0000000000
92945  46.473  15.422  5.451 0.0000000000
91446  46.889  14.399  5.751 0.0000000000
91453  47.945  13.942  3.950 0.0000000000
91445  47.558  13.837  4.980 0.0000000000
91436  47.310  13.523  5.978 0.0000000000
90734  47.476  12.492  6.077 0.0000000000
89999  47.524  11.279  5.570 0.0000000000
91328  56.842  14.237  19.093 0.0000000000
92089  56.675  14.829  18.426 0.0000000000
90636  56.656  13.707  18.846 0.0000000000
90650  56.014  13.811  17.320 0.0000000000
90651  55.175  13.270  17.040 0.0000000000
89923  54.090  12.211  17.875 0.0000000000
90652  54.120  12.629  16.830 0.0000000000
90666  52.867  12.195  15.769 0.0000000000
90676  52.714  12.183  14.990 0.0000000000
89946  52.137  11.658  14.658 0.0000000000
129744  54.633  7.876  10.809 0.0000000000
87061  52.795  7.426  11.669 0.0000000000
87073  53.683  7.515  10.599 0.0000000000
133569  53.110  7.594  9.834 0.0000000000
122968  52.305  7.517  9.683 0.0000000000
87093  53.578  7.335  8.243 0.0000000000
87094  52.806  7.404  8.053 0.0000000000
87086  52.181  7.512  8.667 0.0000000000
87096  50.506  7.417  7.682 0.0000000000
135666  49.810  7.433  7.048 0.0000000000
87109  49.845  7.021  6.391 0.0000000000
86401  50.303  6.575  6.635 0.0000000000
139241  50.548  6.031  6.823 0.0000000000
133976  50.203  5.593  7.294 0.0000000000
85674  50.866  5.455  7.959 0.0000000000
85675  50.099  5.311  8.226 0.0000000000
85648  49.596  5.167  8.964 0.0000000000
84897  50.205  4.319  11.533 0.0000000000
84098  51.219  3.009  12.955 0.0000000000
84106  51.631  3.255  12.195 0.0000000000
83271  51.183  1.917  13.749 0.0000000000
89878  46.988  11.443  25.720 0.0000000000
125931  47.621  11.482  25.160 0.0000000000
89885  47.020  11.028  24.878 0.0000000000
89154  46.843  10.082  23.877 0.0000000000
88414  46.595  9.356  23.557 0.0000000000
88415  45.939  9.006  23.939 0.0000000000
88420  47.018  8.980  22.910 0.0000000000
87689  46.792  8.199  22.689 0.0000000000
86970  47.047  6.911  22.032 0.0000000000
92928  47.514  15.510  8.434 0.0000000000
92222  48.120  14.824  7.814 0.0000000000
92198  48.500  14.547  9.616 0.0000000000
92210  48.935  14.463  8.106 0.0000000000
92221  48.939  14.538  7.243 0.0000000000
92220  50.425  14.476  6.844 0.0000000000
92229  51.474  14.219  6.044 0.0000000000
87721  56.418  7.735  18.140 0.0000000000
87722  55.769  8.251  17.744 0.0000000000
145326  56.227  7.811  17.500 0.0000000000
87731  55.602  8.098  16.957 0.0000000000
87017  55.321  8.134  15.561 0.0000000000
87016  55.672  7.893  15.692 0.0000000000
87027  55.004  8.222  14.756 0.0000000000
87038  55.280  8.220  13.407 0.0000000000
87050  55.222  8.218  12.512 0.0000000000
140767  55.570  5.300  13.822 0.0000000000
85631  56.187  5.950  13.407 0.0000000000
87037  56.242  8.064  12.719 0.0000000000
87049  56.007  8.397  12.129 0.0000000000
87060  55.361  8.183  11.452 0.0000000000
87071  55.351  8.245  10.350 0.0000000000
138323  55.567  8.132  9.946 0.0000000000
86384  55.207  7.444  8.964 0.0000000000
85656  56.304  6.516  9.492 0.0000000000
86377  55.699  7.076  9.095 0.0000000000
127290  54.918  6.090  9.001 0.0000000000
143347  54.183  3.846  10.364 0.0000000000
83293  54.704  2.505  10.513 0.0000000000
92085  54.036  14.345  21.029 0.0000000000
92084  55.322  14.744  20.517 0.0000000000
92072  56.129  14.991  21.141 0.0000000000
123443  56.548  14.640  20.481 0.0000000000
92804  54.633  15.464  25.997 0.0000000000
92819  55.255  15.626  25.439 0.0000000000
92817  56.454  15.489  24.426 0.0000000000
91296  56.208  14.467  25.081 0.0000000000
92055  56.809  15.004  24.381 0.0000000000
92831  56.597  15.489  23.620 0.0000000000
92061  56.952  14.905  22.348 0.0000000000
140050  57.061  14.386  21.736 0.0000000000
124034  56.908  14.349  20.729 0.0000000000
91318  57.073  13.750  20.230 0.0000000000
90618  57.111  12.564  20.602 0.0000000000
89907  57.222  11.329  20.867 0.0000000000
89902  56.908  11.302  21.570 0.0000000000
89169  57.233  10.144  20.908 0.0000000000
89171  57.024  10.621  20.596 0.0000000000
88440  57.031  9.583  20.519 0.0000000000
88441  56.910  9.059  19.982 0.0000000000
87711  56.560  7.849  18.915 0.0000000000
124210  48.178  11.601  24.779 0.0000000000
89890  48.599  11.586  24.011 0.0000000000
89889  49.367  11.774  23.513 0.0000000000
89159  48.789  10.612  22.591 0.0000000000
89899  49.595  11.242  22.727 0.0000000000
128765  50.010  11.831  23.185 0.0000000000
89898  50.482  11.466  22.690 0.0000000000
89157  50.976  10.935  22.179 0.0000000000
89156  51.872  10.993  22.067 0.0000000000
86968  48.489  7.587  21.361 0.0000000000
86967  49.278  7.863  21.119 0.0000000000
86976  50.564  7.547  20.384 0.0000000000
87703  50.083  8.091  20.841 0.0000000000
87692  50.439  8.712  21.052 0.0000000000
128290  51.039  9.775  21.412 0.0000000000
88428  51.786  9.725  21.299 0.0000000000
128351  52.425  10.337  21.579 0.0000000000
88427  53.351  9.815  21.321 0.0000000000
88436  54.360  9.213  21.051 0.0000000000
87699  54.961  8.539  20.611 0.0000000000
86973  53.742  8.013  20.132 0.0000000000
145957  54.428  8.256  20.401 0.0000000000
86971  56.404  7.894  19.951 0.0000000000
86979  56.433  7.592  19.200 0.0000000000
86991  56.431  7.295  18.514 0.0000000000
86326  54.660  5.915  17.799 0.0000000000
84843  52.177  4.476  17.433 0.0000000000
84854  52.690  3.951  16.869 0.0000000000
83247  53.241  2.595  16.305 0.0000000000
84861  53.945  3.969  15.968 0.0000000000
84088  54.646  3.802  14.622 0.0000000000
125907  46.045  11.252  25.835 0.0000000000
89143  45.563  10.564  25.487 0.0000000000
88403  44.496  9.492  25.350 0.0000000000
87672  44.311  8.786  25.150 0.0000000000
87675  41.864  8.622  25.435 0.0000000000
86948  42.295  7.743  25.242 0.0000000000
95948  46.372  20.523  9.674 0.0000000000
123991  45.860  19.207  8.570 0.0000000000
95296  45.739  19.678  10.257 0.0000000000
94124  43.672  16.948  10.553 0.0000000000
145337  43.260  15.896  10.250 0.0000000000
137330  44.133  16.134  9.040 0.0000000000
92925  43.656  15.873  9.733 0.0000000000
125870  44.449  14.646  10.171 0.0000000000
91413  44.617  14.136  10.805 0.0000000000
126625  45.422  13.389  10.852 0.0000000000
92938  45.365  15.908  7.110 0.0000000000
128272  45.691  14.665  7.900 0.0000000000
91425  45.951  13.760  9.209 0.0000000000
91419  45.751  13.624  9.972 0.0000000000
89969  45.734  11.815  11.545 0.0000000000
136578  45.598  10.910  11.218 0.0000000000
88496  44.901  9.382  10.017 0.0000000000
91353  52.338  13.514  17.769 0.0000000000
91375  50.881  13.492  15.337 0.0000000000
123592  51.239  13.841  14.615 0.0000000000
91385  51.629  14.330  13.757 0.0000000000
92097  56.409  15.100  17.830 0.0000000000
92108  55.671  15.270  16.707 0.0000000000
92117  54.807  15.045  15.517 0.0000000000
125215  54.813  14.529  14.820 0.0000000000
122569  55.039  14.934  15.169 0.0000000000
92127  54.452  14.803  14.965 0.0000000000
92138  53.725  14.578  14.103 0.0000000000
92149  52.852  14.519  13.490 0.0000000000
121447  51.935  14.547  12.804 0.0000000000
92161  51.680  14.560  11.874 0.0000000000
143484  52.352  14.477  10.539 0.0000000000
136062  52.510  14.413  9.894 0.0000000000
92183  53.123  14.065  10.799 0.0000000000
92193  52.871  14.104  9.755 0.0000000000
92194  52.555  14.358  9.204 0.0000000000
91422  52.448  14.033  8.205 0.0000000000
91429  52.239  13.985  7.505 0.0000000000
90725  51.871  13.856  6.685 0.0000000000
88462  52.273  9.740  16.886 0.0000000000
88468  52.211  9.070  16.293 0.0000000000
88463  51.733  9.876  16.220 0.0000000000
89192  51.769  10.627  15.961 0.0000000000
89940  51.574  10.830  15.123 0.0000000000
89955  50.732  10.796  13.056 0.0000000000
87052  51.796  7.572  12.558 0.0000000000
87042  50.811  8.153  12.812 0.0000000000
87063  50.302  7.911  11.442 0.0000000000
87770  50.280  8.355  12.180 0.0000000000
87763  50.254  8.791  12.888 0.0000000000
88484  49.996  9.398  12.703 0.0000000000
89216  50.135  10.260  12.574 0.0000000000
89961  50.585  11.178  12.262 0.0000000000
89967  50.492  11.545  11.486 0.0000000000
89973  50.473  11.886  10.698 0.0000000000
89980  50.569  12.208  9.847 0.0000000000
89237  49.000  10.862  9.625 0.0000000000
89981  49.730  11.756  9.217 0.0000000000
90714  50.861  12.443  8.947 0.0000000000
90719  51.118  12.678  8.023 0.0000000000
90726  51.102  13.068  7.048 0.0000000000
90738  50.855  13.530  5.112 0.0000000000
90739  49.893  12.596  4.474 0.0000000000
137871  49.266  11.399  4.111 0.0000000000
90004  49.159  11.558  3.825 0.0000000000
124571  48.544  9.718  4.822 0.0000000000
89259  48.353  9.997  4.020 0.0000000000
90011  48.145  10.353  3.835 0.0000000000
89260  47.874  9.811  4.007 0.0000000000
88519  47.313  9.255  5.757 0.0000000000
87110  49.282  6.990  5.904 0.0000000000
86411  48.821  6.864  5.715 0.0000000000
86412  48.153  6.976  5.446 0.0000000000
85692  48.252  6.025  6.737 0.0000000000
86404  47.906  6.546  6.078 0.0000000000
87112  47.750  7.157  5.555 0.0000000000
87113  47.211  7.679  6.196 0.0000000000
137561  47.126  8.726  6.096 0.0000000000
88513  46.709  9.082  6.820 0.0000000000
87793  46.196  8.116  8.012 0.0000000000
87099  45.600  8.144  8.777 0.0000000000
86380  46.764  6.644  9.792 0.0000000000
87076  46.134  7.196  10.154 0.0000000000
138731  53.611  2.575  11.251 0.0000000000
83285  52.973  2.586  11.598 0.0000000000
84912  56.920  4.937  9.667 0.0000000000
85590  50.095  4.944  18.834 0.0000000000
85676  48.409  5.442  8.144 0.0000000000
87007  55.251  8.177  16.256 0.0000000000
87018  54.069  7.934  15.385 0.0000000000
87082  55.671  7.679  9.426 0.0000000000
87098  46.051  7.586  8.726 0.0000000000
87103  52.523  7.155  7.651 0.0000000000
87111  48.713  7.206  5.610 0.0000000000
87118  47.983  7.702  4.990 0.0000000000
87739  52.939  8.247  15.752 0.0000000000
87748  51.555  8.820  14.723 0.0000000000
87764  49.901  8.853  12.315 0.0000000000
87791  49.159  8.227  8.698 0.0000000000
87804  47.684  7.887  5.221 0.0000000000
87805  47.261  8.279  5.878 0.0000000000
88423  57.021  9.586  21.084 0.0000000000
88455  53.567  9.452  17.923 0.0000000000
88456  52.882  9.606  17.470 0.0000000000
88474  51.266  9.543  14.750 0.0000000000
88523  47.965  9.006  4.067 0.0000000000
89158  49.612  10.462  22.135 0.0000000000
89162  57.219  11.110  21.138 0.0000000000
89163  56.255  10.076  21.522 0.0000000000
89191  52.126  10.454  16.659 0.0000000000
89198  51.423  10.061  15.437 0.0000000000
89204  50.916  9.726  14.048 0.0000000000
89208  50.945  10.484  13.858 0.0000000000
89239  45.686  9.762  9.582 0.0000000000
89884  47.698  11.182  24.275 0.0000000000
89894  55.292  11.686  22.343 0.0000000000
89895  53.700  11.863  22.511 0.0000000000
89925  52.471  11.002  16.988 0.0000000000
89947  51.456  11.119  14.292 0.0000000000
89960  51.305  11.713  12.660 0.0000000000
90005  48.627  10.665  3.929 0.0000000000
90010  48.525  10.771  3.819 0.0000000000
90594  51.301  13.222  25.525 0.0000000000
90637  56.115  13.365  18.448 0.0000000000
90682  53.766  13.564  13.775 0.0000000000
90683  52.901  12.574  14.207 0.0000000000
90703  52.176  12.803  11.411 0.0000000000
90710  45.902  12.507  11.111 0.0000000000
90720  50.166  12.208  8.454 0.0000000000
90732  51.047  13.406  5.996 0.0000000000
91287  52.590  13.872  27.869 0.0000000000
91295  56.557  14.456  24.464 0.0000000000
91302  55.952  13.828  24.291 0.0000000000
91306  57.132  14.021  23.022 0.0000000000
91317  57.251  12.989  20.951 0.0000000000
91337  56.674  14.436  18.252 0.0000000000
91340  52.911  13.687  18.453 0.0000000000
91341  51.908  13.264  18.701 0.0000000000
91349  56.577  14.923  17.596 0.0000000000
91372  55.220  14.501  15.261 0.0000000000
91393  50.843  14.185  13.303 0.0000000000
91412  52.999  13.982  10.063 0.0000000000
91435  51.560  13.960  5.799 0.0000000000
91437  46.733  14.011  6.672 0.0000000000
91442  51.525  14.020  5.747 0.0000000000
91458  49.183  14.083  3.607 0.0000000000
92049  54.459  14.535  26.585 0.0000000000
92056  56.521  14.838  25.068 0.0000000000
92058  57.002  14.860  23.268 0.0000000000
92060  57.214  13.765  22.127 0.0000000000
92071  56.701  14.725  21.448 0.0000000000
92098  55.820  15.193  18.263 0.0000000000
92107  56.289  15.113  17.031 0.0000000000
92126  55.153  14.839  15.253 0.0000000000
92148  53.992  14.345  13.588 0.0000000000
92172  53.342  14.064  11.589 0.0000000000
92174  51.579  14.515  11.087 0.0000000000
92207  52.398  14.246  8.482 0.0000000000
92218  52.207  14.101  7.609 0.0000000000
92224  45.716  15.136  7.202 0.0000000000
92228  51.902  13.998  6.559 0.0000000000
92251  48.723  14.798  3.537 0.0000000000
92252  48.177  15.423  3.652 0.0000000000
92802  55.945  15.105  25.783 0.0000000000
92803  55.346  15.075  26.204 0.0000000000
92818  55.951  15.646  24.906 0.0000000000
92838  56.708  15.297  22.851 0.0000000000
92850  55.722  15.417  22.135 0.0000000000
92958  49.473  15.251  3.948 0.0000000000
92959  48.907  15.681  3.960 0.0000000000
92960  47.717  16.065  3.872 0.0000000000
93534  43.405  16.228  10.172 0.0000000000
93540  43.963  16.411  9.387 0.0000000000
93560  46.767  17.083  4.642 0.0000000000
93566  48.380  16.123  3.915 0.0000000000
94150  47.287  17.588  4.982 0.0000000000
121497  54.728  14.685  14.889 0.0000000000
122185  55.042  15.207  16.182 0.0000000000
122199  56.030  15.041  16.360 0.0000000000
122568  53.735  14.434  13.500 0.0000000000
122769  46.286  8.834  7.764 0.0000000000
123010  48.561  8.636  6.086 0.0000000000
123039  49.511  14.467  7.593 0.0000000000
125345  54.135  14.203  13.586 0.0000000000
127079  50.418  12.847  5.254 0.0000000000
127560  53.372  14.158  17.465 0.0000000000
128129  55.989  15.311  17.446 0.0000000000
129351  52.007  14.559  8.844 0.0000000000
130128  57.122  11.946  21.538 0.0000000000
130935  50.953  7.576  11.290 0.0000000000
132121  56.594  13.934  18.214 0.0000000000
133986  45.363  18.468  8.976 0.0000000000
134155  57.465  5.437  10.690 0.0000000000
135644  51.558  13.344  26.801 0.0000000000
136544  56.462  15.094  25.174 0.0000000000
141005  56.643  8.528  20.247 0.0000000000
142504  47.005  17.548  4.742 0.0000000000
143334  57.127  12.459  21.915 0.0000000000
143502  47.501  16.859  4.589 0.0000000000
144650  51.355  2.438  13.314 0.0000000000
147122  53.450  11.781  17.456 0.0000000000
147168  55.215  8.197  9.756 0.0000000000
