#!ascii label  , from subject sub-v2s18x29520_ses-1 vox2ras=TkReg
1189
65377  17.709  -16.045  74.088 0.0000000000
52082  10.323  -29.834  53.189 0.0000000000
130296  10.765  -26.089  68.901 0.0000000000
64353  13.763  -18.005  65.030 0.0000000000
142806  11.068  -14.216  57.069 0.0000000000
62234  15.381  -19.317  71.543 0.0000000000
65399  13.455  -16.731  70.699 0.0000000000
63271  20.468  -18.210  71.024 0.0000000000
59141  16.579  -22.650  70.329 0.0000000000
51894  12.707  -28.511  68.342 0.0000000000
70223  11.266  -11.469  66.413 0.0000000000
65443  13.875  -16.092  61.077 0.0000000000
72242  9.995  -9.739  62.753 0.0000000000
50815  9.472  -30.739  64.544 0.0000000000
55217  9.642  -26.332  61.486 0.0000000000
60177  11.783  -21.851  66.292 0.0000000000
67461  12.374  -14.287  68.772 0.0000000000
58303  12.897  -24.260  58.956 0.0000000000
59315  14.833  -22.465  54.157 0.0000000000
61468  11.029  -20.377  51.269 0.0000000000
69429  9.868  -12.741  54.830 0.0000000000
63263  16.881  -17.613  72.547 0.0000000000
65384  16.019  -15.925  72.875 0.0000000000
64307  19.908  -17.508  72.876 0.0000000000
61253  18.300  -20.157  70.262 0.0000000000
61240  17.442  -19.840  72.129 0.0000000000
60146  15.610  -21.561  71.133 0.0000000000
135345  11.059  -10.765  64.331 0.0000000000
53039  9.901  -28.914  66.721 0.0000000000
55167  10.241  -26.484  65.134 0.0000000000
58226  11.229  -24.397  67.637 0.0000000000
67420  12.973  -13.992  71.903 0.0000000000
66446  12.570  -15.277  69.893 0.0000000000
52985  11.092  -27.721  69.341 0.0000000000
49783  11.721  -30.704  67.638 0.0000000000
50757  10.400  -29.967  67.908 0.0000000000
49801  9.651  -31.705  66.500 0.0000000000
60218  12.515  -22.474  63.035 0.0000000000
57354  10.956  -25.384  60.488 0.0000000000
61335  13.447  -21.267  61.607 0.0000000000
65449  12.129  -14.817  58.763 0.0000000000
63372  14.795  -18.323  57.928 0.0000000000
64407  13.537  -17.254  55.659 0.0000000000
61452  12.546  -20.580  52.076 0.0000000000
63388  11.045  -17.248  54.676 0.0000000000
59144  12.302  -23.226  70.171 0.0000000000
136124  13.089  -20.552  70.218 0.0000000000
63273  14.327  -18.468  70.880 0.0000000000
66437  14.766  -15.137  72.925 0.0000000000
62249  21.247  -18.340  68.471 0.0000000000
60171  19.282  -20.066  65.924 0.0000000000
60159  18.868  -19.855  68.648 0.0000000000
58220  16.970  -22.495  68.688 0.0000000000
55116  14.272  -25.234  69.598 0.0000000000
57259  13.994  -23.796  71.404 0.0000000000
66461  12.833  -14.976  65.021 0.0000000000
65435  13.591  -16.840  63.338 0.0000000000
132526  11.768  -13.705  63.530 0.0000000000
68481  10.731  -12.094  62.523 0.0000000000
69386  10.963  -11.964  60.601 0.0000000000
65367  19.678  -15.447  74.028 0.0000000000
63310  23.858  -18.033  66.712 0.0000000000
64337  25.001  -17.196  68.876 0.0000000000
63269  22.012  -17.458  71.300 0.0000000000
64298  21.268  -16.249  73.459 0.0000000000
48018  9.898  -32.794  63.379 0.0000000000
49869  10.178  -31.081  61.424 0.0000000000
53086  9.544  -28.753  62.880 0.0000000000
58245  10.218  -24.470  63.706 0.0000000000
62276  13.081  -19.829  65.806 0.0000000000
62251  12.664  -19.854  68.686 0.0000000000
64338  12.463  -17.100  67.963 0.0000000000
65416  12.520  -15.532  67.210 0.0000000000
146406  11.932  -13.269  67.858 0.0000000000
52013  9.962  -29.469  59.611 0.0000000000
53144  11.420  -28.112  58.582 0.0000000000
55287  13.303  -26.975  56.154 0.0000000000
61358  14.614  -20.306  59.743 0.0000000000
59281  14.014  -22.807  56.635 0.0000000000
144276  12.681  -25.959  53.280 0.0000000000
57438  11.574  -25.346  51.884 0.0000000000
57469  10.314  -24.738  50.278 0.0000000000
74223  11.219  -7.885  60.728 0.0000000000
130971  9.962  -9.843  58.686 0.0000000000
73332  9.608  -8.852  56.545 0.0000000000
67589  10.285  -13.799  55.541 0.0000000000
64430  9.674  -17.265  53.410 0.0000000000
64302  17.573  -16.602  73.483 0.0000000000
65383  16.669  -16.114  73.250 0.0000000000
65370  17.161  -15.524  74.234 0.0000000000
63260  19.012  -16.989  73.286 0.0000000000
63266  18.779  -17.860  72.649 0.0000000000
63261  18.031  -17.383  73.136 0.0000000000
62228  16.942  -18.540  72.745 0.0000000000
50994  9.227  -31.244  52.573 0.0000000000
53184  10.178  -29.113  52.425 0.0000000000
123343  10.419  -27.150  67.663 0.0000000000
56275  10.703  -25.923  67.016 0.0000000000
128515  11.051  -25.302  68.597 0.0000000000
61286  20.656  -19.474  64.953 0.0000000000
54044  10.729  -27.261  69.061 0.0000000000
51896  10.524  -28.807  69.074 0.0000000000
53011  10.244  -28.350  68.500 0.0000000000
51919  10.218  -29.597  67.578 0.0000000000
139346  13.186  -20.663  63.933 0.0000000000
61326  12.927  -21.681  62.263 0.0000000000
62314  13.818  -19.961  62.985 0.0000000000
65457  11.813  -14.811  57.897 0.0000000000
64399  12.928  -16.281  56.796 0.0000000000
64400  12.166  -15.647  56.405 0.0000000000
63387  11.918  -17.477  54.735 0.0000000000
142556  10.985  -16.022  55.678 0.0000000000
61249  13.888  -21.288  71.140 0.0000000000
62239  13.716  -20.578  70.824 0.0000000000
131026  14.848  -18.938  71.222 0.0000000000
65385  15.137  -15.734  72.512 0.0000000000
67412  14.310  -14.010  73.632 0.0000000000
62240  21.089  -18.216  70.118 0.0000000000
61262  19.746  -19.273  68.291 0.0000000000
61251  19.583  -18.887  69.724 0.0000000000
60150  17.614  -20.959  70.265 0.0000000000
59150  17.394  -21.710  69.388 0.0000000000
58217  16.988  -22.586  69.528 0.0000000000
57267  15.507  -23.583  70.454 0.0000000000
61243  15.203  -21.083  71.323 0.0000000000
140073  14.799  -23.066  71.302 0.0000000000
126131  14.221  -22.605  71.366 0.0000000000
59139  13.391  -22.847  71.160 0.0000000000
68444  11.395  -12.749  66.174 0.0000000000
67500  12.232  -14.290  64.250 0.0000000000
68452  11.447  -12.633  65.168 0.0000000000
71235  10.356  -10.513  63.509 0.0000000000
69359  10.637  -11.749  63.226 0.0000000000
70258  9.830  -11.064  62.847 0.0000000000
69379  10.760  -12.016  61.626 0.0000000000
71261  9.644  -10.606  62.383 0.0000000000
63274  22.968  -17.419  70.231 0.0000000000
49829  9.545  -31.521  63.861 0.0000000000
49843  9.626  -30.992  62.877 0.0000000000
51960  9.272  -29.762  64.187 0.0000000000
128394  11.231  -24.027  66.139 0.0000000000
136587  10.010  -25.649  63.981 0.0000000000
60178  11.599  -22.587  65.743 0.0000000000
60187  11.586  -22.532  65.155 0.0000000000
61289  12.228  -21.155  65.905 0.0000000000
63278  13.394  -18.603  69.984 0.0000000000
144710  12.672  -20.421  69.190 0.0000000000
64321  13.025  -17.552  69.744 0.0000000000
133285  12.468  -14.768  69.342 0.0000000000
133287  12.579  -16.283  68.472 0.0000000000
65414  12.527  -15.430  68.070 0.0000000000
133286  12.544  -16.339  67.606 0.0000000000
66456  12.414  -14.759  67.666 0.0000000000
67478  12.102  -14.208  67.224 0.0000000000
68434  12.187  -13.583  68.296 0.0000000000
59165  18.361  -21.377  65.639 0.0000000000
124556  18.613  -21.283  64.739 0.0000000000
53010  13.156  -28.186  67.954 0.0000000000
50785  12.705  -29.969  66.531 0.0000000000
50753  12.401  -29.606  67.737 0.0000000000
48890  10.869  -31.826  67.362 0.0000000000
132739  11.708  -32.048  67.056 0.0000000000
143929  9.542  -31.688  65.776 0.0000000000
48919  9.560  -32.402  64.598 0.0000000000
53111  9.816  -28.926  61.364 0.0000000000
50874  10.025  -30.026  60.249 0.0000000000
54145  9.819  -27.582  60.885 0.0000000000
58290  12.505  -24.294  59.421 0.0000000000
124256  11.014  -26.945  59.533 0.0000000000
142394  11.875  -25.930  58.756 0.0000000000
54204  12.395  -28.391  57.227 0.0000000000
56434  13.345  -25.516  57.331 0.0000000000
65439  13.840  -16.292  61.927 0.0000000000
63349  14.752  -18.728  61.467 0.0000000000
63356  14.698  -17.837  60.817 0.0000000000
142735  14.996  -20.336  56.074 0.0000000000
60275  14.434  -21.045  57.308 0.0000000000
135727  14.639  -23.186  55.289 0.0000000000
57394  14.293  -24.647  55.506 0.0000000000
58340  14.244  -24.295  53.701 0.0000000000
57422  12.196  -25.491  52.539 0.0000000000
58350  13.155  -24.221  52.389 0.0000000000
60342  11.920  -20.759  51.708 0.0000000000
59365  11.869  -22.432  51.174 0.0000000000
59379  10.737  -22.400  50.425 0.0000000000
74239  11.291  -7.648  59.759 0.0000000000
73303  9.879  -8.611  59.583 0.0000000000
74241  9.839  -7.951  58.933 0.0000000000
72331  9.164  -9.954  54.688 0.0000000000
71305  9.404  -11.265  55.617 0.0000000000
70305  10.039  -11.945  55.996 0.0000000000
69422  10.100  -12.707  55.308 0.0000000000
66515  9.633  -15.198  54.961 0.0000000000
66530  9.288  -15.913  53.969 0.0000000000
62233  16.070  -18.705  71.768 0.0000000000
63268  15.635  -18.053  71.462 0.0000000000
64308  16.583  -16.746  72.596 0.0000000000
63265  20.500  -17.850  72.064 0.0000000000
62242  19.570  -18.671  70.399 0.0000000000
62235  19.499  -18.485  71.338 0.0000000000
62236  18.445  -19.236  71.595 0.0000000000
60151  17.038  -21.475  70.761 0.0000000000
138962  15.937  -22.673  70.754 0.0000000000
61241  16.728  -20.255  72.242 0.0000000000
129018  16.536  -19.576  72.430 0.0000000000
71223  11.395  -10.556  66.420 0.0000000000
71228  11.234  -10.816  65.038 0.0000000000
72222  11.237  -10.205  65.206 0.0000000000
73243  11.509  -9.261  64.643 0.0000000000
121401  11.595  -8.852  63.826 0.0000000000
122154  9.532  -29.421  65.888 0.0000000000
123131  9.241  -28.979  64.905 0.0000000000
54090  9.803  -27.571  65.644 0.0000000000
129746  10.822  -25.619  66.465 0.0000000000
132590  11.494  -22.603  67.523 0.0000000000
66441  13.462  -15.393  71.564 0.0000000000
65400  12.889  -16.031  70.236 0.0000000000
67432  12.845  -14.756  71.262 0.0000000000
67441  12.473  -14.627  70.049 0.0000000000
129577  12.392  -13.724  69.697 0.0000000000
68423  12.277  -12.927  68.660 0.0000000000
133058  12.143  -28.497  69.283 0.0000000000
50754  12.037  -29.753  68.177 0.0000000000
50745  11.267  -29.324  68.941 0.0000000000
50756  10.748  -30.246  68.015 0.0000000000
49792  10.369  -31.898  67.204 0.0000000000
48898  10.138  -32.561  66.732 0.0000000000
128897  9.900  -31.262  67.027 0.0000000000
50786  9.728  -30.802  66.634 0.0000000000
130469  9.921  -24.493  62.360 0.0000000000
56373  9.655  -25.212  61.412 0.0000000000
59214  11.207  -24.059  61.707 0.0000000000
59228  12.371  -23.292  60.708 0.0000000000
60252  13.033  -22.705  60.256 0.0000000000
66487  12.464  -14.790  60.319 0.0000000000
64387  14.111  -16.727  59.548 0.0000000000
64394  13.867  -16.747  58.555 0.0000000000
63380  14.387  -17.766  56.227 0.0000000000
62388  14.667  -19.662  54.580 0.0000000000
60325  14.098  -21.516  52.566 0.0000000000
62389  13.736  -19.311  54.000 0.0000000000
62390  11.924  -18.647  53.766 0.0000000000
131642  10.968  -19.024  53.135 0.0000000000
69436  8.676  -12.550  53.110 0.0000000000
134608  9.127  -14.829  52.895 0.0000000000
67637  8.754  -13.869  51.870 0.0000000000
58215  11.989  -24.089  69.862 0.0000000000
60158  12.023  -22.892  69.586 0.0000000000
60156  12.837  -22.016  70.324 0.0000000000
62244  13.536  -19.777  70.347 0.0000000000
142936  13.909  -17.469  70.839 0.0000000000
64314  15.179  -17.057  71.503 0.0000000000
65391  14.753  -16.341  71.719 0.0000000000
142512  13.964  -15.781  71.624 0.0000000000
67419  14.250  -14.571  72.915 0.0000000000
132150  21.324  -18.455  67.705 0.0000000000
61276  19.887  -19.366  66.417 0.0000000000
61267  19.829  -19.266  67.379 0.0000000000
61257  18.834  -19.730  69.378 0.0000000000
59153  17.539  -21.284  68.578 0.0000000000
58224  16.900  -22.463  67.740 0.0000000000
54061  13.836  -27.255  67.991 0.0000000000
54053  13.102  -27.254  68.923 0.0000000000
57262  15.325  -23.467  70.749 0.0000000000
56238  14.083  -24.834  70.752 0.0000000000
54032  12.730  -26.549  70.167 0.0000000000
55098  12.314  -25.602  71.022 0.0000000000
56235  11.494  -25.452  70.681 0.0000000000
130787  13.023  -15.893  65.453 0.0000000000
138046  13.714  -17.447  63.859 0.0000000000
65421  13.155  -15.877  64.533 0.0000000000
66470  12.764  -15.083  63.016 0.0000000000
139619  12.251  -14.483  62.552 0.0000000000
127247  11.065  -11.899  63.815 0.0000000000
127156  11.577  -13.238  62.958 0.0000000000
131976  11.877  -14.196  61.451 0.0000000000
67544  11.607  -13.778  60.770 0.0000000000
67552  11.385  -13.335  59.949 0.0000000000
128057  11.210  -13.220  58.927 0.0000000000
65368  18.808  -15.536  74.261 0.0000000000
62264  22.459  -18.405  66.651 0.0000000000
137420  26.927  -17.162  68.757 0.0000000000
64324  26.433  -16.909  69.384 0.0000000000
63285  25.412  -17.403  68.095 0.0000000000
63286  24.376  -17.486  68.186 0.0000000000
63298  23.717  -17.797  67.511 0.0000000000
139376  22.503  -18.246  67.287 0.0000000000
63282  21.705  -17.881  69.911 0.0000000000
136639  21.572  -17.806  70.698 0.0000000000
64313  21.818  -17.291  72.110 0.0000000000
63264  21.259  -17.431  72.354 0.0000000000
64306  20.813  -17.267  73.003 0.0000000000
64300  20.045  -16.618  73.541 0.0000000000
50856  9.866  -29.880  61.864 0.0000000000
54120  9.584  -27.439  62.203 0.0000000000
54100  9.806  -27.402  64.073 0.0000000000
56334  9.810  -25.761  63.460 0.0000000000
57332  9.489  -25.046  62.589 0.0000000000
134567  11.065  -23.932  63.271 0.0000000000
137756  12.718  -21.377  64.336 0.0000000000
63328  13.362  -19.790  65.037 0.0000000000
61260  11.749  -22.154  68.834 0.0000000000
61264  12.117  -21.421  68.264 0.0000000000
61269  12.205  -21.152  67.447 0.0000000000
65406  12.722  -16.381  69.458 0.0000000000
63289  12.683  -18.742  68.266 0.0000000000
62266  12.655  -19.633  66.942 0.0000000000
63311  12.922  -18.554  66.796 0.0000000000
64350  13.113  -17.546  66.522 0.0000000000
65419  13.164  -16.684  66.017 0.0000000000
125418  12.683  -15.655  66.284 0.0000000000
67479  11.689  -13.596  66.703 0.0000000000
69330  11.291  -12.100  66.933 0.0000000000
69325  12.037  -12.232  68.293 0.0000000000
70219  11.717  -11.573  67.845 0.0000000000
71220  11.594  -10.674  67.215 0.0000000000
138824  12.642  -31.706  65.729 0.0000000000
49790  12.071  -31.369  67.246 0.0000000000
55243  10.562  -26.644  59.984 0.0000000000
53145  10.217  -29.130  59.270 0.0000000000
127418  11.747  -29.225  54.581 0.0000000000
121569  14.465  -19.464  62.326 0.0000000000
61346  13.917  -20.849  61.007 0.0000000000
60262  13.417  -22.326  59.053 0.0000000000
62362  14.799  -18.942  58.692 0.0000000000
60276  13.887  -21.787  57.822 0.0000000000
58315  13.562  -23.980  57.610 0.0000000000
57382  13.782  -25.132  56.338 0.0000000000
55308  13.579  -26.501  54.982 0.0000000000
54226  11.873  -28.242  53.771 0.0000000000
54236  10.889  -27.411  52.484 0.0000000000
58362  12.623  -23.683  51.707 0.0000000000
57455  10.732  -25.213  51.215 0.0000000000
73249  11.884  -8.626  62.970 0.0000000000
74206  12.505  -8.147  61.500 0.0000000000
140134  10.615  -8.723  61.968 0.0000000000
72263  9.788  -9.680  61.293 0.0000000000
70285  10.478  -11.116  59.704 0.0000000000
68512  10.813  -12.744  57.560 0.0000000000
139308  9.867  -10.298  57.259 0.0000000000
70304  10.236  -11.823  56.685 0.0000000000
134089  10.682  -13.936  56.430 0.0000000000
65475  10.248  -15.328  55.460 0.0000000000
63394  10.069  -17.682  53.913 0.0000000000
62408  10.436  -19.007  52.184 0.0000000000
63417  10.219  -18.430  51.918 0.0000000000
65378  17.115  -16.005  73.695 0.0000000000
64301  18.249  -16.520  73.751 0.0000000000
50992  9.984  -30.481  53.281 0.0000000000
52083  9.756  -29.940  52.586 0.0000000000
53183  10.720  -28.999  53.057 0.0000000000
55139  10.587  -26.673  68.234 0.0000000000
56267  10.659  -25.955  67.978 0.0000000000
141738  10.814  -25.657  68.389 0.0000000000
62275  21.496  -18.886  65.484 0.0000000000
61275  20.750  -19.158  65.968 0.0000000000
123933  10.882  -25.800  69.648 0.0000000000
54054  10.429  -27.909  68.853 0.0000000000
55130  10.670  -26.775  68.867 0.0000000000
54062  10.416  -27.462  68.238 0.0000000000
62287  13.643  -19.382  64.253 0.0000000000
62299  13.590  -19.997  63.713 0.0000000000
62298  13.954  -19.109  63.615 0.0000000000
65458  11.401  -14.414  57.480 0.0000000000
65465  12.062  -15.132  57.129 0.0000000000
137809  11.585  -14.762  57.006 0.0000000000
64409  11.492  -16.035  55.700 0.0000000000
65466  11.048  -14.705  56.512 0.0000000000
62237  14.750  -20.037  71.227 0.0000000000
61248  14.239  -20.594  71.054 0.0000000000
63276  21.028  -18.104  70.727 0.0000000000
62247  20.399  -18.549  69.553 0.0000000000
62241  20.383  -18.391  70.240 0.0000000000
59140  17.110  -21.974  70.341 0.0000000000
59146  17.142  -22.295  70.054 0.0000000000
58213  16.592  -22.899  70.136 0.0000000000
58218  16.341  -23.288  69.724 0.0000000000
57271  15.661  -23.787  69.904 0.0000000000
58209  16.218  -23.059  70.418 0.0000000000
139490  15.116  -20.293  71.455 0.0000000000
137676  14.661  -21.882  71.201 0.0000000000
61244  14.531  -21.076  71.203 0.0000000000
60148  14.161  -22.015  71.245 0.0000000000
69334  11.176  -11.947  66.114 0.0000000000
69340  11.300  -12.073  65.486 0.0000000000
72232  10.142  -10.125  63.147 0.0000000000
71236  10.021  -10.594  63.251 0.0000000000
142087  9.869  -10.302  63.010 0.0000000000
129439  9.776  -11.006  62.362 0.0000000000
72243  9.691  -10.210  62.591 0.0000000000
50828  9.406  -30.453  63.488 0.0000000000
60173  11.568  -22.700  66.676 0.0000000000
59167  11.390  -23.356  65.895 0.0000000000
61278  12.204  -21.171  66.681 0.0000000000
64320  13.485  -17.570  70.377 0.0000000000
139113  12.470  -14.866  68.986 0.0000000000
66453  12.445  -14.756  68.442 0.0000000000
67469  12.258  -14.192  68.031 0.0000000000
51904  12.760  -28.913  67.599 0.0000000000
51905  12.474  -29.150  68.191 0.0000000000
48897  10.552  -32.322  67.070 0.0000000000
48896  11.106  -32.401  67.084 0.0000000000
49813  9.565  -31.634  65.008 0.0000000000
54131  9.657  -27.616  61.465 0.0000000000
142386  9.849  -28.398  60.950 0.0000000000
145589  9.654  -27.061  61.293 0.0000000000
127306  12.345  -24.719  59.187 0.0000000000
57361  11.922  -25.169  59.198 0.0000000000
57371  12.562  -24.785  58.886 0.0000000000
56416  12.616  -25.924  58.113 0.0000000000
128981  12.994  -25.099  58.360 0.0000000000
65440  13.320  -15.440  61.653 0.0000000000
64372  14.424  -17.276  61.598 0.0000000000
64380  14.386  -16.862  60.519 0.0000000000
60314  15.038  -21.570  54.480 0.0000000000
60303  15.019  -21.427  55.407 0.0000000000
59298  14.861  -22.399  55.141 0.0000000000
58327  14.710  -23.969  54.781 0.0000000000
58348  14.616  -23.366  53.875 0.0000000000
132114  13.600  -24.471  53.018 0.0000000000
58349  14.016  -23.607  52.850 0.0000000000
61467  11.467  -20.433  51.676 0.0000000000
60359  11.620  -21.234  51.171 0.0000000000
60360  11.009  -21.280  50.680 0.0000000000
74238  12.347  -7.491  59.413 0.0000000000
129501  11.830  -7.377  59.333 0.0000000000
125018  10.604  -7.762  59.291 0.0000000000
74256  10.479  -7.453  58.433 0.0000000000
70330  9.381  -11.618  54.393 0.0000000000
71319  9.163  -10.997  55.012 0.0000000000
131074  9.821  -12.118  55.084 0.0000000000
70312  9.910  -12.001  55.589 0.0000000000
68555  9.884  -13.471  54.957 0.0000000000
126200  9.419  -14.251  54.456 0.0000000000
63267  16.414  -17.779  71.999 0.0000000000
142975  19.609  -18.116  72.214 0.0000000000
62230  18.004  -18.852  72.609 0.0000000000
61246  17.787  -20.265  70.974 0.0000000000
61247  16.937  -20.852  71.533 0.0000000000
62231  17.163  -19.345  72.717 0.0000000000
62232  16.500  -18.676  72.247 0.0000000000
72219  11.410  -10.055  66.155 0.0000000000
73237  12.132  -8.904  65.611 0.0000000000
73242  12.323  -8.644  64.585 0.0000000000
72231  11.013  -9.655  63.835 0.0000000000
53055  9.604  -28.521  65.776 0.0000000000
122553  9.917  -28.062  66.593 0.0000000000
128502  10.839  -25.487  67.668 0.0000000000
57293  11.019  -25.095  67.064 0.0000000000
59164  11.301  -23.934  67.038 0.0000000000
59160  11.315  -23.681  67.753 0.0000000000
67431  13.576  -14.687  72.210 0.0000000000
66442  12.820  -15.404  70.721 0.0000000000
128329  12.600  -13.896  70.731 0.0000000000
68401  12.446  -13.021  70.291 0.0000000000
132464  12.393  -12.273  70.100 0.0000000000
52984  11.583  -28.192  69.448 0.0000000000
51887  11.660  -28.926  69.176 0.0000000000
50740  11.067  -28.944  69.251 0.0000000000
50747  10.455  -29.301  68.641 0.0000000000
139626  10.702  -31.264  67.465 0.0000000000
139664  10.352  -31.046  67.357 0.0000000000
144146  10.090  -29.297  67.205 0.0000000000
51935  9.960  -29.831  66.739 0.0000000000
130983  9.567  -30.226  66.070 0.0000000000
144993  11.064  -24.016  62.515 0.0000000000
58257  10.228  -24.431  61.906 0.0000000000
60229  11.649  -23.430  61.880 0.0000000000
60228  12.869  -21.887  61.645 0.0000000000
134553  12.516  -22.509  61.412 0.0000000000
60241  13.078  -21.900  61.119 0.0000000000
60251  13.221  -21.991  60.479 0.0000000000
65448  12.791  -15.155  59.498 0.0000000000
65455  13.427  -15.873  58.941 0.0000000000
129973  13.706  -17.019  56.556 0.0000000000
63385  14.136  -18.030  55.309 0.0000000000
62383  14.604  -19.037  55.191 0.0000000000
143818  14.235  -19.116  54.528 0.0000000000
62384  13.560  -18.598  54.571 0.0000000000
63392  11.370  -18.045  54.267 0.0000000000
131806  11.636  -19.111  53.206 0.0000000000
62391  11.090  -18.557  53.792 0.0000000000
143523  9.061  -11.388  53.366 0.0000000000
135498  8.430  -12.587  52.212 0.0000000000
68568  8.545  -13.208  52.724 0.0000000000
68575  8.441  -13.285  51.940 0.0000000000
60154  12.115  -22.978  69.811 0.0000000000
59147  12.684  -22.601  70.329 0.0000000000
62243  14.030  -19.449  70.622 0.0000000000
63277  13.859  -18.530  70.483 0.0000000000
141514  14.424  -17.241  71.190 0.0000000000
127480  15.982  -16.881  71.940 0.0000000000
64309  15.407  -16.327  72.098 0.0000000000
65386  14.484  -15.731  72.031 0.0000000000
66438  14.135  -15.226  72.232 0.0000000000
61261  20.577  -18.725  67.937 0.0000000000
61256  19.657  -19.153  69.064 0.0000000000
60164  19.000  -19.890  67.766 0.0000000000
61252  18.874  -19.497  69.968 0.0000000000
60160  18.012  -20.680  69.134 0.0000000000
126423  17.280  -22.024  68.909 0.0000000000
59154  17.211  -21.826  68.117 0.0000000000
58221  16.587  -23.029  68.324 0.0000000000
56273  15.652  -25.068  67.168 0.0000000000
55129  13.730  -25.953  69.019 0.0000000000
54052  13.529  -26.866  68.633 0.0000000000
55117  13.707  -25.666  69.783 0.0000000000
59135  15.527  -22.503  70.986 0.0000000000
58203  15.499  -22.950  70.993 0.0000000000
58205  14.593  -23.415  71.250 0.0000000000
57264  14.368  -24.040  71.193 0.0000000000
138077  14.090  -24.540  71.056 0.0000000000
55096  13.510  -25.307  70.858 0.0000000000
55097  13.023  -25.525  71.085 0.0000000000
55107  12.387  -26.097  70.641 0.0000000000
56232  12.936  -25.199  71.316 0.0000000000
59143  12.777  -22.998  70.669 0.0000000000
145053  12.340  -24.064  70.943 0.0000000000
58207  12.384  -23.641  70.572 0.0000000000
57269  11.489  -24.921  70.371 0.0000000000
143732  12.791  -15.325  65.695 0.0000000000
67501  11.632  -13.421  64.561 0.0000000000
67513  12.288  -14.394  63.296 0.0000000000
66471  11.901  -13.924  62.787 0.0000000000
70227  11.145  -11.035  64.677 0.0000000000
69349  11.059  -11.293  64.269 0.0000000000
68467  11.140  -12.440  63.096 0.0000000000
68480  11.349  -12.943  62.417 0.0000000000
66485  11.867  -14.077  62.166 0.0000000000
68491  11.557  -13.542  61.737 0.0000000000
68499  11.179  -12.664  60.784 0.0000000000
67560  11.373  -13.729  58.829 0.0000000000
68504  11.170  -12.624  59.593 0.0000000000
66421  19.171  -15.047  74.307 0.0000000000
67401  19.391  -14.697  74.165 0.0000000000
62262  23.856  -18.100  65.885 0.0000000000
62273  23.079  -18.261  65.412 0.0000000000
62263  23.124  -18.250  66.256 0.0000000000
64325  25.561  -16.925  69.524 0.0000000000
64315  26.070  -16.591  70.152 0.0000000000
64336  25.865  -17.173  68.861 0.0000000000
63287  23.473  -17.587  68.387 0.0000000000
62255  22.897  -17.882  67.762 0.0000000000
63288  22.626  -17.737  68.669 0.0000000000
64319  22.741  -17.325  71.068 0.0000000000
63275  22.210  -17.566  70.504 0.0000000000
64297  21.827  -16.329  73.163 0.0000000000
137441  21.488  -16.916  72.939 0.0000000000
141442  20.934  -16.666  73.383 0.0000000000
65374  20.399  -15.530  73.760 0.0000000000
133798  20.074  -15.905  73.805 0.0000000000
65375  19.364  -15.941  73.940 0.0000000000
48024  10.052  -33.527  63.258 0.0000000000
48940  10.099  -32.160  62.523 0.0000000000
51975  9.412  -29.539  63.178 0.0000000000
50841  9.594  -30.120  62.588 0.0000000000
51987  9.645  -29.365  62.338 0.0000000000
53099  9.656  -28.757  62.071 0.0000000000
53100  9.567  -28.067  62.567 0.0000000000
54099  9.827  -27.547  64.772 0.0000000000
53070  9.582  -28.187  64.379 0.0000000000
132746  9.975  -26.937  64.457 0.0000000000
57319  10.097  -25.052  63.998 0.0000000000
57325  9.770  -25.284  63.244 0.0000000000
144180  9.543  -25.264  62.824 0.0000000000
57324  9.834  -24.838  63.065 0.0000000000
58251  9.973  -24.485  62.936 0.0000000000
59188  10.387  -24.204  63.553 0.0000000000
61298  12.366  -21.249  65.142 0.0000000000
60202  12.057  -22.174  64.725 0.0000000000
61288  12.773  -20.523  65.514 0.0000000000
143019  12.960  -20.633  64.730 0.0000000000
60162  12.546  -21.840  69.748 0.0000000000
60163  11.754  -22.693  69.015 0.0000000000
61255  12.058  -22.226  69.344 0.0000000000
141657  12.474  -20.888  68.771 0.0000000000
61263  12.374  -20.621  67.975 0.0000000000
127524  13.053  -16.837  70.202 0.0000000000
64328  12.646  -17.511  68.750 0.0000000000
129580  12.625  -17.939  67.895 0.0000000000
62257  12.587  -19.674  67.716 0.0000000000
63299  12.681  -18.691  67.419 0.0000000000
64347  12.667  -17.509  67.249 0.0000000000
136146  12.705  -16.530  66.794 0.0000000000
64354  13.536  -17.724  65.813 0.0000000000
67470  11.867  -13.584  67.535 0.0000000000
126403  11.491  -13.086  66.956 0.0000000000
68435  11.603  -12.835  67.402 0.0000000000
69322  12.343  -12.220  68.914 0.0000000000
61287  19.928  -19.628  65.548 0.0000000000
49789  12.467  -30.727  66.972 0.0000000000
49799  12.647  -30.920  66.157 0.0000000000
121999  9.933  -29.693  59.900 0.0000000000
123149  10.109  -30.805  60.030 0.0000000000
50892  9.815  -30.269  59.549 0.0000000000
144812  9.748  -29.978  59.388 0.0000000000
56386  10.212  -25.604  60.859 0.0000000000
55244  10.194  -26.351  60.594 0.0000000000
56385  10.690  -25.919  60.154 0.0000000000
54173  11.430  -27.250  58.879 0.0000000000
129274  10.818  -28.010  59.301 0.0000000000
52023  10.273  -30.121  58.507 0.0000000000
52035  11.607  -29.386  57.630 0.0000000000
54187  12.769  -27.751  56.811 0.0000000000
53163  12.161  -29.092  56.964 0.0000000000
139134  12.600  -28.565  56.233 0.0000000000
53172  12.133  -29.327  55.811 0.0000000000
54215  12.943  -27.849  55.547 0.0000000000
137664  14.062  -17.975  63.314 0.0000000000
125906  14.403  -18.235  62.418 0.0000000000
62329  14.832  -19.483  60.852 0.0000000000
62330  14.527  -20.121  61.483 0.0000000000
62342  14.576  -20.308  60.594 0.0000000000
61359  13.492  -21.503  59.948 0.0000000000
132268  14.014  -20.944  59.344 0.0000000000
63366  14.640  -18.147  58.712 0.0000000000
140738  14.973  -19.246  57.834 0.0000000000
60290  14.190  -21.880  56.931 0.0000000000
59265  13.708  -22.533  57.561 0.0000000000
58314  13.822  -23.561  56.845 0.0000000000
57383  13.490  -24.713  57.516 0.0000000000
134070  13.867  -24.283  56.621 0.0000000000
131352  13.479  -26.109  54.121 0.0000000000
56447  13.988  -25.613  55.004 0.0000000000
55333  12.946  -26.787  53.910 0.0000000000
54225  12.640  -27.687  54.335 0.0000000000
54234  12.052  -27.235  53.416 0.0000000000
54235  11.396  -27.526  53.039 0.0000000000
55346  12.063  -26.485  53.151 0.0000000000
139431  11.606  -25.703  52.219 0.0000000000
56513  10.924  -25.589  51.592 0.0000000000
61451  13.471  -20.789  52.369 0.0000000000
59344  13.816  -22.509  52.273 0.0000000000
59345  13.060  -22.527  51.686 0.0000000000
58380  11.004  -23.546  50.697 0.0000000000
58379  11.513  -23.475  51.049 0.0000000000
57468  10.678  -24.592  50.761 0.0000000000
131255  9.965  -25.557  50.311 0.0000000000
139723  13.436  -8.265  61.230 0.0000000000
74207  11.853  -7.805  61.123 0.0000000000
73276  11.794  -8.178  61.726 0.0000000000
73277  11.171  -8.279  61.509 0.0000000000
73279  9.947  -9.051  61.333 0.0000000000
72271  9.763  -9.227  59.389 0.0000000000
135023  10.017  -9.988  59.552 0.0000000000
132549  10.227  -10.605  59.120 0.0000000000
69402  10.837  -12.357  58.179 0.0000000000
137060  10.629  -11.930  58.096 0.0000000000
73338  9.624  -8.991  55.743 0.0000000000
74280  9.735  -8.047  56.800 0.0000000000
74268  9.607  -7.995  57.492 0.0000000000
72290  9.565  -9.555  57.089 0.0000000000
69416  10.246  -12.440  55.725 0.0000000000
68533  10.581  -13.061  56.048 0.0000000000
68520  10.711  -12.909  56.802 0.0000000000
130721  10.590  -13.670  56.157 0.0000000000
66514  9.874  -15.006  55.208 0.0000000000
65481  9.458  -15.944  54.503 0.0000000000
65485  9.586  -16.555  54.326 0.0000000000
64429  9.811  -17.524  53.661 0.0000000000
63401  10.112  -18.122  53.360 0.0000000000
63402  9.907  -17.997  53.052 0.0000000000
66541  9.217  -15.779  53.238 0.0000000000
64303  17.042  -16.660  73.062 0.0000000000
144254  18.022  -18.120  72.796 0.0000000000
62227  17.519  -18.291  72.786 0.0000000000
63262  17.330  -17.419  72.854 0.0000000000
52091  9.304  -29.740  51.906 0.0000000000
53190  9.881  -28.445  51.856 0.0000000000
145713  10.052  -28.426  67.177 0.0000000000
54078  10.161  -27.160  66.631 0.0000000000
55147  10.529  -26.487  67.269 0.0000000000
146456  10.756  -25.669  67.814 0.0000000000
58223  11.358  -24.426  68.407 0.0000000000
54043  10.796  -27.438  69.121 0.0000000000
51888  10.799  -28.350  69.202 0.0000000000
138905  10.495  -27.983  68.877 0.0000000000
52998  10.355  -28.556  68.892 0.0000000000
140030  10.244  -29.099  68.386 0.0000000000
53027  10.113  -28.817  67.701 0.0000000000
135235  13.009  -21.394  63.323 0.0000000000
61325  13.495  -20.957  62.610 0.0000000000
65456  12.609  -15.261  58.213 0.0000000000
65464  12.579  -15.629  57.295 0.0000000000
141192  13.060  -16.597  55.935 0.0000000000
63386  12.959  -17.775  54.972 0.0000000000
64408  12.306  -16.263  55.792 0.0000000000
64416  11.626  -16.750  55.209 0.0000000000
121647  10.853  -16.518  55.179 0.0000000000
60149  13.236  -22.390  70.861 0.0000000000
147077  13.464  -21.421  70.932 0.0000000000
62238  14.360  -19.725  70.888 0.0000000000
63272  14.801  -17.948  71.251 0.0000000000
66431  15.222  -14.831  73.716 0.0000000000
67418  14.681  -14.571  73.464 0.0000000000
62246  21.141  -18.270  69.342 0.0000000000
62250  20.480  -18.689  68.799 0.0000000000
60155  18.191  -20.433  69.785 0.0000000000
60161  17.522  -21.345  69.830 0.0000000000
131395  16.691  -22.978  69.124 0.0000000000
56244  15.259  -24.235  69.782 0.0000000000
56245  14.774  -24.591  70.042 0.0000000000
60147  15.078  -22.186  71.180 0.0000000000
121689  14.635  -22.594  71.327 0.0000000000
58200  14.188  -23.239  71.415 0.0000000000
58201  13.549  -23.444  71.366 0.0000000000
59138  13.983  -22.876  71.424 0.0000000000
135229  13.776  -22.413  71.233 0.0000000000
67489  11.662  -13.510  65.726 0.0000000000
134759  12.115  -14.231  65.319 0.0000000000
141641  11.383  -12.488  64.354 0.0000000000
71231  10.735  -10.630  63.859 0.0000000000
70233  10.868  -11.005  64.060 0.0000000000
70234  10.329  -10.801  63.522 0.0000000000
69360  10.185  -11.349  63.013 0.0000000000
68492  11.149  -12.774  61.718 0.0000000000
69380  10.188  -11.436  62.366 0.0000000000
70276  10.278  -11.352  61.463 0.0000000000
64326  24.673  -16.999  69.655 0.0000000000
63281  22.400  -17.641  69.626 0.0000000000
48930  9.671  -32.368  63.815 0.0000000000
135092  9.847  -31.868  63.134 0.0000000000
132863  10.621  -25.661  65.376 0.0000000000
56315  10.178  -26.075  64.520 0.0000000000
57308  10.482  -25.085  64.939 0.0000000000
58239  10.465  -24.474  64.572 0.0000000000
59174  11.260  -23.316  65.029 0.0000000000
60203  11.547  -22.982  64.634 0.0000000000
60186  11.837  -21.859  65.502 0.0000000000
61277  12.633  -20.385  66.256 0.0000000000
61258  12.708  -20.995  69.566 0.0000000000
62248  12.988  -19.835  69.675 0.0000000000
63283  12.903  -18.653  69.240 0.0000000000
66450  12.581  -15.414  69.454 0.0000000000
65412  12.550  -15.428  68.856 0.0000000000
66459  12.428  -14.828  66.805 0.0000000000
60172  18.715  -20.717  66.273 0.0000000000
60176  18.934  -20.741  65.294 0.0000000000
53026  13.341  -28.430  67.287 0.0000000000
51918  12.906  -29.092  66.835 0.0000000000
50767  12.553  -29.772  67.155 0.0000000000
49791  11.472  -31.613  67.360 0.0000000000
48910  9.556  -32.372  65.700 0.0000000000
129588  9.623  -33.058  64.259 0.0000000000
139128  10.046  -29.735  61.121 0.0000000000
123223  10.206  -30.513  60.723 0.0000000000
52007  9.973  -29.273  60.626 0.0000000000
133680  9.993  -28.995  60.209 0.0000000000
57362  11.789  -24.981  59.779 0.0000000000
56400  11.338  -25.564  59.657 0.0000000000
56399  11.554  -25.693  59.164 0.0000000000
55255  11.421  -26.369  59.078 0.0000000000
54188  12.126  -27.665  57.995 0.0000000000
55270  11.991  -26.630  58.439 0.0000000000
55269  12.703  -26.871  57.485 0.0000000000
142998  13.215  -26.275  57.108 0.0000000000
64367  13.943  -17.082  62.563 0.0000000000
63355  14.806  -18.607  60.453 0.0000000000
63379  14.928  -18.582  56.906 0.0000000000
62368  15.025  -19.535  57.084 0.0000000000
61398  14.879  -20.294  56.790 0.0000000000
59280  14.544  -22.072  56.042 0.0000000000
59299  14.445  -22.812  55.809 0.0000000000
58328  14.341  -23.635  55.928 0.0000000000
57407  14.210  -24.902  54.372 0.0000000000
56470  13.565  -25.516  53.837 0.0000000000
56492  12.990  -25.417  53.124 0.0000000000
57421  12.958  -24.967  52.741 0.0000000000
57437  12.359  -24.784  52.081 0.0000000000
60341  12.439  -21.627  51.497 0.0000000000
59366  11.307  -22.359  50.797 0.0000000000
58392  10.603  -23.618  50.275 0.0000000000
74222  11.945  -7.561  60.208 0.0000000000
74240  10.681  -8.108  60.217 0.0000000000
73292  10.211  -8.651  60.420 0.0000000000
138981  10.232  -8.221  59.685 0.0000000000
72278  9.402  -9.073  58.417 0.0000000000
72318  9.452  -9.709  55.473 0.0000000000
72304  9.614  -9.904  56.182 0.0000000000
71296  9.753  -10.541  56.626 0.0000000000
135750  9.647  -11.574  55.783 0.0000000000
68534  10.314  -13.067  55.486 0.0000000000
67597  10.036  -14.584  55.271 0.0000000000
67598  9.754  -14.298  55.044 0.0000000000
66522  9.391  -15.156  54.599 0.0000000000
61245  18.765  -19.350  70.662 0.0000000000
62229  18.920  -18.520  72.062 0.0000000000
59134  16.467  -22.367  70.522 0.0000000000
60145  16.171  -21.830  70.846 0.0000000000
131111  16.223  -21.032  71.466 0.0000000000
61242  15.950  -20.549  71.892 0.0000000000
134360  15.808  -19.796  71.974 0.0000000000
71224  11.256  -10.924  65.936 0.0000000000
70224  11.247  -11.254  65.541 0.0000000000
71227  11.278  -10.515  65.513 0.0000000000
72223  11.097  -10.476  64.540 0.0000000000
73231  11.431  -9.695  65.425 0.0000000000
72226  11.115  -9.986  64.544 0.0000000000
72227  10.687  -10.223  63.783 0.0000000000
73250  11.034  -9.192  63.122 0.0000000000
51947  9.460  -30.023  65.199 0.0000000000
121668  9.580  -28.174  65.077 0.0000000000
122541  10.020  -26.836  65.695 0.0000000000
55157  10.364  -26.436  66.093 0.0000000000
143812  10.389  -26.335  65.436 0.0000000000
57301  10.891  -25.184  65.905 0.0000000000
144333  11.390  -23.455  66.625 0.0000000000
60169  11.756  -21.907  67.242 0.0000000000
65393  13.435  -16.022  71.046 0.0000000000
67452  12.396  -14.230  69.290 0.0000000000
129364  12.354  -13.634  68.994 0.0000000000
68412  12.387  -12.858  69.412 0.0000000000
51886  12.542  -28.236  68.995 0.0000000000
51895  12.238  -28.941  68.808 0.0000000000
50744  11.709  -29.380  68.728 0.0000000000
50755  11.322  -29.960  68.294 0.0000000000
50746  10.825  -29.411  68.820 0.0000000000
49784  11.139  -30.985  67.642 0.0000000000
49793  9.932  -31.909  67.001 0.0000000000
50769  10.153  -30.462  67.213 0.0000000000
50802  9.557  -30.984  65.709 0.0000000000
57338  9.341  -24.963  61.837 0.0000000000
137621  9.774  -25.923  61.162 0.0000000000
130838  9.649  -24.883  61.615 0.0000000000
58269  10.126  -24.697  61.548 0.0000000000
58268  11.017  -24.467  61.464 0.0000000000
131758  12.339  -22.471  62.062 0.0000000000
59213  12.053  -23.195  61.258 0.0000000000
59240  11.813  -24.082  60.721 0.0000000000
58279  12.051  -24.430  60.126 0.0000000000
59239  12.625  -23.635  59.973 0.0000000000
60263  13.222  -22.895  59.526 0.0000000000
65444  13.084  -15.306  60.654 0.0000000000
65447  13.641  -15.926  60.041 0.0000000000
64393  14.360  -17.500  58.184 0.0000000000
65463  13.234  -16.021  57.895 0.0000000000
130332  13.752  -16.876  57.576 0.0000000000
62377  15.008  -19.455  56.197 0.0000000000
143357  15.025  -19.983  55.397 0.0000000000
61421  15.096  -20.596  54.712 0.0000000000
60324  14.760  -21.582  53.471 0.0000000000
61422  14.477  -20.097  53.887 0.0000000000
61437  14.107  -20.590  53.095 0.0000000000
61438  13.038  -20.064  52.792 0.0000000000
142239  12.768  -18.853  54.021 0.0000000000
62397  12.624  -19.349  53.406 0.0000000000
61439  12.120  -19.731  52.672 0.0000000000
62398  11.386  -19.505  52.592 0.0000000000
61454  11.142  -19.898  52.025 0.0000000000
141670  9.028  -11.990  53.481 0.0000000000
69433  9.499  -12.338  54.155 0.0000000000
68561  9.400  -13.174  53.966 0.0000000000
67636  9.252  -14.196  51.749 0.0000000000
50980  10.374  -30.555  53.978 0.0000000000
57273  11.332  -24.992  69.749 0.0000000000
58219  11.593  -24.658  69.376 0.0000000000
59148  12.047  -23.464  69.625 0.0000000000
60157  12.380  -22.505  69.903 0.0000000000
61254  12.918  -21.295  70.287 0.0000000000
61250  13.204  -21.359  70.714 0.0000000000
136034  13.278  -20.751  70.590 0.0000000000
65392  14.051  -16.442  71.289 0.0000000000
62256  21.831  -18.454  67.162 0.0000000000
61266  20.820  -18.773  66.980 0.0000000000
60167  19.171  -20.000  66.848 0.0000000000
60168  18.520  -20.659  67.241 0.0000000000
59158  17.403  -21.911  67.148 0.0000000000
60165  18.289  -20.610  68.187 0.0000000000
59157  17.796  -21.250  67.660 0.0000000000
58227  17.020  -22.626  66.743 0.0000000000
57283  16.220  -23.709  67.958 0.0000000000
52996  13.388  -27.599  68.303 0.0000000000
52997  12.922  -27.877  68.596 0.0000000000
59142  16.094  -22.906  70.617 0.0000000000
57268  15.058  -23.888  70.636 0.0000000000
58204  15.071  -23.289  71.081 0.0000000000
56230  14.584  -24.230  70.860 0.0000000000
56246  14.248  -25.019  70.255 0.0000000000
55105  13.662  -25.441  70.408 0.0000000000
54042  12.928  -26.939  69.587 0.0000000000
52982  12.731  -27.602  69.196 0.0000000000
52973  12.494  -27.323  69.789 0.0000000000
52974  12.053  -27.575  69.842 0.0000000000
52975  11.587  -27.185  69.917 0.0000000000
57261  12.542  -24.686  71.296 0.0000000000
55099  11.929  -25.586  70.976 0.0000000000
54034  11.302  -26.370  70.217 0.0000000000
55119  11.143  -26.183  70.257 0.0000000000
144053  10.933  -25.838  70.080 0.0000000000
65418  13.495  -16.888  65.087 0.0000000000
63338  13.868  -18.298  64.178 0.0000000000
64357  13.676  -17.457  64.427 0.0000000000
65427  13.443  -16.726  64.127 0.0000000000
66464  12.792  -15.039  63.936 0.0000000000
65428  13.202  -15.892  63.591 0.0000000000
65436  13.411  -15.851  62.614 0.0000000000
66481  12.765  -14.942  62.201 0.0000000000
69341  11.283  -11.492  65.126 0.0000000000
69348  11.295  -11.888  64.697 0.0000000000
69358  11.424  -12.845  63.675 0.0000000000
145542  12.148  -14.524  61.961 0.0000000000
66484  12.477  -14.769  61.292 0.0000000000
66491  12.085  -14.551  59.574 0.0000000000
67545  11.376  -13.250  61.023 0.0000000000
67551  11.643  -14.007  59.716 0.0000000000
66492  11.619  -14.339  58.591 0.0000000000
129040  11.133  -13.459  58.046 0.0000000000
65376  18.467  -16.014  74.143 0.0000000000
65369  17.933  -15.617  74.381 0.0000000000
67402  18.533  -14.578  74.418 0.0000000000
146858  26.394  -17.167  68.860 0.0000000000
63297  24.599  -17.649  67.330 0.0000000000
62254  23.133  -18.203  66.997 0.0000000000
121494  22.046  -18.133  67.997 0.0000000000
62245  21.836  -17.925  69.006 0.0000000000
64304  22.905  -16.689  72.226 0.0000000000
64312  22.469  -17.125  71.815 0.0000000000
64305  22.131  -16.802  72.513 0.0000000000
63270  21.287  -17.723  71.473 0.0000000000
64299  20.666  -16.112  73.654 0.0000000000
128841  19.025  -16.345  73.749 0.0000000000
122918  9.857  -30.611  62.082 0.0000000000
123326  9.808  -29.305  61.729 0.0000000000
54119  9.643  -28.208  61.744 0.0000000000
54132  9.580  -26.855  61.824 0.0000000000
121929  9.403  -28.863  63.823 0.0000000000
53071  9.612  -28.065  63.488 0.0000000000
56316  10.011  -26.069  64.100 0.0000000000
55180  9.887  -26.530  63.917 0.0000000000
54108  9.703  -27.185  63.175 0.0000000000
55193  9.753  -26.308  63.225 0.0000000000
56346  9.593  -25.735  62.772 0.0000000000
56360  9.326  -25.167  62.272 0.0000000000
57331  9.644  -24.767  62.469 0.0000000000
59202  10.283  -24.286  62.770 0.0000000000
59186  11.901  -23.092  63.823 0.0000000000
61311  12.577  -22.216  63.887 0.0000000000
61297  13.379  -20.122  64.305 0.0000000000
63327  13.667  -18.876  64.841 0.0000000000
59152  11.694  -24.196  68.893 0.0000000000
59155  11.620  -23.266  68.770 0.0000000000
60166  11.593  -22.543  68.601 0.0000000000
61259  12.099  -21.720  69.017 0.0000000000
61265  11.727  -21.977  68.501 0.0000000000
59159  11.352  -23.021  68.123 0.0000000000
60170  11.569  -22.285  68.041 0.0000000000
61270  11.832  -21.759  67.918 0.0000000000
143596  12.463  -20.372  67.328 0.0000000000
61268  12.493  -20.497  66.857 0.0000000000
145786  12.697  -20.012  66.595 0.0000000000
130710  13.047  -19.434  66.360 0.0000000000
145207  13.342  -18.437  66.280 0.0000000000
63319  13.518  -18.883  65.652 0.0000000000
137018  12.552  -14.838  65.940 0.0000000000
67488  12.056  -14.229  66.322 0.0000000000
121806  11.353  -12.536  66.739 0.0000000000
132567  11.976  -12.873  68.055 0.0000000000
69326  11.605  -12.196  67.637 0.0000000000
70221  11.405  -11.567  67.180 0.0000000000
132794  11.372  -11.028  66.758 0.0000000000
137712  19.874  -19.951  64.868 0.0000000000
60184  19.342  -20.475  64.544 0.0000000000
144963  18.946  -20.906  64.662 0.0000000000
50768  12.204  -30.376  67.493 0.0000000000
138417  12.327  -31.460  66.842 0.0000000000
49884  10.291  -31.182  60.443 0.0000000000
55231  9.792  -26.773  60.941 0.0000000000
54158  10.152  -27.308  60.365 0.0000000000
121667  10.097  -28.821  59.868 0.0000000000
54174  10.513  -27.390  59.826 0.0000000000
121805  9.867  -29.869  58.952 0.0000000000
136640  10.001  -30.615  58.724 0.0000000000
52073  10.953  -29.782  54.086 0.0000000000
140126  13.995  -20.532  62.150 0.0000000000
143672  13.952  -20.783  61.565 0.0000000000
61347  13.448  -21.406  60.701 0.0000000000
123919  13.315  -22.164  59.766 0.0000000000
59251  13.373  -22.900  58.874 0.0000000000
64379  14.543  -17.685  59.999 0.0000000000
63361  14.708  -18.525  59.516 0.0000000000
62353  14.776  -19.460  59.362 0.0000000000
141701  14.742  -20.215  57.679 0.0000000000
61371  14.691  -20.061  58.731 0.0000000000
141960  14.133  -21.094  58.371 0.0000000000
60261  13.651  -21.835  58.531 0.0000000000
59266  13.417  -23.075  58.283 0.0000000000
58302  13.351  -23.753  58.392 0.0000000000
56433  13.566  -26.001  56.132 0.0000000000
55309  13.224  -27.218  54.916 0.0000000000
53180  11.296  -28.913  53.651 0.0000000000
123286  11.048  -28.165  53.057 0.0000000000
125371  10.455  -28.137  52.331 0.0000000000
53189  10.137  -27.766  51.759 0.0000000000
58361  13.368  -23.346  52.137 0.0000000000
59364  12.427  -22.714  51.409 0.0000000000
58363  11.763  -24.412  51.482 0.0000000000
57454  11.155  -25.090  51.479 0.0000000000
56530  10.494  -25.782  51.234 0.0000000000
73248  12.603  -8.518  63.677 0.0000000000
73263  10.487  -9.188  62.613 0.0000000000
73261  12.244  -8.418  62.199 0.0000000000
73262  11.283  -8.645  62.303 0.0000000000
72256  9.718  -9.601  62.083 0.0000000000
129187  9.606  -10.214  61.951 0.0000000000
70277  10.127  -10.957  60.814 0.0000000000
127717  9.879  -9.145  60.421 0.0000000000
71275  10.088  -10.499  60.165 0.0000000000
70284  10.703  -11.487  60.258 0.0000000000
69401  11.048  -12.312  58.949 0.0000000000
68511  11.023  -12.857  58.339 0.0000000000
66504  10.924  -13.789  57.123 0.0000000000
73314  9.293  -8.390  58.059 0.0000000000
71289  10.137  -10.656  57.973 0.0000000000
131163  10.085  -11.074  57.007 0.0000000000
70297  10.364  -11.591  57.562 0.0000000000
69409  10.569  -12.298  57.288 0.0000000000
67567  10.905  -13.194  57.396 0.0000000000
66505  10.785  -14.310  56.433 0.0000000000
65467  10.611  -14.836  55.934 0.0000000000
64410  10.264  -16.132  55.209 0.0000000000
64417  10.378  -16.913  54.649 0.0000000000
65480  9.768  -15.897  54.938 0.0000000000
64418  9.900  -16.635  54.562 0.0000000000
63393  10.556  -17.756  54.199 0.0000000000
63400  10.469  -18.272  53.649 0.0000000000
62399  10.490  -18.712  53.010 0.0000000000
61455  10.786  -19.689  51.781 0.0000000000
132289  9.274  -15.018  53.786 0.0000000000
63410  9.952  -17.898  52.648 0.0000000000
63409  10.213  -18.468  52.357 0.0000000000
61469  10.635  -19.933  51.102 0.0000000000
50914  9.794  -30.427  59.111 0.0000000000
50993  9.556  -30.803  53.000 0.0000000000
52983  12.290  -27.949  69.477 0.0000000000
52986  10.716  -28.142  69.132 0.0000000000
53179  12.471  -28.586  54.983 0.0000000000
54033  12.188  -26.944  70.238 0.0000000000
54041  13.308  -26.479  69.326 0.0000000000
54070  10.195  -27.930  67.593 0.0000000000
54175  10.254  -28.144  59.852 0.0000000000
54205  11.829  -28.641  57.882 0.0000000000
54243  10.507  -27.333  51.908 0.0000000000
55106  13.106  -25.821  70.617 0.0000000000
55108  11.726  -26.091  70.671 0.0000000000
55109  11.480  -25.932  70.660 0.0000000000
55118  13.195  -26.126  70.010 0.0000000000
55120  10.907  -26.333  69.564 0.0000000000
55179  10.078  -26.465  64.512 0.0000000000
55205  9.639  -26.572  62.561 0.0000000000
55218  9.556  -25.977  62.103 0.0000000000
55256  11.043  -26.125  59.559 0.0000000000
55347  11.366  -26.778  52.645 0.0000000000
56228  12.807  -24.981  71.389 0.0000000000
56229  12.224  -24.970  71.267 0.0000000000
56231  13.569  -25.007  71.115 0.0000000000
56233  12.242  -25.267  71.200 0.0000000000
56234  11.959  -25.263  71.072 0.0000000000
56237  14.681  -24.405  70.504 0.0000000000
56239  11.179  -25.301  70.317 0.0000000000
56247  11.154  -25.687  70.458 0.0000000000
56248  10.984  -25.496  69.928 0.0000000000
56257  14.774  -24.799  69.339 0.0000000000
56258  10.947  -25.608  69.181 0.0000000000
56286  10.665  -26.000  65.901 0.0000000000
56298  10.405  -26.099  65.043 0.0000000000
56359  9.476  -25.488  61.701 0.0000000000
56417  12.172  -25.366  58.797 0.0000000000
57260  13.225  -24.292  71.398 0.0000000000
57263  14.885  -23.709  70.951 0.0000000000
57265  13.597  -24.564  71.276 0.0000000000
57266  11.702  -24.921  70.714 0.0000000000
57270  11.142  -25.201  69.943 0.0000000000
57272  15.175  -24.043  70.301 0.0000000000
57277  11.207  -25.192  69.305 0.0000000000
57285  11.107  -24.934  68.073 0.0000000000
57292  15.906  -24.414  67.537 0.0000000000
57339  9.378  -24.897  62.205 0.0000000000
57347  10.169  -25.054  61.171 0.0000000000
57420  13.574  -24.962  53.464 0.0000000000
58202  12.697  -24.064  71.244 0.0000000000
58206  12.890  -23.497  71.157 0.0000000000
58208  12.122  -24.197  70.603 0.0000000000
58210  15.786  -23.258  70.578 0.0000000000
58211  11.826  -24.500  70.295 0.0000000000
58212  11.557  -24.728  70.037 0.0000000000
58214  16.037  -23.294  70.303 0.0000000000
58216  11.717  -24.504  69.764 0.0000000000
58229  11.135  -24.586  66.562 0.0000000000
58232  10.833  -24.577  65.452 0.0000000000
58378  12.048  -23.372  51.312 0.0000000000
59136  15.113  -22.882  71.216 0.0000000000
59137  14.447  -22.969  71.409 0.0000000000
59145  12.118  -23.853  70.151 0.0000000000
59149  11.975  -23.943  69.489 0.0000000000
59151  11.905  -23.423  69.297 0.0000000000
59156  11.434  -23.845  68.333 0.0000000000
59163  11.383  -23.220  67.325 0.0000000000
59168  10.904  -23.931  65.218 0.0000000000
59175  10.609  -23.995  64.376 0.0000000000
59187  11.082  -23.636  64.155 0.0000000000
59201  11.835  -23.379  62.738 0.0000000000
59215  10.579  -24.253  62.180 0.0000000000
59229  11.666  -23.806  61.181 0.0000000000
59252  13.151  -23.580  59.079 0.0000000000
59282  13.569  -23.260  57.541 0.0000000000
59330  14.542  -22.543  53.096 0.0000000000
60152  13.600  -21.904  71.029 0.0000000000
60153  13.186  -21.943  70.701 0.0000000000
60242  12.790  -22.526  60.883 0.0000000000
60277  13.526  -22.415  58.335 0.0000000000
60289  14.805  -21.119  56.323 0.0000000000
60340  13.325  -21.505  51.920 0.0000000000
61310  13.439  -20.594  63.304 0.0000000000
61372  13.594  -21.632  59.165 0.0000000000
61410  15.077  -20.709  55.605 0.0000000000
61436  14.865  -20.866  53.888 0.0000000000
61453  11.707  -20.132  52.143 0.0000000000
61479  10.684  -20.554  50.645 0.0000000000
62341  14.895  -19.491  60.096 0.0000000000
62396  13.579  -19.829  53.410 0.0000000000
62400  10.231  -18.475  52.770 0.0000000000
62407  10.824  -19.301  52.455 0.0000000000
63384  14.740  -18.558  55.940 0.0000000000
63391  12.351  -18.232  54.356 0.0000000000
64386  14.428  -17.524  59.125 0.0000000000
64398  14.424  -17.631  57.227 0.0000000000
64415  12.529  -16.976  55.338 0.0000000000
64422  10.057  -17.230  54.282 0.0000000000
64423  9.739  -17.125  54.133 0.0000000000
64424  9.413  -16.611  53.973 0.0000000000
65473  11.408  -15.286  56.219 0.0000000000
65474  10.685  -15.369  55.776 0.0000000000
66488  11.985  -14.339  60.539 0.0000000000
66493  11.223  -13.991  57.854 0.0000000000
66509  10.416  -14.457  55.788 0.0000000000
67531  11.666  -13.575  62.419 0.0000000000
67577  10.753  -13.449  56.708 0.0000000000
67617  9.113  -14.015  53.352 0.0000000000
68547  10.110  -13.465  55.196 0.0000000000
69393  11.065  -11.987  59.690 0.0000000000
69394  10.862  -11.775  59.053 0.0000000000
69415  10.421  -12.389  56.371 0.0000000000
70246  10.465  -11.197  63.566 0.0000000000
70247  9.962  -10.928  63.225 0.0000000000
70292  10.461  -11.329  58.570 0.0000000000
70311  9.858  -11.374  56.277 0.0000000000
70320  9.562  -11.597  55.395 0.0000000000
71248  9.744  -10.701  62.880 0.0000000000
71268  9.842  -10.339  61.134 0.0000000000
71304  9.504  -10.976  56.023 0.0000000000
72255  10.073  -9.051  62.077 0.0000000000
73251  10.470  -9.733  63.257 0.0000000000
73278  10.540  -8.539  61.226 0.0000000000
73325  9.460  -8.622  57.316 0.0000000000
74255  11.341  -7.292  58.745 0.0000000000
74279  10.202  -7.540  56.270 0.0000000000
123674  9.612  -24.679  61.993 0.0000000000
124286  11.373  -24.833  68.799 0.0000000000
124750  11.091  -24.473  51.128 0.0000000000
126191  11.142  -24.816  60.842 0.0000000000
126239  9.726  -9.703  57.836 0.0000000000
126303  10.008  -28.209  60.357 0.0000000000
126431  13.909  -20.882  60.195 0.0000000000
126583  10.008  -27.013  64.962 0.0000000000
126757  12.096  -24.669  71.050 0.0000000000
130590  9.298  -9.052  57.768 0.0000000000
130817  9.682  -29.207  51.992 0.0000000000
131683  11.024  -26.674  69.551 0.0000000000
131741  9.915  -9.795  60.367 0.0000000000
131857  13.212  -24.398  58.430 0.0000000000
132129  11.785  -26.489  70.403 0.0000000000
132433  14.740  -23.086  54.684 0.0000000000
133930  9.453  -8.499  58.805 0.0000000000
134979  9.346  -10.576  55.547 0.0000000000
134983  10.269  -25.631  64.592 0.0000000000
136178  10.408  -19.013  51.674 0.0000000000
138776  11.134  -26.991  69.526 0.0000000000
139046  12.763  -7.760  59.967 0.0000000000
139508  14.316  -18.963  63.020 0.0000000000
143321  12.142  -23.369  69.899 0.0000000000
143405  9.772  -10.779  61.761 0.0000000000
143810  16.012  -15.454  73.550 0.0000000000
144045  10.089  -30.348  61.432 0.0000000000
144509  9.470  -8.073  58.466 0.0000000000
145030  10.728  -18.658  53.418 0.0000000000
145787  10.464  -28.357  68.976 0.0000000000
146328  10.680  -13.265  56.422 0.0000000000
146892  12.843  -7.697  59.471 0.0000000000
147171  9.538  -17.056  53.963 0.0000000000
