#!ascii label  , from subject sub-v2s18x29521_ses-1 vox2ras=TkReg
1517
32009  -29.715  -39.291  14.722 0.5000000000
106706  -29.877  -40.149  15.043 0.5000000000
32823  -29.605  -38.460  14.511 0.5000000000
33558  -29.442  -37.598  14.217 0.5000000000
48566  -29.620  -21.074  10.445 0.5000000000
48586  -30.922  -20.113  9.776 0.4000000060
48567  -30.757  -20.887  10.674 0.4000000060
48587  -31.793  -19.915  9.885 0.6000000238
102318  -31.800  -20.649  10.920 0.5000000000
48568  -32.601  -20.680  11.483 0.5000000000
49573  -32.718  -20.101  10.606 0.4000000060
103438  -33.117  -19.456  10.004 0.4000000060
48569  -33.431  -20.429  11.561 0.5000000000
49574  -33.630  -19.768  10.780 0.5000000000
30403  -29.826  -41.433  15.343 0.5000000000
31214  -30.590  -40.732  15.304 0.4000000060
31224  -30.746  -40.119  15.207 0.5000000000
32010  -30.826  -39.467  15.097 0.5000000000
112114  -31.160  -38.686  14.741 0.5000000000
32824  -30.616  -37.927  14.589 0.5000000000
34278  -29.739  -36.804  13.925 0.5000000000
47659  -28.028  -21.437  10.511 0.5000000000
47677  -27.304  -20.797  9.518 0.5000000000
48565  -28.226  -20.757  9.830 0.5000000000
48584  -28.466  -19.975  9.165 0.5000000000
48585  -29.817  -20.207  9.597 0.5000000000
51421  -34.794  -16.778  8.938 0.3000000119
49592  -32.256  -19.286  9.464 0.4000000060
50533  -34.941  -18.222  10.374 0.4000000060
49593  -33.777  -19.027  10.037 0.3000000119
50532  -34.105  -18.213  9.597 0.4000000060
118648  -29.751  -40.765  15.179 0.5000000000
109934  -30.545  -38.716  14.834 0.5000000000
34294  -29.183  -36.326  13.714 0.5000000000
52242  -35.532  -16.329  9.801 0.3000000119
51414  -34.709  -17.655  9.635 0.3000000119
120151  -37.220  -54.908  15.205 0.3000000119
109348  -37.111  -54.275  14.680 0.3000000119
20315  -38.459  -54.929  14.159 0.4000000060
20323  -37.834  -54.136  14.014 0.4000000060
120774  -38.626  -54.397  13.671 0.4000000060
20324  -38.452  -53.632  13.512 0.4000000060
20325  -39.226  -54.099  13.202 0.4000000060
21976  -38.881  -52.171  13.081 0.4000000060
21977  -39.705  -52.627  12.611 0.4000000060
20308  -36.600  -54.391  15.490 0.3000000119
21107  -36.594  -53.606  14.889 0.3000000119
113143  -36.722  -52.945  14.575 0.4000000060
21108  -37.173  -53.453  14.299 0.4000000060
21115  -37.791  -53.146  13.784 0.4000000060
21975  -37.950  -52.140  13.720 0.4000000060
21116  -38.402  -52.851  13.429 0.4000000060
23735  -39.001  -50.404  13.114 0.4000000060
22842  -39.268  -51.231  12.796 0.4000000060
22816  -35.170  -51.132  16.565 0.3000000119
23702  -35.297  -50.488  16.266 0.3000000119
22825  -35.668  -50.950  15.831 0.3000000119
21967  -36.714  -52.256  14.664 0.4000000060
22834  -36.720  -51.500  14.743 0.4000000060
21968  -37.248  -52.602  14.185 0.4000000060
107434  -37.168  -51.119  14.399 0.4000000060
22840  -37.704  -51.179  13.922 0.4000000060
22841  -38.458  -51.264  13.379 0.4000000060
24548  -38.469  -48.803  13.998 0.4000000060
26037  -38.644  -47.037  14.184 0.4000000060
26036  -38.255  -47.430  14.556 0.4000000060
104866  -38.864  -49.431  13.460 0.4000000060
116483  -34.364  -49.872  17.316 0.3000000119
22800  -35.138  -51.879  16.923 0.3000000119
23713  -36.242  -50.388  15.334 0.3000000119
23725  -36.758  -50.731  14.794 0.3000000119
23726  -37.445  -50.347  14.277 0.4000000060
24547  -37.631  -49.352  14.443 0.4000000060
26026  -37.886  -46.976  15.055 0.4000000060
25275  -37.439  -47.908  15.040 0.4000000060
23727  -38.088  -49.694  13.970 0.4000000060
26027  -38.311  -46.833  14.516 0.4000000060
26738  -38.004  -46.332  14.783 0.4000000060
24512  -34.361  -49.176  17.407 0.3000000119
25258  -34.712  -48.856  16.949 0.3000000119
24525  -35.191  -49.852  16.322 0.3000000119
25259  -35.198  -49.007  16.436 0.3000000119
25273  -35.827  -48.743  15.924 0.4000000060
24536  -36.243  -49.433  15.463 0.4000000060
25274  -36.550  -48.381  15.486 0.4000000060
24546  -36.847  -49.875  14.840 0.4000000060
26716  -36.831  -45.145  16.545 0.3000000119
26726  -37.244  -45.627  15.991 0.4000000060
24537  -37.086  -48.911  14.965 0.4000000060
26737  -37.555  -46.319  15.490 0.4000000060
106273  -37.643  -45.805  15.310 0.4000000060
104542  -33.345  -47.452  20.016 0.3000000119
25983  -33.608  -47.463  19.200 0.3000000119
26679  -33.511  -46.831  20.529 0.3000000119
114702  -34.026  -48.527  18.067 0.3000000119
108034  -34.441  -47.763  17.629 0.3000000119
100181  -34.386  -46.921  18.011 0.3000000119
26013  -34.939  -48.115  16.892 0.3000000119
26002  -34.981  -47.005  17.152 0.3000000119
26724  -35.875  -46.696  16.626 0.3000000119
26014  -35.553  -47.530  16.539 0.3000000119
26715  -36.501  -45.869  16.635 0.3000000119
25260  -36.057  -47.911  16.015 0.3000000119
26725  -36.800  -46.482  16.139 0.3000000119
26015  -36.221  -47.203  16.215 0.4000000060
28087  -36.717  -44.516  16.436 0.3000000119
27396  -37.096  -45.014  16.165 0.4000000060
28099  -36.275  -44.132  15.913 0.4000000060
28112  -36.307  -44.693  15.225 0.4000000060
26690  -33.659  -46.784  19.684 0.3000000119
26702  -33.926  -46.828  18.824 0.3000000119
26691  -34.094  -46.137  19.342 0.3000000119
25992  -34.005  -47.603  18.414 0.3000000119
26703  -34.396  -46.211  18.526 0.3000000119
27386  -35.385  -45.434  17.795 0.3000000119
26713  -34.831  -46.203  17.756 0.3000000119
27387  -36.244  -45.256  17.177 0.3000000119
26714  -35.615  -46.084  17.190 0.3000000119
115667  -36.427  -43.959  17.513 0.3000000119
28080  -36.589  -44.581  16.966 0.3000000119
101086  -36.538  -44.041  17.095 0.3000000119
28832  -36.378  -43.459  17.181 0.3000000119
28844  -36.468  -43.941  16.661 0.3000000119
28831  -35.842  -43.342  16.484 0.3000000119
114797  -35.425  -44.274  15.120 0.4000000060
27355  -34.412  -45.543  20.650 0.3000000119
27365  -34.360  -45.449  19.797 0.3000000119
27346  -35.238  -45.058  21.483 0.3000000119
28036  -36.691  -44.228  21.511 0.3000000119
27376  -34.497  -45.485  18.966 0.3000000119
28061  -35.132  -43.962  19.965 0.3000000119
27347  -35.933  -44.790  21.646 0.3000000119
28072  -36.191  -43.557  18.284 0.3000000119
28071  -35.410  -44.061  18.919 0.3000000119
27377  -35.053  -44.937  18.528 0.3000000119
28079  -35.977  -44.477  17.835 0.3000000119
28826  -36.375  -43.330  17.794 0.3000000119
29574  -36.070  -42.852  17.111 0.3000000119
29585  -34.913  -42.809  15.958 0.4000000060
28854  -34.707  -43.976  14.549 0.5000000000
28047  -34.701  -44.778  20.229 0.3000000119
28034  -34.861  -44.936  20.965 0.3000000119
28795  -35.443  -43.845  20.720 0.3000000119
112338  -35.938  -43.955  21.260 0.3000000119
28060  -34.760  -44.716  19.418 0.3000000119
109053  -35.773  -43.348  20.231 0.3000000119
28786  -37.508  -43.727  21.339 0.3000000119
28787  -38.423  -44.117  21.429 0.3000000119
28808  -35.853  -43.323  19.403 0.3000000119
28799  -39.313  -43.646  21.112 0.3000000119
28817  -36.374  -42.750  18.820 0.3000000119
30387  -36.219  -41.831  18.071 0.3000000119
29567  -36.305  -42.769  17.692 0.3000000119
28810  -40.606  -43.589  19.940 0.3000000119
29566  -35.751  -42.144  17.404 0.3000000119
29573  -35.377  -42.454  16.720 0.3000000119
29584  -34.389  -42.265  15.482 0.4000000060
28843  -34.498  -43.124  15.111 0.5000000000
112562  -35.978  -43.472  20.833 0.3000000119
28785  -36.607  -43.476  21.129 0.3000000119
28809  -36.340  -42.761  19.798 0.3000000119
28796  -36.439  -42.993  20.514 0.3000000119
28797  -37.375  -42.855  20.824 0.3000000119
28798  -38.380  -43.203  21.139 0.3000000119
29556  -36.418  -42.360  18.460 0.3000000119
29536  -39.852  -43.076  20.516 0.3000000119
104776  -39.570  -42.411  20.319 0.3000000119
30378  -41.214  -41.693  18.402 0.3000000119
29557  -40.827  -42.112  19.093 0.3000000119
30386  -35.482  -41.312  17.621 0.3000000119
30396  -34.970  -41.632  17.024 0.3000000119
29572  -34.620  -41.990  16.311 0.3000000119
29532  -36.945  -42.371  20.163 0.3000000119
29533  -37.623  -42.184  20.342 0.3000000119
30363  -37.275  -41.463  19.276 0.3000000119
29545  -36.829  -42.049  19.345 0.3000000119
29546  -37.432  -41.789  19.840 0.3000000119
30353  -38.237  -41.699  20.078 0.3000000119
30354  -38.992  -42.012  20.355 0.3000000119
29534  -38.304  -42.431  20.622 0.3000000119
113235  -36.784  -41.412  18.708 0.3000000119
30375  -37.417  -40.910  18.983 0.3000000119
30364  -37.840  -41.276  19.503 0.3000000119
31175  -38.878  -40.759  19.336 0.3000000119
30366  -38.979  -41.390  19.808 0.3000000119
30374  -36.089  -40.952  18.154 0.3000000119
31188  -40.078  -40.635  18.594 0.3000000119
30376  -39.653  -41.117  19.288 0.3000000119
116042  -40.313  -40.285  18.053 0.3000000119
30377  -40.497  -41.328  18.867 0.3000000119
100529  -40.208  -41.744  19.439 0.3000000119
31200  -40.667  -40.242  17.388 0.3000000119
30388  -40.870  -40.842  18.112 0.3000000119
30385  -34.775  -40.859  17.237 0.4000000060
31201  -41.357  -40.732  17.207 0.3000000119
30395  -34.403  -41.189  16.567 0.4000000060
105919  -41.894  -40.747  14.465 0.3000000119
30406  -34.260  -41.548  15.857 0.3000000119
31229  -41.934  -40.954  13.451 0.3000000119
30415  -34.164  -41.542  14.889 0.5000000000
100781  -34.294  -41.957  13.955 0.5000000000
31184  -36.838  -40.595  18.466 0.3000000119
31973  -38.243  -39.751  18.354 0.3000000119
31186  -38.575  -40.249  18.778 0.3000000119
107632  -39.720  -40.020  18.203 0.3000000119
31197  -35.469  -40.541  17.631 0.4000000060
31199  -40.088  -39.880  17.613 0.3000000119
31999  -40.575  -39.816  15.383 0.3000000119
31209  -34.969  -40.103  17.196 0.4000000060
31208  -34.463  -40.372  16.631 0.5000000000
31210  -41.032  -40.213  16.369 0.3000000119
31217  -41.391  -40.373  15.145 0.4000000060
31227  -40.621  -40.090  14.286 0.4000000060
31216  -34.122  -40.698  15.752 0.5000000000
31228  -41.277  -40.545  13.832 0.3000000119
31226  -34.068  -40.591  14.663 0.6000000238
100361  -34.282  -41.254  13.861 0.6000000238
31972  -36.938  -39.940  18.237 0.3000000119
31983  -37.522  -39.541  18.063 0.3000000119
31984  -38.357  -39.249  17.710 0.3000000119
31198  -36.225  -40.197  17.978 0.3000000119
104424  -39.381  -39.427  17.433 0.3000000119
31993  -39.338  -39.016  16.265 0.4000000060
31981  -35.671  -39.789  17.511 0.4000000060
31994  -40.184  -39.631  16.590 0.4000000060
103907  -39.788  -39.345  15.358 0.4000000060
31990  -34.759  -39.562  16.665 0.5000000000
117261  -40.101  -39.653  14.600 0.4000000060
32027  -40.127  -39.579  12.644 0.4000000060
31997  -34.265  -39.695  15.986 0.5000000000
102761  -34.035  -39.886  15.252 0.6000000238
31240  -40.562  -40.235  13.088 0.4000000060
32037  -40.606  -38.969  11.570 0.4000000060
31251  -40.763  -40.043  11.773 0.3000000119
100973  -33.961  -39.685  14.410 0.6000000238
31239  -34.253  -40.456  13.622 0.6000000238
102382  -34.672  -41.124  12.836 0.6999999881
31982  -36.582  -39.458  17.676 0.3000000119
32790  -37.447  -38.924  17.335 0.3000000119
120664  -38.143  -38.826  17.153 0.3000000119
32788  -35.869  -39.118  17.201 0.3000000119
31992  -38.693  -38.847  16.908 0.3000000119
32801  -38.680  -38.658  16.056 0.4000000060
31991  -35.264  -39.479  17.099 0.5000000000
31998  -39.462  -39.295  14.290 0.4000000060
103925  -35.269  -38.930  16.735 0.5000000000
32012  -39.445  -39.098  13.258 0.4000000060
32799  -35.271  -38.297  16.316 0.5000000000
32798  -34.646  -38.866  16.166 0.6000000238
32026  -39.904  -38.824  12.387 0.4000000060
32855  -41.048  -37.873  11.470 0.4000000060
32047  -41.563  -38.614  10.800 0.4000000060
32856  -41.598  -37.983  11.332 0.4000000060
32025  -34.215  -39.597  13.310 0.6999999881
32036  -34.750  -39.505  12.059 0.6999999881
31250  -34.723  -40.373  12.474 0.6999999881
103453  -37.029  -38.476  16.661 0.4000000060
103929  -37.971  -38.575  16.490 0.4000000060
114409  -38.222  -38.413  15.500 0.4000000060
32800  -36.062  -38.455  16.692 0.4000000060
32810  -37.443  -38.186  15.910 0.4000000060
32811  -38.465  -38.238  14.480 0.4000000060
33540  -36.597  -37.980  16.165 0.4000000060
32812  -38.976  -38.798  15.101 0.4000000060
32828  -38.955  -38.766  13.933 0.4000000060
117735  -39.581  -37.948  12.517 0.4000000060
33589  -40.602  -37.295  11.999 0.4000000060
32809  -34.725  -38.051  15.762 0.6000000238
32854  -40.304  -38.158  11.948 0.4000000060
32844  -41.384  -37.631  11.762 0.4000000060
116565  -34.308  -38.068  15.245 0.6000000238
112339  -34.138  -38.064  14.651 0.6999999881
115529  -34.104  -38.014  13.710 0.6999999881
32829  -41.686  -37.986  12.754 0.4000000060
107160  -34.247  -38.738  12.963 0.6999999881
31262  -35.496  -40.386  10.899 0.6999999881
33551  -37.800  -37.822  15.015 0.4000000060
33539  -35.826  -37.825  16.193 0.4000000060
33550  -37.018  -37.481  15.497 0.4000000060
120703  -35.301  -37.861  16.036 0.6000000238
33549  -36.267  -37.317  15.713 0.5000000000
32827  -38.865  -37.842  13.332 0.4000000060
33560  -34.668  -37.432  15.114 0.6999999881
33578  -40.200  -36.797  12.501 0.4000000060
33579  -40.647  -36.906  12.349 0.4000000060
33576  -34.367  -37.310  14.232 0.6999999881
33564  -41.140  -37.490  13.611 0.4000000060
32842  -34.326  -37.899  12.634 0.6999999881
32813  -41.754  -38.263  14.423 0.4000000060
32045  -35.528  -39.300  10.633 0.6999999881
33553  -42.056  -38.131  15.660 0.4000000060
33543  -43.361  -37.422  16.503 0.4000000060
34268  -36.708  -36.595  15.069 0.4000000060
33561  -37.536  -36.824  14.568 0.4000000060
33562  -38.293  -37.251  13.989 0.4000000060
33548  -35.466  -37.387  15.675 0.6999999881
34267  -36.009  -36.559  15.305 0.5000000000
33577  -39.010  -36.569  12.995 0.4000000060
34266  -35.415  -36.760  15.160 0.6999999881
32843  -39.500  -36.972  12.701 0.4000000060
34301  -40.207  -36.381  12.805 0.4000000060
106685  -34.874  -36.573  14.610 0.6999999881
34300  -39.792  -36.073  12.888 0.4000000060
34285  -40.172  -36.229  13.442 0.4000000060
34297  -34.526  -36.484  13.602 0.6999999881
33563  -40.618  -37.099  14.315 0.4000000060
121094  -34.290  -37.346  13.397 0.6999999881
33552  -41.268  -37.736  15.066 0.4000000060
113291  -41.570  -37.529  16.157 0.4000000060
32853  -34.785  -38.591  11.703 0.6999999881
33542  -42.495  -37.525  16.430 0.4000000060
34262  -43.670  -36.763  16.663 0.4000000060
34283  -38.405  -36.070  13.450 0.4000000060
34281  -36.498  -35.725  14.603 0.6000000238
34282  -37.538  -35.626  14.034 0.5000000000
34299  -39.206  -35.666  12.995 0.4000000060
119036  -29.210  -33.961  13.610 0.4000000060
35890  -29.711  -34.509  13.534 0.5000000000
34284  -39.826  -35.698  13.164 0.4000000060
35069  -35.054  -35.778  14.169 0.6000000238
34269  -39.825  -35.776  14.005 0.4000000060
34270  -40.211  -36.619  14.916 0.4000000060
35090  -34.881  -35.541  13.363 0.6999999881
34309  -34.619  -36.002  12.457 0.6999999881
34260  -41.140  -36.899  16.556 0.4000000060
102034  -35.021  -37.667  11.350 0.6999999881
109083  -42.035  -36.903  16.808 0.4000000060
34261  -42.447  -36.181  17.088 0.4000000060
35055  -42.793  -35.419  17.076 0.4000000060
36698  -44.038  -34.204  16.127 0.4000000060
34298  -38.826  -34.983  13.215 0.5000000000
35072  -37.478  -34.673  13.673 0.6000000238
121060  -38.179  -34.798  13.399 0.5000000000
107086  -28.512  -33.778  13.739 0.3000000119
35070  -35.660  -35.109  14.092 0.6000000238
35071  -36.413  -34.921  14.154 0.6000000238
35093  -39.420  -35.318  13.267 0.4000000060
116507  -35.228  -35.347  13.805 0.6000000238
105492  -35.675  -33.905  12.261 0.6999999881
34258  -39.777  -36.201  15.569 0.4000000060
35102  -35.054  -34.882  12.257 0.8000000119
35054  -40.050  -36.214  16.504 0.4000000060
34259  -40.375  -36.684  16.119 0.4000000060
34250  -41.576  -36.262  17.081 0.4000000060
35040  -41.933  -35.508  17.274 0.4000000060
35865  -43.256  -34.540  16.722 0.4000000060
36697  -43.450  -33.584  16.398 0.4000000060
35893  -38.201  -33.670  13.390 0.6000000238
35092  -38.521  -34.290  13.450 0.5000000000
35073  -38.819  -34.544  13.520 0.5000000000
101309  -28.212  -33.042  13.977 0.4000000060
36720  -29.134  -33.216  13.701 0.4000000060
35091  -35.550  -34.616  13.213 0.6000000238
35877  -37.415  -34.038  13.399 0.6000000238
105307  -29.684  -32.791  13.449 0.5000000000
35074  -39.433  -35.132  13.516 0.5000000000
37577  -30.308  -32.738  13.060 0.5000000000
109981  -36.436  -32.924  11.604 0.6999999881
35052  -38.742  -35.124  15.693 0.5000000000
37586  -30.657  -32.243  12.198 0.6999999881
37585  -30.083  -31.858  12.665 0.6000000238
36739  -35.829  -32.922  10.504 0.6999999881
104779  -36.256  -32.546  11.368 0.6999999881
35902  -35.506  -33.906  11.419 0.6999999881
35053  -39.438  -35.701  16.378 0.5000000000
38498  -31.090  -30.264  10.373 0.6999999881
38494  -30.467  -31.206  11.512 0.6999999881
35910  -35.666  -34.150  10.083 0.6999999881
36746  -35.602  -33.539  9.848 0.6999999881
35038  -40.197  -35.794  17.119 0.4000000060
34249  -40.718  -36.315  16.886 0.4000000060
35039  -41.049  -35.670  17.302 0.4000000060
35850  -42.268  -34.542  17.223 0.4000000060
117811  -42.748  -33.833  16.854 0.4000000060
36723  -38.063  -33.338  13.206 0.6000000238
36712  -38.263  -33.545  13.600 0.6000000238
35894  -38.347  -33.815  13.506 0.6000000238
37574  -27.933  -32.099  14.072 0.4000000060
37575  -29.012  -32.263  13.762 0.4000000060
36722  -37.438  -32.601  12.757 0.6999999881
35892  -38.003  -33.041  12.914 0.6000000238
36703  -38.129  -33.725  14.393 0.5000000000
37576  -29.767  -32.231  13.277 0.6999999881
37589  -36.551  -32.331  11.780 0.6999999881
36732  -37.061  -32.450  12.369 0.6999999881
35891  -36.972  -33.067  12.428 0.6999999881
35869  -38.423  -34.376  14.910 0.5000000000
35061  -39.043  -34.579  14.075 0.5000000000
38493  -29.763  -30.994  12.169 0.6999999881
36731  -36.882  -32.445  12.096 0.6999999881
37588  -35.532  -32.031  11.556 0.6999999881
35864  -39.030  -34.975  16.872 0.4000000060
37596  -35.294  -32.343  10.576 0.6999999881
37597  -35.588  -32.850  10.202 0.6999999881
38495  -34.358  -31.618  11.803 0.6000000238
38510  -34.515  -32.142  10.090 0.6000000238
37603  -34.971  -32.623  9.838 0.6999999881
35037  -39.726  -35.271  17.208 0.4000000060
110387  -40.815  -34.262  17.550 0.4000000060
39387  -30.805  -29.747  10.770 0.6999999881
38501  -33.685  -31.254  11.157 0.6000000238
35848  -40.472  -35.084  17.423 0.4000000060
38509  -33.752  -31.582  10.157 0.6000000238
37528  -41.865  -32.792  17.037 0.4000000060
36680  -42.069  -33.603  17.156 0.4000000060
37547  -42.701  -32.953  16.615 0.4000000060
37548  -43.592  -32.722  16.044 0.4000000060
38482  -27.628  -31.227  13.624 0.6000000238
38483  -28.574  -31.378  13.466 0.6000000238
37579  -36.259  -32.391  13.218 0.6000000238
37580  -37.472  -32.515  12.949 0.6999999881
110163  -37.597  -32.723  13.417 0.6999999881
37562  -37.873  -32.814  12.937 0.6000000238
102969  -36.051  -32.133  12.360 0.6000000238
38484  -29.441  -31.556  13.136 0.6999999881
38486  -34.680  -31.700  12.600 0.6000000238
35863  -38.416  -34.496  16.337 0.5000000000
39375  -29.356  -30.233  11.751 0.6999999881
36676  -38.883  -34.017  17.277 0.4000000060
39376  -30.194  -30.167  11.122 0.6999999881
38502  -34.490  -31.900  10.910 0.6999999881
41241  -30.052  -29.281  11.497 0.6999999881
36677  -39.664  -33.417  17.607 0.4000000060
35847  -39.800  -34.448  17.485 0.4000000060
39378  -33.024  -30.488  11.266 0.6000000238
36678  -40.407  -33.657  17.614 0.4000000060
40339  -31.313  -29.702  10.631 0.6999999881
40340  -31.864  -29.755  10.713 0.6999999881
39388  -32.383  -30.124  10.308 0.6000000238
37527  -41.248  -32.608  17.324 0.4000000060
38428  -41.653  -31.965  16.978 0.4000000060
117379  -42.297  -32.250  16.689 0.4000000060
107500  -42.298  -31.613  16.618 0.4000000060
113620  -42.968  -31.949  16.276 0.4000000060
39339  -43.254  -30.610  15.694 0.3000000119
39359  -27.290  -30.363  13.061 0.5000000000
37578  -34.926  -32.010  13.552 0.6000000238
37560  -35.219  -32.203  14.390 0.6000000238
37561  -36.449  -32.640  14.130 0.6000000238
36711  -37.962  -33.126  13.677 0.6000000238
36702  -37.304  -33.471  15.413 0.6000000238
39360  -28.207  -30.616  12.980 0.5000000000
35862  -37.831  -34.058  15.840 0.5000000000
38492  -29.012  -30.803  12.661 0.6999999881
36695  -37.612  -33.395  16.539 0.5000000000
36696  -38.211  -33.786  16.806 0.4000000060
101581  -28.914  -29.717  11.767 0.8000000119
38485  -33.985  -31.147  13.623 0.6000000238
36675  -38.172  -33.007  17.248 0.4000000060
100509  -38.904  -33.125  17.501 0.4000000060
39386  -29.770  -29.682  11.365 0.6999999881
110641  -33.651  -31.043  12.411 0.6000000238
39362  -32.992  -30.227  12.489 0.6000000238
37526  -39.561  -32.508  17.608 0.4000000060
38427  -40.299  -31.880  17.475 0.4000000060
112265  -40.488  -32.790  17.589 0.4000000060
40327  -30.789  -29.375  11.393 0.6999999881
41231  -31.199  -28.877  12.452 0.6999999881
39361  -32.573  -29.580  12.627 0.6999999881
38451  -41.044  -31.402  17.192 0.4000000060
40328  -31.483  -29.468  11.666 0.6999999881
39319  -41.037  -30.545  16.991 0.4000000060
40275  -41.731  -30.180  16.561 0.3000000119
38452  -41.854  -31.003  16.818 0.4000000060
40296  -42.553  -29.196  15.612 0.4000000060
38453  -42.652  -30.986  16.309 0.3000000119
37552  -35.474  -32.093  15.279 0.6000000238
37553  -36.111  -32.463  15.509 0.6000000238
117832  -36.594  -32.807  15.953 0.5000000000
117185  -27.926  -30.106  12.445 0.6000000238
38470  -34.449  -31.426  14.503 0.6000000238
38463  -34.857  -31.584  15.163 0.6000000238
36701  -37.095  -32.879  16.502 0.5000000000
39374  -28.576  -30.181  12.169 0.6999999881
37546  -37.211  -32.125  16.860 0.5000000000
105293  -37.590  -32.716  16.950 0.4000000060
40325  -28.372  -29.193  11.869 0.6999999881
112048  -33.448  -30.524  13.240 0.6000000238
39344  -33.562  -30.327  13.858 0.6000000238
37524  -37.924  -32.194  17.262 0.5000000000
37525  -38.704  -32.309  17.497 0.5000000000
40326  -29.194  -29.228  11.709 0.8000000119
38425  -38.422  -31.494  17.371 0.4000000060
41229  -29.447  -28.674  12.172 0.8000000119
40311  -33.164  -29.709  13.405 0.6000000238
38426  -39.398  -31.501  17.493 0.4000000060
42194  -39.326  -27.535  15.641 0.5000000000
41192  -38.966  -28.135  16.151 0.5000000000
41171  -39.452  -28.842  16.534 0.5000000000
39317  -39.368  -29.977  17.121 0.4000000060
39300  -40.296  -31.011  17.306 0.4000000060
41230  -30.338  -28.679  12.414 0.6999999881
41210  -30.972  -28.302  13.009 0.6999999881
41232  -32.035  -29.011  12.676 0.6999999881
43184  -39.702  -26.946  15.193 0.5000000000
41193  -39.869  -28.126  16.050 0.5000000000
41172  -40.388  -28.782  16.404 0.4000000060
40273  -39.968  -29.475  16.807 0.4000000060
111718  -40.032  -26.497  14.625 0.4000000060
111739  -40.194  -27.513  15.537 0.5000000000
41194  -40.853  -28.080  15.848 0.4000000060
40274  -40.915  -29.600  16.678 0.4000000060
43200  -40.790  -26.566  14.548 0.4000000060
42210  -40.487  -26.964  15.089 0.4000000060
41173  -41.165  -28.818  16.221 0.4000000060
40295  -41.793  -29.348  16.179 0.4000000060
38464  -35.261  -31.189  15.785 0.6000000238
38465  -35.757  -31.708  16.002 0.6000000238
106962  -27.021  -29.241  12.173 0.5000000000
39345  -33.993  -30.450  14.462 0.6000000238
39336  -34.591  -30.577  15.325 0.6000000238
39337  -35.369  -30.240  16.023 0.6000000238
38448  -35.857  -31.037  16.325 0.5000000000
106696  -36.588  -30.936  16.645 0.5000000000
38449  -36.432  -31.837  16.448 0.5000000000
39373  -27.450  -29.695  12.349 0.6000000238
101115  -28.149  -29.658  12.070 0.6999999881
40302  -33.640  -29.604  14.193 0.6000000238
39314  -36.893  -30.189  16.720 0.5000000000
117856  -37.059  -31.436  16.822 0.5000000000
40324  -27.626  -29.158  11.974 0.6000000238
38450  -37.353  -30.824  16.918 0.5000000000
38424  -37.662  -31.472  17.122 0.5000000000
41228  -28.594  -28.652  12.026 0.8000000119
41170  -38.578  -28.767  16.513 0.5000000000
39315  -37.715  -30.125  16.962 0.5000000000
39297  -38.087  -30.775  17.189 0.5000000000
42236  -28.990  -27.998  12.576 0.8000000119
41212  -32.765  -28.929  13.274 0.6000000238
43182  -38.125  -26.815  15.334 0.5000000000
42193  -37.451  -27.079  15.580 0.5000000000
40271  -38.135  -29.450  16.786 0.5000000000
39316  -38.513  -30.068  17.117 0.5000000000
118097  -38.335  -27.512  15.748 0.5000000000
40272  -38.917  -29.440  16.833 0.5000000000
42216  -30.396  -27.883  13.127 0.8000000119
41211  -31.688  -28.323  13.138 0.6999999881
108068  -32.361  -28.401  13.283 0.6999999881
43198  -38.423  -26.344  14.864 0.5000000000
43199  -39.240  -26.434  14.720 0.4000000060
40323  -26.213  -28.960  12.306 0.5000000000
40303  -34.244  -29.577  14.844 0.6000000238
40293  -34.847  -29.550  15.514 0.6000000238
39313  -36.118  -30.282  16.473 0.5000000000
107219  -27.020  -28.665  11.915 0.5000000000
40268  -35.829  -29.657  16.276 0.5000000000
40269  -36.456  -29.518  16.479 0.5000000000
41226  -26.270  -28.104  11.941 0.5000000000
118602  -33.776  -28.241  14.251 0.6000000238
41203  -33.976  -28.760  14.432 0.6000000238
41168  -36.838  -28.706  16.370 0.5000000000
40270  -37.285  -29.443  16.661 0.5000000000
41213  -33.395  -28.693  13.872 0.6000000238
42192  -36.634  -27.335  15.703 0.5000000000
41169  -37.738  -28.720  16.471 0.5000000000
42235  -28.070  -27.737  12.106 0.6999999881
103681  -32.944  -28.072  13.582 0.6000000238
109090  -38.202  -28.178  16.235 0.5000000000
114234  -28.803  -27.304  12.581 0.6999999881
43197  -37.449  -26.296  15.125 0.5000000000
44076  -37.990  -25.681  14.491 0.4000000060
106015  -29.723  -28.129  12.786 0.8000000119
42217  -31.254  -27.657  13.324 0.6999999881
44077  -38.841  -25.835  14.286 0.5000000000
44091  -39.261  -25.527  13.569 0.5000000000
42237  -29.635  -27.324  12.979 0.6999999881
44078  -39.615  -25.965  14.170 0.4000000060
43211  -40.393  -26.066  14.017 0.5000000000
44103  -40.288  -25.475  12.072 0.4000000060
44104  -40.838  -25.585  11.856 0.5000000000
45031  -39.738  -26.436  9.842 0.5000000000
43243  -42.412  -25.993  11.565 0.5000000000
44123  -40.037  -26.160  10.497 0.5000000000
40294  -35.436  -29.376  15.901 0.6000000238
41204  -34.594  -28.703  15.043 0.6000000238
41188  -35.258  -28.723  15.564 0.6000000238
41189  -35.936  -28.835  16.105 0.5000000000
111440  -26.236  -27.393  11.760 0.5000000000
42234  -27.047  -27.776  11.797 0.5000000000
41227  -27.759  -28.573  11.902 0.6999999881
42208  -34.296  -27.910  14.580 0.6000000238
42190  -35.104  -27.892  15.243 0.6000000238
43181  -36.780  -26.713  15.436 0.5000000000
41190  -36.359  -28.038  15.962 0.5000000000
42250  -25.618  -26.712  11.623 0.5000000000
43221  -27.379  -26.870  11.866 0.6999999881
42207  -33.574  -27.702  14.074 0.6000000238
44089  -37.613  -24.991  14.041 0.4000000060
42218  -32.212  -27.570  13.498 0.6999999881
44090  -38.530  -25.280  13.650 0.5000000000
45029  -38.782  -26.452  9.826 0.4000000060
116168  -39.218  -25.836  9.496 0.4000000060
43208  -31.534  -26.757  13.496 0.6999999881
44121  -39.548  -26.011  10.676 0.4000000060
43207  -30.603  -26.995  13.307 0.6999999881
44122  -39.795  -26.217  10.318 0.4000000060
44124  -40.997  -26.002  10.664 0.5000000000
44125  -41.988  -26.147  10.475 0.5000000000
44131  -40.183  -26.540  9.608 0.5000000000
111246  -35.691  -28.180  15.676 0.5000000000
42209  -34.832  -27.162  14.895 0.5000000000
42191  -35.849  -27.557  15.581 0.5000000000
43240  -25.887  -26.057  11.376 0.6000000238
42251  -26.539  -26.843  11.641 0.6000000238
43195  -34.174  -27.034  14.373 0.6000000238
43180  -36.062  -26.887  15.426 0.5000000000
43241  -26.847  -26.123  11.442 0.6000000238
43194  -33.585  -26.871  14.046 0.5000000000
108649  -36.329  -26.132  15.126 0.5000000000
44075  -37.049  -25.511  14.648 0.5000000000
44988  -36.740  -24.761  14.198 0.6000000238
43222  -28.242  -26.715  12.267 0.6999999881
43209  -32.411  -26.530  13.669 0.6999999881
45011  -38.163  -26.203  10.201 0.5000000000
45028  -38.604  -26.434  9.557 0.4000000060
45002  -38.100  -24.712  13.193 0.5000000000
45003  -38.816  -25.204  12.337 0.5000000000
45012  -38.787  -26.094  10.517 0.4000000060
45887  -38.754  -25.985  9.383 0.4000000060
43223  -29.084  -26.516  12.702 0.6999999881
45889  -39.772  -25.094  9.990 0.4000000060
44100  -30.303  -25.402  12.832 0.6999999881
102490  -39.152  -26.337  9.581 0.4000000060
45030  -39.610  -25.593  9.637 0.4000000060
44099  -29.404  -25.595  12.546 0.6999999881
43224  -29.962  -26.298  13.061 0.6999999881
45050  -40.136  -26.056  9.187 0.4000000060
44132  -40.111  -26.683  9.503 0.5000000000
43196  -35.453  -26.596  15.081 0.5000000000
111479  -34.769  -26.409  14.633 0.5000000000
108011  -35.474  -25.894  14.780 0.5000000000
44074  -36.146  -25.358  14.638 0.5000000000
44117  -26.102  -25.355  11.124 0.6000000238
44072  -34.034  -26.126  14.110 0.5000000000
43242  -27.681  -26.010  11.785 0.6999999881
102573  -37.295  -24.356  13.510 0.5000000000
43210  -33.192  -26.291  13.854 0.6000000238
115799  -37.731  -24.357  12.789 0.5000000000
45027  -38.065  -26.339  9.386 0.4000000060
45875  -37.761  -24.770  11.684 0.5000000000
46744  -39.039  -24.336  10.517 0.4000000060
45888  -39.697  -24.616  10.331 0.4000000060
44098  -28.515  -25.803  12.234 0.6999999881
44996  -32.011  -24.909  13.351 0.6000000238
110206  -40.039  -23.686  11.003 0.4000000060
44084  -30.860  -26.049  13.347 0.6999999881
44101  -31.157  -25.169  13.134 0.6000000238
45009  -31.513  -24.395  12.732 0.6000000238
45890  -40.496  -23.932  10.664 0.4000000060
45007  -29.748  -24.739  12.241 0.6000000238
45008  -30.673  -24.604  12.495 0.6999999881
45025  -31.031  -23.911  12.085 0.6000000238
44120  -28.839  -24.945  11.955 0.6999999881
45870  -31.829  -23.674  12.288 0.6000000238
45880  -31.369  -23.386  11.516 0.6000000238
45051  -39.713  -26.774  8.879 0.5000000000
44138  -40.282  -26.295  8.685 0.5000000000
113374  -24.968  -24.448  10.876 0.5000000000
114396  -35.457  -25.248  14.508 0.6000000238
44987  -35.887  -24.641  14.248 0.6000000238
44118  -27.133  -25.371  11.270 0.6000000238
44088  -34.213  -25.073  14.046 0.6000000238
44073  -34.804  -25.592  14.426 0.6000000238
45001  -36.515  -24.048  13.639 0.5000000000
45862  -37.173  -23.796  12.818 0.5000000000
45047  -26.823  -24.101  10.398 0.6000000238
45021  -27.429  -24.678  11.009 0.6000000238
44998  -33.707  -24.379  13.578 0.6000000238
45874  -37.033  -23.898  11.813 0.5000000000
45026  -37.577  -25.977  9.278 0.5000000000
45914  -38.553  -26.253  9.333 0.4000000060
45022  -28.330  -24.506  11.264 0.6999999881
45048  -27.832  -24.074  10.599 0.6000000238
44086  -32.613  -25.584  13.656 0.6999999881
45886  -37.552  -25.843  10.092 0.5000000000
46745  -39.640  -22.998  11.433 0.4000000060
44085  -31.750  -25.796  13.530 0.6999999881
103460  -32.664  -23.345  12.348 0.6999999881
46746  -40.435  -22.746  11.342 0.4000000060
45023  -29.261  -24.169  11.400 0.6000000238
113123  -32.890  -22.787  11.666 0.6999999881
46741  -33.617  -22.476  10.838 0.6000000238
46747  -41.201  -22.827  10.963 0.4000000060
45879  -29.991  -23.557  11.030 0.6000000238
104621  -30.681  -23.580  11.446 0.6000000238
46740  -32.547  -22.643  10.913 0.6000000238
46764  -32.965  -22.517  9.931 0.6000000238
46739  -31.711  -22.871  10.831 0.6000000238
46763  -32.148  -22.627  10.205 0.6000000238
106755  -41.442  -24.256  9.834 0.5000000000
113983  -40.756  -24.417  10.239 0.4000000060
45059  -40.057  -26.237  8.805 0.5000000000
45924  -41.400  -24.891  9.123 0.5000000000
44986  -35.050  -24.735  14.221 0.6000000238
44999  -34.579  -24.106  13.702 0.6000000238
45000  -35.570  -23.960  13.710 0.6000000238
45861  -36.428  -23.311  12.825 0.5000000000
45046  -25.515  -23.786  10.415 0.6000000238
45913  -37.712  -25.954  9.056 0.5000000000
46768  -38.281  -24.486  9.977 0.4000000060
45906  -27.443  -23.570  9.964 0.6000000238
45859  -34.190  -23.293  13.020 0.6000000238
45873  -36.178  -23.035  11.907 0.5000000000
45884  -35.517  -23.545  10.446 0.5000000000
45911  -36.183  -24.687  9.105 0.5000000000
118630  -36.995  -25.266  9.350 0.5000000000
101162  -38.819  -22.850  11.364 0.4000000060
45871  -33.191  -23.682  13.025 0.6999999881
45883  -34.500  -22.555  11.257 0.5000000000
45885  -36.701  -25.032  10.085 0.5000000000
47666  -40.132  -21.829  11.633 0.4000000060
45907  -29.187  -23.617  10.556 0.6000000238
46786  -34.629  -23.378  8.909 0.6000000238
47667  -40.886  -21.788  11.356 0.4000000060
46761  -30.602  -22.783  9.873 0.6000000238
47680  -41.516  -21.641  10.852 0.4000000060
45909  -30.801  -23.129  10.673 0.6000000238
46769  -41.697  -23.223  10.218 0.4000000060
113781  -41.759  -22.266  10.434 0.4000000060
46762  -31.432  -22.652  9.933 0.6000000238
46784  -32.307  -22.462  9.491 0.6000000238
108729  -42.108  -23.391  9.114 0.5000000000
45927  -42.287  -24.150  8.196 0.4000000060
45860  -35.342  -23.064  13.009 0.5000000000
46766  -36.572  -24.381  9.007 0.5000000000
46767  -37.261  -24.247  9.441 0.5000000000
46743  -37.989  -22.606  10.886 0.4000000060
45919  -28.124  -23.022  9.420 0.6000000238
109298  -28.970  -23.300  9.871 0.6000000238
45922  -35.671  -24.422  8.893 0.5000000000
45912  -37.019  -25.069  9.105 0.5000000000
47665  -39.385  -21.751  11.706 0.4000000060
104897  -28.381  -23.608  10.189 0.6000000238
115200  -35.398  -24.245  9.192 0.5000000000
45908  -29.849  -23.174  10.074 0.6000000238
46783  -30.860  -22.471  9.266 0.6000000238
112709  -34.194  -22.870  8.807 0.6000000238
109692  -31.648  -22.388  9.204 0.6000000238
46797  -33.395  -22.234  8.748 0.6000000238
46788  -42.129  -22.305  9.599 0.4000000060
46800  -42.450  -22.308  8.579 0.3000000119
111394  -42.606  -23.090  7.917 0.3000000119
47679  -37.124  -22.086  10.385 0.5000000000
48572  -38.460  -20.634  11.576 0.5000000000
45923  -36.179  -24.563  8.897 0.5000000000
46787  -36.067  -23.654  8.781 0.6000000238
47664  -38.597  -21.546  11.549 0.4000000060
48573  -39.189  -20.671  11.850 0.5000000000
108382  -39.823  -21.072  11.750 0.4000000060
45920  -29.139  -22.776  9.389 0.6000000238
46794  -30.066  -21.922  8.655 0.6000000238
45926  -35.680  -24.073  8.713 0.6000000238
111219  -40.448  -20.979  11.564 0.4000000060
46782  -30.009  -22.593  9.357 0.6000000238
46799  -35.298  -23.517  8.644 0.6999999881
110173  -41.173  -20.854  11.202 0.3000000119
46795  -31.233  -22.031  8.736 0.6000000238
47700  -34.945  -22.428  8.547 0.6000000238
48591  -41.791  -20.648  10.395 0.3000000119
46796  -32.337  -22.188  8.809 0.6000000238
108533  -34.192  -22.399  8.607 0.6000000238
47681  -42.002  -21.486  9.992 0.4000000060
47699  -33.485  -21.427  8.387 0.6000000238
47692  -42.277  -21.480  9.078 0.3000000119
47701  -42.708  -21.560  8.226 0.3000000119
48588  -36.524  -21.311  9.863 0.6000000238
48571  -37.841  -21.207  11.184 0.5000000000
106984  -35.885  -21.967  9.053 0.6000000238
49579  -39.423  -19.730  11.799 0.4000000060
48574  -39.937  -20.342  11.749 0.4000000060
109187  -29.325  -22.242  8.897 0.6000000238
47691  -35.625  -22.857  8.710 0.6000000238
48575  -40.662  -20.154  11.430 0.3000000119
48590  -41.356  -19.991  11.022 0.3000000119
47696  -30.564  -21.255  8.139 0.6000000238
47697  -31.669  -21.474  8.262 0.6000000238
48614  -32.004  -20.823  7.880 0.6000000238
108394  -34.211  -21.439  8.429 0.6000000238
110333  -42.144  -20.837  9.517 0.3000000119
47698  -32.631  -21.522  8.360 0.6000000238
48618  -42.426  -20.647  8.764 0.3000000119
48629  -42.995  -20.862  7.994 0.3000000119
48589  -37.203  -20.691  10.611 0.6000000238
49577  -37.908  -20.156  11.316 0.5000000000
49578  -38.662  -19.880  11.729 0.4000000060
115534  -36.149  -20.349  9.238 0.6000000238
50521  -39.671  -19.019  11.623 0.4000000060
49580  -40.140  -19.514  11.604 0.4000000060
48601  -35.569  -20.708  8.707 0.6000000238
49581  -40.883  -19.307  11.309 0.3000000119
49597  -41.535  -19.212  10.840 0.3000000119
48617  -34.762  -20.783  8.406 0.6000000238
49610  -42.083  -19.229  10.104 0.3000000119
48616  -33.726  -20.271  7.954 0.6000000238
48603  -42.187  -20.042  9.586 0.3000000119
48615  -32.784  -20.546  7.892 0.6000000238
111026  -42.412  -19.836  8.896 0.3000000119
111027  -42.725  -19.997  8.389 0.3000000119
115421  -36.684  -20.238  10.114 0.6000000238
49596  -37.297  -19.534  10.627 0.5000000000
102910  -38.136  -19.251  11.402 0.5000000000
106676  -38.954  -18.977  11.650 0.4000000060
107864  -39.555  -18.325  11.591 0.4000000060
50522  -40.339  -18.554  11.516 0.4000000060
48613  -30.904  -20.383  7.616 0.6000000238
49608  -35.604  -19.632  8.598 0.6000000238
50523  -41.185  -18.461  11.198 0.3000000119
48625  -30.479  -19.049  7.247 0.6000000238
48626  -31.695  -19.620  7.387 0.6000000238
109304  -35.070  -19.887  8.301 0.6000000238
50550  -42.180  -18.516  9.736 0.3000000119
49618  -34.350  -19.424  7.580 0.6000000238
48627  -32.735  -19.332  7.267 0.6000000238
48628  -33.490  -19.081  7.175 0.6000000238
49595  -36.604  -19.527  9.870 0.6000000238
50535  -37.745  -18.544  10.956 0.4000000060
50520  -38.403  -18.552  11.393 0.4000000060
111975  -38.913  -18.128  11.524 0.4000000060
49609  -36.153  -19.135  9.226 0.5000000000
50534  -36.918  -18.561  9.966 0.5000000000
51409  -40.831  -17.674  11.408 0.4000000060
50548  -35.656  -18.725  8.303 0.5000000000
51417  -41.500  -17.650  10.925 0.3000000119
49625  -30.626  -18.219  6.901 0.6000000238
49619  -35.070  -19.103  7.738 0.5000000000
49626  -31.589  -18.284  6.848 0.6000000238
49629  -34.280  -18.369  6.871 0.6000000238
49627  -32.531  -17.944  6.689 0.6000000238
49628  -33.637  -18.400  6.799 0.6000000238
50568  -33.204  -17.242  6.267 0.5000000000
51416  -37.616  -17.569  10.503 0.4000000060
51405  -38.266  -17.206  11.104 0.4000000060
51406  -38.855  -17.384  11.434 0.4000000060
51407  -39.401  -17.663  11.554 0.3000000119
50549  -36.274  -18.175  8.919 0.5000000000
52233  -39.579  -16.855  11.498 0.3000000119
52234  -40.497  -16.865  11.442 0.3000000119
51408  -40.047  -17.640  11.584 0.3000000119
50559  -35.071  -18.254  7.253 0.5000000000
52246  -41.530  -16.822  10.713 0.3000000119
52255  -42.211  -16.948  8.794 0.3000000119
50569  -34.218  -17.424  6.422 0.5000000000
51423  -37.331  -16.641  9.776 0.3000000119
52244  -37.966  -16.621  10.637 0.3000000119
52232  -38.701  -16.633  11.203 0.3000000119
52252  -36.760  -16.428  8.731 0.3000000119
51422  -36.831  -17.455  9.455 0.4000000060
51429  -36.279  -17.171  8.347 0.3000000119
53141  -40.162  -16.045  11.271 0.3000000119
50560  -35.648  -17.772  7.874 0.4000000060
53142  -41.018  -16.169  11.061 0.3000000119
117057  -35.006  -17.407  6.923 0.5000000000
52260  -42.048  -16.167  9.203 0.3000000119
52261  -42.299  -16.264  8.299 0.3000000119
51435  -33.378  -16.211  5.888 0.4000000060
51436  -34.424  -16.398  6.263 0.5000000000
52253  -37.714  -15.815  9.816 0.3000000119
52245  -38.426  -15.890  10.615 0.3000000119
53140  -39.268  -15.956  11.124 0.3000000119
108879  -36.236  -16.109  7.680 0.3000000119
53155  -40.552  -15.334  10.796 0.3000000119
52259  -35.733  -15.009  6.434 0.3000000119
112302  -41.617  -16.086  10.216 0.3000000119
117888  -35.443  -16.486  7.104 0.4000000060
108840  -41.242  -15.332  10.454 0.3000000119
53166  -41.767  -15.393  9.603 0.3000000119
53173  -42.190  -15.492  8.664 0.3000000119
51443  -33.427  -15.480  5.817 0.4000000060
51444  -33.881  -15.413  5.731 0.4000000060
53174  -42.439  -15.583  7.844 0.3000000119
52269  -42.627  -16.264  7.693 0.3000000119
116223  -37.196  -15.796  8.937 0.3000000119
53153  -38.898  -15.162  10.515 0.3000000119
53165  -37.439  -14.651  8.373 0.3000000119
54061  -39.362  -14.438  10.334 0.3000000119
54062  -40.171  -14.526  10.536 0.3000000119
53164  -36.628  -15.016  7.448 0.3000000119
54063  -40.891  -14.593  10.457 0.3000000119
54074  -41.447  -14.610  9.976 0.3000000119
52267  -34.758  -15.051  5.837 0.4000000060
54084  -41.979  -14.687  9.119 0.3000000119
54085  -42.344  -14.794  8.105 0.3000000119
52274  -33.718  -15.057  5.717 0.4000000060
117874  -42.554  -14.466  7.434 0.3000000119
53179  -42.794  -15.584  7.275 0.3000000119
54096  -43.365  -14.556  6.487 0.3000000119
54072  -37.966  -14.172  8.875 0.3000000119
53152  -38.135  -15.049  9.775 0.3000000119
54060  -38.581  -14.342  9.740 0.3000000119
53172  -36.602  -13.114  6.330 0.3000000119
54999  -40.622  -13.863  10.292 0.3000000119
53171  -35.835  -13.562  5.819 0.3000000119
108983  -41.081  -13.458  10.076 0.3000000119
55010  -41.605  -13.811  9.556 0.3000000119
52268  -35.250  -14.010  5.592 0.4000000060
53178  -34.642  -14.147  5.639 0.4000000060
55019  -42.199  -14.003  8.671 0.3000000119
55020  -42.439  -14.107  7.901 0.3000000119
53169  -34.239  -14.530  5.909 0.4000000060
54095  -42.796  -14.471  6.837 0.3000000119
53162  -34.419  -14.711  6.941 0.4000000060
54091  -42.908  -15.026  6.894 0.3000000119
112758  -37.446  -13.117  7.317 0.3000000119
54073  -38.184  -13.344  8.565 0.3000000119
54998  -39.791  -13.663  10.174 0.3000000119
54082  -35.979  -12.451  5.773 0.3000000119
55011  -42.095  -13.118  9.038 0.3000000119
108141  -42.445  -13.360  8.162 0.3000000119
55025  -42.605  -13.770  7.159 0.3000000119
52251  -34.975  -15.591  8.496 0.3000000119
55029  -42.997  -13.754  6.183 0.3000000119
55030  -43.724  -13.841  5.890 0.3000000119
54103  -44.698  -13.848  5.912 0.3000000119
55006  -37.508  -12.135  7.140 0.3000000119
54997  -38.978  -13.556  9.566 0.3000000119
55890  -39.886  -12.200  9.427 0.3000000119
55009  -40.392  -12.981  9.936 0.3000000119
54083  -36.763  -11.690  5.907 0.3000000119
114837  -40.666  -12.328  9.621 0.3000000119
108031  -41.343  -12.839  9.658 0.3000000119
55891  -41.240  -11.980  9.412 0.3000000119
115001  -41.876  -12.392  9.167 0.3000000119
55899  -42.414  -12.402  8.456 0.3000000119
55904  -42.634  -12.847  7.453 0.3000000119
111813  -42.754  -13.173  6.549 0.3000000119
55909  -42.928  -12.888  5.765 0.3000000119
55034  -43.391  -13.127  5.501 0.3000000119
55035  -44.218  -13.315  5.405 0.3000000119
110772  -45.197  -13.344  5.640 0.3000000119
55898  -37.607  -11.560  7.323 0.3000000119
55007  -38.341  -12.548  8.449 0.3000000119
55008  -39.316  -12.733  9.347 0.3000000119
55018  -37.119  -10.996  6.164 0.3000000119
55889  -38.431  -11.906  8.371 0.3000000119
56785  -39.445  -11.446  8.864 0.3000000119
56786  -40.365  -11.655  9.331 0.3000000119
55017  -36.751  -11.000  6.086 0.3000000119
55005  -36.451  -11.212  6.771 0.3000000119
110219  -42.687  -12.067  7.672 0.3000000119
55908  -42.764  -12.275  6.622 0.3000000119
56815  -42.949  -11.861  4.843 0.3000000119
55915  -43.787  -12.679  4.955 0.3000000119
110923  -37.749  -11.246  7.581 0.3000000119
55897  -37.295  -10.847  7.001 0.3000000119
56795  -37.701  -10.802  7.730 0.3000000119
56784  -37.300  -10.994  8.293 0.3000000119
118743  -36.808  -10.803  6.404 0.3000000119
55888  -36.917  -11.141  7.609 0.3000000119
46765  -34.147  -22.899  9.489 0.6000000238
19570  -38.550  -55.938  16.173 0.3000000119
19575  -37.872  -55.467  15.459 0.3000000119
19576  -38.820  -55.831  15.288 0.3000000119
19581  -38.362  -55.386  14.778 0.3000000119
19582  -39.070  -55.569  14.444 0.4000000060
20316  -39.360  -55.028  13.609 0.4000000060
20326  -40.365  -54.599  12.788 0.4000000060
104963  -39.916  -53.560  12.650 0.4000000060
120512  -39.644  -51.869  12.574 0.4000000060
113351  -40.145  -51.202  12.222 0.4000000060
119304  -39.437  -48.896  13.039 0.4000000060
23736  -39.815  -50.376  12.477 0.4000000060
25287  -38.758  -47.696  13.951 0.4000000060
27345  -34.647  -45.628  21.573 0.3000000119
106887  -36.757  -44.960  21.817 0.3000000119
28037  -37.574  -44.703  21.637 0.3000000119
28111  -35.257  -44.772  14.288 0.5000000000
28049  -39.867  -44.452  20.971 0.3000000119
28800  -40.057  -43.805  20.662 0.3000000119
28120  -34.877  -44.408  13.759 0.5000000000
104454  -34.465  -43.228  14.277 0.5000000000
31242  -41.976  -41.228  12.277 0.3000000119
31241  -41.327  -40.743  12.307 0.3000000119
30431  -42.257  -40.798  9.855 0.3000000119
30421  -34.613  -41.865  13.052 0.6000000238
32048  -41.990  -39.315  10.069 0.4000000060
32864  -42.068  -38.620  10.595 0.4000000060
32028  -42.463  -38.938  12.477 0.4000000060
32830  -42.224  -38.713  13.833 0.4000000060
32814  -42.599  -38.723  14.999 0.4000000060
32803  -43.874  -38.004  16.206 0.4000000060
35087  -29.427  -35.437  13.600 0.4000000060
35088  -30.265  -35.142  13.359 0.5000000000
32862  -35.777  -38.396  10.256 0.6999999881
35057  -44.205  -35.489  16.250 0.4000000060
32863  -36.303  -37.392  9.465 0.6999999881
35866  -43.921  -34.890  16.348 0.4000000060
36721  -29.965  -33.567  13.425 0.5000000000
36729  -30.596  -33.576  12.971 0.5000000000
103165  -30.745  -32.987  12.552 0.6000000238
37587  -31.148  -32.744  11.788 0.8000000119
116968  -35.910  -36.474  9.894 0.8000000119
33596  -35.232  -36.693  11.181 0.6999999881
35109  -35.628  -35.232  9.460 0.8000000119
36704  -44.166  -33.415  15.723 0.4000000060
35108  -35.463  -34.971  10.617 0.8000000119
37593  -31.280  -31.596  10.945 0.8000000119
36751  -35.451  -33.825  9.377 0.8000000119
35917  -35.552  -34.453  9.408 0.8000000119
36750  -35.242  -33.579  9.346 0.8000000119
112565  -31.689  -29.985  10.084 0.6999999881
38508  -32.416  -30.532  9.949 0.6999999881
37602  -34.139  -32.072  9.768 0.8000000119
39396  -33.045  -30.734  10.179 0.6000000238
42211  -41.212  -27.053  14.930 0.4000000060
41196  -42.650  -28.500  15.107 0.4000000060
39338  -42.532  -30.068  16.125 0.4000000060
40297  -43.242  -29.831  15.433 0.3000000119
43201  -41.471  -26.651  14.358 0.4000000060
42212  -42.015  -27.252  14.629 0.4000000060
42197  -42.185  -27.921  15.077 0.4000000060
41195  -41.819  -28.477  15.651 0.4000000060
43213  -42.309  -26.520  13.419 0.4000000060
43225  -41.699  -25.924  12.782 0.5000000000
120982  -39.888  -25.622  13.574 0.5000000000
43226  -42.482  -26.246  12.582 0.5000000000
43227  -43.360  -26.595  12.266 0.4000000060
116052  -39.084  -25.320  12.795 0.5000000000
45004  -39.259  -25.627  11.420 0.5000000000
43252  -41.148  -26.770  9.338 0.5000000000
44143  -40.185  -26.873  8.345 0.5000000000
45063  -41.348  -25.624  8.183 0.5000000000
45904  -25.059  -22.799  10.302 0.6000000238
45905  -26.304  -23.368  9.947 0.6000000238
46803  -43.128  -22.415  7.620 0.3000000119
45918  -26.980  -22.916  9.415 0.6000000238
48630  -43.959  -21.160  7.563 0.3000000119
113481  -29.269  -20.716  8.016 0.6000000238
115409  -29.802  -20.242  7.678 0.6000000238
49638  -30.566  -17.406  6.746 0.6000000238
50566  -30.918  -17.089  6.768 0.6000000238
50565  -30.220  -17.019  6.836 0.6000000238
50567  -32.087  -16.680  6.670 0.5000000000
111807  -32.787  -16.189  6.099 0.5000000000
51434  -33.052  -15.886  5.956 0.4000000060
52265  -33.439  -15.387  5.846 0.4000000060
52250  -34.182  -15.793  7.599 0.4000000060
56810  -42.844  -11.288  6.215 0.3000000119
55913  -42.816  -12.099  5.494 0.3000000119
119391  -43.815  -11.752  4.476 0.3000000119
55923  -44.382  -12.047  4.560 0.3000000119
55916  -44.973  -12.704  5.181 0.3000000119
55877  -37.003  -11.853  9.723 0.3000000119
34263  -44.362  -36.786  16.295 0.4000000060
43244  -43.301  -26.374  11.252 0.5000000000
21117  -39.032  -53.162  13.061 0.4000000060
102531  -35.500  -51.752  16.236 0.3000000119
21960  -35.792  -52.363  15.769 0.3000000119
111841  -36.271  -51.944  15.217 0.3000000119
24535  -35.599  -49.451  15.960 0.3000000119
22826  -36.260  -51.186  15.265 0.3000000119
27395  -36.894  -44.786  15.754 0.4000000060
101742  -33.588  -48.942  18.991 0.3000000119
26025  -36.921  -47.304  15.627 0.4000000060
27385  -34.771  -45.645  18.287 0.3000000119
29535  -39.105  -42.746  20.782 0.3000000119
29547  -39.622  -41.830  19.880 0.3000000119
31211  -41.746  -40.788  16.253 0.3000000119
30365  -38.446  -41.174  19.573 0.3000000119
31174  -38.158  -40.713  19.184 0.3000000119
31187  -39.330  -40.396  18.790 0.3000000119
30416  -42.503  -41.455  13.104 0.3000000119
31185  -37.665  -40.225  18.611 0.3000000119
31974  -38.974  -39.769  18.304 0.3000000119
32808  -34.104  -38.844  15.255 0.6000000238
31252  -41.506  -40.466  10.744 0.4000000060
32826  -33.903  -38.795  14.097 0.6000000238
32789  -36.583  -38.848  17.160 0.3000000119
33580  -41.072  -37.148  12.328 0.4000000060
33588  -34.436  -36.996  12.504 0.6999999881
34280  -35.710  -35.885  14.729 0.6000000238
101910  -43.231  -36.146  16.914 0.4000000060
35056  -43.542  -35.450  16.678 0.4000000060
35889  -28.529  -34.732  13.677 0.3000000119
35876  -36.711  -34.037  13.370 0.6000000238
35062  -39.317  -35.466  14.762 0.5000000000
34315  -35.353  -35.814  11.018 0.8000000119
101333  -36.002  -32.481  11.021 0.6999999881
112347  -41.565  -34.122  17.424 0.4000000060
37604  -35.338  -33.247  9.581 0.6999999881
38466  -43.749  -31.951  15.581 0.4000000060
39320  -43.332  -31.314  15.838 0.3000000119
36710  -36.894  -33.027  14.703 0.6999999881
40329  -32.035  -29.624  11.921 0.6999999881
106054  -33.176  -31.250  9.970 0.8000000119
39377  -32.458  -29.940  11.513 0.6999999881
120573  -42.207  -30.548  16.471 0.3000000119
119233  -36.801  -32.386  16.493 0.5000000000
39298  -38.894  -30.726  17.329 0.4000000060
39299  -39.641  -30.661  17.305 0.4000000060
117680  -39.428  -29.451  16.826 0.4000000060
39318  -40.222  -30.188  17.089 0.4000000060
43183  -38.868  -26.914  15.276 0.5000000000
42196  -41.513  -27.669  15.297 0.4000000060
41191  -37.365  -27.903  16.080 0.5000000000
44105  -41.535  -25.727  11.740 0.5000000000
115187  -35.430  -27.203  15.272 0.5000000000
42219  -33.030  -27.174  13.744 0.6999999881
100967  -38.380  -25.011  11.894 0.5000000000
45058  -40.089  -25.796  9.145 0.5000000000
45020  -26.350  -24.710  10.770 0.5000000000
44119  -28.009  -25.215  11.598 0.6999999881
44087  -33.433  -25.377  13.803 0.6000000238
45010  -32.334  -24.098  12.924 0.6999999881
45881  -32.160  -23.138  11.639 0.6000000238
44997  -32.869  -24.660  13.452 0.6999999881
45882  -33.696  -22.781  12.147 0.6999999881
46785  -33.467  -22.569  9.096 0.6000000238
45872  -34.982  -22.572  12.082 0.5000000000
45910  -35.059  -23.999  9.109 0.6999999881
46798  -34.809  -23.265  8.663 0.6000000238
47678  -36.524  -22.933  9.387 0.6000000238
46742  -34.722  -23.214  9.943 0.6000000238
48602  -41.846  -19.822  10.416 0.3000000119
110725  -35.374  -21.800  8.697 0.6000000238
49611  -42.318  -19.240  9.276 0.3000000119
119231  -38.293  -17.896  11.217 0.4000000060
52235  -41.134  -16.995  11.252 0.3000000119
52254  -41.945  -16.839  9.755 0.3000000119
53154  -39.762  -15.271  10.805 0.3000000119
52275  -34.174  -14.787  5.681 0.4000000060
55000  -41.142  -14.028  10.171 0.3000000119
54097  -44.252  -14.485  6.250 0.3000000119
56799  -42.512  -11.491  8.210 0.3000000119
55914  -43.109  -12.493  5.074 0.3000000119
55922  -43.459  -12.096  4.679 0.3000000119
55917  -45.997  -12.604  5.286 0.3000000119
117355  -39.121  -11.955  8.859 0.3000000119
56797  -38.901  -10.706  8.241 0.3000000119
54996  -36.667  -12.292  8.955 0.3000000119
56821  -43.427  -11.493  4.582 0.3000000119
22845  -40.801  -51.499  11.389 0.4000000060
37601  -33.489  -31.769  9.919 0.8000000119
44092  -40.412  -25.567  13.231 0.4000000060
40351  -44.413  -30.943  8.197 0.3000000119
42267  -43.126  -27.900  8.506 0.4000000060
40353  -44.101  -31.076  7.042 0.3000000119
43253  -42.966  -26.522  10.166 0.4000000060
43260  -42.002  -27.134  8.950 0.4000000060
41264  -43.539  -29.984  6.528 0.3000000119
42270  -41.876  -28.086  7.469 0.4000000060
42266  -41.070  -27.636  8.072 0.4000000060
44145  -40.779  -26.928  7.729 0.3000000119
43266  -40.560  -27.367  8.099 0.4000000060
44146  -42.411  -26.522  7.088 0.3000000119
43271  -41.271  -27.502  7.535 0.3000000119
43259  -40.390  -27.183  8.422 0.4000000060
111370  -42.365  -25.752  7.382 0.3000000119
45065  -43.183  -24.658  7.118 0.3000000119
117018  -43.084  -23.728  7.365 0.3000000119
45916  -25.144  -22.179  10.345 0.5000000000
47676  -26.729  -21.159  9.614 0.5000000000
46779  -26.600  -22.031  9.442 0.5000000000
47689  -26.914  -21.067  9.472 0.5000000000
46780  -27.446  -22.195  9.088 0.5000000000
45929  -43.754  -23.243  7.077 0.3000000119
46792  -27.526  -21.251  8.803 0.5000000000
48612  -28.621  -19.278  7.734 0.5000000000
48600  -28.076  -19.114  8.284 0.5000000000
49604  -28.284  -18.472  8.002 0.5000000000
48611  -28.177  -18.692  8.026 0.5000000000
49616  -28.591  -18.348  7.832 0.4000000060
49590  -28.588  -19.042  8.468 0.5000000000
48599  -27.701  -19.967  8.912 0.5000000000
48623  -28.758  -18.286  7.557 0.5000000000
49605  -28.864  -18.121  7.878 0.4000000060
49617  -29.315  -17.953  7.404 0.5000000000
49591  -29.878  -19.369  8.842 0.4000000060
49606  -30.762  -18.730  8.583 0.4000000060
50556  -30.201  -16.954  6.934 0.5000000000
50544  -29.797  -17.385  7.290 0.4000000060
49607  -31.669  -18.100  8.440 0.5000000000
50557  -30.880  -16.989  6.863 0.4000000060
50545  -30.632  -17.222  7.362 0.4000000060
50531  -32.780  -18.503  9.093 0.3000000119
50546  -31.641  -17.197  7.704 0.4000000060
112146  -32.617  -16.301  6.315 0.4000000060
50558  -31.917  -16.745  6.901 0.3000000119
50547  -32.934  -17.450  8.400 0.3000000119
51428  -32.834  -16.528  7.206 0.3000000119
52257  -33.200  -15.900  6.469 0.3000000119
119468  -33.473  -18.376  9.368 0.3000000119
51420  -33.902  -17.231  8.657 0.3000000119
52249  -33.745  -16.435  7.826 0.3000000119
47657  -25.986  -21.492  10.268 0.5000000000
39401  -44.948  -31.335  9.076 0.3000000119
42260  -43.695  -27.302  9.778 0.4000000060
47658  -26.905  -21.341  10.268 0.4000000060
44093  -41.031  -25.643  12.979 0.4000000060
43212  -41.530  -26.257  13.651 0.4000000060
44102  -39.709  -25.373  12.575 0.3000000119
45917  -25.955  -22.497  9.806 0.5000000000
46781  -28.358  -22.083  8.833 0.5000000000
46793  -28.816  -21.364  8.439 0.5000000000
48624  -29.602  -19.122  7.429 0.5000000000
49624  -29.525  -17.807  7.053 0.5000000000
39404  -44.738  -31.783  7.732 0.3000000119
41254  -44.247  -29.294  8.629 0.4000000060
41259  -43.651  -29.931  7.241 0.3000000119
105428  -44.223  -28.305  9.536 0.4000000060
42271  -43.075  -28.777  7.511 0.3000000119
43245  -44.031  -26.965  10.912 0.4000000060
42276  -41.149  -27.593  7.788 0.3000000119
41258  -42.790  -28.955  6.894 0.3000000119
118083  -44.125  -23.966  6.655 0.3000000119
46760  -25.200  -21.873  10.478 0.5000000000
46778  -25.823  -21.770  9.894 0.5000000000
47690  -27.372  -20.561  9.009 0.5000000000
46791  -26.988  -21.349  9.231 0.5000000000
104090  -27.230  -20.769  9.069 0.5000000000
111917  -27.951  -20.968  8.492 0.5000000000
47694  -27.636  -20.354  8.706 0.5000000000
47695  -27.963  -19.928  8.112 0.5000000000
48610  -27.952  -19.653  8.511 0.5000000000
35909  -32.097  -34.121  11.040 0.6999999881
36749  -34.768  -33.513  9.349 0.6999999881
36744  -34.209  -32.592  9.699 0.6999999881
36743  -33.222  -32.816  10.178 0.6999999881
35915  -32.952  -33.870  10.354 0.6999999881
37594  -31.828  -32.474  10.978 0.6999999881
36737  -31.578  -33.442  11.457 0.6999999881
37595  -32.636  -32.140  10.310 0.6999999881
117236  -42.837  -27.898  14.478 0.3000000119
42221  -43.524  -27.798  13.665 0.3000000119
43214  -43.174  -26.897  13.177 0.3000000119
38500  -32.671  -31.082  9.873 0.6999999881
115350  -32.123  -31.486  10.249 0.6999999881
42220  -42.693  -27.127  13.943 0.3000000119
42222  -44.049  -28.511  13.168 0.3000000119
41233  -44.321  -29.293  12.400 0.3000000119
38499  -31.928  -30.574  9.931 0.6000000238
43202  -42.057  -26.699  14.062 0.3000000119
42238  -43.922  -27.607  12.655 0.3000000119
42252  -44.231  -28.036  11.692 0.3000000119
102831  -44.316  -28.286  10.656 0.3000000119
41248  -44.436  -29.729  10.269 0.3000000119
117400  -41.035  -26.296  14.075 0.3000000119
104697  -40.899  -25.977  13.631 0.3000000119
35923  -35.469  -34.600  9.290 0.6999999881
112845  -35.894  -36.068  9.225 0.6999999881
35119  -35.300  -34.642  9.186 0.6999999881
35106  -32.045  -34.980  11.326 0.6999999881
35922  -35.307  -34.034  9.151 0.6999999881
35921  -34.925  -34.158  9.147 0.6999999881
109717  -33.779  -33.373  9.816 0.6999999881
36738  -32.328  -33.177  10.747 0.6999999881
35908  -31.417  -34.312  11.799 0.6999999881
41197  -43.263  -29.137  15.020 0.3000000119
108076  -43.225  -28.575  14.635 0.3000000119
41214  -43.943  -28.757  13.736 0.3000000119
102260  -44.672  -30.752  11.881 0.3000000119
41242  -44.393  -29.705  11.409 0.3000000119
40341  -44.731  -31.050  11.009 0.3000000119
43228  -44.000  -26.939  11.811 0.3000000119
26759  -36.294  -46.365  12.102 0.4000000060
27425  -35.830  -45.646  12.279 0.4000000060
28121  -35.306  -44.931  13.208 0.4000000060
27416  -35.619  -45.478  13.656 0.4000000060
27431  -36.848  -45.586  10.518 0.4000000060
29603  -34.602  -42.680  13.423 0.5000000000
28859  -34.798  -43.692  13.403 0.4000000060
28125  -35.238  -44.280  12.885 0.4000000060
107354  -35.221  -43.126  12.409 0.5000000000
28126  -35.894  -44.571  11.657 0.4000000060
102706  -36.605  -45.029  10.540 0.4000000060
29609  -36.017  -43.101  10.977 0.5000000000
28132  -36.492  -44.387  10.057 0.5000000000
100162  -35.226  -42.451  12.156 0.5000000000
100547  -36.572  -44.790  9.910 0.5000000000
27443  -36.197  -45.369  9.766 0.5000000000
29615  -35.877  -42.272  10.837 0.5000000000
28870  -36.373  -43.439  9.972 0.5000000000
111425  -36.373  -42.053  9.650 0.5000000000
104166  -36.283  -43.776  9.902 0.5000000000
28876  -35.854  -43.322  9.637 0.6000000238
104950  -34.901  -43.008  9.817 0.5000000000
116875  -35.137  -41.034  11.783 0.6000000238
30441  -35.955  -41.460  10.508 0.6000000238
28877  -36.182  -42.776  9.670 0.5000000000
29627  -35.899  -42.352  9.299 0.6000000238
29626  -35.119  -41.584  9.354 0.5000000000
109871  -32.542  -40.835  10.987 0.5000000000
108310  -32.999  -40.874  10.379 0.5000000000
30450  -33.643  -41.575  10.168 0.5000000000
33575  -31.451  -37.386  13.663 0.4000000060
104716  -31.543  -36.800  13.172 0.5000000000
31263  -36.430  -40.927  9.334 0.6000000238
30442  -36.480  -41.588  9.230 0.5000000000
33586  -31.983  -37.496  12.748 0.5000000000
31272  -36.386  -40.786  9.028 0.6000000238
30451  -36.429  -41.299  8.985 0.6000000238
103968  -32.300  -38.290  12.182 0.5000000000
29633  -36.304  -41.449  8.994 0.6000000238
30456  -35.615  -40.846  8.998 0.6000000238
31261  -32.367  -40.369  11.345 0.5000000000
30455  -34.161  -40.868  9.666 0.5000000000
31271  -33.430  -40.213  9.996 0.5000000000
31275  -34.654  -40.190  9.333 0.5000000000
34279  -31.152  -36.893  13.780 0.4000000060
32825  -31.353  -37.992  14.229 0.4000000060
34307  -31.532  -36.115  12.702 0.5000000000
105502  -32.126  -36.804  12.313 0.5000000000
32046  -36.176  -39.891  9.388 0.6000000238
35101  -32.215  -35.986  11.665 0.5000000000
31277  -36.089  -39.920  9.333 0.6000000238
31276  -35.747  -40.134  8.998 0.6000000238
32060  -35.881  -39.169  8.944 0.6000000238
31270  -32.649  -40.260  10.659 0.5000000000
32059  -35.060  -39.572  9.182 0.6000000238
32053  -32.980  -39.608  10.304 0.5000000000
32867  -33.595  -38.878  9.906 0.5000000000
32861  -32.683  -38.958  10.702 0.5000000000
35089  -30.914  -35.609  13.111 0.5000000000
33559  -31.025  -37.297  14.224 0.4000000060
35100  -31.361  -35.184  12.310 0.5000000000
32868  -36.667  -38.283  9.067 0.6000000238
32055  -36.085  -38.988  9.495 0.6000000238
34308  -32.660  -36.884  11.421 0.5000000000
33587  -32.477  -37.553  11.881 0.5000000000
120962  -36.677  -37.842  8.702 0.6000000238
32873  -36.145  -38.335  8.710 0.6000000238
32872  -34.986  -38.812  9.187 0.5000000000
110738  -32.581  -38.283  11.270 0.5000000000
33595  -33.364  -37.066  10.410 0.5000000000
35099  -30.743  -34.938  12.923 0.5000000000
35107  -32.766  -35.466  10.679 0.5000000000
34322  -36.262  -36.638  9.109 0.6000000238
32874  -36.543  -37.739  8.564 0.6000000238
34314  -33.041  -36.276  10.648 0.5000000000
113769  -32.786  -37.562  11.095 0.5000000000
33605  -35.719  -37.903  8.694 0.5000000000
33594  -33.325  -38.018  10.292 0.5000000000
33600  -34.731  -37.280  9.209 0.5000000000
34295  -30.185  -36.080  13.498 0.4000000060
35901  -30.877  -34.348  12.579 0.4000000060
117986  -30.634  -36.745  13.884 0.4000000060
100349  -32.680  -34.687  10.588 0.6000000238
33601  -36.207  -37.244  8.622 0.6000000238
34321  -35.566  -36.286  8.981 0.6000000238
34320  -34.172  -36.338  9.655 0.5000000000
36730  -31.018  -33.605  12.200 0.5000000000
35900  -30.413  -34.331  13.225 0.4000000060
35113  -33.593  -34.962  9.973 0.6000000238
34319  -33.619  -35.707  10.042 0.5000000000
35114  -34.790  -35.377  9.280 0.5000000000
32852  -32.331  -39.057  11.494 0.5000000000
30430  -35.206  -41.709  11.932 0.6000000238
34316  -35.830  -36.096  9.818 0.6000000238
35116  -35.572  -35.436  9.265 0.6000000238
35115  -35.489  -35.287  9.189 0.6000000238
34326  -36.077  -36.483  9.091 0.6000000238
35916  -33.917  -34.164  9.744 0.6000000238
28865  -36.275  -43.766  10.671 0.5000000000
29616  -36.293  -42.652  9.756 0.5000000000
28139  -35.726  -44.145  9.773 0.5000000000
29628  -36.382  -41.919  9.192 0.6000000238
32054  -33.995  -39.554  9.601 0.5000000000
32061  -36.603  -38.264  8.878 0.6000000238
32056  -36.249  -38.966  9.029 0.6000000238
106307  -34.421  -38.199  9.421 0.5000000000
33602  -36.392  -37.445  8.634 0.6000000238
32038  -42.410  -38.934  10.675 0.3000000119
117799  -42.156  -39.816  9.819 0.3000000119
32039  -42.784  -39.846  9.977 0.3000000119
109393  -43.207  -39.669  13.005 0.3000000119
31254  -43.282  -40.310  10.298 0.3000000119
115523  -43.555  -40.184  12.064 0.3000000119
31230  -43.922  -40.231  13.261 0.3000000119
32014  -42.798  -39.262  14.027 0.3000000119
32015  -43.554  -39.591  14.161 0.3000000119
32016  -44.384  -39.747  14.402 0.3000000119
32000  -43.281  -39.174  14.845 0.3000000119
32001  -44.014  -39.272  15.125 0.3000000119
35871  -45.182  -34.779  15.322 0.3000000119
36705  -44.711  -34.084  15.471 0.3000000119
37555  -44.844  -33.275  15.077 0.3000000119
37554  -44.270  -32.639  15.305 0.3000000119
38467  -44.367  -31.960  14.889 0.3000000119
27438  -36.960  -45.211  9.891 0.4000000060
31266  -42.568  -40.303  9.701 0.3000000119
31255  -43.247  -41.108  9.608 0.3000000119
27444  -36.959  -45.490  9.757 0.4000000060
31243  -44.515  -40.737  12.682 0.3000000119
31231  -44.738  -40.305  13.768 0.3000000119
32816  -44.390  -38.504  15.650 0.3000000119
32804  -44.596  -37.644  15.945 0.3000000119
35870  -44.497  -34.827  15.860 0.3000000119
35064  -45.603  -35.455  15.147 0.3000000119
36706  -45.574  -33.980  14.991 0.3000000119
37556  -45.631  -32.988  14.664 0.3000000119
37563  -44.859  -32.527  14.714 0.3000000119
112281  -43.900  -40.711  11.592 0.3000000119
32017  -45.316  -39.582  14.486 0.3000000119
113114  -30.305  -53.380  16.637 0.4000000060
22813  -30.615  -51.609  16.728 0.3000000119
109942  -30.715  -50.899  16.682 0.3000000119
24522  -30.789  -49.646  16.579 0.3000000119
28863  -32.433  -43.363  11.878 0.4000000060
107511  -32.636  -43.242  11.147 0.4000000060
120533  -32.660  -44.399  12.058 0.4000000060
28130  -32.912  -44.896  11.689 0.4000000060
30440  -32.346  -41.157  11.608 0.4000000060
112743  -32.413  -41.904  11.515 0.4000000060
30449  -32.670  -41.585  10.847 0.4000000060
28874  -33.491  -43.014  10.377 0.4000000060
113971  -34.349  -42.312  9.977 0.4000000060
28131  -33.211  -44.526  10.932 0.4000000060
27437  -33.655  -45.236  10.844 0.4000000060
113806  -31.690  -40.882  14.601 0.3000000119
32035  -32.233  -39.765  11.780 0.4000000060
32011  -31.418  -39.523  14.647 0.3000000119
28875  -34.566  -43.675  10.005 0.4000000060
29625  -33.169  -42.222  10.476 0.4000000060
32851  -32.150  -39.020  12.513 0.4000000060
27429  -32.992  -45.387  12.257 0.4000000060
29608  -32.307  -42.569  11.933 0.4000000060
112598  -32.716  -44.035  11.514 0.4000000060
28869  -33.313  -43.860  10.626 0.4000000060
21978  -40.653  -52.899  12.128 0.3000000119
21981  -41.222  -52.417  11.443 0.3000000119
23738  -40.446  -50.447  11.748 0.3000000119
24560  -40.228  -49.582  12.089 0.3000000119
25298  -39.395  -48.434  12.801 0.3000000119
117681  -39.173  -48.627  10.912 0.3000000119
106044  -38.662  -48.785  10.519 0.3000000119
119254  -38.289  -49.224  10.423 0.3000000119
25311  -38.486  -48.306  10.861 0.3000000119
25317  -38.077  -48.376  10.521 0.3000000119
24574  -37.781  -49.015  10.493 0.3000000119
26768  -36.778  -46.934  11.821 0.3000000119
26774  -37.216  -46.600  10.261 0.3000000119
26060  -37.218  -47.201  10.480 0.3000000119
27432  -36.772  -46.085  10.987 0.3000000119
99974  -37.254  -46.372  9.893 0.3000000119
25297  -39.029  -47.799  13.259 0.3000000119
24566  -40.481  -49.762  11.300 0.3000000119
20314  -37.758  -54.901  14.660 0.3000000119
21103  -36.204  -53.624  15.524 0.3000000119
21120  -41.520  -53.226  11.487 0.3000000119
21949  -30.424  -52.523  16.710 0.4000000060
21961  -36.251  -52.843  15.203 0.3000000119
22835  -37.257  -51.789  14.274 0.4000000060
22843  -40.419  -52.043  12.115 0.4000000060
23687  -34.753  -50.401  16.842 0.3000000119
23712  -35.655  -50.104  15.807 0.3000000119
23734  -38.204  -50.399  13.674 0.4000000060
24524  -34.726  -49.554  16.815 0.3000000119
24558  -39.078  -48.416  13.427 0.4000000060
24559  -39.556  -49.576  12.775 0.4000000060
24565  -40.207  -49.036  11.642 0.3000000119
25225  -33.384  -48.121  19.540 0.3000000119
25234  -33.700  -48.122  18.813 0.3000000119
25244  -34.489  -48.479  17.382 0.3000000119
25286  -37.979  -48.362  14.525 0.4000000060
26050  -37.562  -47.540  11.446 0.3000000119
26057  -37.996  -47.835  10.738 0.3000000119
26061  -37.840  -47.856  10.608 0.3000000119
26680  -33.911  -46.121  20.199 0.3000000119
26766  -33.238  -46.044  12.458 0.4000000060
26780  -37.076  -45.875  9.777 0.3000000119
27405  -37.266  -45.355  15.555 0.4000000060
28035  -35.352  -44.426  21.182 0.3000000119
28048  -35.025  -44.338  20.612 0.3000000119
28081  -36.838  -44.821  16.491 0.3000000119
28098  -35.180  -43.625  15.558 0.4000000060
28138  -34.205  -44.436  10.299 0.4000000060
28864  -35.575  -43.738  12.018 0.5000000000
29596  -34.324  -42.471  14.550 0.5000000000
29614  -32.612  -42.451  11.003 0.4000000060
30457  -36.301  -40.873  8.921 0.6000000238
31253  -41.896  -41.187  10.999 0.3000000119
31264  -41.397  -39.578  10.620 0.4000000060
31265  -41.949  -40.027  9.809 0.3000000119
32002  -44.835  -39.109  15.126 0.3000000119
32013  -40.011  -39.727  13.707 0.4000000060
32029  -43.076  -39.562  11.298 0.3000000119
32044  -32.411  -39.690  11.006 0.5000000000
32049  -42.275  -39.477  10.049 0.3000000119
32802  -43.003  -38.148  16.043 0.4000000060
32815  -43.550  -38.658  15.564 0.3000000119
32845  -41.986  -38.088  11.332 0.4000000060
33541  -40.784  -37.224  15.646 0.4000000060
33544  -44.012  -37.354  16.447 0.4000000060
33590  -41.115  -37.310  11.811 0.4000000060
34296  -31.057  -36.339  13.441 0.5000000000
35849  -41.367  -34.855  17.437 0.4000000060
35878  -38.553  -33.991  13.804 0.5000000000
36679  -41.232  -33.394  17.465 0.4000000060
36745  -34.844  -32.943  9.527 0.6999999881
42195  -40.877  -27.425  15.385 0.4000000060
42233  -25.470  -27.413  11.935 0.5000000000
45024  -30.218  -24.066  11.799 0.6000000238
45049  -28.591  -23.959  10.811 0.6000000238
45921  -35.247  -23.997  8.811 0.6999999881
46790  -26.517  -21.416  9.647 0.5000000000
47675  -26.194  -21.395  9.898 0.5000000000
47705  -43.706  -21.858  7.542 0.3000000119
49637  -30.056  -17.320  6.826 0.6000000238
50555  -29.997  -17.215  7.070 0.5000000000
52258  -33.783  -15.150  6.321 0.4000000060
52266  -33.777  -14.938  5.788 0.4000000060
53177  -34.129  -14.728  5.736 0.4000000060
54090  -42.614  -15.019  7.341 0.3000000119
100231  -35.864  -33.143  10.748 0.6999999881
107077  -43.910  -36.135  16.555 0.4000000060
107181  -42.911  -36.817  16.834 0.4000000060
107890  -40.955  -32.119  17.337 0.4000000060
108886  -34.539  -34.663  9.401 0.6999999881
109479  -40.585  -36.761  12.943 0.4000000060
114869  -43.510  -28.370  14.189 0.3000000119
114961  -39.830  -48.953  12.409 0.3000000119
115600  -33.218  -34.464  10.230 0.6000000238
116544  -35.561  -33.297  9.853 0.8000000119
117361  -35.503  -48.268  16.363 0.4000000060
117446  -30.340  -37.224  14.231 0.5000000000
117479  -35.861  -51.657  15.636 0.3000000119
119053  -39.134  -38.515  13.282 0.4000000060
120647  -38.560  -33.481  17.256 0.4000000060
