#!ascii label  , from subject sub-v2s18x29521_ses-1 vox2ras=TkReg
296
54981  -28.074  -13.708  11.264 0.0000000000
103930  -25.309  -11.167  8.769 0.0000000000
65967  -26.315  -0.204  6.103 0.0000000000
63436  -27.343  -3.049  7.596 0.0000000000
103888  -28.590  -7.257  9.256 0.0000000000
57594  -30.453  -10.304  9.821 0.0000000000
67784  -25.756  1.302  4.848 0.0000000000
61895  -27.901  -5.268  8.517 0.0000000000
60189  -25.926  -7.312  8.004 0.0000000000
55884  -26.341  -12.391  9.870 0.0000000000
115107  -28.213  -10.766  9.553 0.0000000000
55887  -28.723  -12.309  10.301 0.0000000000
52213  -23.859  -16.658  11.958 0.0000000000
54069  -24.968  -14.377  9.736 0.0000000000
70956  -25.929  4.821  0.470 0.0000000000
114878  -27.330  5.017  2.768 0.0000000000
69426  -28.282  4.509  4.993 0.0000000000
68603  -28.821  2.431  6.365 0.0000000000
119673  -29.715  0.537  7.045 0.0000000000
65033  -26.573  -1.697  6.733 0.0000000000
64190  -30.279  -2.103  7.325 0.0000000000
102026  -30.538  -4.113  7.169 0.0000000000
61918  -30.747  -6.329  7.840 0.0000000000
61042  -31.487  -7.084  8.157 0.0000000000
103149  -26.396  -8.923  8.626 0.0000000000
59310  -29.703  -9.052  9.282 0.0000000000
61066  -24.880  -6.181  6.652 0.0000000000
60202  -24.832  -7.194  6.852 0.0000000000
54992  -27.142  -12.853  10.388 0.0000000000
55886  -28.166  -12.311  10.167 0.0000000000
54994  -28.576  -13.230  10.952 0.0000000000
49533  -24.068  -19.852  15.049 0.0000000000
49547  -24.586  -19.176  14.628 0.0000000000
50499  -24.512  -18.097  13.735 0.0000000000
115004  -24.549  -13.273  8.791 0.0000000000
116400  -23.951  -14.446  9.043 0.0000000000
70198  -27.734  4.415  4.025 0.0000000000
65982  -26.079  0.617  5.465 0.0000000000
68602  -27.760  2.247  6.131 0.0000000000
117254  -27.908  1.354  6.457 0.0000000000
67772  -29.354  1.099  6.887 0.0000000000
66864  -28.327  0.195  6.963 0.0000000000
64186  -26.903  -2.370  7.175 0.0000000000
65023  -29.050  -1.340  7.769 0.0000000000
64188  -29.126  -2.301  8.136 0.0000000000
106837  -30.590  -3.045  6.840 0.0000000000
63426  -29.167  -3.218  8.309 0.0000000000
100487  -27.981  -5.919  8.772 0.0000000000
111595  -29.493  -5.159  8.628 0.0000000000
61897  -29.599  -6.120  8.751 0.0000000000
61052  -31.284  -7.000  7.696 0.0000000000
61040  -30.033  -7.050  8.631 0.0000000000
58473  -24.489  -9.809  7.616 0.0000000000
107226  -25.142  -9.335  7.792 0.0000000000
58458  -25.320  -9.895  8.320 0.0000000000
57593  -29.809  -10.439  9.628 0.0000000000
59309  -28.765  -9.407  9.385 0.0000000000
58449  -30.261  -9.677  9.462 0.0000000000
59331  -30.909  -8.419  9.100 0.0000000000
59296  -31.441  -9.185  9.955 0.0000000000
52202  -26.122  -16.914  13.078 0.0000000000
52228  -24.414  -16.018  11.497 0.0000000000
52229  -25.330  -15.891  11.755 0.0000000000
53135  -25.871  -15.257  11.309 0.0000000000
62709  -26.038  -4.137  6.865 0.0000000000
62688  -27.880  -4.412  8.327 0.0000000000
110021  -26.418  -5.364  7.756 0.0000000000
61915  -27.077  -5.849  8.430 0.0000000000
61037  -26.674  -6.662  8.455 0.0000000000
56793  -25.322  -11.778  8.942 0.0000000000
57603  -26.284  -10.608  9.219 0.0000000000
56780  -26.910  -11.787  9.766 0.0000000000
56782  -28.677  -11.795  9.965 0.0000000000
56783  -30.165  -11.012  10.098 0.0000000000
104430  -24.987  -17.648  13.502 0.0000000000
56792  -24.870  -12.040  8.571 0.0000000000
115593  -25.050  -12.345  8.903 0.0000000000
106759  -25.568  -12.811  9.685 0.0000000000
54057  -26.515  -14.073  10.767 0.0000000000
72504  -25.862  6.534  -0.008 0.0000000000
70207  -24.727  4.459  2.325 0.0000000000
70941  -26.297  4.482  0.939 0.0000000000
70943  -28.020  5.606  2.901 0.0000000000
70931  -28.799  5.306  3.518 0.0000000000
70192  -29.434  4.513  5.259 0.0000000000
69412  -27.277  3.091  5.282 0.0000000000
68613  -28.287  3.129  5.902 0.0000000000
69415  -29.853  3.851  5.695 0.0000000000
68605  -30.420  2.068  6.185 0.0000000000
67775  -30.875  1.239  6.065 0.0000000000
105132  -31.006  -0.010  5.885 0.0000000000
104068  -26.234  -1.053  6.341 0.0000000000
65953  -28.637  -0.463  7.329 0.0000000000
65955  -30.193  -0.737  7.281 0.0000000000
65034  -30.745  -1.360  6.141 0.0000000000
64209  -30.721  -2.298  5.522 0.0000000000
106773  -30.461  -5.552  4.919 0.0000000000
62689  -29.111  -4.196  8.518 0.0000000000
62700  -30.547  -5.221  7.592 0.0000000000
59358  -24.878  -8.013  6.960 0.0000000000
59326  -26.217  -8.207  8.318 0.0000000000
60174  -27.691  -7.559  9.154 0.0000000000
57604  -26.882  -10.016  9.228 0.0000000000
59327  -28.021  -8.916  9.281 0.0000000000
121000  -29.031  -7.973  9.259 0.0000000000
60176  -30.376  -7.914  8.681 0.0000000000
60177  -31.298  -7.784  8.674 0.0000000000
53149  -24.643  -14.953  10.092 0.0000000000
54046  -26.358  -14.702  11.102 0.0000000000
103383  -27.871  -14.338  11.576 0.0000000000
54058  -27.224  -13.489  10.782 0.0000000000
54993  -27.911  -13.143  10.731 0.0000000000
54982  -28.875  -13.753  11.382 0.0000000000
49534  -24.854  -19.785  15.204 0.0000000000
114223  -25.318  -19.298  14.914 0.0000000000
66876  -26.747  0.653  6.083 0.0000000000
67771  -27.200  1.411  6.030 0.0000000000
66877  -27.606  0.605  6.572 0.0000000000
108412  -27.002  0.015  6.603 0.0000000000
63435  -26.686  -3.643  7.289 0.0000000000
117804  -26.622  -2.991  7.105 0.0000000000
116360  -27.580  -2.324  7.555 0.0000000000
63437  -28.239  -2.689  7.999 0.0000000000
63425  -28.153  -3.519  8.220 0.0000000000
61039  -28.667  -6.348  9.032 0.0000000000
116581  -29.303  -6.808  9.007 0.0000000000
57617  -25.116  -10.611  8.426 0.0000000000
58474  -24.907  -9.881  8.015 0.0000000000
57602  -25.570  -10.610  8.775 0.0000000000
58448  -29.411  -9.910  9.423 0.0000000000
59312  -30.879  -9.090  9.541 0.0000000000
57595  -30.946  -9.818  9.861 0.0000000000
58433  -31.499  -9.882  10.493 0.0000000000
52215  -25.694  -16.401  12.459 0.0000000000
62697  -25.849  -4.938  7.117 0.0000000000
112081  -25.261  -5.388  6.677 0.0000000000
61050  -25.388  -6.739  7.352 0.0000000000
114019  -26.092  -6.264  7.937 0.0000000000
56779  -25.998  -11.799  9.441 0.0000000000
56781  -27.881  -11.808  9.826 0.0000000000
116570  -29.304  -11.162  9.785 0.0000000000
56769  -29.420  -11.846  10.305 0.0000000000
56770  -30.203  -11.648  10.569 0.0000000000
55865  -29.844  -12.395  10.933 0.0000000000
48538  -23.237  -19.970  14.931 0.0000000000
48523  -23.679  -20.456  15.388 0.0000000000
51368  -25.694  -17.517  13.534 0.0000000000
55002  -24.539  -13.912  9.149 0.0000000000
55003  -25.242  -13.527  9.700 0.0000000000
55004  -26.210  -13.249  10.236 0.0000000000
114309  -25.677  -13.980  10.199 0.0000000000
71720  -25.261  5.464  0.579 0.0000000000
70955  -25.636  5.626  0.406 0.0000000000
71721  -26.065  5.517  0.312 0.0000000000
118124  -26.637  4.184  2.658 0.0000000000
70219  -25.764  4.489  2.047 0.0000000000
70220  -26.707  4.520  2.228 0.0000000000
70942  -27.056  4.946  1.607 0.0000000000
71710  -28.225  6.470  2.331 0.0000000000
70199  -28.559  4.865  4.109 0.0000000000
110676  -29.135  4.847  4.749 0.0000000000
68611  -26.138  2.006  4.688 0.0000000000
69414  -28.871  3.829  5.570 0.0000000000
69405  -29.316  3.143  6.062 0.0000000000
69406  -30.146  3.039  6.008 0.0000000000
68604  -29.679  2.390  6.381 0.0000000000
67774  -30.382  1.308  6.475 0.0000000000
67763  -30.101  0.803  6.845 0.0000000000
66880  -30.844  0.394  6.237 0.0000000000
66879  -30.495  0.171  6.744 0.0000000000
64195  -26.157  -2.534  6.619 0.0000000000
65032  -25.798  -1.702  6.242 0.0000000000
65968  -26.988  -0.842  6.797 0.0000000000
65022  -27.954  -1.052  7.369 0.0000000000
105580  -29.775  -1.994  7.845 0.0000000000
65024  -30.004  -1.333  7.533 0.0000000000
65025  -30.488  -1.187  7.013 0.0000000000
64196  -30.591  -2.128  6.539 0.0000000000
104797  -30.529  -4.153  5.746 0.0000000000
62710  -30.530  -5.564  6.121 0.0000000000
111691  -28.631  -4.876  8.616 0.0000000000
62699  -30.058  -4.853  8.267 0.0000000000
61937  -30.973  -6.715  6.499 0.0000000000
109920  -31.393  -6.988  7.774 0.0000000000
59357  -24.629  -8.549  6.969 0.0000000000
59325  -25.618  -9.012  8.136 0.0000000000
59347  -25.626  -8.197  7.751 0.0000000000
100251  -27.208  -8.353  8.932 0.0000000000
57591  -27.384  -10.559  9.452 0.0000000000
59328  -28.930  -8.626  9.332 0.0000000000
105177  -28.251  -8.106  9.306 0.0000000000
59329  -29.684  -8.281  9.075 0.0000000000
59330  -30.210  -8.480  9.067 0.0000000000
115119  -31.376  -8.632  9.584 0.0000000000
59313  -31.737  -7.964  9.458 0.0000000000
53136  -26.710  -15.076  11.612 0.0000000000
113209  -27.075  -14.468  11.362 0.0000000000
53137  -27.512  -14.916  11.826 0.0000000000
61065  -24.326  -6.752  6.359 0.0000000000
55885  -27.381  -12.290  10.088 0.0000000000
55874  -27.820  -12.686  10.396 0.0000000000
55875  -28.379  -12.754  10.541 0.0000000000
55876  -29.038  -12.661  10.649 0.0000000000
54995  -29.244  -13.130  11.166 0.0000000000
54983  -29.587  -13.610  11.631 0.0000000000
107190  -23.761  -18.069  13.431 0.0000000000
50487  -24.752  -18.515  14.196 0.0000000000
102132  -25.498  -18.664  14.466 0.0000000000
55016  -24.324  -13.050  8.474 0.0000000000
54080  -24.187  -13.735  8.771 0.0000000000
70940  -25.535  4.687  0.919 0.0000000000
70209  -27.215  4.412  3.099 0.0000000000
69436  -27.105  3.598  3.291 0.0000000000
69425  -27.493  3.884  4.670 0.0000000000
67786  -26.877  2.183  5.396 0.0000000000
67785  -26.456  1.383  5.427 0.0000000000
110055  -28.592  1.655  6.607 0.0000000000
108479  -29.286  1.848  6.608 0.0000000000
66878  -28.494  0.863  6.820 0.0000000000
66865  -29.209  0.246  7.168 0.0000000000
65021  -27.339  -1.680  7.246 0.0000000000
64187  -28.180  -1.862  7.766 0.0000000000
64189  -30.062  -3.034  7.853 0.0000000000
117789  -30.199  -4.100  7.965 0.0000000000
61896  -28.733  -5.572  8.805 0.0000000000
61917  -30.085  -5.755  8.422 0.0000000000
61067  -31.539  -7.400  6.794 0.0000000000
61051  -30.465  -6.633  8.319 0.0000000000
61041  -30.926  -7.356  8.241 0.0000000000
59345  -24.838  -9.219  7.408 0.0000000000
58459  -26.104  -9.776  8.795 0.0000000000
105933  -29.010  -10.614  9.549 0.0000000000
58447  -28.488  -10.169  9.452 0.0000000000
59311  -30.385  -8.912  9.313 0.0000000000
59297  -31.863  -8.534  10.003 0.0000000000
58434  -31.906  -9.052  10.461 0.0000000000
52214  -24.771  -16.543  12.220 0.0000000000
53134  -24.999  -15.396  10.970 0.0000000000
53122  -26.200  -15.686  12.049 0.0000000000
53123  -27.075  -15.496  12.237 0.0000000000
108847  -27.357  -3.818  7.789 0.0000000000
62698  -26.770  -4.464  7.603 0.0000000000
61916  -27.199  -5.054  8.150 0.0000000000
61914  -25.611  -5.790  7.274 0.0000000000
61038  -27.620  -6.689  8.946 0.0000000000
56794  -25.743  -11.241  9.158 0.0000000000
57590  -26.565  -11.247  9.496 0.0000000000
57592  -27.553  -11.249  9.638 0.0000000000
100745  -28.469  -11.243  9.676 0.0000000000
57583  -30.957  -10.562  10.323 0.0000000000
56771  -30.763  -11.198  10.619 0.0000000000
48522  -22.865  -20.573  15.324 0.0000000000
51386  -23.373  -17.316  12.348 0.0000000000
51367  -24.379  -17.602  13.215 0.0000000000
51387  -24.202  -17.147  12.608 0.0000000000
51388  -25.116  -17.091  12.973 0.0000000000
56806  -24.979  -11.326  8.525 0.0000000000
55883  -25.484  -12.309  9.314 0.0000000000
112043  -24.974  -12.954  9.135 0.0000000000
54047  -27.382  -13.962  11.220 0.0000000000
72492  -25.296  6.350  0.392 0.0000000000
70930  -24.912  5.080  1.996 0.0000000000
70957  -26.520  4.852  0.676 0.0000000000
71709  -27.256  5.661  1.279 0.0000000000
70210  -27.876  4.984  3.464 0.0000000000
70932  -29.640  5.600  3.210 0.0000000000
70926  -29.520  5.092  4.074 0.0000000000
70927  -30.196  5.063  3.999 0.0000000000
70200  -29.937  4.839  4.713 0.0000000000
68612  -26.623  2.568  4.681 0.0000000000
69413  -27.929  3.777  5.349 0.0000000000
70193  -30.312  4.396  5.182 0.0000000000
69416  -30.609  3.599  5.431 0.0000000000
68606  -30.988  1.952  5.704 0.0000000000
67773  -29.888  1.606  6.621 0.0000000000
65966  -25.571  -0.850  5.688 0.0000000000
65952  -27.732  -0.267  6.930 0.0000000000
65954  -29.580  -0.615  7.411 0.0000000000
66866  -30.053  -0.001  7.161 0.0000000000
65969  -30.438  -0.455  6.995 0.0000000000
65970  -30.712  -0.433  6.455 0.0000000000
110175  -30.742  -2.969  5.928 0.0000000000
108329  -30.567  -3.339  4.965 0.0000000000
107477  -30.374  -4.639  4.279 0.0000000000
62730  -30.856  -5.877  3.747 0.0000000000
63438  -29.840  -3.824  8.229 0.0000000000
60188  -25.282  -7.722  7.315 0.0000000000
59346  -25.163  -8.629  7.356 0.0000000000
60173  -26.858  -7.446  8.656 0.0000000000
58460  -27.059  -9.278  9.067 0.0000000000
58446  -27.798  -9.721  9.328 0.0000000000
60175  -29.516  -7.541  8.975 0.0000000000
53161  -24.221  -14.653  9.392 0.0000000000
54056  -25.589  -14.733  10.524 0.0000000000
63446  -26.127  -3.382  6.725 0.0000000000
103669  -30.555  0.787  6.499 0.0000000000
