#!ascii label  , from subject sub-v2s18x29521_ses-1 vox2ras=TkReg
1390
38091  13.515  -29.825  86.470 0.0000000000
54777  41.849  -11.903  60.114 0.0000000000
43516  28.259  -23.635  76.802 0.0000000000
47242  36.587  -19.417  77.856 0.0000000000
43485  21.110  -24.499  77.989 0.0000000000
121829  19.174  -23.940  87.295 0.0000000000
60859  47.415  -5.089  53.684 0.0000000000
58128  49.449  -7.152  63.742 0.0000000000
52881  32.964  -13.740  68.778 0.0000000000
61821  49.521  -3.658  45.470 0.0000000000
43429  28.741  -23.513  81.682 0.0000000000
40462  15.557  -26.433  87.475 0.0000000000
60766  47.614  -4.124  58.945 0.0000000000
59065  43.674  -5.911  57.597 0.0000000000
52910  41.992  -13.372  65.148 0.0000000000
54724  45.795  -11.634  66.271 0.0000000000
52945  37.289  -14.184  63.980 0.0000000000
46331  31.932  -19.695  72.214 0.0000000000
44419  33.003  -22.235  76.581 0.0000000000
119103  24.851  -23.902  83.326 0.0000000000
101524  23.250  -24.369  87.305 0.0000000000
102075  20.046  -24.828  82.596 0.0000000000
106397  16.953  -26.132  82.926 0.0000000000
102993  24.258  -24.041  77.888 0.0000000000
60837  52.601  -4.372  55.203 0.0000000000
60761  52.621  -3.894  59.513 0.0000000000
56469  45.910  -9.850  62.483 0.0000000000
52862  37.440  -13.641  69.430 0.0000000000
105619  34.592  -16.026  73.695 0.0000000000
102027  48.772  -3.359  50.222 0.0000000000
118888  53.814  -4.117  49.543 0.0000000000
60928  55.447  -5.310  46.145 0.0000000000
44369  27.946  -23.195  84.156 0.0000000000
39587  14.773  -27.871  87.237 0.0000000000
120020  14.896  -26.512  90.285 0.0000000000
107707  13.979  -28.407  90.266 0.0000000000
114101  42.723  -5.026  56.184 0.0000000000
54715  40.737  -11.202  67.525 0.0000000000
55555  42.895  -10.601  68.024 0.0000000000
36060  10.543  -31.665  90.729 0.0000000000
51936  37.352  -15.122  61.280 0.0000000000
44444  28.494  -22.725  74.338 0.0000000000
45361  29.974  -21.849  73.937 0.0000000000
103067  30.148  -22.937  76.237 0.0000000000
43435  23.161  -24.643  80.992 0.0000000000
42408  22.615  -24.685  82.683 0.0000000000
104296  20.937  -24.781  81.035 0.0000000000
102992  23.326  -23.995  78.100 0.0000000000
43449  25.024  -24.403  80.471 0.0000000000
43355  21.663  -24.254  88.076 0.0000000000
60840  49.697  -4.929  54.391 0.0000000000
61677  52.801  -3.467  57.837 0.0000000000
60792  50.213  -4.019  57.394 0.0000000000
115763  49.081  -7.029  60.623 0.0000000000
59927  51.454  -5.837  61.269 0.0000000000
56513  41.060  -9.842  58.094 0.0000000000
56511  42.317  -9.169  58.458 0.0000000000
55620  43.894  -10.934  61.079 0.0000000000
53887  32.697  -13.678  66.495 0.0000000000
53885  34.841  -13.294  66.266 0.0000000000
52864  34.528  -13.891  69.151 0.0000000000
47275  34.449  -19.186  74.381 0.0000000000
48301  33.928  -18.289  72.441 0.0000000000
49130  36.223  -17.416  75.606 0.0000000000
61736  45.881  -4.143  51.605 0.0000000000
61790  46.604  -3.292  49.705 0.0000000000
61751  48.253  -3.643  51.655 0.0000000000
115046  50.514  -3.662  52.305 0.0000000000
61838  53.439  -3.746  44.380 0.0000000000
60950  52.489  -4.375  45.691 0.0000000000
60917  54.972  -4.921  48.080 0.0000000000
60920  51.167  -4.449  47.278 0.0000000000
43464  28.204  -23.935  79.440 0.0000000000
43480  30.582  -23.732  78.845 0.0000000000
43427  30.403  -23.698  81.513 0.0000000000
42354  16.876  -24.704  87.744 0.0000000000
43317  18.712  -23.534  90.703 0.0000000000
42339  16.183  -24.714  90.274 0.0000000000
60844  44.825  -5.018  54.098 0.0000000000
60794  47.784  -3.920  57.603 0.0000000000
102277  44.945  -4.922  56.733 0.0000000000
59953  45.742  -5.072  58.453 0.0000000000
58175  47.004  -7.554  59.570 0.0000000000
52959  42.433  -14.062  62.598 0.0000000000
53936  44.337  -12.888  63.581 0.0000000000
53875  44.104  -12.488  65.922 0.0000000000
107258  31.746  -14.578  68.265 0.0000000000
103049  36.861  -17.441  79.459 0.0000000000
37129  11.206  -30.406  86.724 0.0000000000
37101  13.882  -30.873  89.831 0.0000000000
36069  11.672  -31.912  89.419 0.0000000000
53975  39.722  -12.975  59.293 0.0000000000
51933  40.263  -14.863  61.519 0.0000000000
52923  39.496  -13.649  64.710 0.0000000000
53880  38.710  -12.275  66.663 0.0000000000
46334  29.701  -20.655  71.755 0.0000000000
46307  32.062  -20.678  73.948 0.0000000000
46273  34.939  -20.925  77.038 0.0000000000
123014  32.832  -23.454  78.526 0.0000000000
44397  35.020  -23.145  78.818 0.0000000000
101673  26.375  -23.564  84.837 0.0000000000
43351  25.704  -23.353  87.497 0.0000000000
42372  24.093  -24.216  85.554 0.0000000000
42384  22.029  -24.738  84.771 0.0000000000
42375  20.206  -24.735  85.195 0.0000000000
120832  18.948  -24.934  80.148 0.0000000000
42413  18.020  -25.282  82.107 0.0000000000
111652  17.662  -25.182  84.720 0.0000000000
41439  16.431  -25.993  84.752 0.0000000000
39617  14.843  -27.466  84.462 0.0000000000
109974  12.891  -28.383  84.372 0.0000000000
43553  26.609  -23.430  74.533 0.0000000000
43539  25.167  -23.862  75.026 0.0000000000
43497  26.644  -23.822  77.268 0.0000000000
43466  26.260  -24.106  79.427 0.0000000000
43415  26.682  -23.615  82.658 0.0000000000
60760  54.578  -4.449  59.458 0.0000000000
60763  50.692  -3.949  59.519 0.0000000000
58208  41.791  -7.010  56.910 0.0000000000
57337  44.742  -8.646  59.056 0.0000000000
57297  47.441  -8.290  62.706 0.0000000000
55600  46.425  -11.016  63.933 0.0000000000
56440  47.934  -9.833  65.359 0.0000000000
107617  35.050  -13.945  63.867 0.0000000000
53862  37.448  -12.571  66.771 0.0000000000
109495  38.535  -11.579  69.433 0.0000000000
50047  33.194  -16.623  70.561 0.0000000000
51815  33.347  -13.874  71.877 0.0000000000
50848  35.713  -15.198  77.408 0.0000000000
51784  34.349  -13.377  74.994 0.0000000000
101980  34.559  -12.831  72.727 0.0000000000
51802  37.643  -14.333  72.627 0.0000000000
53790  39.908  -12.726  73.149 0.0000000000
61805  48.575  -3.980  47.545 0.0000000000
112096  51.202  -3.677  49.680 0.0000000000
61730  52.919  -3.388  51.867 0.0000000000
44358  28.688  -23.048  84.909 0.0000000000
38090  14.104  -29.304  86.934 0.0000000000
38845  14.252  -28.728  88.250 0.0000000000
38074  14.127  -29.395  87.759 0.0000000000
55558  40.359  -10.740  67.999 0.0000000000
55538  41.765  -10.112  68.447 0.0000000000
38062  9.097  -29.358  91.237 0.0000000000
44432  28.475  -22.992  75.225 0.0000000000
103021  29.189  -22.667  74.889 0.0000000000
43514  29.616  -23.339  76.813 0.0000000000
43484  22.228  -24.328  79.014 0.0000000000
42435  21.835  -24.669  80.771 0.0000000000
42446  21.475  -24.669  79.360 0.0000000000
116963  22.092  -24.004  77.095 0.0000000000
103003  22.423  -24.100  78.065 0.0000000000
43470  22.856  -24.288  79.655 0.0000000000
43357  19.891  -24.005  87.429 0.0000000000
104406  19.411  -23.556  88.891 0.0000000000
60841  48.874  -4.946  54.042 0.0000000000
104416  50.216  -4.741  56.515 0.0000000000
104415  49.071  -5.081  56.109 0.0000000000
59026  49.152  -7.085  62.455 0.0000000000
59025  49.781  -6.697  62.265 0.0000000000
55640  41.058  -11.083  58.893 0.0000000000
55639  42.432  -10.424  59.392 0.0000000000
54776  42.546  -11.587  60.399 0.0000000000
52897  32.350  -13.723  67.776 0.0000000000
102123  33.170  -13.649  68.084 0.0000000000
121682  33.768  -13.685  68.456 0.0000000000
53840  33.606  -13.654  69.009 0.0000000000
47255  35.941  -19.491  76.375 0.0000000000
48253  35.482  -18.739  75.065 0.0000000000
48233  36.675  -18.203  76.701 0.0000000000
60860  46.665  -4.967  53.215 0.0000000000
119350  46.754  -4.002  51.690 0.0000000000
60872  48.025  -4.590  52.926 0.0000000000
60858  48.768  -4.535  53.162 0.0000000000
61840  51.658  -3.618  44.559 0.0000000000
60952  50.854  -4.229  45.872 0.0000000000
112941  52.075  -4.418  46.230 0.0000000000
60953  49.993  -4.168  45.994 0.0000000000
102069  28.638  -23.879  80.232 0.0000000000
102070  29.525  -23.817  80.293 0.0000000000
43428  29.625  -23.559  81.635 0.0000000000
107461  16.048  -25.675  87.183 0.0000000000
42346  16.638  -24.812  88.410 0.0000000000
41405  16.175  -25.199  88.695 0.0000000000
39549  14.444  -27.220  91.579 0.0000000000
41395  15.258  -25.943  91.910 0.0000000000
60845  43.847  -4.924  54.049 0.0000000000
60824  45.502  -5.134  55.906 0.0000000000
102275  44.281  -5.049  55.036 0.0000000000
60798  43.285  -5.127  57.089 0.0000000000
60797  44.050  -5.179  57.330 0.0000000000
59954  45.120  -5.332  58.126 0.0000000000
103396  47.010  -6.897  59.035 0.0000000000
58194  45.478  -6.873  58.276 0.0000000000
121786  42.000  -14.196  63.830 0.0000000000
52919  43.482  -13.428  64.529 0.0000000000
52909  42.947  -13.344  65.274 0.0000000000
60876  44.587  -4.680  52.527 0.0000000000
36086  12.211  -31.311  87.915 0.0000000000
36080  11.277  -31.502  88.888 0.0000000000
53001  38.146  -13.586  58.871 0.0000000000
51954  40.079  -14.661  60.750 0.0000000000
51956  38.643  -14.875  60.443 0.0000000000
51914  37.467  -14.795  62.897 0.0000000000
51901  38.870  -14.652  63.221 0.0000000000
52924  38.529  -13.574  64.764 0.0000000000
53902  39.251  -12.643  66.019 0.0000000000
53920  37.989  -13.160  65.512 0.0000000000
46350  28.878  -21.095  71.625 0.0000000000
45353  31.004  -21.894  75.188 0.0000000000
110162  31.369  -21.314  74.417 0.0000000000
45352  32.480  -21.286  75.466 0.0000000000
46282  33.921  -20.802  76.012 0.0000000000
45342  33.474  -21.496  76.319 0.0000000000
105117  31.345  -23.831  80.281 0.0000000000
117114  31.339  -23.591  78.443 0.0000000000
103857  33.013  -23.916  79.798 0.0000000000
43458  35.528  -23.694  79.890 0.0000000000
45314  36.064  -22.084  79.261 0.0000000000
107903  25.883  -23.736  84.077 0.0000000000
43389  25.460  -23.810  84.792 0.0000000000
43400  24.248  -24.158  83.886 0.0000000000
116147  21.313  -24.766  83.359 0.0000000000
42383  22.489  -24.683  84.108 0.0000000000
116706  20.939  -24.803  83.986 0.0000000000
103781  20.891  -24.744  85.545 0.0000000000
42385  20.179  -24.809  84.263 0.0000000000
118592  18.972  -24.951  79.332 0.0000000000
116804  16.764  -25.867  81.345 0.0000000000
42427  17.882  -25.221  81.253 0.0000000000
41453  17.502  -25.663  82.548 0.0000000000
108055  18.022  -25.160  83.969 0.0000000000
41446  17.469  -25.583  83.470 0.0000000000
41438  16.917  -25.625  84.701 0.0000000000
40508  16.308  -26.530  83.187 0.0000000000
39606  14.474  -27.968  85.007 0.0000000000
44458  26.521  -22.858  73.004 0.0000000000
43567  25.312  -23.540  73.559 0.0000000000
43520  23.463  -23.864  76.625 0.0000000000
118066  25.028  -23.888  76.285 0.0000000000
109166  25.445  -23.829  75.775 0.0000000000
43498  25.904  -23.832  77.185 0.0000000000
102060  26.747  -24.004  78.630 0.0000000000
102059  25.772  -24.089  78.678 0.0000000000
102072  24.657  -24.411  81.095 0.0000000000
102492  25.530  -24.210  81.067 0.0000000000
120450  25.973  -23.768  82.772 0.0000000000
43398  26.309  -23.686  83.402 0.0000000000
43367  24.831  -23.799  87.048 0.0000000000
103402  13.669  -31.728  90.412 0.0000000000
37092  14.174  -31.203  91.126 0.0000000000
61694  53.979  -3.945  55.885 0.0000000000
104490  52.129  -3.421  58.419 0.0000000000
61645  53.998  -3.436  58.523 0.0000000000
119086  53.736  -4.178  59.646 0.0000000000
59933  53.907  -5.125  61.166 0.0000000000
61662  47.734  -3.776  58.413 0.0000000000
61661  48.530  -3.516  58.464 0.0000000000
61650  48.995  -3.703  59.048 0.0000000000
109103  52.167  -5.525  62.333 0.0000000000
56487  44.642  -9.575  60.313 0.0000000000
57338  43.892  -8.797  58.876 0.0000000000
56486  45.389  -9.182  60.654 0.0000000000
57309  46.067  -8.649  60.953 0.0000000000
56476  46.388  -9.135  62.354 0.0000000000
53896  45.407  -12.207  65.145 0.0000000000
54750  45.469  -12.074  63.764 0.0000000000
54738  46.568  -11.401  65.619 0.0000000000
52929  33.543  -13.525  64.631 0.0000000000
52894  36.137  -13.612  67.570 0.0000000000
53884  35.700  -13.130  66.165 0.0000000000
53852  36.929  -13.103  67.478 0.0000000000
109355  37.999  -12.217  68.454 0.0000000000
52861  38.032  -13.047  69.807 0.0000000000
47337  30.623  -19.620  70.811 0.0000000000
48314  32.286  -18.854  71.071 0.0000000000
50025  34.622  -16.732  73.096 0.0000000000
112992  33.607  -17.042  71.246 0.0000000000
50036  33.816  -16.496  71.768 0.0000000000
50916  33.262  -15.621  70.799 0.0000000000
50891  33.771  -14.888  72.997 0.0000000000
49975  36.486  -16.542  77.898 0.0000000000
104702  35.404  -12.887  75.471 0.0000000000
102193  34.541  -12.854  74.289 0.0000000000
53791  35.302  -12.718  74.094 0.0000000000
113156  36.356  -13.564  72.890 0.0000000000
52802  37.238  -13.937  73.996 0.0000000000
61789  47.475  -3.381  49.871 0.0000000000
61799  48.228  -3.808  48.373 0.0000000000
122431  50.323  -4.029  48.645 0.0000000000
61787  49.592  -3.551  49.830 0.0000000000
61717  50.993  -4.103  52.914 0.0000000000
116026  52.008  -3.448  51.959 0.0000000000
112661  52.951  -4.009  53.460 0.0000000000
61716  54.127  -3.862  53.832 0.0000000000
60963  55.224  -4.336  44.746 0.0000000000
60909  54.529  -4.381  48.850 0.0000000000
61782  55.178  -4.089  50.111 0.0000000000
121310  54.438  -3.527  50.867 0.0000000000
44377  28.140  -23.259  83.258 0.0000000000
43412  29.319  -23.379  82.351 0.0000000000
44368  28.820  -23.100  83.952 0.0000000000
39586  15.203  -27.116  86.895 0.0000000000
40452  15.337  -26.472  88.419 0.0000000000
40453  14.829  -27.129  88.743 0.0000000000
39570  14.253  -27.744  89.976 0.0000000000
39550  14.213  -27.860  91.663 0.0000000000
60812  42.086  -5.176  56.246 0.0000000000
59978  42.138  -5.371  56.594 0.0000000000
53900  41.327  -12.642  65.780 0.0000000000
54727  42.028  -11.621  66.950 0.0000000000
54714  41.649  -11.170  67.484 0.0000000000
56403  42.246  -9.513  69.026 0.0000000000
37102  10.217  -31.118  89.774 0.0000000000
37103  9.682  -30.393  89.993 0.0000000000
37084  9.511  -30.708  92.001 0.0000000000
118079  37.258  -14.829  59.812 0.0000000000
52961  36.490  -14.398  63.274 0.0000000000
45371  28.939  -21.758  72.907 0.0000000000
44455  29.312  -22.309  74.100 0.0000000000
44442  30.372  -22.223  75.126 0.0000000000
117486  31.690  -22.719  76.446 0.0000000000
43434  23.849  -24.430  82.041 0.0000000000
42407  23.417  -24.525  82.711 0.0000000000
42422  23.068  -24.691  81.862 0.0000000000
42424  21.525  -24.712  81.742 0.0000000000
42425  20.527  -24.819  81.835 0.0000000000
116457  15.589  -26.799  82.519 0.0000000000
41463  14.524  -26.273  80.864 0.0000000000
43521  22.565  -23.840  76.488 0.0000000000
120177  23.584  -23.933  77.411 0.0000000000
102058  24.797  -24.099  78.690 0.0000000000
102057  23.872  -24.036  78.778 0.0000000000
102243  23.865  -24.567  80.887 0.0000000000
43369  22.313  -24.546  87.352 0.0000000000
60838  51.673  -4.744  55.026 0.0000000000
60817  53.086  -4.138  56.032 0.0000000000
60819  50.964  -4.859  55.840 0.0000000000
60791  51.080  -3.651  57.788 0.0000000000
114586  51.479  -3.379  58.833 0.0000000000
59052  49.062  -6.089  59.548 0.0000000000
59944  49.614  -5.352  59.594 0.0000000000
59038  49.854  -6.765  61.099 0.0000000000
59006  50.697  -6.291  62.990 0.0000000000
56524  41.218  -9.011  57.595 0.0000000000
56512  41.674  -9.327  58.172 0.0000000000
55638  43.146  -10.120  59.714 0.0000000000
55619  44.554  -10.580  61.496 0.0000000000
54723  46.697  -11.190  66.543 0.0000000000
53909  32.802  -13.571  65.968 0.0000000000
117816  33.495  -13.547  65.917 0.0000000000
53886  33.789  -13.651  66.488 0.0000000000
52880  34.467  -13.845  68.096 0.0000000000
51843  36.237  -14.445  69.652 0.0000000000
47295  33.570  -19.386  73.563 0.0000000000
48302  33.207  -18.737  72.106 0.0000000000
48284  34.081  -18.777  73.204 0.0000000000
49139  35.244  -17.724  74.210 0.0000000000
50001  35.488  -16.824  74.505 0.0000000000
61775  44.366  -3.588  50.385 0.0000000000
61791  45.681  -3.208  49.723 0.0000000000
61753  46.524  -3.739  51.080 0.0000000000
61773  47.153  -3.462  50.607 0.0000000000
103126  48.606  -3.195  50.950 0.0000000000
102957  49.483  -3.064  50.775 0.0000000000
61733  49.137  -3.538  51.906 0.0000000000
61718  50.083  -4.082  52.817 0.0000000000
62638  52.120  -3.206  43.903 0.0000000000
60965  52.949  -4.212  44.991 0.0000000000
60948  54.612  -4.918  45.601 0.0000000000
60916  55.577  -5.340  47.053 0.0000000000
60918  53.450  -4.712  47.194 0.0000000000
60919  52.648  -4.527  47.344 0.0000000000
60911  52.498  -4.359  48.280 0.0000000000
43482  28.540  -23.815  78.075 0.0000000000
43494  29.841  -23.526  77.569 0.0000000000
102063  29.619  -23.799  78.851 0.0000000000
43445  30.452  -23.765  80.520 0.0000000000
117776  31.242  -23.849  81.337 0.0000000000
42352  17.951  -24.254  87.339 0.0000000000
43343  18.619  -23.710  88.564 0.0000000000
42345  17.224  -24.324  88.605 0.0000000000
42328  17.201  -24.033  91.052 0.0000000000
41400  15.655  -25.334  90.320 0.0000000000
42318  16.157  -24.840  91.901 0.0000000000
60842  46.583  -5.241  54.100 0.0000000000
60822  47.367  -5.184  55.946 0.0000000000
60823  46.384  -5.149  55.887 0.0000000000
102240  45.809  -4.802  56.796 0.0000000000
117491  46.471  -4.534  58.338 0.0000000000
119794  44.197  -4.965  56.609 0.0000000000
111097  45.861  -4.674  58.069 0.0000000000
60767  46.982  -4.634  58.868 0.0000000000
59054  47.445  -6.142  59.065 0.0000000000
58173  48.273  -7.315  60.358 0.0000000000
58144  48.534  -7.359  62.076 0.0000000000
53953  41.972  -13.364  61.042 0.0000000000
53951  43.303  -12.567  61.756 0.0000000000
53937  43.770  -13.246  63.256 0.0000000000
53917  44.328  -12.942  64.393 0.0000000000
53874  44.993  -12.100  65.903 0.0000000000
54726  42.783  -11.661  67.057 0.0000000000
54711  44.260  -11.308  67.351 0.0000000000
54710  45.297  -11.242  67.234 0.0000000000
51857  32.252  -13.857  68.266 0.0000000000
48209  36.950  -18.285  79.048 0.0000000000
61776  43.469  -3.477  50.431 0.0000000000
60884  45.025  -4.390  51.843 0.0000000000
60875  45.571  -4.605  52.394 0.0000000000
63464  49.044  -1.820  44.005 0.0000000000
62642  48.678  -2.267  44.661 0.0000000000
37127  13.092  -30.450  86.894 0.0000000000
38075  13.927  -30.170  88.137 0.0000000000
36085  12.921  -31.166  87.967 0.0000000000
108509  13.359  -31.484  89.244 0.0000000000
35077  13.419  -32.323  91.007 0.0000000000
36059  11.374  -32.129  90.412 0.0000000000
54803  40.353  -11.387  58.612 0.0000000000
54805  38.884  -12.063  58.099 0.0000000000
53974  40.456  -12.593  59.546 0.0000000000
52984  41.253  -13.676  60.725 0.0000000000
51932  41.073  -14.725  61.843 0.0000000000
52941  41.304  -14.332  63.795 0.0000000000
121807  38.908  -14.997  61.688 0.0000000000
51900  39.887  -14.724  63.178 0.0000000000
52922  40.316  -13.692  64.709 0.0000000000
53901  40.316  -12.661  65.863 0.0000000000
54716  39.654  -11.282  67.636 0.0000000000
55540  39.635  -10.862  68.153 0.0000000000
46348  31.163  -19.839  71.683 0.0000000000
45382  29.909  -20.991  72.583 0.0000000000
46318  31.321  -20.754  73.470 0.0000000000
46317  32.078  -20.083  73.131 0.0000000000
46305  33.388  -20.189  74.641 0.0000000000
46292  34.421  -20.134  75.596 0.0000000000
46280  35.439  -20.216  76.695 0.0000000000
43493  30.763  -23.466  77.845 0.0000000000
43492  31.749  -23.306  77.768 0.0000000000
43478  32.655  -23.201  77.843 0.0000000000
43460  33.974  -23.880  79.552 0.0000000000
43477  34.222  -23.413  78.835 0.0000000000
44411  34.109  -22.411  77.625 0.0000000000
45324  34.893  -22.052  77.978 0.0000000000
46263  35.939  -20.905  78.346 0.0000000000
46262  36.510  -20.346  79.138 0.0000000000
43380  26.700  -23.349  85.797 0.0000000000
43365  26.240  -23.380  86.306 0.0000000000
120248  24.665  -23.930  86.208 0.0000000000
43368  24.025  -24.171  86.609 0.0000000000
42382  23.344  -24.544  84.200 0.0000000000
114571  23.304  -24.575  85.117 0.0000000000
120581  22.721  -24.649  86.778 0.0000000000
42362  21.156  -24.708  86.227 0.0000000000
42363  20.305  -24.601  86.027 0.0000000000
43372  19.545  -24.279  86.629 0.0000000000
116265  19.773  -24.928  79.214 0.0000000000
42448  19.660  -24.940  79.917 0.0000000000
102268  19.587  -24.922  81.833 0.0000000000
42439  17.688  -25.223  80.404 0.0000000000
42426  18.687  -25.014  81.633 0.0000000000
42411  19.273  -24.932  82.616 0.0000000000
42397  18.793  -24.977  83.347 0.0000000000
105122  18.321  -24.958  84.791 0.0000000000
42366  17.991  -24.562  86.430 0.0000000000
42367  17.133  -24.922  86.286 0.0000000000
106776  16.609  -25.359  86.057 0.0000000000
41430  16.105  -25.909  85.617 0.0000000000
40509  15.731  -26.883  83.333 0.0000000000
39616  15.323  -26.977  84.801 0.0000000000
39595  15.204  -27.130  86.021 0.0000000000
120239  14.825  -27.730  85.669 0.0000000000
38867  14.410  -28.385  85.756 0.0000000000
38100  13.226  -29.482  85.726 0.0000000000
38101  12.316  -29.582  85.552 0.0000000000
38093  11.734  -30.070  86.064 0.0000000000
44457  27.455  -22.611  73.242 0.0000000000
109551  27.528  -22.946  74.208 0.0000000000
43536  27.725  -23.409  75.586 0.0000000000
43554  25.669  -23.669  74.352 0.0000000000
43537  26.789  -23.631  75.547 0.0000000000
109164  27.376  -23.746  76.923 0.0000000000
102996  27.141  -23.917  77.805 0.0000000000
43465  27.244  -23.990  79.411 0.0000000000
118344  27.217  -23.806  81.085 0.0000000000
102066  25.752  -24.229  80.206 0.0000000000
43448  26.345  -24.031  81.001 0.0000000000
108615  27.000  -23.627  81.901 0.0000000000
43397  27.184  -23.461  83.489 0.0000000000
43388  27.153  -23.387  84.447 0.0000000000
121768  13.959  -29.881  89.972 0.0000000000
38051  14.126  -29.147  91.629 0.0000000000
61688  53.753  -3.562  57.346 0.0000000000
60793  48.623  -3.767  57.620 0.0000000000
61659  50.556  -3.415  58.776 0.0000000000
60762  51.582  -3.875  59.569 0.0000000000
59936  51.043  -5.626  60.383 0.0000000000
59935  51.930  -5.350  60.627 0.0000000000
59934  52.752  -5.011  60.868 0.0000000000
120545  41.776  -5.526  56.569 0.0000000000
58196  43.449  -6.878  57.504 0.0000000000
57350  42.663  -8.443  58.071 0.0000000000
120920  43.486  -7.617  57.779 0.0000000000
58195  44.726  -7.221  58.029 0.0000000000
57335  46.301  -8.065  59.639 0.0000000000
57308  47.201  -8.135  61.944 0.0000000000
58129  48.690  -7.624  63.535 0.0000000000
54759  44.534  -11.847  62.538 0.0000000000
55611  44.836  -10.997  62.272 0.0000000000
55609  46.218  -10.337  63.276 0.0000000000
54722  47.122  -11.006  65.909 0.0000000000
55591  47.394  -10.230  64.891 0.0000000000
110783  46.757  -9.684  63.514 0.0000000000
57281  47.851  -8.699  64.007 0.0000000000
57280  48.420  -8.501  64.557 0.0000000000
52963  34.718  -14.396  63.013 0.0000000000
52947  35.888  -13.932  63.997 0.0000000000
53924  34.924  -13.399  65.288 0.0000000000
53923  35.812  -13.391  65.314 0.0000000000
53921  37.277  -13.253  65.465 0.0000000000
54732  37.979  -12.236  66.713 0.0000000000
54702  38.817  -11.277  68.226 0.0000000000
119819  39.478  -10.505  69.555 0.0000000000
48326  32.578  -18.146  70.622 0.0000000000
111810  32.400  -15.677  69.271 0.0000000000
51845  32.608  -14.645  69.500 0.0000000000
51816  33.120  -13.737  71.034 0.0000000000
49120  36.750  -17.443  77.290 0.0000000000
49991  36.222  -16.663  76.039 0.0000000000
50880  35.232  -15.695  75.220 0.0000000000
51767  34.996  -14.017  76.516 0.0000000000
119075  34.063  -14.029  74.484 0.0000000000
51793  33.855  -13.981  73.638 0.0000000000
53802  33.733  -13.196  72.025 0.0000000000
102600  33.629  -13.158  70.683 0.0000000000
53813  34.706  -13.040  70.944 0.0000000000
51814  35.851  -14.046  71.150 0.0000000000
51827  37.189  -14.308  70.850 0.0000000000
107113  38.703  -14.077  74.750 0.0000000000
52823  39.098  -13.815  72.635 0.0000000000
52846  38.396  -13.382  70.721 0.0000000000
53811  39.210  -12.447  71.525 0.0000000000
62625  47.951  -3.082  45.903 0.0000000000
61809  49.185  -3.957  46.170 0.0000000000
60921  50.203  -4.318  47.365 0.0000000000
61797  50.998  -4.034  48.832 0.0000000000
61785  52.169  -3.529  50.033 0.0000000000
102958  50.957  -3.073  50.922 0.0000000000
61771  51.810  -3.238  50.798 0.0000000000
61769  53.729  -3.353  50.925 0.0000000000
108393  53.892  -3.310  51.706 0.0000000000
44351  27.711  -23.079  86.099 0.0000000000
44350  28.602  -22.958  85.846 0.0000000000
38082  13.750  -30.033  87.294 0.0000000000
106181  40.141  -10.509  68.496 0.0000000000
55524  40.568  -9.947  69.033 0.0000000000
43535  28.524  -23.355  76.022 0.0000000000
43515  28.934  -23.456  76.619 0.0000000000
121556  21.664  -24.518  78.841 0.0000000000
42459  21.033  -24.703  78.678 0.0000000000
110143  21.694  -24.387  78.365 0.0000000000
43342  20.086  -23.825  88.305 0.0000000000
116944  19.287  -23.780  88.001 0.0000000000
102622  48.017  -5.227  54.717 0.0000000000
102864  48.964  -5.208  55.104 0.0000000000
59007  49.652  -6.813  63.056 0.0000000000
58989  50.168  -6.798  64.343 0.0000000000
54789  41.465  -11.474  59.483 0.0000000000
54788  42.148  -11.151  59.763 0.0000000000
52882  32.805  -13.684  68.230 0.0000000000
53855  32.826  -13.676  67.824 0.0000000000
53825  33.406  -13.654  69.287 0.0000000000
48234  36.284  -18.718  76.130 0.0000000000
47254  36.525  -19.055  76.956 0.0000000000
60873  47.314  -4.520  52.705 0.0000000000
103695  48.241  -4.949  53.659 0.0000000000
61820  50.373  -3.858  45.311 0.0000000000
104405  28.193  -23.679  80.982 0.0000000000
43447  29.094  -23.701  80.961 0.0000000000
41413  15.886  -25.805  88.110 0.0000000000
60863  43.075  -4.859  53.332 0.0000000000
102028  43.000  -4.913  54.402 0.0000000000
59968  43.677  -5.379  57.415 0.0000000000
110608  44.432  -5.797  57.813 0.0000000000
59064  44.903  -6.117  58.036 0.0000000000
52921  41.650  -13.931  64.486 0.0000000000
52920  42.605  -13.853  64.377 0.0000000000
53899  42.270  -12.660  65.807 0.0000000000
112946  10.582  -30.720  88.238 0.0000000000
53018  37.444  -13.522  58.565 0.0000000000
104858  38.585  -14.074  59.409 0.0000000000
51981  38.105  -14.628  59.747 0.0000000000
52944  38.229  -14.162  64.088 0.0000000000
52925  37.653  -13.544  64.762 0.0000000000
105442  32.123  -21.760  75.807 0.0000000000
105527  31.769  -21.570  75.270 0.0000000000
45343  32.738  -21.663  76.034 0.0000000000
115455  31.924  -23.898  80.824 0.0000000000
43444  32.147  -23.912  80.002 0.0000000000
114453  32.664  -24.018  80.706 0.0000000000
112037  25.082  -23.864  84.029 0.0000000000
42410  20.928  -24.777  82.597 0.0000000000
102076  20.412  -24.808  83.404 0.0000000000
41461  16.853  -25.979  82.044 0.0000000000
41447  16.815  -25.955  83.946 0.0000000000
40525  16.292  -26.400  82.327 0.0000000000
43500  24.103  -23.919  77.085 0.0000000000
119060  24.345  -23.896  76.421 0.0000000000
43499  24.948  -23.972  77.038 0.0000000000
102994  25.323  -24.021  77.913 0.0000000000
43433  24.554  -24.212  81.954 0.0000000000
43432  25.217  -24.088  81.719 0.0000000000
43416  25.201  -23.885  82.546 0.0000000000
43399  25.546  -23.805  83.359 0.0000000000
43353  24.152  -24.004  87.607 0.0000000000
36053  13.983  -31.929  91.734 0.0000000000
36052  14.456  -31.308  92.343 0.0000000000
61705  53.213  -4.127  54.476 0.0000000000
112180  53.379  -4.137  55.312 0.0000000000
61647  52.373  -3.448  58.857 0.0000000000
61646  53.325  -3.578  58.965 0.0000000000
112720  53.354  -4.667  60.492 0.0000000000
61651  48.170  -3.752  58.832 0.0000000000
60765  48.276  -4.142  59.187 0.0000000000
56478  44.977  -9.855  61.118 0.0000000000
56477  45.765  -9.328  61.613 0.0000000000
122953  45.561  -11.932  65.631 0.0000000000
54739  45.977  -11.810  65.300 0.0000000000
52949  32.993  -13.797  63.916 0.0000000000
52878  36.500  -13.928  68.248 0.0000000000
52877  37.353  -13.238  68.426 0.0000000000
53838  37.827  -12.873  69.079 0.0000000000
118438  31.909  -19.379  71.522 0.0000000000
103088  31.531  -19.251  70.931 0.0000000000
50026  34.182  -16.636  72.426 0.0000000000
50900  34.180  -15.873  73.044 0.0000000000
50901  33.848  -15.756  72.324 0.0000000000
114461  35.617  -13.032  76.158 0.0000000000
53781  35.759  -12.880  74.766 0.0000000000
52790  36.358  -13.159  75.576 0.0000000000
52803  36.679  -13.444  74.640 0.0000000000
117429  48.167  -3.501  49.794 0.0000000000
104814  47.203  -3.366  49.222 0.0000000000
61788  47.872  -3.581  49.159 0.0000000000
102405  48.764  -3.739  49.233 0.0000000000
60854  52.287  -4.383  54.211 0.0000000000
110363  51.957  -4.203  53.232 0.0000000000
60947  55.952  -4.861  45.337 0.0000000000
60047  56.635  -5.400  46.092 0.0000000000
60904  54.653  -4.200  49.664 0.0000000000
61783  54.304  -3.827  50.342 0.0000000000
61768  55.235  -3.682  50.736 0.0000000000
44376  29.031  -23.210  83.106 0.0000000000
40463  15.007  -27.143  87.822 0.0000000000
38839  14.125  -28.398  89.151 0.0000000000
39569  14.454  -27.661  89.134 0.0000000000
39560  14.039  -27.737  91.002 0.0000000000
60813  41.480  -5.170  55.869 0.0000000000
54728  41.240  -11.674  66.984 0.0000000000
108908  9.514  -29.817  89.335 0.0000000000
37094  9.446  -30.152  91.103 0.0000000000
102911  28.119  -22.581  73.658 0.0000000000
44456  28.778  -22.259  73.544 0.0000000000
110434  29.820  -22.682  75.465 0.0000000000
44431  30.644  -22.479  75.696 0.0000000000
44420  30.968  -22.800  76.353 0.0000000000
120719  23.607  -24.567  81.444 0.0000000000
43501  22.902  -23.901  77.316 0.0000000000
43450  23.383  -24.418  80.243 0.0000000000
60839  50.657  -4.897  54.734 0.0000000000
60804  51.110  -4.400  56.912 0.0000000000
104828  51.209  -3.424  58.403 0.0000000000
59047  48.736  -6.728  59.818 0.0000000000
59046  49.643  -6.402  60.127 0.0000000000
56525  40.607  -9.422  57.414 0.0000000000
55629  42.859  -10.854  60.036 0.0000000000
55628  43.542  -10.540  60.374 0.0000000000
55627  44.242  -10.222  60.729 0.0000000000
53926  32.361  -13.361  65.451 0.0000000000
118318  33.131  -13.714  66.347 0.0000000000
105401  33.116  -13.828  66.883 0.0000000000
53839  34.108  -13.730  68.860 0.0000000000
53853  33.896  -13.692  67.924 0.0000000000
52879  35.499  -14.178  68.274 0.0000000000
51844  35.518  -14.296  69.352 0.0000000000
47276  33.796  -19.628  74.209 0.0000000000
47294  34.111  -19.122  73.821 0.0000000000
48252  35.983  -18.261  75.401 0.0000000000
48267  35.544  -18.191  74.800 0.0000000000
49131  35.763  -17.508  74.929 0.0000000000
61754  44.902  -4.022  51.082 0.0000000000
121217  45.759  -3.788  50.887 0.0000000000
61735  47.356  -4.049  52.026 0.0000000000
61752  47.345  -3.720  51.341 0.0000000000
116037  47.922  -3.507  51.017 0.0000000000
61750  49.044  -3.205  51.353 0.0000000000
60857  49.507  -4.529  53.436 0.0000000000
60856  50.337  -4.537  53.689 0.0000000000
61818  52.074  -4.070  45.126 0.0000000000
60949  53.413  -4.575  45.629 0.0000000000
60930  53.841  -4.867  46.406 0.0000000000
60931  52.832  -4.540  46.462 0.0000000000
107207  52.000  -4.487  46.860 0.0000000000
112097  51.956  -4.476  47.561 0.0000000000
102062  28.751  -23.872  78.756 0.0000000000
43446  29.834  -23.704  80.975 0.0000000000
104193  17.242  -24.573  87.071 0.0000000000
43344  17.924  -24.014  88.169 0.0000000000
42338  16.589  -24.631  89.332 0.0000000000
107554  16.712  -24.324  90.298 0.0000000000
42329  16.468  -24.477  91.108 0.0000000000
40443  15.095  -26.492  89.337 0.0000000000
121852  15.220  -25.952  89.978 0.0000000000
60843  45.810  -5.155  53.925 0.0000000000
102030  46.052  -5.100  54.946 0.0000000000
60825  44.647  -5.115  55.922 0.0000000000
102619  46.216  -4.524  57.538 0.0000000000
105638  45.330  -4.806  57.434 0.0000000000
60827  42.976  -4.936  55.917 0.0000000000
60826  43.783  -5.007  55.970 0.0000000000
60810  43.433  -5.002  56.738 0.0000000000
60778  45.421  -5.027  58.187 0.0000000000
60796  44.954  -5.052  57.721 0.0000000000
60777  46.081  -4.810  58.415 0.0000000000
60768  46.302  -5.036  58.728 0.0000000000
59947  46.799  -5.220  58.969 0.0000000000
118164  46.729  -6.050  58.837 0.0000000000
58182  47.829  -7.032  59.499 0.0000000000
58174  47.457  -7.692  60.237 0.0000000000
58159  48.570  -7.346  61.237 0.0000000000
58160  47.809  -7.691  61.360 0.0000000000
52971  42.281  -13.853  61.773 0.0000000000
53945  42.972  -13.438  62.122 0.0000000000
52958  43.141  -13.652  62.934 0.0000000000
53898  43.815  -13.004  65.263 0.0000000000
53897  44.689  -12.601  65.168 0.0000000000
54713  42.430  -11.158  67.509 0.0000000000
54712  43.250  -11.165  67.530 0.0000000000
55554  43.789  -10.589  68.038 0.0000000000
55553  44.770  -10.565  67.948 0.0000000000
55534  45.260  -9.772  68.527 0.0000000000
114936  31.639  -13.954  67.765 0.0000000000
51846  32.409  -14.258  68.793 0.0000000000
61755  43.868  -4.004  51.011 0.0000000000
60885  44.216  -4.364  51.721 0.0000000000
60862  44.492  -4.875  53.343 0.0000000000
60861  45.234  -4.899  53.190 0.0000000000
107910  46.012  -4.908  52.963 0.0000000000
37128  12.178  -30.574  86.674 0.0000000000
37119  12.595  -30.908  87.372 0.0000000000
36079  11.973  -31.666  88.620 0.0000000000
36078  12.802  -31.510  88.526 0.0000000000
36068  12.658  -31.962  89.382 0.0000000000
36067  13.248  -32.009  90.026 0.0000000000
35078  12.852  -32.420  90.447 0.0000000000
36070  10.901  -31.615  89.619 0.0000000000
55655  39.897  -10.979  57.965 0.0000000000
54816  39.157  -11.346  57.709 0.0000000000
53987  38.588  -12.791  58.470 0.0000000000
54005  38.284  -12.370  57.965 0.0000000000
53986  39.310  -12.491  58.698 0.0000000000
54791  40.045  -12.147  58.958 0.0000000000
53963  40.855  -13.088  60.131 0.0000000000
52999  40.151  -13.452  59.862 0.0000000000
52973  40.832  -14.472  61.103 0.0000000000
51910  41.226  -14.697  62.516 0.0000000000
51911  40.518  -14.850  62.354 0.0000000000
51957  37.775  -14.987  60.466 0.0000000000
51935  38.327  -15.073  61.300 0.0000000000
52943  39.210  -14.287  64.080 0.0000000000
52942  40.299  -14.307  64.059 0.0000000000
53918  39.854  -13.157  65.290 0.0000000000
53879  39.706  -12.244  66.612 0.0000000000
54730  39.153  -11.820  67.141 0.0000000000
114719  38.916  -11.600  67.487 0.0000000000
46364  29.864  -20.115  70.987 0.0000000000
46349  30.379  -20.149  71.485 0.0000000000
45370  29.423  -21.837  73.431 0.0000000000
121731  29.507  -21.453  72.899 0.0000000000
110160  30.007  -21.393  73.257 0.0000000000
45359  32.204  -20.990  74.778 0.0000000000
46332  31.257  -20.280  72.611 0.0000000000
117313  32.596  -20.196  73.741 0.0000000000
46306  32.735  -20.486  74.345 0.0000000000
46293  33.648  -20.458  75.333 0.0000000000
46281  34.714  -20.548  76.301 0.0000000000
120830  30.014  -23.671  78.254 0.0000000000
43479  32.094  -23.561  78.490 0.0000000000
43459  34.890  -23.637  79.381 0.0000000000
44404  33.583  -23.128  78.159 0.0000000000
44403  34.528  -22.781  78.294 0.0000000000
45323  35.647  -21.693  78.486 0.0000000000
43381  25.858  -23.617  85.594 0.0000000000
43390  24.617  -24.016  84.735 0.0000000000
43382  25.005  -23.868  85.531 0.0000000000
43401  23.649  -24.411  83.421 0.0000000000
42394  22.962  -24.638  83.428 0.0000000000
121670  22.744  -24.680  84.724 0.0000000000
42373  22.508  -24.732  85.428 0.0000000000
42360  23.165  -24.601  86.150 0.0000000000
42361  22.137  -24.774  86.358 0.0000000000
42374  21.642  -24.767  85.510 0.0000000000
42364  19.459  -24.592  85.749 0.0000000000
42438  19.403  -24.948  80.841 0.0000000000
42450  17.474  -25.114  79.580 0.0000000000
42412  18.612  -25.052  82.481 0.0000000000
121948  19.031  -24.978  82.143 0.0000000000
104075  18.586  -24.720  85.595 0.0000000000
42377  17.666  -24.981  85.508 0.0000000000
41429  16.717  -25.550  85.312 0.0000000000
39629  14.571  -27.442  83.652 0.0000000000
40494  15.391  -27.066  83.990 0.0000000000
40479  15.543  -26.652  85.488 0.0000000000
39605  15.051  -27.307  85.237 0.0000000000
38879  13.668  -28.366  84.707 0.0000000000
121661  14.118  -28.411  85.209 0.0000000000
38868  13.749  -28.820  85.396 0.0000000000
108208  12.867  -28.931  84.996 0.0000000000
38869  11.828  -29.006  85.057 0.0000000000
38102  11.364  -29.476  85.558 0.0000000000
43566  26.125  -23.363  73.670 0.0000000000
44445  26.844  -22.992  73.753 0.0000000000
43552  27.316  -23.326  74.956 0.0000000000
43555  24.825  -23.781  74.209 0.0000000000
43518  25.662  -23.819  76.459 0.0000000000
113759  26.085  -23.769  75.902 0.0000000000
43517  26.533  -23.754  76.499 0.0000000000
115245  27.250  -23.660  76.170 0.0000000000
102068  27.708  -23.915  80.227 0.0000000000
102067  26.765  -24.042  80.228 0.0000000000
43468  24.418  -24.198  79.382 0.0000000000
43467  25.312  -24.231  79.368 0.0000000000
102065  24.942  -24.391  79.891 0.0000000000
43431  26.073  -23.810  81.887 0.0000000000
120769  26.665  -23.811  81.480 0.0000000000
43414  27.535  -23.444  82.568 0.0000000000
121334  26.574  -23.608  84.044 0.0000000000
44360  27.125  -23.289  85.225 0.0000000000
118215  26.223  -23.239  86.976 0.0000000000
43329  18.740  -23.500  89.630 0.0000000000
37110  13.663  -30.833  88.677 0.0000000000
38068  13.891  -30.091  89.087 0.0000000000
37083  14.390  -30.228  91.850 0.0000000000
38061  14.087  -30.094  90.873 0.0000000000
38044  14.507  -29.632  92.039 0.0000000000
60803  52.883  -3.844  56.918 0.0000000000
116821  54.177  -3.770  59.090 0.0000000000
60807  47.464  -4.540  56.920 0.0000000000
60806  48.328  -4.571  56.807 0.0000000000
61649  50.074  -3.603  59.092 0.0000000000
61660  49.517  -3.452  58.620 0.0000000000
61648  50.987  -3.499  59.144 0.0000000000
59037  50.512  -6.244  60.706 0.0000000000
59937  50.333  -5.865  60.071 0.0000000000
59926  52.507  -5.317  61.466 0.0000000000
59925  53.435  -5.149  61.587 0.0000000000
59089  41.301  -5.930  56.531 0.0000000000
59980  40.881  -5.380  55.929 0.0000000000
59080  42.122  -6.044  56.988 0.0000000000
58207  42.634  -6.875  57.225 0.0000000000
57351  41.931  -8.675  57.820 0.0000000000
57349  43.487  -8.205  58.185 0.0000000000
106459  44.348  -8.121  58.371 0.0000000000
113902  43.978  -7.489  57.863 0.0000000000
57348  45.186  -7.912  58.536 0.0000000000
57336  45.545  -8.399  59.321 0.0000000000
117066  46.870  -8.609  62.354 0.0000000000
57322  46.837  -8.125  61.001 0.0000000000
58145  47.977  -7.755  62.385 0.0000000000
58130  48.135  -7.901  63.128 0.0000000000
53943  44.209  -12.635  62.847 0.0000000000
54760  43.911  -12.177  62.139 0.0000000000
118245  46.070  -11.619  64.039 0.0000000000
54758  45.191  -11.558  62.978 0.0000000000
55601  45.845  -11.257  63.448 0.0000000000
55610  45.529  -10.686  62.735 0.0000000000
55581  47.568  -10.521  65.664 0.0000000000
56452  47.099  -9.887  64.192 0.0000000000
56459  47.307  -9.157  63.780 0.0000000000
56451  47.743  -9.352  64.559 0.0000000000
52948  34.013  -14.013  63.744 0.0000000000
52962  35.569  -14.286  63.094 0.0000000000
53908  34.366  -13.380  65.854 0.0000000000
117449  33.981  -13.434  65.326 0.0000000000
53883  36.571  -13.000  66.331 0.0000000000
53906  36.198  -13.153  65.865 0.0000000000
53922  36.580  -13.337  65.377 0.0000000000
53905  36.989  -13.013  65.967 0.0000000000
53904  37.648  -12.803  66.060 0.0000000000
53882  37.540  -12.690  66.413 0.0000000000
53850  38.492  -11.545  68.690 0.0000000000
54703  38.355  -11.714  67.861 0.0000000000
54694  38.933  -11.025  69.145 0.0000000000
48313  32.993  -18.333  71.367 0.0000000000
121485  33.560  -18.128  71.799 0.0000000000
49179  32.714  -17.381  70.197 0.0000000000
50066  32.128  -16.520  69.024 0.0000000000
51830  33.197  -14.544  71.229 0.0000000000
51831  32.920  -14.684  70.408 0.0000000000
119606  32.924  -14.097  70.764 0.0000000000
113236  32.885  -13.944  70.253 0.0000000000
49114  36.790  -17.478  78.399 0.0000000000
115682  36.182  -15.982  77.331 0.0000000000
49976  35.891  -15.822  76.617 0.0000000000
115019  35.714  -16.034  75.826 0.0000000000
50868  35.257  -15.167  76.128 0.0000000000
52791  34.751  -13.149  75.472 0.0000000000
117599  35.051  -13.248  76.160 0.0000000000
51777  34.685  -13.604  75.633 0.0000000000
122659  34.350  -14.045  75.103 0.0000000000
51785  34.081  -13.240  74.244 0.0000000000
113774  34.770  -12.752  73.581 0.0000000000
53792  33.926  -13.104  72.702 0.0000000000
53815  33.672  -13.129  71.452 0.0000000000
53801  34.044  -12.885  71.991 0.0000000000
53814  34.125  -12.867  71.169 0.0000000000
53800  34.656  -12.862  71.769 0.0000000000
52813  36.967  -14.089  73.194 0.0000000000
52824  35.963  -13.514  72.114 0.0000000000
51803  36.847  -14.167  72.344 0.0000000000
51813  36.609  -14.217  71.483 0.0000000000
51812  37.583  -14.283  71.690 0.0000000000
52788  39.441  -13.829  75.320 0.0000000000
104566  39.583  -13.438  73.319 0.0000000000
109490  38.352  -13.973  71.387 0.0000000000
52833  39.025  -13.438  71.674 0.0000000000
53812  38.851  -12.723  70.929 0.0000000000
53799  39.624  -12.310  72.299 0.0000000000
62632  47.665  -2.223  45.704 0.0000000000
62609  45.207  -2.754  49.174 0.0000000000
61802  45.941  -2.974  49.026 0.0000000000
123198  48.258  -3.852  46.977 0.0000000000
61810  48.454  -3.664  46.367 0.0000000000
60923  48.881  -4.104  46.854 0.0000000000
60934  49.674  -4.239  46.731 0.0000000000
60922  49.367  -4.177  47.456 0.0000000000
61786  50.375  -3.789  49.382 0.0000000000
61796  51.894  -3.977  49.067 0.0000000000
112921  49.709  -3.180  51.472 0.0000000000
117078  50.230  -2.988  51.022 0.0000000000
61749  50.540  -3.256  51.620 0.0000000000
61748  51.449  -3.247  51.449 0.0000000000
61747  52.338  -3.273  51.336 0.0000000000
61770  52.736  -3.300  50.751 0.0000000000
61746  53.111  -3.283  51.288 0.0000000000
113760  54.780  -3.510  52.878 0.0000000000
61857  52.961  -3.220  43.926 0.0000000000
114401  53.384  -2.750  43.472 0.0000000000
61856  53.838  -3.197  43.763 0.0000000000
102386  54.384  -5.074  47.201 0.0000000000
105079  14.475  -28.556  86.631 0.0000000000
38851  14.417  -28.642  87.496 0.0000000000
38846  14.023  -29.307  88.651 0.0000000000
55557  41.266  -10.654  67.950 0.0000000000
55539  40.916  -10.243  68.451 0.0000000000
111162  29.074  -22.960  75.547 0.0000000000
44421  29.357  -23.136  76.113 0.0000000000
43451  22.647  -24.559  80.451 0.0000000000
43452  22.088  -24.554  79.906 0.0000000000
42436  21.211  -24.809  80.177 0.0000000000
43483  23.059  -24.052  78.888 0.0000000000
43356  20.740  -24.188  87.723 0.0000000000
43341  20.957  -23.932  88.682 0.0000000000
102073  20.247  -23.600  89.247 0.0000000000
43327  20.377  -23.524  90.173 0.0000000000
60820  49.898  -5.080  55.557 0.0000000000
121020  49.640  -4.941  56.280 0.0000000000
60805  49.357  -4.450  56.935 0.0000000000
59039  49.142  -7.086  61.662 0.0000000000
101480  50.383  -6.494  63.793 0.0000000000
55654  40.646  -10.648  58.293 0.0000000000
118016  41.290  -10.459  58.629 0.0000000000
101545  41.732  -10.760  59.136 0.0000000000
54775  43.220  -11.262  60.727 0.0000000000
53868  32.462  -13.702  67.314 0.0000000000
53867  33.042  -13.720  67.569 0.0000000000
53854  33.452  -13.697  68.244 0.0000000000
115880  33.811  -13.440  69.445 0.0000000000
47264  34.980  -19.392  75.098 0.0000000000
47263  35.712  -19.116  75.614 0.0000000000
48251  36.447  -18.025  75.984 0.0000000000
60874  46.556  -4.436  52.347 0.0000000000
61734  47.882  -4.145  52.338 0.0000000000
115917  48.560  -4.066  52.426 0.0000000000
61819  51.235  -3.981  45.209 0.0000000000
60951  51.683  -4.269  45.761 0.0000000000
60932  51.381  -4.396  46.421 0.0000000000
60933  50.531  -4.349  46.597 0.0000000000
43463  29.122  -23.898  79.526 0.0000000000
120136  16.566  -25.050  86.926 0.0000000000
41412  16.340  -25.157  87.814 0.0000000000
41399  15.999  -25.086  89.510 0.0000000000
112523  14.807  -26.524  91.330 0.0000000000
102029  45.204  -5.083  54.977 0.0000000000
59955  44.652  -5.294  57.724 0.0000000000
59056  46.165  -5.395  58.678 0.0000000000
59063  45.581  -5.729  58.357 0.0000000000
59055  46.224  -6.567  58.634 0.0000000000
58183  46.521  -7.441  59.104 0.0000000000
52940  42.537  -14.039  63.448 0.0000000000
111326  43.196  -12.667  65.903 0.0000000000
104627  43.936  -4.828  53.069 0.0000000000
37120  11.677  -30.911  87.319 0.0000000000
36087  11.288  -31.174  88.139 0.0000000000
53988  37.887  -12.931  58.248 0.0000000000
53976  38.972  -13.327  59.033 0.0000000000
53000  39.379  -13.930  59.680 0.0000000000
51955  39.387  -14.641  60.313 0.0000000000
51934  39.330  -14.952  61.126 0.0000000000
108279  37.708  -15.095  62.012 0.0000000000
51902  38.041  -14.564  63.346 0.0000000000
53919  38.862  -13.120  65.433 0.0000000000
53903  38.312  -12.655  66.093 0.0000000000
45360  30.536  -21.815  74.532 0.0000000000
45369  30.628  -21.329  73.761 0.0000000000
46294  32.935  -20.747  75.058 0.0000000000
45351  33.183  -21.058  75.727 0.0000000000
45341  34.214  -21.232  76.658 0.0000000000
102071  30.785  -23.755  79.700 0.0000000000
103274  31.529  -23.765  79.272 0.0000000000
43461  32.472  -23.729  79.191 0.0000000000
44402  35.340  -22.479  78.643 0.0000000000
42395  22.143  -24.705  83.392 0.0000000000
102832  21.674  -24.755  84.077 0.0000000000
102882  21.090  -24.778  84.770 0.0000000000
103490  18.268  -25.010  79.894 0.0000000000
41470  17.144  -25.554  80.887 0.0000000000
41460  17.379  -25.594  81.690 0.0000000000
42398  18.040  -25.216  82.994 0.0000000000
41437  17.327  -25.424  84.325 0.0000000000
42378  17.179  -25.307  85.034 0.0000000000
109821  14.140  -27.859  84.165 0.0000000000
39618  13.293  -28.020  83.909 0.0000000000
44459  25.735  -23.186  72.965 0.0000000000
43519  24.698  -23.886  75.701 0.0000000000
102995  26.260  -23.982  77.914 0.0000000000
61658  53.064  -3.411  58.398 0.0000000000
60753  54.293  -4.941  60.404 0.0000000000
61682  47.434  -3.839  58.037 0.0000000000
61681  48.126  -3.465  58.088 0.0000000000
60764  49.780  -4.116  59.420 0.0000000000
119294  51.357  -5.991  62.327 0.0000000000
56498  43.491  -9.443  59.336 0.0000000000
56510  43.061  -8.936  58.726 0.0000000000
56497  44.290  -9.245  59.567 0.0000000000
57324  45.109  -9.017  59.798 0.0000000000
105107  45.805  -8.635  60.129 0.0000000000
103485  46.509  -8.642  61.713 0.0000000000
53916  45.126  -12.443  64.462 0.0000000000
54751  44.805  -12.319  63.242 0.0000000000
54745  45.792  -11.979  64.542 0.0000000000
54744  46.455  -11.405  64.684 0.0000000000
56450  48.262  -9.166  65.127 0.0000000000
113347  34.506  -13.594  64.602 0.0000000000
52895  35.368  -13.538  67.343 0.0000000000
53864  35.390  -13.215  66.672 0.0000000000
53863  36.295  -13.053  66.870 0.0000000000
53851  37.757  -12.305  67.563 0.0000000000
53837  38.219  -12.176  69.267 0.0000000000
49155  34.385  -17.484  72.647 0.0000000000
49156  33.902  -17.408  71.929 0.0000000000
50046  33.548  -16.331  71.176 0.0000000000
50908  33.572  -15.634  71.575 0.0000000000
112078  33.515  -14.757  72.160 0.0000000000
110989  36.569  -16.695  78.960 0.0000000000
49962  36.526  -15.939  79.412 0.0000000000
49969  36.279  -15.960  78.646 0.0000000000
50841  35.739  -14.625  78.062 0.0000000000
53783  34.550  -13.065  75.002 0.0000000000
53782  35.012  -12.756  74.944 0.0000000000
116537  35.216  -12.932  72.244 0.0000000000
101750  36.261  -13.237  73.802 0.0000000000
61804  49.089  -3.976  48.262 0.0000000000
60913  49.885  -4.131  48.109 0.0000000000
61798  49.677  -3.899  48.911 0.0000000000
61731  51.176  -3.529  52.120 0.0000000000
115071  51.707  -3.795  52.532 0.0000000000
117643  52.533  -3.723  52.578 0.0000000000
61729  53.643  -3.590  52.604 0.0000000000
60964  53.989  -4.344  44.849 0.0000000000
61837  54.657  -3.658  44.121 0.0000000000
60962  56.457  -4.289  44.541 0.0000000000
111828  56.087  -4.053  50.194 0.0000000000
43413  28.418  -23.361  82.438 0.0000000000
44357  29.584  -23.075  84.728 0.0000000000
40444  14.674  -27.117  89.658 0.0000000000
39577  14.532  -27.928  88.249 0.0000000000
39559  14.449  -27.128  90.660 0.0000000000
38814  14.383  -28.082  91.819 0.0000000000
60828  42.046  -4.981  55.853 0.0000000000
60811  42.720  -5.175  56.663 0.0000000000
59969  42.788  -5.335  57.080 0.0000000000
53877  41.687  -12.104  66.419 0.0000000000
55556  42.101  -10.616  67.956 0.0000000000
55537  42.572  -10.056  68.510 0.0000000000
37112  9.998  -30.460  88.904 0.0000000000
37093  9.885  -30.956  90.997 0.0000000000
36055  10.133  -31.532  92.039 0.0000000000
103810  36.918  -14.998  62.224 0.0000000000
44443  29.877  -22.274  74.674 0.0000000000
44430  31.489  -22.212  75.860 0.0000000000
118800  32.227  -22.245  76.258 0.0000000000
43417  24.250  -24.130  82.838 0.0000000000
42423  22.421  -24.681  81.289 0.0000000000
106215  22.269  -24.687  82.042 0.0000000000
42409  21.788  -24.714  82.642 0.0000000000
41471  16.244  -25.957  80.652 0.0000000000
113591  16.218  -26.217  81.528 0.0000000000
118187  15.696  -26.525  81.837 0.0000000000
40544  14.895  -26.670  81.767 0.0000000000
43469  23.607  -24.178  79.501 0.0000000000
102064  24.234  -24.396  80.172 0.0000000000
118171  24.109  -24.457  81.477 0.0000000000
60818  52.044  -4.402  56.193 0.0000000000
60790  51.987  -3.875  57.362 0.0000000000
61678  51.851  -3.476  58.032 0.0000000000
121203  51.760  -3.487  59.150 0.0000000000
59945  48.667  -5.142  59.395 0.0000000000
59024  50.595  -6.345  61.723 0.0000000000
120775  40.582  -8.620  56.854 0.0000000000
55653  41.894  -9.951  58.719 0.0000000000
55652  42.720  -9.668  59.073 0.0000000000
56488  43.893  -9.874  59.994 0.0000000000
55618  45.260  -10.210  61.945 0.0000000000
54709  46.102  -11.151  67.114 0.0000000000
52930  32.647  -13.424  64.719 0.0000000000
53925  33.101  -13.455  65.386 0.0000000000
53865  34.321  -13.604  66.951 0.0000000000
53866  33.547  -13.770  67.383 0.0000000000
52896  34.627  -13.603  67.318 0.0000000000
51856  36.146  -14.393  68.873 0.0000000000
51842  36.993  -14.312  69.961 0.0000000000
47312  32.664  -19.399  72.569 0.0000000000
47323  32.523  -19.098  71.788 0.0000000000
47311  33.365  -19.039  72.872 0.0000000000
48300  34.430  -18.143  73.030 0.0000000000
48268  35.084  -18.639  74.527 0.0000000000
48283  34.641  -18.487  73.766 0.0000000000
49147  34.799  -17.574  73.371 0.0000000000
50014  35.054  -16.809  73.821 0.0000000000
50002  34.977  -16.041  74.402 0.0000000000
106807  45.278  -3.553  50.352 0.0000000000
61774  46.179  -3.489  50.386 0.0000000000
102273  48.018  -3.414  50.461 0.0000000000
61732  49.873  -3.568  52.113 0.0000000000
61719  49.315  -4.047  52.625 0.0000000000
60855  51.309  -4.558  53.951 0.0000000000
61839  52.513  -3.703  44.502 0.0000000000
60929  54.717  -5.243  46.485 0.0000000000
104411  53.981  -4.620  47.992 0.0000000000
102730  53.216  -4.518  47.889 0.0000000000
60910  53.479  -4.311  48.638 0.0000000000
61795  52.843  -3.982  49.316 0.0000000000
43495  28.919  -23.638  77.373 0.0000000000
43481  29.275  -23.744  78.145 0.0000000000
43462  30.018  -23.782  79.613 0.0000000000
43411  30.202  -23.501  82.300 0.0000000000
104023  30.950  -23.717  82.213 0.0000000000
43358  18.584  -23.921  87.689 0.0000000000
43330  17.911  -23.794  89.148 0.0000000000
42337  17.226  -24.035  89.781 0.0000000000
43318  17.947  -23.703  90.302 0.0000000000
41406  15.608  -25.752  89.158 0.0000000000
40432  15.158  -25.871  90.954 0.0000000000
41394  15.627  -25.332  91.480 0.0000000000
42330  15.947  -24.795  91.156 0.0000000000
102276  46.963  -5.370  54.875 0.0000000000
60808  46.679  -4.706  56.847 0.0000000000
60795  47.034  -4.219  57.563 0.0000000000
61663  47.055  -4.215  58.321 0.0000000000
60775  47.202  -4.252  58.586 0.0000000000
103279  43.375  -4.971  55.140 0.0000000000
60809  44.475  -4.918  56.976 0.0000000000
60776  46.646  -4.567  58.540 0.0000000000
59946  47.652  -4.929  59.212 0.0000000000
59053  48.320  -6.140  59.333 0.0000000000
59008  48.770  -7.342  62.928 0.0000000000
53962  41.570  -12.765  60.414 0.0000000000
53961  42.268  -12.434  60.722 0.0000000000
53952  42.666  -12.991  61.381 0.0000000000
53944  43.614  -13.022  62.482 0.0000000000
52939  43.262  -13.673  63.771 0.0000000000
52918  43.849  -13.291  63.933 0.0000000000
53876  42.532  -12.140  66.470 0.0000000000
115284  43.379  -12.115  66.549 0.0000000000
121339  43.546  -11.635  67.054 0.0000000000
54725  44.223  -11.920  66.597 0.0000000000
112863  44.929  -11.681  66.679 0.0000000000
55552  45.741  -10.529  67.791 0.0000000000
52898  31.748  -13.707  67.281 0.0000000000
52866  32.749  -13.772  68.629 0.0000000000
106188  36.566  -19.751  78.612 0.0000000000
109988  36.836  -19.134  78.714 0.0000000000
62630  49.045  -3.056  44.959 0.0000000000
37118  13.391  -30.720  87.794 0.0000000000
36077  13.262  -31.156  88.409 0.0000000000
37111  10.682  -31.113  88.878 0.0000000000
35079  12.113  -32.312  90.084 0.0000000000
35071  13.009  -32.734  91.531 0.0000000000
101632  40.172  -10.152  57.560 0.0000000000
54790  40.777  -11.807  59.208 0.0000000000
54804  39.613  -11.717  58.348 0.0000000000
53973  41.164  -12.234  59.819 0.0000000000
52972  41.573  -14.219  61.436 0.0000000000
52985  40.551  -13.991  60.417 0.0000000000
52960  41.762  -14.470  62.210 0.0000000000
51898  41.766  -14.468  63.085 0.0000000000
51912  39.500  -14.950  62.149 0.0000000000
51913  38.420  -14.965  62.359 0.0000000000
114314  40.919  -13.967  64.432 0.0000000000
52911  40.934  -13.348  65.065 0.0000000000
53878  40.762  -12.176  66.482 0.0000000000
54729  40.197  -11.736  67.085 0.0000000000
123085  39.682  -10.702  68.497 0.0000000000
47338  29.981  -19.751  70.367 0.0000000000
45383  29.236  -21.272  72.334 0.0000000000
46319  30.576  -20.824  73.000 0.0000000000
46333  30.497  -20.455  72.188 0.0000000000
47296  32.898  -19.682  73.318 0.0000000000
47277  33.160  -19.940  73.975 0.0000000000
47265  34.077  -19.794  74.910 0.0000000000
47256  35.241  -19.841  75.912 0.0000000000
47243  36.083  -19.831  77.208 0.0000000000
43513  30.450  -23.205  76.976 0.0000000000
44414  31.336  -23.111  77.032 0.0000000000
44413  32.323  -22.899  76.957 0.0000000000
44412  33.266  -22.685  77.312 0.0000000000
103319  33.345  -23.603  78.995 0.0000000000
45334  33.782  -21.980  76.937 0.0000000000
45333  34.513  -21.649  77.321 0.0000000000
45332  35.226  -21.300  77.758 0.0000000000
46272  35.635  -20.576  77.495 0.0000000000
46271  36.237  -20.161  78.088 0.0000000000
43366  25.486  -23.612  86.432 0.0000000000
43391  23.923  -24.341  84.691 0.0000000000
43370  21.411  -24.563  87.098 0.0000000000
43371  20.510  -24.399  86.841 0.0000000000
42447  20.535  -24.896  79.512 0.0000000000
42437  20.327  -24.932  80.446 0.0000000000
116199  20.164  -24.946  81.192 0.0000000000
113840  18.461  -25.004  80.712 0.0000000000
42396  19.629  -24.860  83.271 0.0000000000
42386  19.413  -24.854  83.929 0.0000000000
42376  19.272  -24.790  84.809 0.0000000000
42387  18.753  -24.917  84.163 0.0000000000
118666  18.838  -24.429  86.252 0.0000000000
42365  18.663  -24.127  86.908 0.0000000000
119033  17.027  -25.195  85.646 0.0000000000
41420  16.210  -25.606  86.442 0.0000000000
40468  15.700  -26.312  86.442 0.0000000000
107141  16.091  -26.470  84.014 0.0000000000
102771  14.997  -27.151  83.005 0.0000000000
102677  15.835  -26.495  84.788 0.0000000000
39596  14.840  -27.805  86.364 0.0000000000
38859  13.977  -29.119  86.121 0.0000000000
38092  12.721  -30.115  86.150 0.0000000000
105377  10.729  -29.690  86.168 0.0000000000
106945  10.399  -29.991  87.050 0.0000000000
44470  27.700  -22.118  72.491 0.0000000000
44433  27.904  -23.050  74.875 0.0000000000
118478  27.824  -23.599  76.299 0.0000000000
43538  25.969  -23.741  75.192 0.0000000000
43496  28.001  -23.809  77.583 0.0000000000
102061  27.800  -23.921  78.525 0.0000000000
43430  27.839  -23.521  81.762 0.0000000000
44359  27.840  -23.130  85.079 0.0000000000
43328  19.570  -23.446  89.803 0.0000000000
119112  13.937  -29.172  89.604 0.0000000000
114083  13.951  -29.168  90.624 0.0000000000
38833  13.989  -28.425  91.245 0.0000000000
38822  14.184  -28.417  91.725 0.0000000000
114379  53.659  -3.796  56.592 0.0000000000
60821  48.266  -5.144  55.849 0.0000000000
115512  49.421  -3.653  57.720 0.0000000000
61680  48.969  -3.370  58.145 0.0000000000
61679  50.114  -3.454  58.161 0.0000000000
111410  49.023  -4.305  59.334 0.0000000000
59943  50.509  -5.045  59.813 0.0000000000
60755  51.371  -4.844  60.036 0.0000000000
60754  52.288  -4.643  60.208 0.0000000000
113300  41.113  -5.223  55.716 0.0000000000
59079  42.993  -5.855  57.385 0.0000000000
57364  41.485  -8.123  57.077 0.0000000000
57363  42.288  -7.834  57.362 0.0000000000
58197  42.999  -7.665  57.654 0.0000000000
111967  44.203  -6.510  57.758 0.0000000000
58184  45.932  -7.627  58.844 0.0000000000
118644  46.805  -7.987  60.121 0.0000000000
57323  46.358  -8.315  60.380 0.0000000000
54769  42.936  -12.068  61.059 0.0000000000
54768  43.555  -11.681  61.444 0.0000000000
54767  44.201  -11.339  61.823 0.0000000000
55582  47.027  -10.911  65.181 0.0000000000
55592  46.866  -10.660  64.457 0.0000000000
119018  46.671  -10.322  63.881 0.0000000000
56468  46.431  -9.571  62.924 0.0000000000
57291  46.928  -8.950  63.019 0.0000000000
57290  47.638  -8.502  63.398 0.0000000000
57289  48.266  -8.112  63.788 0.0000000000
58118  48.915  -7.742  64.166 0.0000000000
58117  49.649  -7.322  64.585 0.0000000000
52946  36.507  -13.901  64.200 0.0000000000
52928  35.439  -13.617  64.630 0.0000000000
52927  36.213  -13.598  64.709 0.0000000000
52926  36.896  -13.544  64.742 0.0000000000
53881  38.031  -12.346  66.535 0.0000000000
54731  38.442  -11.964  67.053 0.0000000000
54718  38.170  -11.961  67.129 0.0000000000
54717  38.644  -11.638  67.595 0.0000000000
54701  39.102  -11.220  67.910 0.0000000000
55526  39.299  -10.884  68.513 0.0000000000
48327  31.896  -18.612  70.390 0.0000000000
49167  33.156  -17.558  70.875 0.0000000000
48341  32.187  -17.971  69.918 0.0000000000
50928  32.129  -14.943  68.828 0.0000000000
50917  32.839  -15.672  70.021 0.0000000000
52865  32.888  -13.814  69.311 0.0000000000
52850  33.255  -13.560  70.250 0.0000000000
48222  36.839  -18.457  77.815 0.0000000000
49125  36.550  -17.403  76.372 0.0000000000
49983  36.481  -16.640  76.868 0.0000000000
49992  35.809  -16.638  75.230 0.0000000000
122908  35.414  -16.325  74.816 0.0000000000
122970  34.486  -15.530  74.173 0.0000000000
51757  35.409  -14.272  77.385 0.0000000000
52770  35.588  -13.595  77.189 0.0000000000
50857  35.355  -14.840  76.868 0.0000000000
50869  34.793  -14.539  75.563 0.0000000000
50881  34.432  -14.985  74.721 0.0000000000
50890  34.043  -15.045  73.882 0.0000000000
51804  33.597  -13.952  72.754 0.0000000000
52816  33.899  -13.337  73.250 0.0000000000
52825  33.673  -13.448  72.378 0.0000000000
52836  33.471  -13.459  71.622 0.0000000000
52849  33.390  -13.398  71.052 0.0000000000
109174  33.641  -13.410  69.833 0.0000000000
53824  34.132  -13.143  70.189 0.0000000000
52848  34.926  -13.616  70.106 0.0000000000
52835  35.285  -13.221  71.523 0.0000000000
111718  35.306  -13.601  70.798 0.0000000000
51829  35.701  -14.235  70.279 0.0000000000
51828  36.357  -14.365  70.597 0.0000000000
101921  37.617  -13.928  74.983 0.0000000000
51783  38.193  -14.163  73.972 0.0000000000
52801  39.502  -13.745  74.266 0.0000000000
52812  39.003  -13.960  73.527 0.0000000000
51801  38.388  -14.228  73.025 0.0000000000
51811  38.445  -14.174  72.126 0.0000000000
52834  37.906  -14.056  70.944 0.0000000000
52847  37.701  -13.809  70.276 0.0000000000
53823  38.473  -12.217  70.122 0.0000000000
54683  38.880  -11.668  70.774 0.0000000000
110071  39.326  -11.346  71.623 0.0000000000
54670  39.209  -10.902  70.864 0.0000000000
62631  48.328  -2.654  45.319 0.0000000000
61822  48.708  -3.398  45.661 0.0000000000
114244  50.671  -4.274  48.061 0.0000000000
60912  51.521  -4.331  48.175 0.0000000000
61772  50.455  -3.290  50.320 0.0000000000
115734  51.315  -3.332  50.363 0.0000000000
61784  53.241  -3.622  50.187 0.0000000000
61745  54.597  -3.422  51.297 0.0000000000
121901  54.325  -3.376  52.214 0.0000000000
38045  14.347  -28.732  91.864 0.0000000000
42353  17.436  -24.394  87.781 0.0000000000
50056  32.628  -16.548  69.730 0.0000000000
50847  36.003  -15.573  78.069 0.0000000000
50938  31.999  -15.783  68.768 0.0000000000
50939  31.759  -15.425  68.407 0.0000000000
51792  37.659  -14.248  73.372 0.0000000000
51899  40.888  -14.679  63.146 0.0000000000
51980  38.825  -14.523  59.902 0.0000000000
52814  35.517  -12.891  73.065 0.0000000000
52815  34.113  -12.997  73.568 0.0000000000
52822  39.503  -13.178  72.468 0.0000000000
52863  36.775  -14.165  69.060 0.0000000000
52986  39.926  -14.201  60.178 0.0000000000
53907  35.327  -13.228  65.815 0.0000000000
53935  44.847  -12.586  63.874 0.0000000000
55525  39.801  -10.458  68.954 0.0000000000
59979  41.548  -5.292  56.202 0.0000000000
61683  46.802  -4.239  57.907 0.0000000000
106256  19.142  -23.433  90.215 0.0000000000
110562  38.727  -11.419  69.929 0.0000000000
115964  47.866  -4.896  56.395 0.0000000000
118325  33.441  -13.710  68.701 0.0000000000
120877  38.072  -14.184  59.287 0.0000000000
121324  39.427  -12.946  71.961 0.0000000000
121571  38.860  -13.984  74.109 0.0000000000
121667  33.491  -17.706  71.411 0.0000000000
122116  19.901  -24.830  83.719 0.0000000000
122280  39.362  -10.702  69.001 0.0000000000
