#!ascii label  , from subject sub-v2s18x29521_ses-1 vox2ras=TkReg
489
56176  19.849  -9.855  8.079 0.0000000000
105053  25.791  -3.593  5.583 0.0000000000
116294  22.337  4.510  4.399 0.0000000000
66343  17.082  1.712  5.838 0.0000000000
52590  23.435  -14.369  8.588 0.0000000000
55343  26.011  -11.160  7.731 0.0000000000
58763  23.540  -7.227  5.791 0.0000000000
62250  19.721  -3.113  5.632 0.0000000000
104739  24.219  0.808  5.328 0.0000000000
68022  28.151  2.733  1.757 0.0000000000
109773  23.169  8.480  3.657 0.0000000000
55325  21.279  -11.846  7.973 0.0000000000
54498  25.432  -12.642  8.585 0.0000000000
55364  23.606  -10.944  6.619 0.0000000000
61359  18.691  -4.582  6.861 0.0000000000
63050  16.404  -2.684  7.591 0.0000000000
67192  20.293  2.710  4.138 0.0000000000
65544  20.380  0.618  4.098 0.0000000000
108342  23.613  2.347  4.716 0.0000000000
67189  26.821  2.472  5.332 0.0000000000
68738  26.769  4.434  4.651 0.0000000000
73490  19.966  10.797  3.004 0.0000000000
72036  20.167  8.644  3.234 0.0000000000
73493  22.857  10.505  2.470 0.0000000000
60476  24.268  -5.395  5.456 0.0000000000
116140  26.703  -7.865  6.355 0.0000000000
59632  28.135  -6.016  6.292 0.0000000000
68748  19.636  4.632  4.011 0.0000000000
63064  28.453  -2.654  5.444 0.0000000000
57862  19.017  -7.983  7.609 0.0000000000
57880  21.683  -8.283  6.444 0.0000000000
103059  20.255  -6.048  6.384 0.0000000000
119149  21.419  -5.211  5.450 0.0000000000
115788  23.034  -3.787  4.364 0.0000000000
63894  17.621  -0.793  6.005 0.0000000000
63915  21.849  -1.428  3.917 0.0000000000
63890  24.956  -2.017  5.472 0.0000000000
65525  27.162  0.356  5.378 0.0000000000
70403  19.725  6.752  3.708 0.0000000000
70400  22.797  6.308  4.266 0.0000000000
72799  23.864  9.495  0.616 0.0000000000
72048  25.572  8.666  2.627 0.0000000000
70397  26.144  6.374  4.090 0.0000000000
68778  27.123  4.019  0.736 0.0000000000
57003  25.243  -9.475  6.477 0.0000000000
56972  18.852  -9.608  8.329 0.0000000000
56153  19.198  -10.423  8.565 0.0000000000
55349  21.000  -10.971  7.914 0.0000000000
55347  22.552  -11.528  7.204 0.0000000000
118873  21.944  -10.120  7.066 0.0000000000
108255  21.498  4.024  4.384 0.0000000000
107802  21.694  2.201  4.127 0.0000000000
116675  23.328  3.312  4.592 0.0000000000
115511  24.776  3.502  4.820 0.0000000000
68739  24.878  4.289  4.721 0.0000000000
73494  21.511  11.301  2.769 0.0000000000
73488  21.800  10.500  2.927 0.0000000000
74250  22.354  11.328  2.167 0.0000000000
107016  25.146  -5.105  5.604 0.0000000000
60475  25.804  -5.898  5.992 0.0000000000
113709  26.974  -5.062  6.170 0.0000000000
68007  19.308  4.072  4.096 0.0000000000
69551  18.924  5.198  4.006 0.0000000000
53588  20.998  -13.845  9.121 0.0000000000
52575  22.234  -15.003  9.109 0.0000000000
51596  23.940  -15.297  9.749 0.0000000000
52572  24.958  -14.149  9.597 0.0000000000
55324  25.641  -11.873  8.155 0.0000000000
54477  26.493  -12.574  9.568 0.0000000000
106477  19.290  -7.204  7.210 0.0000000000
59610  18.676  -6.411  7.514 0.0000000000
62238  19.527  -3.889  6.119 0.0000000000
61358  20.056  -4.411  6.079 0.0000000000
61378  20.287  -3.843  5.624 0.0000000000
61387  22.121  -4.055  4.636 0.0000000000
62261  21.862  -3.357  4.522 0.0000000000
64703  14.789  -0.083  7.286 0.0000000000
65518  16.292  0.498  6.512 0.0000000000
113033  22.528  0.664  4.120 0.0000000000
65556  20.885  -0.050  3.942 0.0000000000
102674  22.894  -0.146  4.384 0.0000000000
63903  22.922  -1.705  4.301 0.0000000000
64723  24.466  -0.637  5.332 0.0000000000
64721  26.145  -0.642  5.616 0.0000000000
65526  26.318  0.183  5.537 0.0000000000
67202  28.078  2.521  3.871 0.0000000000
66363  28.278  1.663  3.957 0.0000000000
72035  21.372  8.309  3.671 0.0000000000
121223  20.036  8.084  3.285 0.0000000000
71255  21.567  7.337  3.896 0.0000000000
70401  21.851  6.436  4.061 0.0000000000
71265  23.595  7.867  3.856 0.0000000000
71262  26.056  7.603  3.272 0.0000000000
70430  26.663  6.683  1.423 0.0000000000
70412  27.088  6.038  2.853 0.0000000000
58751  22.540  -8.018  6.161 0.0000000000
114879  23.717  -8.916  6.363 0.0000000000
115097  24.590  -8.114  6.396 0.0000000000
58730  28.526  -7.705  6.860 0.0000000000
57860  27.717  -8.645  6.935 0.0000000000
54500  20.771  -12.499  8.572 0.0000000000
53607  22.264  -13.609  8.236 0.0000000000
53605  23.971  -13.722  8.244 0.0000000000
112021  23.250  -12.674  7.382 0.0000000000
55346  23.856  -11.658  6.790 0.0000000000
55362  24.964  -11.046  6.850 0.0000000000
103989  17.731  -3.970  7.512 0.0000000000
62240  17.881  -3.326  6.938 0.0000000000
63056  18.170  -2.500  6.381 0.0000000000
66356  18.946  2.154  4.779 0.0000000000
104681  19.201  1.337  4.678 0.0000000000
66355  20.129  2.014  4.097 0.0000000000
114196  22.165  1.403  4.043 0.0000000000
110745  23.761  1.449  4.981 0.0000000000
66351  26.136  1.758  5.559 0.0000000000
67190  25.687  2.592  5.353 0.0000000000
112602  26.382  3.311  5.163 0.0000000000
68005  27.771  3.513  3.889 0.0000000000
72770  18.079  10.232  5.199 0.0000000000
72044  19.994  9.769  2.942 0.0000000000
72780  21.768  9.688  3.238 0.0000000000
72787  22.665  9.770  3.071 0.0000000000
59636  23.763  -6.593  5.617 0.0000000000
118452  24.613  -7.563  6.278 0.0000000000
59634  25.600  -6.658  6.163 0.0000000000
59633  26.486  -6.982  6.315 0.0000000000
67183  17.215  2.472  5.914 0.0000000000
67194  18.780  2.997  4.689 0.0000000000
68006  19.932  3.994  4.148 0.0000000000
116304  21.458  4.931  4.266 0.0000000000
53586  25.344  -13.381  9.212 0.0000000000
63065  27.279  -2.620  5.722 0.0000000000
61370  27.904  -4.534  6.095 0.0000000000
56986  19.585  -9.137  7.775 0.0000000000
56985  21.123  -9.237  7.165 0.0000000000
57882  19.793  -8.008  6.903 0.0000000000
58752  21.620  -7.476  6.036 0.0000000000
59638  22.155  -6.731  5.545 0.0000000000
60466  19.482  -5.541  6.717 0.0000000000
60480  20.897  -5.608  5.821 0.0000000000
113684  22.572  -5.960  5.339 0.0000000000
60478  22.943  -5.063  5.087 0.0000000000
61374  23.690  -4.592  5.008 0.0000000000
114628  24.286  -4.001  5.023 0.0000000000
63058  16.750  -1.833  7.084 0.0000000000
63893  18.339  -1.662  5.875 0.0000000000
104700  19.305  -0.020  4.826 0.0000000000
64736  20.264  -1.080  4.600 0.0000000000
104371  21.087  -2.185  4.516 0.0000000000
63081  22.431  -2.584  4.249 0.0000000000
63079  23.700  -2.772  4.655 0.0000000000
63067  25.334  -2.811  5.485 0.0000000000
107870  26.678  -1.980  5.638 0.0000000000
63887  27.972  -0.930  5.354 0.0000000000
65539  26.697  0.960  5.492 0.0000000000
69541  20.314  5.978  3.809 0.0000000000
69540  21.259  5.817  4.007 0.0000000000
108351  23.360  5.569  4.330 0.0000000000
73492  23.768  10.153  2.151 0.0000000000
72785  24.404  9.567  2.485 0.0000000000
72056  24.896  9.224  1.258 0.0000000000
114130  24.696  8.747  3.240 0.0000000000
71264  24.633  8.032  3.648 0.0000000000
116036  24.632  6.608  4.225 0.0000000000
70399  24.309  5.751  4.403 0.0000000000
69536  26.685  5.577  4.152 0.0000000000
68758  27.680  4.528  2.568 0.0000000000
68023  27.759  3.631  1.500 0.0000000000
57007  22.015  -9.456  6.809 0.0000000000
56195  24.520  -9.948  6.420 0.0000000000
56193  25.869  -9.983  6.672 0.0000000000
57875  26.056  -8.151  6.439 0.0000000000
56983  26.655  -9.624  6.982 0.0000000000
56152  20.171  -10.655  8.281 0.0000000000
56175  20.774  -10.068  7.648 0.0000000000
56174  21.520  -10.495  7.438 0.0000000000
67995  22.427  3.642  4.464 0.0000000000
68740  23.196  4.158  4.526 0.0000000000
67994  24.036  3.858  4.661 0.0000000000
107454  23.971  4.801  4.482 0.0000000000
61372  25.745  -4.451  5.656 0.0000000000
109847  26.152  -5.116  5.913 0.0000000000
61371  26.681  -4.199  5.974 0.0000000000
52592  21.784  -14.182  8.730 0.0000000000
52574  23.051  -15.014  8.936 0.0000000000
52573  23.798  -14.807  9.214 0.0000000000
52553  24.471  -14.787  9.769 0.0000000000
52589  24.038  -14.251  8.818 0.0000000000
55323  26.365  -11.480  8.529 0.0000000000
55307  26.759  -11.823  9.309 0.0000000000
55322  26.961  -11.009  9.003 0.0000000000
62249  20.510  -3.281  5.303 0.0000000000
62248  21.195  -3.797  5.098 0.0000000000
63069  20.322  -2.782  5.220 0.0000000000
112800  15.190  1.368  6.610 0.0000000000
65530  16.681  1.120  6.149 0.0000000000
109206  23.316  0.687  4.794 0.0000000000
65554  22.192  -0.087  3.725 0.0000000000
64734  23.237  -1.012  4.508 0.0000000000
65542  23.735  -0.183  5.074 0.0000000000
65527  25.369  -0.179  5.531 0.0000000000
65541  24.625  0.136  5.421 0.0000000000
68004  28.219  2.688  2.848 0.0000000000
105206  22.291  8.935  3.565 0.0000000000
71266  22.486  7.830  3.921 0.0000000000
71282  26.232  7.484  2.045 0.0000000000
70437  26.459  6.569  0.433 0.0000000000
69567  26.856  5.805  0.821 0.0000000000
58764  22.739  -7.358  5.756 0.0000000000
58750  23.364  -7.819  6.083 0.0000000000
58749  24.039  -7.671  6.159 0.0000000000
58718  28.787  -7.850  7.721 0.0000000000
57859  28.309  -8.329  7.220 0.0000000000
55326  20.441  -11.540  8.416 0.0000000000
54501  19.815  -12.004  8.961 0.0000000000
53608  21.382  -13.350  8.579 0.0000000000
54499  21.871  -12.685  8.017 0.0000000000
53620  22.779  -13.108  7.720 0.0000000000
54517  22.617  -12.361  7.475 0.0000000000
111091  23.240  -11.449  6.845 0.0000000000
104750  23.270  -12.077  7.072 0.0000000000
55345  24.546  -11.680  7.051 0.0000000000
55363  24.382  -10.896  6.596 0.0000000000
62232  16.060  -3.280  7.989 0.0000000000
62231  17.021  -3.279  7.597 0.0000000000
63057  17.309  -2.579  6.996 0.0000000000
67193  19.489  2.692  4.356 0.0000000000
118447  19.562  1.901  4.414 0.0000000000
108181  22.551  2.775  4.452 0.0000000000
123185  22.606  2.045  4.410 0.0000000000
110148  22.973  1.450  4.542 0.0000000000
66352  24.776  1.827  5.310 0.0000000000
67993  25.619  3.824  4.944 0.0000000000
122839  25.395  3.213  5.081 0.0000000000
67992  26.392  4.010  4.944 0.0000000000
67991  27.131  3.803  4.768 0.0000000000
68737  27.342  4.231  4.281 0.0000000000
73484  19.603  11.353  4.010 0.0000000000
73485  18.944  10.869  4.751 0.0000000000
72774  19.410  10.280  3.802 0.0000000000
72775  18.693  9.839  4.400 0.0000000000
72781  20.907  10.185  3.178 0.0000000000
105761  23.901  -5.930  5.479 0.0000000000
59635  24.524  -6.429  5.808 0.0000000000
108562  25.033  -5.941  5.795 0.0000000000
60474  26.700  -5.826  6.131 0.0000000000
102363  26.384  -6.452  6.204 0.0000000000
117847  27.356  -6.611  6.256 0.0000000000
58745  27.962  -7.414  6.349 0.0000000000
67175  16.690  2.946  6.415 0.0000000000
67986  17.600  3.248  5.879 0.0000000000
67182  18.214  2.552  5.421 0.0000000000
106070  18.385  3.262  5.287 0.0000000000
68741  20.542  4.507  4.186 0.0000000000
53604  24.724  -13.177  8.386 0.0000000000
53587  24.572  -13.843  8.929 0.0000000000
53566  26.756  -13.090  10.191 0.0000000000
57863  18.377  -8.006  8.287 0.0000000000
115174  19.487  -8.507  7.493 0.0000000000
58753  20.304  -7.133  6.483 0.0000000000
59621  21.156  -6.514  5.933 0.0000000000
117534  18.791  -5.177  7.003 0.0000000000
61377  20.786  -4.672  5.595 0.0000000000
60465  20.168  -5.143  6.252 0.0000000000
110348  21.704  -5.917  5.493 0.0000000000
60479  22.125  -5.231  5.213 0.0000000000
62260  22.558  -3.631  4.406 0.0000000000
61386  22.900  -4.254  4.544 0.0000000000
61385  23.336  -4.128  4.570 0.0000000000
61384  23.773  -4.069  4.739 0.0000000000
62259  23.368  -3.481  4.482 0.0000000000
64713  16.699  -0.334  6.524 0.0000000000
63883  16.172  -0.890  7.143 0.0000000000
63882  16.982  -1.118  6.618 0.0000000000
63881  17.560  -1.747  6.457 0.0000000000
65545  19.595  0.597  4.530 0.0000000000
65546  18.702  0.585  5.047 0.0000000000
64749  21.359  -0.713  3.866 0.0000000000
118102  20.746  -0.690  4.183 0.0000000000
63905  21.075  -1.421  4.220 0.0000000000
63907  19.809  -1.522  5.031 0.0000000000
113671  21.629  -1.941  4.204 0.0000000000
63091  22.056  -2.099  4.110 0.0000000000
63902  23.563  -1.857  4.621 0.0000000000
113121  24.097  -2.210  5.055 0.0000000000
63068  24.411  -2.819  5.167 0.0000000000
110629  25.837  -2.205  5.624 0.0000000000
63889  25.944  -1.495  5.657 0.0000000000
64720  27.083  -0.330  5.441 0.0000000000
63888  26.949  -1.152  5.569 0.0000000000
64732  27.876  -0.035  5.136 0.0000000000
66350  27.247  1.672  5.309 0.0000000000
72037  18.324  8.751  4.161 0.0000000000
71257  19.916  7.544  3.594 0.0000000000
105156  18.863  7.527  3.754 0.0000000000
117375  18.936  6.582  3.734 0.0000000000
69542  19.417  5.950  3.754 0.0000000000
69539  22.314  5.486  4.274 0.0000000000
73514  23.161  10.161  0.428 0.0000000000
73502  23.615  10.273  1.408 0.0000000000
72791  24.377  9.747  1.726 0.0000000000
72055  25.566  8.836  1.770 0.0000000000
72066  25.273  8.503  0.810 0.0000000000
72049  24.965  9.070  2.810 0.0000000000
72041  25.281  8.480  3.206 0.0000000000
70414  25.951  7.118  3.692 0.0000000000
70398  25.471  6.907  3.995 0.0000000000
106499  25.288  6.090  4.395 0.0000000000
69537  25.971  5.522  4.536 0.0000000000
69558  27.333  5.291  2.290 0.0000000000
69547  27.296  5.324  3.419 0.0000000000
68769  27.495  4.567  1.649 0.0000000000
120320  21.668  -8.849  6.728 0.0000000000
57004  24.468  -8.966  6.385 0.0000000000
57005  23.847  -9.610  6.407 0.0000000000
56194  25.086  -10.357  6.588 0.0000000000
58747  26.041  -7.451  6.374 0.0000000000
58748  25.267  -7.814  6.428 0.0000000000
56981  27.983  -8.914  7.678 0.0000000000
57001  27.038  -8.856  6.698 0.0000000000
56982  27.360  -9.293  7.322 0.0000000000
56170  27.033  -10.035  7.710 0.0000000000
54518  22.007  -11.946  7.639 0.0000000000
55348  21.750  -11.249  7.557 0.0000000000
56173  22.195  -10.715  7.143 0.0000000000
67996  20.639  3.473  4.238 0.0000000000
67191  20.990  2.693  4.063 0.0000000000
107833  21.612  3.123  4.304 0.0000000000
116980  24.095  3.151  4.753 0.0000000000
108922  25.896  4.629  4.799 0.0000000000
74238  20.282  11.471  3.400 0.0000000000
73489  20.774  10.977  2.915 0.0000000000
122600  22.178  10.963  2.569 0.0000000000
60473  27.589  -5.599  6.220 0.0000000000
68749  19.067  4.711  3.969 0.0000000000
53589  20.259  -13.478  9.561 0.0000000000
52576  21.362  -14.585  9.378 0.0000000000
51576  24.485  -15.442  10.390 0.0000000000
52552  25.249  -14.669  10.355 0.0000000000
54515  24.827  -12.373  7.721 0.0000000000
54497  26.132  -12.220  8.870 0.0000000000
58731  18.549  -7.300  7.835 0.0000000000
59609  19.472  -6.356  6.909 0.0000000000
122783  18.933  -4.103  6.535 0.0000000000
109554  19.364  -4.690  6.524 0.0000000000
61376  21.675  -4.582  5.126 0.0000000000
105295  22.319  -3.083  4.329 0.0000000000
65519  15.283  0.665  6.733 0.0000000000
65517  17.159  0.254  5.950 0.0000000000
66364  21.096  0.659  3.734 0.0000000000
65555  21.562  -0.031  3.667 0.0000000000
64748  21.884  -0.664  3.722 0.0000000000
64735  22.461  -1.019  4.033 0.0000000000
63904  22.414  -1.930  4.146 0.0000000000
64733  23.843  -1.065  4.897 0.0000000000
63891  24.296  -1.484  5.199 0.0000000000
64722  25.170  -1.060  5.532 0.0000000000
67188  27.793  2.220  4.772 0.0000000000
67201  28.480  1.721  2.969 0.0000000000
112270  19.473  8.249  3.453 0.0000000000
71256  20.625  7.798  3.647 0.0000000000
70402  20.763  6.813  3.819 0.0000000000
111620  22.366  6.977  4.116 0.0000000000
71254  23.174  7.102  4.216 0.0000000000
72054  25.922  8.305  2.172 0.0000000000
72047  26.068  8.031  2.804 0.0000000000
71273  26.357  7.416  2.924 0.0000000000
70421  26.665  6.714  2.560 0.0000000000
69548  26.773  6.134  3.565 0.0000000000
70429  26.972  5.949  1.882 0.0000000000
57879  22.373  -8.718  6.493 0.0000000000
57878  23.196  -8.489  6.303 0.0000000000
57877  23.915  -8.295  6.306 0.0000000000
58746  27.319  -7.906  6.375 0.0000000000
57874  27.383  -8.334  6.540 0.0000000000
57873  27.927  -8.091  6.596 0.0000000000
54479  20.013  -12.752  9.291 0.0000000000
53609  20.677  -13.193  8.993 0.0000000000
53606  23.108  -13.818  8.028 0.0000000000
53619  23.572  -13.182  7.657 0.0000000000
53618  24.213  -13.030  7.742 0.0000000000
54516  23.972  -12.470  7.209 0.0000000000
55344  25.255  -11.487  7.411 0.0000000000
61351  18.251  -4.760  7.368 0.0000000000
61360  18.356  -4.044  6.925 0.0000000000
62239  18.796  -3.333  6.312 0.0000000000
63071  18.980  -2.415  5.768 0.0000000000
66342  17.674  1.853  5.540 0.0000000000
65529  17.614  0.999  5.481 0.0000000000
66341  18.435  1.570  5.169 0.0000000000
66354  20.618  1.345  3.897 0.0000000000
104623  20.831  2.052  3.925 0.0000000000
66353  21.359  1.383  3.807 0.0000000000
108343  24.704  2.781  4.992 0.0000000000
106745  27.482  3.036  4.768 0.0000000000
68014  27.963  3.633  2.732 0.0000000000
109516  19.371  9.186  3.520 0.0000000000
72043  21.122  9.266  3.386 0.0000000000
72779  23.396  9.189  3.316 0.0000000000
58762  24.232  -7.118  5.963 0.0000000000
58761  25.030  -7.167  6.241 0.0000000000
59620  27.011  -7.430  6.339 0.0000000000
107494  16.357  2.041  6.385 0.0000000000
67998  19.062  3.540  4.256 0.0000000000
67997  19.744  3.396  4.188 0.0000000000
53585  26.105  -13.234  9.737 0.0000000000
104068  26.728  -3.297  5.805 0.0000000000
62246  27.665  -3.484  5.901 0.0000000000
116248  20.343  -9.387  7.575 0.0000000000
57861  20.308  -8.698  7.139 0.0000000000
57881  21.122  -8.617  6.813 0.0000000000
114769  20.759  -8.062  6.563 0.0000000000
60455  18.941  -5.801  7.155 0.0000000000
59637  23.025  -6.689  5.492 0.0000000000
105852  23.329  -5.925  5.370 0.0000000000
60477  23.580  -5.206  5.242 0.0000000000
61375  22.396  -4.609  4.884 0.0000000000
60490  23.308  -4.582  4.829 0.0000000000
61373  24.258  -4.562  5.215 0.0000000000
105654  24.962  -4.228  5.361 0.0000000000
63051  15.071  -2.381  7.747 0.0000000000
63873  15.859  -1.995  7.576 0.0000000000
65528  18.051  -0.016  5.487 0.0000000000
64738  18.794  -0.230  5.187 0.0000000000
105385  20.091  -0.202  4.463 0.0000000000
64737  19.425  -0.792  5.017 0.0000000000
64724  18.548  -0.865  5.483 0.0000000000
63892  19.139  -1.600  5.407 0.0000000000
63070  19.829  -2.242  5.257 0.0000000000
63083  20.527  -2.393  4.913 0.0000000000
62262  21.060  -2.903  4.860 0.0000000000
63082  21.811  -2.598  4.333 0.0000000000
107614  22.825  -3.203  4.324 0.0000000000
63080  23.045  -2.535  4.329 0.0000000000
62258  23.993  -3.497  4.810 0.0000000000
62247  24.758  -3.504  5.272 0.0000000000
63066  26.283  -2.742  5.664 0.0000000000
105466  27.693  -1.784  5.562 0.0000000000
65540  25.444  0.810  5.547 0.0000000000
66349  28.011  1.525  4.754 0.0000000000
69550  19.267  5.274  3.859 0.0000000000
69549  19.970  5.270  3.919 0.0000000000
104664  20.721  5.299  4.030 0.0000000000
121005  23.059  4.895  4.336 0.0000000000
74263  22.355  11.629  1.285 0.0000000000
73503  23.066  10.845  1.797 0.0000000000
74262  22.971  10.935  1.021 0.0000000000
72786  23.617  9.740  2.740 0.0000000000
72778  24.257  9.220  3.045 0.0000000000
72042  23.996  8.618  3.468 0.0000000000
71253  24.113  7.223  4.085 0.0000000000
71263  25.512  7.707  3.545 0.0000000000
122478  24.899  7.310  3.903 0.0000000000
115288  23.720  6.395  4.295 0.0000000000
69538  25.047  5.190  4.622 0.0000000000
107356  26.502  5.021  4.531 0.0000000000
69535  27.115  4.871  4.207 0.0000000000
68747  27.589  4.390  3.601 0.0000000000
68032  27.080  2.799  0.380 0.0000000000
108012  27.690  2.575  0.961 0.0000000000
56984  21.474  -9.856  7.217 0.0000000000
56197  22.550  -10.110  6.800 0.0000000000
57006  23.010  -9.344  6.508 0.0000000000
56196  23.311  -10.201  6.582 0.0000000000
106460  23.947  -10.341  6.460 0.0000000000
56172  25.570  -10.736  7.080 0.0000000000
56171  26.322  -10.408  7.334 0.0000000000
57876  25.296  -8.561  6.450 0.0000000000
104049  26.808  -8.308  6.427 0.0000000000
57002  26.157  -8.998  6.532 0.0000000000
56151  26.666  -10.741  8.146 0.0000000000
60472  28.454  -5.236  6.196 0.0000000000
52591  22.645  -14.381  8.536 0.0000000000
54478  25.897  -12.794  9.212 0.0000000000
55365  22.888  -10.844  6.815 0.0000000000
63906  20.423  -1.820  4.734 0.0000000000
64714  16.041  -0.007  6.912 0.0000000000
64715  15.405  -0.179  7.159 0.0000000000
65543  21.838  0.668  3.714 0.0000000000
70413  26.408  6.864  3.412 0.0000000000
71283  25.877  8.103  1.342 0.0000000000
72784  25.108  9.325  2.161 0.0000000000
109860  15.250  -1.120  7.498 0.0000000000
110452  15.456  -3.018  7.867 0.0000000000
110610  15.840  1.275  6.496 0.0000000000
113702  19.919  1.306  4.212 0.0000000000
115828  25.777  8.168  3.133 0.0000000000
119769  24.374  -14.369  9.269 0.0000000000
121951  26.792  6.466  3.141 0.0000000000
