#!ascii label  , from subject sub-v2s18x29521_ses-1 vox2ras=TkReg
1566
3585  22.417  -75.647  18.196 0.6999999881
3586  21.924  -76.560  17.773 0.8000000119
3610  20.820  -77.268  17.515 0.8000000119
114312  20.568  -78.030  17.826 0.6999999881
108519  23.577  -76.413  17.092 0.6000000238
112558  22.619  -76.874  17.479 0.6000000238
3156  21.560  -77.674  17.620 0.6000000238
3608  23.899  -76.113  17.363 0.6000000238
4016  21.181  -76.353  17.402 0.8000000119
3611  19.832  -76.762  17.596 0.6999999881
3133  19.154  -76.917  18.023 0.6999999881
3584  23.248  -75.662  18.195 0.6000000238
3999  21.883  -75.705  18.071 0.6999999881
3157  19.898  -77.559  17.916 0.6999999881
115556  24.500  -76.509  16.902 0.6000000238
3606  25.167  -76.880  17.816 0.6000000238
3173  24.519  -76.673  15.651 0.6000000238
117352  25.128  -77.709  15.999 0.6000000238
2712  25.030  -76.919  15.686 0.6000000238
4027  20.714  -75.777  16.810 0.8000000119
4471  20.121  -75.462  16.131 0.8000000119
4456  19.487  -75.322  16.857 0.6999999881
4457  18.473  -74.418  17.545 0.6999999881
4440  18.096  -74.735  18.376 0.6999999881
118828  21.392  -75.596  17.599 0.8000000119
4028  20.125  -75.956  16.732 0.6999999881
4019  18.833  -75.240  17.891 0.6999999881
4439  21.778  -74.979  18.270 0.6999999881
4017  20.446  -76.405  17.184 0.8000000119
3587  19.019  -76.079  17.964 0.6999999881
122927  22.138  -75.192  18.416 0.6999999881
3583  23.990  -75.656  18.369 0.6999999881
3582  25.396  -76.339  18.423 0.6000000238
3607  24.607  -76.293  18.013 0.6000000238
2692  25.006  -77.106  16.922 0.6000000238
1896  24.764  -80.352  16.182 0.6999999881
1907  24.892  -79.338  15.366 0.6000000238
1603  24.565  -81.597  16.193 0.5000000000
1609  24.385  -80.887  15.837 0.6000000238
118904  24.815  -82.662  16.335 0.5000000000
115376  18.771  -74.342  16.686 0.6999999881
4470  21.034  -74.755  16.672 0.6999999881
114129  20.499  -75.217  16.168 0.8999999762
5011  18.126  -73.722  16.951 0.6999999881
5010  21.916  -74.159  18.335 0.8000000119
114168  21.585  -73.656  17.504 0.8000000119
4992  22.576  -74.026  18.736 0.8000000119
4436  24.175  -74.431  18.995 0.6999999881
3998  22.772  -75.118  18.558 0.6999999881
101823  24.812  -75.655  18.695 0.8000000119
112766  25.575  -75.603  18.681 0.8000000119
3132  25.927  -77.016  18.267 0.6999999881
115598  25.636  -78.055  17.412 0.6000000238
106425  25.434  -79.525  16.605 0.6999999881
1895  25.123  -81.204  16.520 0.6999999881
4495  20.849  -74.683  14.861 0.8999999762
4486  19.991  -75.067  15.264 0.8000000119
5026  18.472  -73.836  16.081 0.6999999881
5025  21.391  -73.674  16.390 0.8000000119
4484  20.932  -74.686  15.780 0.8000000119
5557  22.018  -72.927  17.439 0.6999999881
4990  24.304  -73.694  18.579 0.6999999881
5008  23.542  -73.152  18.154 0.6000000238
4991  23.361  -73.797  18.825 0.8000000119
107858  25.757  -74.914  18.728 0.8000000119
3581  26.170  -76.288  18.455 0.8000000119
103576  26.351  -78.331  17.602 0.8000000119
3154  25.725  -77.539  17.805 0.6999999881
2691  27.450  -78.688  17.247 0.8000000119
111294  27.248  -81.078  16.523 0.6999999881
2284  26.370  -80.217  16.905 0.6999999881
2270  25.837  -78.929  17.232 0.6999999881
1894  26.244  -81.097  16.671 0.6999999881
7319  16.455  -69.068  10.090 0.6000000238
7930  17.002  -68.627  9.542 0.6000000238
106395  16.445  -67.793  10.134 0.6000000238
9108  15.809  -67.138  10.648 0.6999999881
4485  20.304  -75.035  15.422 0.8999999762
4487  19.206  -74.261  15.232 0.6999999881
5571  23.135  -72.507  16.504 0.6000000238
5007  24.490  -73.116  17.822 0.6000000238
5556  23.824  -72.722  17.208 0.6000000238
121958  25.546  -73.871  18.338 0.6999999881
4433  26.951  -74.284  18.024 0.6999999881
4434  26.053  -74.175  18.329 0.6999999881
4529  18.029  -74.714  11.280 0.6999999881
4513  16.809  -74.583  12.262 0.6999999881
3993  27.209  -75.200  18.105 0.8000000119
3994  26.358  -75.496  18.504 0.8000000119
4544  18.423  -74.844  10.246 0.6000000238
4530  17.002  -74.692  10.784 0.6000000238
4531  16.298  -74.600  11.139 0.6999999881
3580  26.962  -76.132  18.212 0.6999999881
4546  16.471  -74.474  10.189 0.5000000000
4547  15.610  -74.335  10.741 0.6999999881
3152  27.346  -77.761  17.581 0.8000000119
3153  26.405  -77.590  17.966 0.8000000119
4545  17.365  -74.628  10.276 0.5000000000
4557  16.845  -74.287  9.983 0.5000000000
5665  16.978  -73.255  10.215 0.5000000000
5646  17.773  -72.323  11.392 0.6000000238
5678  16.110  -73.156  9.937 0.6000000238
5680  15.063  -72.826  10.021 0.6999999881
6190  15.823  -71.313  10.287 0.6999999881
6188  16.663  -72.186  10.353 0.5000000000
6189  16.042  -72.090  10.022 0.6000000238
119929  15.531  -72.204  10.081 0.6000000238
7318  17.049  -69.663  9.592 0.6000000238
6733  16.839  -70.955  9.888 0.6000000238
7317  17.440  -69.905  9.652 0.6000000238
115751  17.568  -71.728  11.285 0.5000000000
6718  17.209  -71.192  10.432 0.5000000000
115948  17.522  -69.100  9.436 0.6000000238
8517  17.527  -67.829  9.566 0.6000000238
103701  17.087  -67.173  10.155 0.6999999881
9703  15.624  -65.656  12.287 0.6000000238
9704  14.748  -66.111  12.149 0.6999999881
110553  17.464  -70.309  9.785 0.6000000238
114770  18.039  -69.624  9.724 0.6000000238
8516  18.436  -67.725  9.541 0.6000000238
116113  18.177  -67.143  9.805 0.6999999881
9702  16.844  -65.293  11.948 0.5000000000
5591  22.527  -72.520  15.965 0.6000000238
5592  21.840  -72.854  15.930 0.6999999881
4496  19.701  -74.836  14.345 0.8000000119
5027  17.866  -73.690  16.261 0.6999999881
111905  18.706  -74.076  14.518 0.6999999881
4511  19.729  -75.073  13.408 0.8000000119
5006  25.310  -73.086  17.531 0.6999999881
110098  19.136  -75.003  12.268 0.8000000119
4512  18.184  -74.522  12.914 0.6000000238
118398  18.909  -75.075  10.993 0.6999999881
4555  18.979  -74.628  9.894 0.6000000238
105927  28.272  -76.417  17.251 0.8000000119
3603  28.301  -77.425  16.987 0.8000000119
4556  17.984  -74.287  10.277 0.5000000000
2690  28.210  -78.385  16.691 0.8000000119
5104  17.253  -74.156  9.919 0.5000000000
5644  19.242  -72.701  12.265 0.5000000000
5645  18.462  -72.530  11.976 0.6000000238
5664  17.836  -73.315  10.761 0.6000000238
6166  18.289  -71.955  12.781 0.6000000238
6167  17.941  -71.488  12.452 0.6000000238
10320  16.643  -63.637  12.905 0.5000000000
7309  17.864  -70.348  10.436 0.5000000000
113362  16.955  -64.506  12.456 0.5000000000
9683  15.255  -65.238  13.452 0.6000000238
119849  18.310  -69.445  10.451 0.6000000238
7919  18.686  -68.115  9.598 0.6999999881
9105  19.009  -66.908  10.129 0.6999999881
9107  17.834  -66.493  10.353 0.6999999881
7295  17.692  -69.921  11.840 0.6000000238
9095  18.887  -66.330  10.611 0.6000000238
7908  17.942  -68.904  11.717 0.6999999881
8498  18.538  -67.910  11.344 0.6000000238
9083  18.858  -66.105  11.744 0.5000000000
5040  21.397  -73.738  15.361 0.6999999881
107046  20.322  -75.047  14.426 0.6999999881
121106  20.104  -75.158  13.945 0.8000000119
108206  20.662  -75.262  12.464 0.6999999881
4528  19.628  -75.335  11.397 0.6999999881
106279  20.069  -75.360  12.508 0.6999999881
11571  16.186  -62.125  13.619 0.5000000000
6139  19.996  -71.103  14.259 0.5000000000
6152  18.498  -71.692  13.587 0.6000000238
10929  16.059  -62.792  13.422 0.5000000000
6140  18.817  -71.317  14.327 0.5000000000
6654  19.444  -70.655  15.028 0.5000000000
6141  17.949  -71.162  13.966 0.6000000238
6697  17.753  -70.877  11.977 0.6000000238
10351  18.457  -65.387  11.729 0.5000000000
6655  18.165  -70.716  14.854 0.6000000238
7276  17.362  -70.029  13.358 0.6000000238
6643  17.407  -70.118  15.072 0.6000000238
5055  21.469  -73.897  14.385 0.6999999881
5072  21.592  -74.156  13.376 0.6999999881
4510  21.096  -75.022  12.883 0.6999999881
7898  16.831  -68.498  14.026 0.5000000000
108877  20.109  -69.895  16.045 0.5000000000
9084  18.383  -67.089  12.141 0.5000000000
122948  17.976  -70.380  15.400 0.5000000000
109107  16.916  -69.535  15.061 0.5000000000
7277  16.987  -69.303  13.970 0.5000000000
7897  17.507  -68.102  12.822 0.5000000000
8471  16.747  -67.707  14.638 0.5000000000
8459  17.105  -66.911  15.100 0.5000000000
7160  17.592  -68.950  17.385 0.5000000000
8443  16.816  -67.509  16.413 0.5000000000
109806  17.274  -67.204  14.199 0.5000000000
7199  18.384  -69.886  16.475 0.5000000000
7201  16.915  -69.032  16.119 0.5000000000
7874  16.564  -68.387  15.082 0.5000000000
6629  19.238  -70.088  16.346 0.5000000000
7225  17.175  -69.528  15.665 0.5000000000
7847  17.230  -68.265  17.473 0.5000000000
12317  14.131  -61.049  15.176 0.6000000238
12334  13.893  -61.226  14.859 0.6000000238
11557  15.036  -61.519  14.888 0.5000000000
12299  13.648  -60.801  16.455 0.6999999881
12318  13.518  -60.752  15.259 0.6000000238
11575  11.896  -62.389  15.030 0.6000000238
11560  10.384  -62.028  15.554 0.6999999881
111150  13.052  -60.349  16.967 0.6000000238
13071  12.899  -60.172  16.212 0.6999999881
11559  11.727  -61.711  15.305 0.6999999881
11576  10.458  -62.634  15.134 0.6999999881
12322  9.537  -61.731  16.182 0.8000000119
12270  13.960  -61.329  19.110 0.5000000000
12298  14.231  -61.780  17.363 0.5000000000
12306  11.178  -60.568  16.330 0.8000000119
13072  12.118  -60.082  16.659 0.6000000238
11533  9.020  -61.824  17.982 0.6999999881
13033  15.670  -60.817  19.824 0.5000000000
12286  15.453  -62.045  18.735 0.5000000000
13074  9.308  -60.481  17.004 0.6999999881
10886  9.027  -62.745  16.497 0.6999999881
111232  11.113  -60.008  16.914 0.6999999881
13049  12.900  -60.811  18.494 0.6999999881
11515  10.015  -62.583  18.658 0.6999999881
12289  8.191  -61.342  17.866 0.6999999881
13035  13.662  -60.678  19.898 0.6000000238
13063  11.337  -59.899  17.399 0.8000000119
101605  13.252  -60.315  23.544 0.6999999881
103183  12.043  -60.934  23.496 0.8000000119
15323  18.195  -57.894  17.617 0.4000000060
11498  10.534  -62.603  19.445 0.6999999881
13825  16.737  -59.160  19.557 0.5000000000
11517  8.354  -61.732  18.727 0.6999999881
13827  15.399  -60.108  20.323 0.6000000238
13828  14.418  -60.047  20.455 0.6000000238
13064  10.445  -59.658  17.345 0.6999999881
13050  12.082  -60.412  18.756 0.8000000119
13051  11.199  -59.887  18.392 0.8000000119
15239  9.615  -57.390  26.798 0.5000000000
14490  10.327  -58.146  26.753 0.5000000000
14471  11.033  -58.732  27.293 0.5000000000
12967  16.792  -60.106  23.840 0.5000000000
14522  14.737  -58.768  22.803 0.6000000238
14521  15.836  -59.013  22.827 0.6000000238
12957  17.558  -60.223  25.184 0.6000000238
12929  15.303  -60.381  28.188 0.6000000238
12968  15.395  -60.317  23.602 0.6999999881
121308  16.068  -60.285  23.651 0.6999999881
12969  14.354  -60.500  23.615 0.6999999881
12960  14.606  -61.460  24.014 0.6999999881
12243  8.006  -61.051  21.219 0.6999999881
12223  9.598  -60.746  22.174 0.6999999881
12211  10.619  -60.553  22.996 0.8000000119
15316  16.903  -57.423  19.509 0.5000000000
11483  8.509  -61.742  19.747 0.6999999881
13810  14.974  -59.290  20.511 0.6000000238
13038  7.230  -60.115  19.132 0.8000000119
13037  11.768  -60.157  19.688 0.6999999881
13833  8.660  -58.666  19.291 0.8000000119
110592  9.345  -58.808  18.587 0.8000000119
120198  9.325  -56.463  26.608 0.5000000000
111629  10.162  -57.412  26.352 0.6000000238
16010  11.374  -56.258  25.725 0.5000000000
15237  12.015  -57.805  26.248 0.6000000238
14488  12.259  -58.572  26.665 0.6000000238
119563  12.347  -59.051  27.149 0.6000000238
115606  13.712  -58.374  26.483 0.6000000238
14468  14.082  -58.922  26.976 0.5000000000
118411  16.932  -58.832  22.930 0.5000000000
13755  17.714  -59.520  24.706 0.5000000000
15267  15.209  -58.125  22.449 0.6000000238
13746  17.647  -59.641  25.431 0.6000000238
12940  17.203  -60.464  26.666 0.6999999881
13723  14.716  -59.538  27.605 0.6000000238
15268  13.968  -58.075  22.687 0.6000000238
14523  13.867  -58.975  23.079 0.6999999881
12959  16.103  -60.795  24.105 0.6999999881
12958  17.035  -60.615  24.591 0.6999999881
12188  16.899  -61.379  25.830 0.8000000119
12928  16.190  -60.688  27.746 0.6999999881
14524  12.991  -58.409  22.950 0.6999999881
13764  12.850  -59.379  23.356 0.6999999881
14525  11.971  -58.567  23.205 0.6999999881
12971  12.302  -60.237  23.576 0.8000000119
13765  10.304  -59.248  23.251 0.8000000119
115559  11.420  -60.253  23.495 0.8000000119
14567  15.378  -58.528  20.320 0.5000000000
15295  14.009  -57.513  20.142 0.6000000238
123027  8.135  -59.652  21.745 0.8000000119
13776  9.248  -59.797  22.324 0.8000000119
13811  14.012  -59.290  20.617 0.6000000238
14558  13.538  -58.450  20.585 0.6999999881
13815  9.102  -58.738  20.542 0.8000000119
13813  12.039  -59.355  20.765 0.6999999881
114920  10.193  -59.178  20.552 0.6999999881
13831  10.818  -59.663  19.878 0.8000000119
16012  9.060  -55.833  25.909 0.4000000060
16011  9.586  -55.980  25.563 0.5000000000
15995  12.628  -56.984  26.021 0.4000000060
14487  13.031  -57.952  26.243 0.5000000000
14486  14.474  -58.305  26.445 0.5000000000
15275  15.972  -57.655  22.135 0.5000000000
14502  17.846  -58.913  24.982 0.6000000238
14483  17.482  -59.065  25.774 0.6000000238
14467  15.059  -58.953  26.916 0.6000000238
15276  14.462  -57.458  22.212 0.6000000238
106318  17.003  -59.296  26.407 0.6999999881
13722  15.766  -59.759  27.452 0.6999999881
15277  13.455  -57.292  22.312 0.6000000238
110469  11.003  -58.740  23.404 0.8000000119
118350  11.867  -58.010  21.063 0.6999999881
106240  10.274  -58.593  21.334 0.6999999881
14548  8.978  -58.957  21.528 0.8000000119
14536  10.020  -58.211  22.354 0.8000000119
14559  12.443  -58.448  20.847 0.6999999881
16750  9.532  -55.137  25.180 0.4000000060
17499  8.764  -54.407  24.875 0.4000000060
17490  8.126  -54.364  25.546 0.4000000060
16748  12.491  -55.397  25.856 0.5000000000
115134  10.559  -55.809  25.520 0.4000000060
18189  8.179  -53.862  26.201 0.5000000000
15236  13.961  -57.694  26.130 0.5000000000
16005  17.040  -56.784  25.364 0.5000000000
14485  15.461  -58.277  26.370 0.5000000000
16015  17.680  -56.417  24.864 0.5000000000
14484  16.641  -58.362  26.092 0.6999999881
15278  12.586  -57.209  22.277 0.6000000238
15270  10.519  -57.885  22.476 0.8000000119
15305  13.514  -56.615  19.769 0.6000000238
15307  12.538  -56.385  20.429 0.6000000238
16044  12.715  -55.906  20.217 0.6999999881
16026  11.972  -56.999  21.667 0.6999999881
15285  10.388  -57.880  21.888 0.6999999881
18913  9.299  -52.625  26.953 0.3000000119
17497  11.853  -54.557  25.878 0.4000000060
102505  10.683  -54.639  25.507 0.3000000119
17498  9.548  -54.047  24.854 0.4000000060
17505  8.908  -53.490  24.524 0.4000000060
18193  7.928  -53.268  25.174 0.4000000060
18192  8.007  -53.166  25.647 0.5000000000
16747  13.331  -55.256  25.897 0.4000000060
18919  8.352  -52.510  25.858 0.3000000119
15994  13.503  -56.944  26.037 0.4000000060
116328  17.779  -57.333  25.041 0.5000000000
109748  14.641  -56.354  25.773 0.4000000060
120530  18.450  -57.043  24.061 0.6000000238
106676  14.669  -55.641  25.585 0.4000000060
120265  18.553  -56.344  23.610 0.4000000060
16745  16.468  -55.950  25.262 0.5000000000
16018  11.851  -57.350  22.242 0.6999999881
15284  11.214  -57.497  21.999 0.6999999881
110354  8.756  -53.996  27.101 0.4000000060
18920  8.241  -52.754  25.186 0.4000000060
120155  9.180  -51.479  25.645 0.3000000119
17495  13.646  -54.480  25.907 0.3000000119
120786  16.325  -55.072  24.994 0.4000000060
16754  17.753  -54.989  23.991 0.4000000060
16755  17.222  -55.450  24.666 0.4000000060
18202  10.487  -53.514  25.176 0.3000000119
18211  9.598  -53.070  24.544 0.3000000119
18212  9.118  -52.753  24.598 0.4000000060
19741  9.686  -52.061  24.772 0.3000000119
19733  9.314  -51.777  25.258 0.3000000119
18200  12.239  -53.616  26.053 0.3000000119
120598  14.701  -54.977  25.451 0.3000000119
17503  16.801  -54.478  24.645 0.3000000119
16756  15.464  -55.226  25.289 0.3000000119
17509  18.197  -54.463  23.374 0.3000000119
18944  9.714  -52.368  24.629 0.3000000119
106788  10.161  -51.221  24.700 0.3000000119
18932  10.388  -52.535  24.877 0.3000000119
119105  10.304  -51.680  24.673 0.3000000119
17493  15.115  -54.398  25.507 0.3000000119
18209  17.054  -53.670  24.510 0.3000000119
18208  17.631  -53.723  23.897 0.3000000119
19723  8.961  -51.641  26.111 0.3000000119
18931  12.134  -52.704  25.852 0.3000000119
18930  12.678  -52.105  25.786 0.3000000119
18942  16.829  -52.961  25.109 0.3000000119
5105  15.747  -74.064  10.091 0.6000000238
5121  15.218  -73.397  10.024 0.6999999881
5666  14.815  -73.109  10.275 0.6999999881
6180  14.972  -72.216  10.292 0.6999999881
15235  14.817  -57.619  26.059 0.4000000060
15252  16.828  -57.480  25.614 0.6000000238
19742  9.708  -51.583  24.963 0.3000000119
3588  18.543  -76.271  18.309 0.6999999881
3997  23.474  -75.194  18.692 0.8000000119
2285  25.091  -78.488  15.814 0.6000000238
108667  22.827  -72.772  17.451 0.6000000238
5041  17.993  -73.738  15.245 0.6999999881
3604  27.585  -76.781  17.719 0.8000000119
2269  26.922  -79.430  17.246 0.6999999881
9096  16.616  -66.524  10.803 0.6999999881
5119  16.551  -74.012  9.852 0.5000000000
6734  16.662  -71.023  9.992 0.6000000238
9684  14.211  -65.379  13.616 0.6000000238
123260  18.640  -68.582  10.564 0.6999999881
117542  19.025  -74.806  13.131 0.8000000119
5102  19.074  -73.920  10.140 0.5000000000
5088  18.649  -73.378  11.168 0.6000000238
6675  17.705  -70.874  13.302 0.6000000238
13817  7.470  -59.335  20.210 0.8000000119
1585  22.251  -82.213  18.786 0.4000000060
1572  22.122  -81.305  19.608 0.4000000060
1045  24.338  -84.027  17.750 0.3000000119
1299  22.136  -83.005  18.209 0.4000000060
121936  21.904  -82.536  18.800 0.4000000060
1287  21.793  -82.204  19.411 0.4000000060
1581  26.713  -82.552  18.685 0.4000000060
1582  25.744  -82.429  18.698 0.5000000000
1569  24.890  -81.128  18.945 0.5000000000
110334  26.403  -83.345  18.349 0.3000000119
1584  23.123  -81.755  18.719 0.4000000060
1296  25.568  -83.403  18.351 0.3000000119
1297  24.398  -83.178  18.227 0.3000000119
1044  25.395  -84.104  17.963 0.3000000119
1295  27.055  -83.138  18.294 0.4000000060
1580  27.587  -82.497  18.603 0.4000000060
1567  28.092  -81.848  18.965 0.5000000000
1294  27.789  -82.694  18.229 0.3000000119
116713  26.660  -83.558  18.047 0.3000000119
1053  25.694  -84.161  17.626 0.4000000060
1052  26.625  -83.581  17.780 0.3000000119
1321  25.671  -83.675  16.784 0.4000000060
1062  25.456  -84.418  16.946 0.4000000060
102515  25.184  -83.874  16.195 0.4000000060
1293  28.560  -82.323  18.432 0.4000000060
121645  29.016  -82.246  18.402 0.4000000060
1307  28.457  -82.498  17.909 0.4000000060
1593  28.579  -82.139  17.131 0.4000000060
1886  29.610  -81.517  17.124 0.5000000000
1308  27.645  -82.799  17.678 0.4000000060
1599  28.170  -81.806  16.457 0.4000000060
1061  26.096  -83.819  17.534 0.4000000060
1320  26.239  -83.306  16.967 0.5000000000
1318  27.545  -82.526  16.986 0.4000000060
1602  25.303  -82.464  16.585 0.4000000060
109451  24.356  -82.299  15.905 0.4000000060
1891  29.834  -80.699  16.551 0.6000000238
2281  29.499  -80.046  15.639 0.6000000238
1893  28.727  -81.025  16.023 0.6000000238
112420  28.165  -81.215  16.221 0.6000000238
2282  28.679  -80.409  15.912 0.6999999881
1600  27.325  -81.871  16.544 0.5000000000
2710  28.189  -79.464  16.482 0.6999999881
2728  29.885  -79.003  15.099 0.6999999881
3184  29.671  -78.377  15.319 0.6999999881
2297  29.945  -79.360  15.268 0.6000000238
2729  29.258  -78.980  15.277 0.6999999881
104975  28.900  -77.033  16.445 0.6999999881
110965  27.629  -75.964  17.766 0.6999999881
2299  28.958  -79.614  15.429 0.6999999881
3172  28.879  -78.086  15.858 0.6999999881
3627  30.678  -76.759  15.522 0.5000000000
3618  29.636  -76.656  16.152 0.6000000238
107591  28.836  -75.975  16.851 0.6999999881
4026  28.809  -74.861  17.153 0.6999999881
116531  28.749  -78.906  15.757 0.6999999881
4015  28.116  -75.358  17.508 0.6999999881
107167  27.721  -74.516  17.693 0.6000000238
4025  29.406  -75.574  16.676 0.6000000238
4468  29.722  -74.644  16.739 0.6000000238
123223  28.235  -74.686  17.469 0.6000000238
5555  24.775  -72.687  16.944 0.5000000000
3134  18.542  -76.989  18.173 0.6000000238
107180  19.263  -77.642  18.031 0.6000000238
5004  27.514  -73.674  17.450 0.6000000238
5023  26.898  -73.063  16.990 0.5000000000
122914  25.545  -72.767  16.808 0.5000000000
101847  17.239  -75.941  18.918 0.6000000238
4001  17.897  -75.539  18.675 0.6000000238
3589  17.921  -76.348  18.561 0.6000000238
4469  29.042  -73.926  17.042 0.6000000238
5022  27.615  -73.101  16.730 0.5000000000
5005  26.577  -73.595  17.730 0.5000000000
4460  15.660  -74.568  18.018 0.6000000238
4459  16.357  -74.505  17.671 0.6000000238
4442  16.383  -74.912  18.605 0.6000000238
105071  16.509  -75.582  19.044 0.6000000238
4441  17.278  -75.191  18.687 0.6000000238
4473  17.286  -73.949  16.880 0.6000000238
117112  17.280  -74.618  18.306 0.6000000238
5610  21.888  -72.899  14.853 0.6000000238
5003  28.315  -73.420  16.989 0.6000000238
4489  15.427  -75.024  15.451 0.6000000238
4498  16.555  -74.411  14.744 0.6000000238
4488  16.761  -74.310  15.804 0.6000000238
103167  16.469  -74.498  13.633 0.5000000000
4497  17.828  -74.041  14.055 0.5000000000
4002  15.110  -75.172  19.197 0.6999999881
4461  14.945  -74.356  18.017 0.6000000238
4474  15.780  -74.846  16.386 0.6000000238
4499  15.270  -74.880  14.370 0.6000000238
4514  15.517  -74.627  13.144 0.6000000238
6117  14.089  -71.674  16.292 0.6000000238
4475  15.061  -74.950  16.781 0.6000000238
104606  14.984  -75.258  15.977 0.6000000238
112374  14.948  -74.619  13.634 0.5000000000
5042  14.680  -74.621  15.494 0.6000000238
5056  14.685  -74.282  14.514 0.6000000238
5593  14.907  -72.999  15.400 0.6000000238
5612  14.943  -71.900  15.125 0.6000000238
4476  14.823  -74.735  16.910 0.6000000238
4515  14.991  -74.375  12.628 0.6000000238
4500  14.782  -74.713  14.439 0.6000000238
118439  14.741  -74.224  13.268 0.5000000000
5611  15.046  -72.909  14.274 0.5000000000
6142  15.137  -71.668  14.114 0.5000000000
5106  15.022  -73.867  10.456 0.6000000238
5073  14.689  -73.573  12.029 0.6000000238
5628  14.993  -72.548  12.858 0.6000000238
6154  15.227  -71.305  13.214 0.6000000238
6676  15.150  -70.434  13.056 0.6999999881
7279  14.418  -69.825  13.672 0.6999999881
7298  14.412  -69.153  12.858 0.6999999881
7299  13.526  -68.969  12.688 0.6999999881
5647  14.633  -72.768  11.085 0.6000000238
111928  15.116  -71.503  11.810 0.6999999881
7297  15.142  -69.453  12.067 0.6999999881
7278  14.893  -69.751  12.867 0.6999999881
7910  14.789  -68.829  11.989 0.6999999881
7911  14.106  -68.689  12.229 0.6000000238
6735  16.464  -70.122  10.233 0.6000000238
112199  25.416  -72.671  14.830 0.5000000000
5570  24.144  -72.451  16.200 0.5000000000
5623  24.732  -72.821  13.321 0.5000000000
5589  24.549  -72.442  15.145 0.5000000000
5609  23.970  -72.462  14.304 0.6000000238
5085  25.667  -73.311  11.723 0.6000000238
5070  25.631  -73.351  12.574 0.6000000238
5624  23.588  -72.620  13.382 0.6000000238
106553  22.736  -72.519  14.337 0.6000000238
5054  22.077  -73.147  13.851 0.6000000238
111785  24.545  -72.986  11.026 0.5000000000
5641  23.399  -72.884  11.749 0.6000000238
5071  22.276  -73.474  12.849 0.6000000238
5115  23.204  -73.459  9.520 0.6000000238
5100  22.408  -74.133  10.202 0.5000000000
5086  22.541  -73.598  11.662 0.6000000238
5087  21.767  -74.429  12.287 0.6000000238
5122  23.063  -73.299  8.862 0.5000000000
4525  21.878  -74.569  11.211 0.6000000238
4071  19.634  -74.998  9.785 0.5000000000
5117  20.164  -74.012  9.157 0.5000000000
4527  20.381  -75.430  11.533 0.6000000238
4541  21.510  -74.911  10.309 0.6000000238
1601  26.132  -82.173  16.711 0.6000000238
2283  27.691  -80.423  16.548 0.6999999881
5590  23.292  -72.355  15.391 0.5000000000
5089  14.765  -74.092  12.117 0.6000000238
6698  15.316  -70.347  12.116 0.6999999881
103952  22.368  -72.551  15.281 0.6000000238
4526  21.161  -75.180  11.597 0.6000000238
4542  20.581  -75.263  10.299 0.6000000238
1298  23.015  -82.802  18.109 0.3000000119
1583  24.565  -82.137  18.612 0.4000000060
1043  26.144  -83.885  18.016 0.3000000119
1042  27.092  -83.299  17.943 0.4000000060
1060  26.675  -83.470  17.451 0.4000000060
1592  29.220  -82.123  17.774 0.4000000060
1317  28.102  -82.410  17.181 0.3000000119
1598  28.889  -81.639  16.597 0.5000000000
1892  29.198  -80.901  16.065 0.6000000238
1319  26.900  -82.873  17.061 0.5000000000
1906  29.073  -80.247  15.556 0.6000000238
3171  29.396  -77.592  15.756 0.6999999881
4490  14.943  -75.066  15.404 0.6000000238
7311  13.193  -68.691  11.530 0.6000000238
5640  24.395  -72.827  12.286 0.6000000238
5674  24.472  -72.618  9.649 0.5000000000
114804  23.369  -72.783  12.652 0.6000000238
5642  22.864  -73.047  12.480 0.6000000238
112468  24.034  -72.972  10.022 0.5000000000
5099  23.283  -73.240  10.649 0.6000000238
114828  24.135  -72.321  8.986 0.5000000000
4552  21.807  -74.519  9.475 0.5000000000
4553  21.105  -74.741  9.425 0.5000000000
118  22.727  -88.914  32.219 0.4000000060
241  23.081  -88.464  31.859 0.4000000060
229  21.493  -87.860  34.108 0.5000000000
366  20.758  -86.614  33.696 0.5000000000
529  19.019  -85.658  33.532 0.5000000000
237  21.410  -88.669  32.481 0.5000000000
110  21.599  -88.655  33.304 0.5000000000
108770  23.425  -87.548  32.068 0.4000000060
385  23.474  -86.498  31.884 0.4000000060
547  23.145  -86.094  31.134 0.5000000000
1026  23.714  -83.148  21.319 0.3000000119
1025  25.343  -84.086  21.412 0.3000000119
1030  23.034  -83.806  20.864 0.3000000119
1031  21.939  -83.165  20.466 0.3000000119
360  21.179  -86.576  34.664 0.5000000000
521  20.407  -85.873  34.365 0.5000000000
104  22.428  -88.588  34.036 0.4000000060
114  22.449  -89.126  32.737 0.4000000060
236  23.452  -88.303  32.556 0.3000000119
228  23.652  -88.276  33.355 0.3000000119
554  22.897  -85.148  30.658 0.4000000060
545  24.118  -85.778  31.853 0.3000000119
546  23.410  -85.472  31.309 0.4000000060
717  23.947  -85.027  31.405 0.3000000119
1276  25.052  -82.966  21.545 0.3000000119
805  26.409  -84.769  21.821 0.3000000119
1027  22.501  -82.836  21.062 0.3000000119
1281  21.910  -82.180  20.827 0.3000000119
1282  21.654  -82.376  20.151 0.3000000119
223  22.002  -88.199  34.641 0.3000000119
359  21.843  -87.524  35.124 0.4000000060
221  23.242  -88.381  34.142 0.3000000119
956  23.425  -83.871  30.509 0.4000000060
727  22.715  -84.282  30.289 0.4000000060
725  24.384  -84.363  30.936 0.4000000060
716  24.923  -85.304  31.390 0.3000000119
1555  26.257  -81.400  21.678 0.4000000060
1275  26.460  -82.589  21.754 0.4000000060
120125  27.066  -83.389  22.101 0.4000000060
1023  27.261  -83.501  22.664 0.4000000060
1011  27.018  -83.513  23.202 0.4000000060
1012  26.447  -83.520  23.666 0.5000000000
1556  24.359  -81.136  21.567 0.3000000119
1277  23.800  -82.057  21.495 0.3000000119
1278  22.580  -82.051  21.317 0.3000000119
1561  21.774  -81.614  20.308 0.3000000119
222  22.711  -88.165  34.811 0.3000000119
962  24.872  -83.130  30.095 0.3000000119
1193  23.689  -83.138  30.150 0.3000000119
1200  22.301  -82.934  29.409 0.4000000060
969  21.930  -83.300  28.833 0.4000000060
544  26.397  -85.818  30.914 0.3000000119
954  25.352  -83.931  30.320 0.3000000119
724  25.851  -84.874  30.569 0.3000000119
1239  22.714  -82.702  25.666 0.5000000000
1227  21.978  -82.385  26.462 0.5000000000
2216  26.627  -78.968  22.448 0.3000000119
2226  26.892  -79.792  22.381 0.3000000119
2227  25.706  -79.311  21.855 0.3000000119
1554  27.162  -81.399  22.243 0.3000000119
121580  27.001  -81.951  21.861 0.4000000060
1539  24.925  -81.609  23.733 0.5000000000
106464  24.585  -82.946  24.506 0.5000000000
1848  26.665  -80.433  21.919 0.3000000119
108236  27.327  -81.936  22.860 0.4000000060
1255  26.897  -82.515  23.348 0.4000000060
1256  26.080  -82.926  23.850 0.5000000000
1246  25.091  -82.505  24.042 0.5000000000
1557  22.780  -81.027  21.410 0.3000000119
1558  21.941  -81.303  21.045 0.3000000119
111755  21.984  -80.832  20.561 0.3000000119
1571  22.787  -80.819  19.473 0.3000000119
1570  23.694  -80.904  19.127 0.4000000060
1198  24.204  -82.507  29.747 0.3000000119
1477  22.619  -82.122  29.130 0.4000000060
117369  27.040  -85.637  30.480 0.3000000119
118576  26.581  -84.344  29.809 0.3000000119
118100  25.832  -83.456  29.853 0.3000000119
118901  21.994  -82.507  28.653 0.4000000060
723  26.869  -85.193  30.177 0.3000000119
1217  21.790  -82.207  27.324 0.4000000060
1512  21.749  -80.947  25.807 0.4000000060
1511  21.772  -81.422  26.652 0.5000000000
2621  26.657  -78.088  23.201 0.3000000119
1247  22.683  -81.945  25.022 0.5000000000
103834  21.970  -81.759  25.799 0.5000000000
2215  27.131  -79.518  23.018 0.3000000119
1540  23.867  -80.853  23.907 0.4000000060
1529  22.650  -80.983  24.571 0.5000000000
1829  27.060  -80.326  23.093 0.4000000060
1830  26.628  -80.358  23.506 0.4000000060
1528  23.845  -81.990  24.356 0.5000000000
1849  25.088  -80.253  21.665 0.3000000119
1547  27.231  -81.094  22.822 0.4000000060
1538  27.071  -81.268  23.126 0.5000000000
110685  26.268  -81.425  23.507 0.5000000000
112109  23.257  -79.538  21.266 0.3000000119
2229  22.953  -79.465  21.054 0.4000000060
2254  23.535  -79.070  20.320 0.3000000119
2237  22.862  -79.620  20.586 0.4000000060
1865  23.109  -80.027  19.800 0.4000000060
2328  23.852  -78.610  13.204 0.5000000000
733  27.843  -84.749  29.571 0.3000000119
1490  23.097  -81.395  28.740 0.3000000119
1502  22.600  -81.006  28.046 0.3000000119
1799  22.126  -80.779  27.213 0.5000000000
1808  21.932  -80.259  25.641 0.4000000060
1805  21.863  -80.543  26.341 0.3000000119
3072  26.554  -77.295  22.969 0.3000000119
106692  22.281  -80.102  24.879 0.5000000000
2204  26.837  -78.883  23.405 0.3000000119
1816  23.046  -80.036  24.252 0.4000000060
2205  26.817  -79.525  23.495 0.4000000060
2206  25.926  -79.475  23.941 0.4000000060
1831  25.275  -80.612  23.686 0.4000000060
2207  24.222  -79.867  23.855 0.4000000060
2228  24.503  -78.723  21.436 0.3000000119
2654  23.718  -78.576  20.975 0.3000000119
2253  24.590  -79.010  19.694 0.4000000060
1864  24.110  -79.962  19.454 0.4000000060
2316  23.836  -77.753  14.094 0.5000000000
1863  25.283  -80.128  19.215 0.5000000000
2327  24.619  -78.538  12.775 0.5000000000
734  27.412  -84.708  29.628 0.3000000119
108026  15.876  -76.989  19.194 0.5000000000
115954  22.496  -79.334  26.034 0.3000000119
2169  22.872  -79.323  26.481 0.3000000119
3136  16.565  -77.214  18.780 0.5000000000
3137  15.309  -77.496  18.964 0.6000000238
3528  26.463  -76.537  22.990 0.3000000119
3073  26.210  -77.383  23.332 0.3000000119
3539  26.657  -76.410  22.475 0.3000000119
2622  26.379  -78.332  23.607 0.3000000119
2193  22.699  -79.288  24.711 0.4000000060
2180  22.362  -79.459  25.470 0.4000000060
106545  19.867  -78.094  18.004 0.5000000000
103713  12.876  -75.940  19.049 0.5000000000
113268  26.520  -78.962  23.784 0.3000000119
111675  24.519  -79.024  23.992 0.3000000119
2624  23.827  -78.326  24.255 0.3000000119
2695  20.172  -78.540  17.726 0.5000000000
3094  25.206  -77.737  21.164 0.3000000119
2653  24.316  -78.175  21.005 0.3000000119
2714  22.150  -78.618  16.999 0.5000000000
2671  24.274  -78.407  20.519 0.3000000119
2301  22.591  -79.014  15.137 0.5000000000
2670  25.146  -78.276  19.968 0.4000000060
2732  23.388  -77.792  15.255 0.6000000238
2669  26.194  -78.358  19.691 0.4000000060
2252  25.753  -79.168  19.437 0.5000000000
2731  24.265  -77.000  14.671 0.5000000000
2251  27.004  -79.361  19.363 0.4000000060
1862  26.454  -80.362  19.166 0.3000000119
2745  25.111  -78.178  13.455 0.6000000238
2248  31.255  -80.671  20.176 0.3000000119
117549  29.489  -80.924  19.550 0.4000000060
1861  27.568  -80.722  19.171 0.4000000060
1568  26.036  -81.386  18.946 0.3000000119
2300  25.148  -77.929  14.398 0.6000000238
2326  25.224  -78.577  12.790 0.5000000000
1859  30.416  -81.252  19.638 0.5000000000
1565  29.542  -81.762  19.224 0.4000000060
1566  28.838  -82.029  19.035 0.4000000060
2314  25.329  -78.818  13.646 0.6000000238
2247  31.924  -80.373  20.444 0.3000000119
1858  31.020  -81.181  19.716 0.5000000000
1564  30.274  -81.677  19.183 0.4000000060
1579  29.038  -82.142  18.785 0.4000000060
1875  31.314  -80.977  19.396 0.4000000060
1876  30.739  -81.543  18.932 0.5000000000
1591  30.016  -81.827  18.352 0.4000000060
1885  30.343  -81.315  17.806 0.5000000000
3571  15.686  -75.956  19.292 0.6000000238
3592  14.193  -76.612  19.108 0.6000000238
3955  26.863  -75.657  22.560 0.3000000119
3529  25.756  -76.364  23.390 0.3000000119
3572  14.700  -75.841  19.276 0.6000000238
3573  13.810  -75.768  19.224 0.6000000238
3074  25.401  -77.609  23.798 0.3000000119
3075  24.224  -77.590  24.173 0.3000000119
4004  13.251  -74.982  19.280 0.6000000238
120565  27.839  -75.804  21.179 0.3000000119
2623  25.427  -78.480  23.957 0.3000000119
4445  12.382  -74.655  19.119 0.6000000238
2652  24.898  -77.848  20.782 0.3000000119
5013  12.377  -73.158  18.070 0.6000000238
4995  12.062  -73.836  18.681 0.6000000238
5014  11.535  -73.492  17.815 0.6000000238
122821  11.001  -73.715  17.164 0.5000000000
122925  28.794  -80.458  19.428 0.4000000060
2267  31.285  -80.333  18.320 0.4000000060
1884  30.929  -81.121  18.436 0.5000000000
112101  27.180  -75.039  22.479 0.3000000119
4386  26.499  -74.935  22.863 0.3000000119
3945  26.128  -75.662  23.142 0.3000000119
109343  25.296  -76.853  23.656 0.3000000119
3057  24.387  -76.845  24.040 0.3000000119
119566  23.676  -76.940  24.489 0.3000000119
123230  15.831  -75.233  19.071 0.5000000000
3954  27.427  -75.288  22.149 0.3000000119
3543  27.307  -75.832  21.735 0.3000000119
104573  14.627  -74.611  18.822 0.5000000000
4003  14.235  -75.073  19.262 0.6000000238
3959  27.905  -75.302  21.690 0.3000000119
114069  13.831  -74.375  18.987 0.6000000238
4994  12.937  -73.388  18.426 0.6000000238
2668  27.977  -78.808  19.455 0.3000000119
114853  27.065  -78.380  19.600 0.3000000119
5030  12.253  -72.769  17.399 0.6000000238
5596  11.851  -72.453  15.499 0.6000000238
4993  14.202  -73.975  18.393 0.6000000238
5012  14.443  -73.746  17.741 0.5000000000
5558  13.967  -72.876  17.483 0.6000000238
5559  13.080  -72.708  17.682 0.6000000238
5576  12.871  -72.187  16.888 0.6000000238
5577  12.071  -72.562  16.446 0.6000000238
6131  12.212  -71.639  15.080 0.6000000238
5595  12.603  -71.877  16.017 0.6000000238
6145  11.666  -71.736  14.317 0.5000000000
5029  14.615  -74.160  16.743 0.5000000000
5575  13.610  -72.194  16.889 0.5000000000
6130  12.981  -71.128  15.658 0.6000000238
109033  11.173  -70.671  11.794 0.5000000000
7312  12.162  -69.257  11.039 0.6000000238
6699  11.592  -69.863  11.432 0.6000000238
6721  11.035  -70.348  11.003 0.5000000000
6720  11.311  -69.732  10.803 0.6000000238
6736  10.643  -70.222  10.571 0.6000000238
5574  14.368  -72.470  16.686 0.5000000000
6645  13.408  -70.647  15.075 0.5000000000
6658  12.775  -70.551  14.439 0.5000000000
6144  12.133  -71.136  14.364 0.6000000238
7280  13.762  -69.418  13.510 0.6000000238
6679  12.209  -70.156  13.244 0.5000000000
6700  11.561  -70.678  12.909 0.5000000000
7300  12.815  -69.568  13.052 0.6000000238
7909  15.330  -68.921  11.597 0.6000000238
107428  12.500  -69.294  12.052 0.6000000238
7321  10.909  -69.542  10.494 0.5000000000
9579  12.541  -65.561  20.348 0.5000000000
6129  13.700  -71.117  15.751 0.5000000000
102928  14.148  -70.341  14.551 0.6000000238
9580  11.403  -65.171  21.300 0.5000000000
9542  10.019  -64.808  22.012 0.6000000238
10201  12.208  -64.907  20.791 0.6000000238
102392  12.843  -64.262  19.779 0.6000000238
113905  11.776  -65.891  20.838 0.5000000000
10213  13.486  -65.543  19.170 0.5000000000
9610  13.723  -66.023  18.427 0.5000000000
8509  9.667  -67.583  11.428 0.5000000000
7936  10.150  -68.997  10.470 0.5000000000
12210  11.251  -60.834  23.249 0.6000000238
12209  12.102  -61.510  23.283 0.6999999881
12220  12.314  -61.968  22.842 0.6000000238
11449  13.469  -63.368  22.909 0.6999999881
10146  12.646  -64.486  23.459 0.6000000238
10147  11.619  -64.673  23.290 0.6000000238
11450  13.188  -63.052  22.231 0.6000000238
10823  13.330  -63.827  22.382 0.6000000238
12222  10.601  -60.968  22.645 0.6000000238
121096  12.141  -62.256  21.553 0.6000000238
10832  13.061  -63.652  21.405 0.6000000238
110411  12.553  -64.439  22.530 0.5000000000
10165  10.652  -64.736  22.770 0.6000000238
105701  10.290  -61.348  21.889 0.6000000238
11465  12.697  -63.234  20.660 0.6000000238
10187  12.168  -64.580  21.611 0.5000000000
10164  11.585  -64.658  22.372 0.6000000238
103880  11.204  -62.240  20.626 0.6000000238
10843  12.791  -63.980  20.448 0.6000000238
11497  11.609  -63.202  19.403 0.6000000238
10844  12.433  -63.607  19.887 0.6000000238
10853  12.262  -63.757  19.060 0.6000000238
10226  12.446  -63.884  18.099 0.5000000000
9031  13.481  -66.462  17.024 0.5000000000
9636  12.981  -65.753  16.297 0.5000000000
9648  12.214  -66.007  15.492 0.5000000000
9056  11.452  -66.401  14.782 0.5000000000
10822  13.504  -63.862  23.178 0.6000000238
10133  12.868  -64.416  24.335 0.6999999881
11482  10.582  -62.287  20.148 0.5000000000
10854  11.017  -63.081  18.804 0.6000000238
10869  11.425  -63.396  18.058 0.6000000238
10241  12.983  -64.440  17.679 0.5000000000
10242  11.693  -63.800  17.134 0.6000000238
10263  10.648  -64.237  16.179 0.5000000000
10264  9.029  -63.732  15.567 0.6000000238
9649  10.331  -65.391  15.050 0.6000000238
17526  12.978  -54.647  20.078 0.4000000060
12200  14.835  -62.196  24.539 0.6999999881
11400  14.901  -62.783  26.588 0.5000000000
10773  13.075  -63.491  26.436 0.5000000000
16782  12.840  -55.384  20.102 0.6000000238
16767  12.411  -56.462  21.405 0.5000000000
10772  14.030  -63.278  26.309 0.6000000238
10789  12.661  -63.942  25.761 0.5000000000
16802  13.643  -54.896  18.833 0.5000000000
12970  13.648  -61.141  23.658 0.6000000238
11427  14.560  -62.978  24.800 0.8000000119
12208  13.078  -61.585  23.456 0.6999999881
10800  13.979  -63.601  24.632 0.8000000119
10123  12.298  -64.376  25.067 0.6999999881
10884  10.402  -63.212  17.241 0.6000000238
10899  9.839  -63.515  16.444 0.6000000238
11386  14.138  -62.620  27.848 0.5000000000
117327  12.927  -56.054  21.607 0.5000000000
12190  15.234  -62.432  25.215 0.6999999881
11402  12.621  -62.907  27.047 0.5000000000
17542  14.505  -54.131  18.452 0.4000000060
118311  13.319  -53.968  19.055 0.4000000060
102900  15.163  -54.681  18.466 0.4000000060
16800  14.840  -55.332  18.774 0.5000000000
16052  15.603  -55.950  19.128 0.4000000060
11385  15.047  -62.442  27.565 0.5000000000
11387  13.181  -62.612  27.826 0.5000000000
18244  13.176  -53.882  20.253 0.3000000119
16765  13.690  -55.573  21.253 0.3000000119
11418  15.536  -62.481  26.045 0.6000000238
17541  16.180  -54.444  18.300 0.4000000060
16798  17.255  -55.024  18.298 0.4000000060
111946  15.321  -56.652  19.578 0.4000000060
12177  16.288  -61.885  26.541 0.6000000238
12189  16.088  -61.944  25.515 0.6000000238
16050  17.368  -55.880  18.704 0.4000000060
12162  15.362  -61.801  28.196 0.5000000000
11373  14.624  -62.170  28.518 0.5000000000
19808  14.312  -51.500  19.017 0.3000000119
18243  13.408  -53.316  20.639 0.3000000119
16772  14.488  -55.345  21.270 0.3000000119
16022  15.242  -56.936  21.769 0.4000000060
120777  18.428  -55.582  17.472 0.3000000119
108718  17.306  -56.677  19.132 0.4000000060
15314  18.093  -56.694  18.289 0.4000000060
17518  14.501  -54.482  21.008 0.4000000060
12161  16.457  -61.364  27.302 0.6000000238
12144  14.804  -61.538  28.843 0.4000000060
115884  16.228  -56.503  21.574 0.4000000060
20615  15.654  -50.305  18.734 0.3000000119
20617  13.906  -50.415  19.604 0.3000000119
12143  15.490  -61.130  28.414 0.5000000000
15274  17.172  -57.738  22.364 0.4000000060
15273  18.069  -57.720  22.904 0.4000000060
15251  18.111  -58.068  24.552 0.5000000000
16020  18.068  -57.004  22.316 0.4000000060
113672  18.419  -57.268  23.258 0.4000000060
18973  18.041  -52.456  20.427 0.3000000119
18239  18.549  -53.733  21.243 0.3000000119
17514  18.540  -54.572  21.269 0.3000000119
16758  18.768  -54.950  22.543 0.3000000119
17508  18.485  -54.120  22.753 0.3000000119
17491  8.442  -54.987  25.688 0.4000000060
114623  18.442  -51.997  20.893 0.3000000119
3058  23.267  -77.568  24.692 0.3000000119
121831  18.559  -56.377  22.363 0.3000000119
10908  8.867  -62.874  15.713 0.6000000238
17486  8.633  -54.578  27.038 0.4000000060
16789  13.873  -55.418  18.989 0.5000000000
16762  18.754  -55.768  22.323 0.3000000119
105335  27.099  -81.611  18.953 0.3000000119
1860  28.654  -81.195  19.293 0.4000000060
6118  13.359  -71.610  16.287 0.5000000000
115  21.861  -89.213  32.664 0.5000000000
522  19.538  -85.685  34.271 0.5000000000
1024  26.413  -83.769  21.744 0.4000000060
108  22.816  -88.783  33.381 0.4000000060
726  23.354  -84.654  30.889 0.4000000060
106824  22.546  -84.797  30.019 0.4000000060
111402  25.161  -82.035  21.551 0.4000000060
804  26.946  -84.195  22.255 0.4000000060
798  26.929  -84.241  22.941 0.4000000060
353  21.519  -86.259  35.641 0.3000000119
109594  25.489  -86.314  31.741 0.3000000119
955  24.323  -83.627  30.452 0.3000000119
963  22.768  -83.409  30.028 0.4000000060
735  22.249  -83.867  29.596 0.4000000060
1850  23.566  -80.174  21.489 0.4000000060
1199  23.058  -82.614  29.715 0.4000000060
2317  22.624  -79.391  14.107 0.5000000000
1854  22.474  -80.176  20.830 0.4000000060
1196  26.612  -83.378  29.356 0.3000000119
1491  22.249  -81.744  28.419 0.4000000060
1206  21.793  -82.188  27.985 0.4000000060
1530  22.057  -81.257  25.247 0.5000000000
2633  25.713  -78.225  21.834 0.3000000119
108500  24.079  -79.367  21.510 0.3000000119
2642  23.516  -78.882  21.113 0.3000000119
2315  24.682  -77.973  13.383 0.6000000238
1798  23.100  -80.373  27.511 0.3000000119
1503  21.915  -81.526  27.639 0.4000000060
2192  23.416  -79.139  24.256 0.3000000119
2713  22.966  -77.752  16.346 0.5000000000
2610  22.976  -78.449  24.671 0.3000000119
2249  30.233  -80.382  19.859 0.4000000060
2250  28.141  -80.011  19.329 0.4000000060
113234  25.248  -75.551  23.503 0.3000000119
120010  13.691  -73.310  18.106 0.6000000238
118803  29.015  -79.738  19.505 0.3000000119
3530  24.589  -76.018  23.837 0.3000000119
3938  24.054  -75.414  24.503 0.3000000119
3542  28.575  -75.569  21.406 0.3000000119
6155  12.103  -70.619  13.759 0.5000000000
119037  11.882  -69.990  12.474 0.6000000238
120163  13.729  -62.499  23.669 0.6999999881
120184  13.668  -63.929  25.064 0.6999999881
12201  14.167  -62.159  23.942 0.6999999881
11419  14.751  -62.982  25.707 0.6000000238
18273  13.089  -53.078  20.066 0.3000000119
18987  13.263  -52.302  20.555 0.3000000119
3155  24.257  -76.416  16.448 0.5000000000
116726  23.576  -76.805  16.525 0.5000000000
3183  30.371  -78.400  15.209 0.6000000238
6143  14.640  -71.033  14.837 0.4000000060
6677  14.842  -70.683  13.979 0.5000000000
7320  11.742  -69.175  10.675 0.5000000000
7932  14.650  -67.856  10.851 0.5000000000
7933  13.600  -68.041  10.845 0.5000000000
119324  13.199  -68.373  10.979 0.5000000000
8522  11.428  -68.116  10.769 0.5000000000
8521  12.387  -68.007  10.723 0.5000000000
7931  15.907  -68.134  10.420 0.5000000000
8508  10.571  -67.386  11.299 0.4000000060
8518  15.179  -67.567  10.717 0.5000000000
8519  14.051  -67.624  10.880 0.5000000000
8507  11.693  -67.409  11.231 0.5000000000
9100  10.843  -66.683  11.764 0.5000000000
116393  14.421  -67.031  10.967 0.6000000238
9109  13.531  -67.370  11.006 0.5000000000
9099  12.041  -66.783  11.677 0.5000000000
9668  9.741  -65.547  14.222 0.5000000000
9085  14.134  -66.472  11.675 0.6000000238
9689  9.354  -65.809  13.071 0.5000000000
9067  9.314  -65.928  13.470 0.5000000000
9098  13.225  -66.815  11.450 0.6000000238
9087  11.275  -66.140  12.302 0.6000000238
9088  10.172  -66.132  12.464 0.5000000000
9097  15.357  -66.442  11.324 0.6000000238
113970  13.831  -65.947  12.666 0.6000000238
9086  12.392  -66.250  12.216 0.6000000238
9687  9.783  -65.118  13.382 0.6000000238
9685  12.998  -65.329  13.445 0.6000000238
10307  9.205  -63.993  14.146 0.5000000000
10285  8.961  -63.815  14.756 0.5000000000
9686  11.937  -65.199  13.086 0.6000000238
9707  10.472  -65.532  12.814 0.6000000238
10148  10.732  -64.679  23.646 0.5000000000
10124  11.307  -64.299  24.971 0.5000000000
10134  11.852  -64.617  24.213 0.5000000000
115422  9.076  -62.779  15.290 0.6000000238
10324  11.664  -64.465  13.547 0.6000000238
10306  9.683  -63.760  14.041 0.6000000238
10325  9.922  -64.299  13.641 0.6000000238
10304  12.812  -63.919  14.508 0.6000000238
16029  17.311  -56.476  21.530 0.3000000119
15999  9.069  -55.885  26.443 0.3000000119
2268  30.531  -80.423  17.320 0.4000000060
2280  30.124  -79.841  16.010 0.5000000000
1918  24.699  -80.047  14.773 0.5000000000
113066  30.929  -77.750  15.099 0.4000000060
2730  24.744  -76.813  14.907 0.4000000060
3174  23.969  -76.801  15.348 0.4000000060
102760  24.840  -77.259  14.193 0.4000000060
104161  25.141  -77.179  14.986 0.4000000060
4482  32.034  -74.781  15.295 0.4000000060
121785  30.835  -75.647  16.005 0.4000000060
4467  30.136  -75.710  16.337 0.4000000060
2693  22.378  -77.876  17.313 0.4000000060
4039  31.601  -76.015  15.317 0.4000000060
5020  30.393  -74.224  16.461 0.4000000060
5021  29.816  -73.624  16.591 0.5000000000
10323  13.514  -64.718  14.254 0.5000000000
10322  14.690  -64.684  14.220 0.5000000000
10303  14.076  -64.001  14.694 0.5000000000
11572  15.283  -61.915  14.277 0.5000000000
10917  12.223  -63.128  14.750 0.5000000000
12316  14.729  -61.506  14.709 0.5000000000
10790  11.726  -63.836  25.691 0.4000000060
10774  12.155  -63.372  26.380 0.4000000060
10916  13.551  -63.037  14.760 0.5000000000
10918  10.582  -63.186  14.595 0.5000000000
3628  30.107  -77.669  15.418 0.5000000000
122940  30.462  -74.939  16.409 0.4000000060
537  20.200  -86.167  32.950 0.4000000060
538  19.324  -85.705  32.765 0.4000000060
114675  18.929  -86.791  28.249 0.4000000060
120426  20.708  -86.775  33.083 0.4000000060
376  20.677  -86.797  32.503 0.4000000060
403  19.586  -86.527  28.220 0.4000000060
377  19.899  -85.934  31.957 0.4000000060
264  21.128  -87.475  27.705 0.4000000060
402  20.410  -86.745  28.313 0.4000000060
404  18.971  -86.083  28.670 0.4000000060
120  21.741  -89.164  32.014 0.5000000000
238  20.986  -87.855  32.274 0.5000000000
242  21.322  -88.517  31.574 0.4000000060
243  20.708  -86.978  31.654 0.4000000060
398  20.287  -86.283  29.033 0.4000000060
108470  22.107  -89.288  32.046 0.5000000000
119  22.429  -89.005  31.356 0.5000000000
110311  21.867  -89.205  31.351 0.5000000000
104974  20.895  -87.452  30.727 0.4000000060
387  20.162  -86.125  30.933 0.4000000060
124  22.910  -88.943  30.184 0.4000000060
125  22.269  -89.045  30.460 0.4000000060
135  23.755  -88.410  28.594 0.4000000060
137  22.762  -88.654  28.856 0.4000000060
111581  21.560  -87.588  28.234 0.4000000060
257  20.994  -87.208  28.797 0.4000000060
393  20.302  -86.287  29.987 0.4000000060
263  22.264  -88.083  27.689 0.4000000060
254  23.448  -88.535  29.484 0.5000000000
130  22.736  -89.000  29.688 0.4000000060
248  21.550  -88.573  30.593 0.4000000060
249  21.027  -87.414  29.749 0.4000000060
396  23.875  -87.795  28.913 0.5000000000
129  23.198  -88.805  29.215 0.4000000060
256  21.900  -88.345  29.455 0.4000000060
576  23.785  -86.357  27.722 0.3000000119
580  23.770  -86.176  26.647 0.3000000119
101941  24.254  -87.499  27.993 0.3000000119
577  22.722  -85.225  28.516 0.4000000060
774  23.405  -84.894  25.767 0.3000000119
765  23.331  -85.151  26.473 0.4000000060
755  23.137  -85.256  27.343 0.4000000060
984  23.186  -84.291  26.170 0.4000000060
119397  22.740  -84.439  26.972 0.4000000060
766  22.164  -83.663  27.448 0.3000000119
119853  24.217  -88.161  28.113 0.3000000119
744  22.062  -84.109  28.812 0.3000000119
111009  23.657  -84.124  25.196 0.4000000060
756  22.381  -84.368  27.888 0.3000000119
122694  22.512  -83.757  26.755 0.4000000060
985  22.621  -83.323  26.255 0.4000000060
110399  22.007  -82.999  27.041 0.4000000060
573  23.536  -86.569  28.738 0.4000000060
585  23.565  -84.540  25.020 0.4000000060
1001  24.559  -83.688  24.447 0.4000000060
1238  23.680  -82.878  24.969 0.4000000060
397  23.277  -87.500  30.025 0.4000000060
401  23.235  -86.684  29.612 0.4000000060
112892  22.350  -84.628  29.337 0.3000000119
574  22.739  -85.548  29.569 0.4000000060
1013  25.913  -84.093  23.830 0.4000000060
1000  25.538  -83.395  24.137 0.4000000060
247  22.975  -88.407  31.169 0.4000000060
386  23.272  -87.281  31.580 0.4000000060
255  23.203  -88.388  30.360 0.4000000060
392  23.144  -87.203  30.928 0.4000000060
564  22.959  -85.958  30.416 0.4000000060
113014  29.020  -73.203  16.500 0.4000000060
993  23.481  -83.636  25.452 0.4000000060
109  22.110  -89.006  33.365 0.5000000000
113  23.045  -88.801  32.815 0.4000000060
230  21.058  -87.746  33.107 0.4000000060
528  19.865  -85.817  33.604 0.4000000060
563  27.389  -85.160  30.065 0.3000000119
565  19.593  -86.016  28.807 0.4000000060
960  27.848  -84.372  29.179 0.3000000119
976  21.817  -82.885  27.960 0.4000000060
1266  27.358  -82.823  22.957 0.4000000060
1274  27.242  -82.504  22.369 0.4000000060
1286  28.389  -82.288  18.642 0.4000000060
1300  21.728  -82.902  18.871 0.4000000060
1309  27.049  -83.196  17.518 0.4000000060
1578  29.565  -82.037  18.727 0.4000000060
1817  21.988  -80.692  25.206 0.5000000000
1838  27.181  -80.445  22.599 0.4000000060
1851  22.767  -80.139  21.222 0.4000000060
1866  22.436  -80.398  20.134 0.3000000119
1922  25.456  -79.152  12.759 0.6000000238
2155  22.546  -80.077  26.789 0.3000000119
2236  23.205  -79.005  20.976 0.4000000060
2298  29.456  -79.536  15.303 0.6000000238
2641  24.282  -78.310  21.094 0.3000000119
2696  19.399  -78.320  17.838 0.5000000000
2711  25.274  -78.068  17.011 0.6000000238
3520  23.811  -76.256  24.494 0.3000000119
3590  16.517  -76.386  19.112 0.5000000000
3591  15.062  -76.735  19.231 0.6000000238
3605  26.747  -76.965  18.149 0.8000000119
3609  22.996  -76.133  17.751 0.6000000238
3995  24.891  -75.045  18.944 0.8000000119
3996  24.148  -75.069  18.972 0.8000000119
4000  18.424  -75.508  18.369 0.6999999881
4018  19.640  -76.020  17.353 0.6999999881
4064  19.880  -75.353  10.613 0.6999999881
4435  25.129  -74.257  18.677 0.6999999881
4437  23.263  -74.575  18.868 0.6999999881
4438  22.345  -74.600  18.598 0.6999999881
4443  15.448  -74.770  18.675 0.6999999881
4444  12.983  -74.077  19.027 0.6000000238
4454  28.304  -74.116  17.407 0.6000000238
4455  21.382  -74.788  17.634 0.8000000119
4458  17.745  -74.051  17.762 0.6000000238
4472  19.441  -74.726  16.041 0.6999999881
4483  31.146  -74.667  16.045 0.4000000060
4543  19.222  -75.101  10.327 0.6999999881
4554  20.213  -74.624  9.390 0.5000000000
4558  16.330  -74.189  9.951 0.5000000000
4559  21.647  -74.210  8.999 0.5000000000
4560  20.824  -74.178  9.016 0.5000000000
4988  25.809  -73.520  17.960 0.6999999881
4989  25.119  -73.567  18.224 0.6999999881
5009  22.451  -73.364  18.248 0.6000000238
5024  26.089  -73.038  17.270 0.5000000000
5028  14.838  -75.114  16.139 0.6000000238
5031  11.488  -73.178  16.859 0.5000000000
5043  14.815  -73.052  16.215 0.5000000000
5044  11.465  -73.223  15.840 0.6000000238
5098  25.395  -73.066  11.056 0.5000000000
5103  18.119  -74.188  10.128 0.6000000238
5107  14.698  -73.669  11.141 0.6000000238
5116  22.408  -73.957  9.147 0.5000000000
5118  18.921  -74.334  9.842 0.5000000000
5120  15.912  -73.698  9.923 0.5000000000
5569  25.268  -72.585  15.879 0.5000000000
5572  22.254  -72.661  16.725 0.6000000238
5573  21.736  -72.998  16.867 0.8000000119
5594  14.690  -72.058  16.029 0.6000000238
5613  11.573  -72.362  14.674 0.6000000238
5625  22.786  -72.801  13.283 0.6000000238
5627  18.873  -72.277  13.082 0.6000000238
5629  11.306  -72.383  13.809 0.5000000000
5675  23.794  -72.927  9.149 0.6000000238
5679  15.506  -72.946  9.974 0.6999999881
5685  24.732  -72.168  9.493 0.5000000000
5686  23.438  -72.629  8.768 0.5000000000
6128  14.385  -71.334  15.622 0.6000000238
6151  19.282  -71.817  13.716 0.5000000000
6153  18.017  -71.388  13.279 0.6000000238
6156  11.513  -71.414  13.524 0.5000000000
6198  24.307  -71.622  9.121 0.5000000000
6641  19.554  -70.246  15.688 0.5000000000
6642  18.656  -70.364  15.689 0.5000000000
6644  14.070  -70.759  15.254 0.5000000000
6656  17.485  -70.446  14.166 0.6000000238
6657  13.456  -70.243  14.430 0.6000000238
6678  13.004  -70.017  13.837 0.6000000238
6719  15.750  -70.187  11.227 0.6999999881
6722  10.523  -71.077  10.958 0.5000000000
7200  17.541  -69.372  16.501 0.5000000000
7224  17.814  -70.019  15.836 0.5000000000
7226  16.703  -69.023  15.455 0.5000000000
7253  17.099  -69.721  14.416 0.5000000000
7254  16.729  -69.111  14.691 0.5000000000
7255  13.854  -69.824  14.120 0.6000000238
7296  17.277  -69.150  13.010 0.5000000000
7310  15.775  -69.337  11.093 0.6999999881
7329  17.897  -68.402  9.396 0.6000000238
7848  16.890  -68.037  16.805 0.5000000000
7858  17.099  -68.655  16.726 0.5000000000
7859  16.651  -68.326  16.065 0.5000000000
7920  18.546  -68.693  9.860 0.6000000238
7921  15.702  -68.734  10.924 0.6000000238
7922  15.178  -68.431  11.261 0.6000000238
7923  12.490  -68.738  10.895 0.5000000000
7929  18.133  -68.833  9.490 0.6000000238
7934  12.064  -68.609  10.656 0.5000000000
7935  11.215  -68.857  10.481 0.5000000000
7943  18.508  -68.123  9.507 0.6000000238
8460  16.650  -67.586  15.562 0.5000000000
8484  17.060  -67.786  13.829 0.5000000000
8497  19.019  -66.870  10.856 0.5000000000
8505  19.020  -67.787  10.069 0.6999999881
8506  12.730  -67.409  11.082 0.5000000000
8515  18.849  -67.612  9.708 0.6999999881
8520  13.204  -67.857  10.754 0.5000000000
8523  10.335  -68.164  10.850 0.5000000000
8983  12.207  -66.463  20.275 0.5000000000
9075  18.394  -66.376  12.850 0.5000000000
9094  18.928  -66.172  10.924 0.6000000238
9106  18.713  -66.701  10.202 0.6999999881
9563  10.412  -65.267  21.580 0.6000000238
9595  12.981  -66.084  19.841 0.5000000000
9625  13.441  -65.444  17.405 0.5000000000
9637  11.511  -65.094  15.842 0.5000000000
9650  9.230  -64.579  14.474 0.5000000000
9669  9.462  -64.917  13.838 0.5000000000
9688  9.457  -65.620  13.313 0.5000000000
9705  12.695  -65.815  12.766 0.6000000238
9706  11.591  -65.601  12.713 0.6000000238
9708  9.576  -65.690  13.025 0.5000000000
9717  18.791  -65.832  11.277 0.5000000000
9718  18.441  -65.983  10.856 0.6999999881
9719  17.366  -65.923  11.086 0.6999999881
9720  16.354  -65.969  11.453 0.6999999881
10122  13.141  -64.227  25.093 0.6999999881
10132  13.534  -64.091  24.440 0.6999999881
10135  10.915  -64.538  24.291 0.5000000000
10145  13.359  -64.170  23.653 0.6999999881
10162  13.233  -64.158  22.796 0.6000000238
10163  13.100  -64.116  21.918 0.6000000238
10186  12.724  -64.200  20.955 0.6000000238
10188  11.013  -64.814  21.876 0.6000000238
10200  12.724  -64.684  20.230 0.6000000238
10214  13.074  -65.019  19.754 0.5000000000
10225  13.164  -64.443  18.806 0.5000000000
10240  13.503  -65.107  18.297 0.5000000000
10262  12.461  -64.702  16.731 0.5000000000
10284  9.616  -64.486  15.244 0.6000000238
10302  15.137  -63.543  14.228 0.5000000000
10305  10.895  -63.735  14.014 0.6000000238
10321  15.682  -64.304  13.716 0.5000000000
10336  16.218  -64.884  12.903 0.5000000000
10787  14.095  -63.497  25.398 0.8000000119
10788  13.454  -63.818  25.713 0.6000000238
10809  13.740  -63.751  23.914 0.8000000119
10870  10.305  -62.954  17.994 0.6999999881
10885  9.479  -62.817  17.235 0.6000000238
10900  8.813  -63.205  15.961 0.6000000238
10907  8.880  -63.282  15.250 0.6000000238
10914  15.542  -62.297  13.832 0.5000000000
10915  14.712  -62.489  14.345 0.5000000000
10919  9.169  -63.447  14.651 0.6000000238
11374  13.800  -62.385  28.756 0.5000000000
11375  12.825  -62.426  28.739 0.5000000000
11384  15.857  -61.947  27.448 0.5000000000
11399  15.584  -62.378  26.851 0.5000000000
11401  13.567  -62.996  27.103 0.5000000000
11428  14.079  -63.100  24.120 0.8000000119
11437  13.725  -63.250  23.531 0.6999999881
11438  13.253  -62.443  23.158 0.6999999881
11451  11.422  -61.689  22.339 0.6000000238
11466  12.177  -62.514  20.863 0.6000000238
11467  11.237  -61.919  21.351 0.6000000238
11481  11.742  -62.814  20.109 0.6000000238
11499  9.389  -62.055  19.197 0.6999999881
11516  9.318  -62.124  18.522 0.6999999881
11531  9.457  -62.475  17.818 0.6999999881
11532  9.096  -62.077  17.065 0.6999999881
11548  9.148  -62.282  16.283 0.6999999881
11558  12.993  -61.280  14.956 0.6000000238
11561  9.338  -62.246  15.796 0.6000000238
11573  14.298  -61.764  14.534 0.5000000000
11574  13.236  -61.887  14.702 0.6000000238
12145  14.151  -61.922  29.237 0.4000000060
12160  16.818  -60.712  27.154 0.6000000238
12176  16.970  -61.124  26.614 0.8000000119
12198  16.582  -61.314  24.944 0.6999999881
12199  15.542  -61.648  24.591 0.6999999881
12221  11.392  -61.256  23.015 0.6000000238
12241  10.091  -61.750  20.877 0.5000000000
12242  9.134  -61.112  21.487 0.6999999881
12258  8.739  -61.507  20.626 0.6999999881
12259  7.977  -61.443  20.334 0.6999999881
12269  15.073  -61.511  19.386 0.5000000000
12271  7.500  -60.974  18.358 0.8000000119
12287  14.472  -61.831  18.456 0.5000000000
12288  13.570  -61.260  17.820 0.5000000000
12300  8.963  -61.247  17.335 0.6999999881
12304  14.043  -60.862  15.713 0.6999999881
12305  13.602  -60.564  15.644 0.6999999881
12307  9.372  -61.305  16.671 0.6999999881
12319  12.734  -60.800  15.412 0.6999999881
12320  11.555  -61.102  15.726 0.8000000119
12321  10.338  -61.470  15.973 0.8000000119
12939  17.445  -59.878  26.228 0.6000000238
12949  17.416  -60.616  25.969 0.6999999881
12972  10.725  -60.129  23.302 0.8000000119
12973  9.960  -60.026  22.896 0.8000000119
12980  10.022  -60.512  22.624 0.8000000119
12981  9.329  -60.327  22.256 0.6999999881
12982  8.558  -60.074  21.959 0.8000000119
13002  8.651  -60.588  21.809 0.6999999881
13003  8.017  -60.265  21.654 0.8000000119
13018  7.464  -60.724  20.226 0.8000000119
13034  14.730  -60.820  20.018 0.6000000238
13036  12.672  -60.472  19.717 0.8000000119
13052  8.734  -59.451  17.679 0.6999999881
13053  7.783  -59.627  18.226 0.8000000119
13062  12.221  -60.194  17.423 0.6999999881
13065  8.768  -60.408  17.354 0.6999999881
13070  13.216  -60.249  16.162 0.6999999881
13073  10.107  -60.286  16.779 0.6999999881
13087  13.183  -60.364  15.725 0.6999999881
13088  12.432  -60.392  15.965 0.6999999881
13733  16.815  -59.925  27.079 0.6999999881
13734  16.145  -59.052  26.749 0.6999999881
13756  17.452  -60.016  24.443 0.5000000000
13761  17.592  -59.491  24.000 0.5000000000
13762  15.956  -59.799  23.336 0.6999999881
13763  13.818  -59.737  23.376 0.6999999881
13766  9.701  -59.403  22.780 0.8000000119
13767  9.297  -59.256  22.247 0.8000000119
13777  8.645  -59.517  21.877 0.8000000119
13797  7.827  -59.459  21.231 0.8000000119
13812  13.016  -59.318  20.693 0.6999999881
13814  11.088  -59.344  20.790 0.6999999881
13816  8.087  -58.647  20.154 0.8000000119
13829  13.404  -59.990  20.443 0.6000000238
13830  12.442  -59.922  20.414 0.6999999881
13832  9.682  -58.940  19.580 0.8000000119
13834  7.769  -58.915  19.095 0.8000000119
13841  10.218  -59.186  18.569 0.8000000119
13842  8.609  -58.840  18.326 0.8000000119
13849  10.602  -59.469  17.838 0.6999999881
13850  9.683  -59.136  17.877 0.8000000119
14469  13.111  -58.915  26.887 0.6000000238
14470  11.766  -58.891  27.018 0.5000000000
14489  11.361  -58.381  26.657 0.5000000000
14491  9.638  -57.990  27.182 0.5000000000
14503  17.553  -58.197  25.377 0.6000000238
14512  17.961  -58.809  24.249 0.6000000238
14519  17.689  -58.840  23.523 0.5000000000
14520  16.861  -59.394  23.328 0.5000000000
14526  10.391  -58.327  22.963 0.8000000119
14527  9.802  -58.775  22.717 0.8000000119
14534  17.585  -58.310  22.942 0.5000000000
14535  16.452  -58.311  22.529 0.5000000000
14537  9.428  -58.781  22.073 0.8000000119
14538  8.895  -59.194  21.753 0.8000000119
14547  9.675  -58.490  21.748 0.8000000119
14549  8.268  -59.109  21.449 0.8000000119
14557  14.526  -58.438  20.443 0.6999999881
14560  11.422  -58.719  21.150 0.6999999881
14561  9.524  -58.625  21.497 0.8000000119
14562  8.643  -58.807  21.101 0.8000000119
14563  7.926  -58.843  20.858 0.8000000119
14576  17.252  -58.287  19.309 0.5000000000
15221  9.405  -57.580  27.362 0.5000000000
15234  15.812  -57.552  25.953 0.5000000000
15238  11.001  -57.624  26.288 0.6000000238
15253  16.087  -56.803  25.628 0.5000000000
15266  18.216  -58.010  23.677 0.4000000060
15269  12.223  -57.804  22.714 0.6999999881
15279  11.136  -57.573  22.182 0.8000000119
15280  10.399  -57.827  22.066 0.8000000119
15296  13.088  -57.458  20.365 0.6000000238
15297  12.340  -57.198  20.650 0.6999999881
15298  11.428  -57.504  21.699 0.6999999881
15304  14.338  -56.698  19.639 0.6000000238
15306  13.010  -56.609  19.831 0.6000000238
15315  17.707  -57.535  18.854 0.5000000000
15992  15.122  -56.914  25.821 0.4000000060
15993  14.310  -56.922  25.965 0.5000000000
15996  11.698  -56.934  26.000 0.5000000000
15997  10.565  -56.715  25.916 0.5000000000
15998  9.676  -56.664  26.192 0.5000000000
16000  9.004  -55.633  26.555 0.3000000119
16006  15.358  -56.167  25.538 0.4000000060
16007  13.941  -56.041  25.937 0.4000000060
16008  13.052  -56.142  25.936 0.4000000060
16009  12.185  -56.210  25.812 0.5000000000
16013  8.863  -55.548  25.921 0.4000000060
16017  18.651  -56.512  23.043 0.6000000238
16021  16.702  -57.135  21.828 0.4000000060
16023  13.917  -56.799  21.861 0.6000000238
16024  12.964  -56.701  21.961 0.5000000000
16025  12.327  -56.776  21.791 0.5000000000
16028  18.309  -56.173  21.766 0.3000000119
16030  11.821  -57.011  21.214 0.6999999881
16037  12.406  -56.389  20.691 0.6999999881
16041  16.356  -56.660  19.440 0.4000000060
16042  13.848  -56.068  19.372 0.6000000238
16043  13.254  -55.818  19.542 0.5000000000
16051  16.598  -56.066  19.069 0.4000000060
16742  8.798  -55.414  25.953 0.4000000060
16743  8.692  -55.242  26.160 0.4000000060
16746  14.119  -55.115  25.686 0.3000000119
16749  11.573  -55.531  25.703 0.4000000060
16751  8.821  -55.263  25.316 0.4000000060
16752  8.693  -55.251  25.638 0.4000000060
16759  18.658  -55.663  23.246 0.4000000060
16761  18.789  -55.021  21.920 0.3000000119
16763  15.358  -55.967  21.517 0.4000000060
16764  14.325  -56.129  21.546 0.3000000119
16766  12.773  -55.816  21.041 0.5000000000
16771  16.414  -55.887  21.272 0.3000000119
16773  12.870  -55.579  20.543 0.4000000060
16774  12.406  -56.280  21.149 0.5000000000
16783  12.382  -55.882  20.839 0.6000000238
16788  14.589  -55.976  19.219 0.6000000238
16790  13.256  -55.129  19.243 0.5000000000
16791  12.932  -55.465  19.752 0.6999999881
16799  16.107  -55.311  18.666 0.4000000060
16801  14.249  -54.862  18.601 0.4000000060
16810  18.108  -55.690  18.092 0.3000000119
17496  12.785  -54.523  26.011 0.3000000119
17500  8.323  -54.601  25.183 0.4000000060
17502  17.442  -54.231  24.090 0.3000000119
17504  15.951  -54.400  25.263 0.3000000119
17506  8.358  -53.738  24.752 0.4000000060
17511  18.735  -54.218  21.989 0.3000000119
17512  13.198  -54.937  20.461 0.3000000119
17517  15.417  -55.217  21.160 0.4000000060
17519  13.822  -54.766  20.937 0.3000000119
17525  18.223  -54.035  20.602 0.3000000119
17532  13.243  -54.506  19.139 0.4000000060
17533  12.955  -54.665  19.708 0.4000000060
17540  17.111  -54.184  17.858 0.4000000060
17543  13.766  -54.359  18.726 0.4000000060
18188  8.654  -53.305  26.535 0.4000000060
18197  15.569  -53.664  25.573 0.3000000119
18201  11.312  -52.989  25.553 0.3000000119
18203  8.181  -53.187  24.846 0.4000000060
18210  16.363  -53.670  25.160 0.3000000119
18213  8.573  -53.127  24.615 0.4000000060
18256  18.249  -53.297  20.626 0.3000000119
18259  13.196  -53.077  20.367 0.3000000119
18945  8.587  -52.830  24.766 0.4000000060
18972  18.550  -52.756  21.229 0.3000000119
18977  13.420  -52.486  20.819 0.3000000119
19001  13.302  -52.202  20.195 0.3000000119
19016  13.574  -52.696  19.475 0.3000000119
19716  9.512  -51.735  27.166 0.3000000119
19724  8.817  -52.151  25.471 0.3000000119
19734  9.047  -52.324  24.936 0.3000000119
19779  13.364  -51.367  20.578 0.3000000119
19792  13.635  -51.484  19.764 0.3000000119
20614  16.736  -50.032  18.521 0.3000000119
20616  15.189  -50.915  18.781 0.3000000119
101841  15.364  -53.879  18.314 0.4000000060
102805  9.592  -61.932  19.979 0.5000000000
102822  23.540  -85.648  25.999 0.4000000060
102930  22.188  -79.794  26.133 0.3000000119
103683  15.896  -59.258  20.212 0.6000000238
103741  17.209  -60.877  25.312 0.6999999881
104653  7.684  -61.318  19.410 0.8000000119
104661  16.261  -58.182  19.973 0.5000000000
104729  18.874  -74.486  13.755 0.6999999881
105063  20.951  -74.830  13.907 0.6999999881
105448  16.613  -62.151  13.795 0.5000000000
106117  13.463  -54.272  20.606 0.3000000119
106189  15.122  -57.545  20.086 0.4000000060
106424  17.181  -76.707  18.709 0.5000000000
106893  18.234  -56.013  24.112 0.4000000060
107304  15.412  -71.140  11.021 0.6999999881
107949  9.523  -59.741  17.261 0.6999999881
108471  11.904  -57.067  21.042 0.6000000238
108502  9.120  -56.162  27.061 0.3000000119
108672  18.229  -75.904  18.540 0.6000000238
109171  13.035  -57.719  22.611 0.6000000238
109186  20.442  -75.180  13.431 0.8000000119
109572  12.850  -62.871  21.356 0.6000000238
109929  21.979  -83.622  28.227 0.3000000119
109946  11.367  -52.044  25.264 0.3000000119
110005  13.606  -66.455  17.813 0.5000000000
110016  12.795  -60.134  16.567 0.6000000238
110441  13.387  -56.215  21.530 0.3000000119
110557  11.651  -59.772  20.389 0.6999999881
110583  10.752  -64.931  13.154 0.6000000238
110618  14.834  -59.584  23.207 0.6999999881
110647  11.725  -59.458  23.507 0.8000000119
110728  12.797  -68.299  10.814 0.5000000000
110836  7.996  -53.790  25.084 0.4000000060
111143  18.803  -67.235  9.798 0.6999999881
111323  14.354  -62.872  27.093 0.5000000000
111536  11.181  -57.911  22.870 0.8000000119
112311  15.004  -74.193  11.453 0.6999999881
112763  14.186  -68.323  11.333 0.5000000000
113097  11.304  -53.834  25.804 0.3000000119
113289  17.574  -66.505  15.852 0.5000000000
113557  7.591  -60.201  20.989 0.8000000119
114258  20.797  -85.825  35.082 0.5000000000
114485  11.075  -57.903  21.558 0.6999999881
114677  17.691  -67.290  13.315 0.5000000000
114927  7.957  -53.736  25.523 0.5000000000
115863  21.877  -88.570  33.917 0.4000000060
116649  26.483  -74.793  18.407 0.8000000119
116769  24.649  -76.678  16.077 0.6000000238
117126  25.354  -78.635  13.035 0.5000000000
117155  15.178  -60.956  23.947 0.6999999881
117540  18.172  -69.425  17.220 0.5000000000
117600  16.018  -57.259  19.793 0.5000000000
117914  13.270  -66.286  12.172 0.6000000238
118103  17.818  -65.458  11.517 0.5000000000
118152  12.521  -62.349  22.072 0.6000000238
118338  10.096  -61.069  16.349 0.8000000119
118471  12.829  -55.957  19.925 0.6999999881
118786  12.685  -70.939  14.981 0.6000000238
119361  9.261  -63.093  16.656 0.6000000238
119729  15.624  -74.488  11.916 0.6999999881
119757  13.322  -55.230  20.861 0.3000000119
119980  22.220  -80.667  21.081 0.4000000060
120007  14.771  -65.735  12.886 0.6999999881
120083  14.649  -50.217  19.193 0.3000000119
120574  15.183  -57.541  22.116 0.6000000238
120650  12.983  -64.277  19.437 0.6000000238
120718  17.589  -60.110  25.720 0.6000000238
120962  14.637  -50.943  19.003 0.3000000119
120999  17.370  -74.407  13.239 0.5000000000
121240  10.975  -59.563  23.496 0.8000000119
121293  13.078  -55.823  21.223 0.5000000000
121362  8.067  -60.347  17.714 0.6999999881
121454  12.647  -75.235  19.197 0.6000000238
121484  9.211  -62.528  17.096 0.6999999881
121884  12.795  -60.841  23.574 0.6999999881
122131  10.990  -60.868  23.005 0.6000000238
122398  13.538  -73.777  18.613 0.6000000238
122593  15.921  -61.412  27.876 0.6000000238
122604  18.050  -69.187  17.902 0.5000000000
122812  19.110  -85.723  29.183 0.4000000060
123022  25.832  -82.208  23.669 0.5000000000
123145  11.278  -64.678  23.887 0.5000000000
