#!ascii label  , from subject sub-v2s18x29521_ses-1 vox2ras=TkReg
215
105053  25.791  -3.593  5.583 0.0000000000
55343  26.011  -11.160  7.731 0.0000000000
104739  24.219  0.808  5.328 0.0000000000
109773  23.169  8.480  3.657 0.0000000000
54498  25.432  -12.642  8.585 0.0000000000
67189  26.821  2.472  5.332 0.0000000000
68738  26.769  4.434  4.651 0.0000000000
60476  24.268  -5.395  5.456 0.0000000000
116140  26.703  -7.865  6.355 0.0000000000
59632  28.135  -6.016  6.292 0.0000000000
63064  28.453  -2.654  5.444 0.0000000000
61368  29.626  -4.429  5.699 0.0000000000
63890  24.956  -2.017  5.472 0.0000000000
65525  27.162  0.356  5.378 0.0000000000
70400  22.797  6.308  4.266 0.0000000000
70397  26.144  6.374  4.090 0.0000000000
56970  28.217  -9.151  8.594 0.0000000000
115511  24.776  3.502  4.820 0.0000000000
68739  24.878  4.289  4.721 0.0000000000
107016  25.146  -5.105  5.604 0.0000000000
60475  25.804  -5.898  5.992 0.0000000000
113709  26.974  -5.062  6.170 0.0000000000
55324  25.641  -11.873  8.155 0.0000000000
64723  24.466  -0.637  5.332 0.0000000000
64721  26.145  -0.642  5.616 0.0000000000
65526  26.318  0.183  5.537 0.0000000000
67202  28.078  2.521  3.871 0.0000000000
66363  28.278  1.663  3.957 0.0000000000
72035  21.372  8.309  3.671 0.0000000000
70401  21.851  6.436  4.061 0.0000000000
71265  23.595  7.867  3.856 0.0000000000
72066  25.273  8.503  0.810 0.0000000000
71294  26.287  7.374  0.877 0.0000000000
71262  26.056  7.603  3.272 0.0000000000
70430  26.663  6.683  1.423 0.0000000000
70412  27.088  6.038  2.853 0.0000000000
58730  28.526  -7.705  6.860 0.0000000000
57860  27.717  -8.645  6.935 0.0000000000
53605  23.971  -13.722  8.244 0.0000000000
66351  26.136  1.758  5.559 0.0000000000
67190  25.687  2.592  5.353 0.0000000000
112602  26.382  3.311  5.163 0.0000000000
68005  27.771  3.513  3.889 0.0000000000
118452  24.613  -7.563  6.278 0.0000000000
59634  25.600  -6.658  6.163 0.0000000000
59633  26.486  -6.982  6.315 0.0000000000
59608  28.718  -6.993  6.677 0.0000000000
63065  27.279  -2.620  5.722 0.0000000000
61370  27.904  -4.534  6.095 0.0000000000
62245  28.916  -3.749  5.471 0.0000000000
114628  24.286  -4.001  5.023 0.0000000000
63079  23.700  -2.772  4.655 0.0000000000
63067  25.334  -2.811  5.485 0.0000000000
107870  26.678  -1.980  5.638 0.0000000000
63887  27.972  -0.930  5.354 0.0000000000
64731  28.464  -0.613  4.725 0.0000000000
65539  26.697  0.960  5.492 0.0000000000
65537  28.412  0.055  4.416 0.0000000000
108351  23.360  5.569  4.330 0.0000000000
114130  24.696  8.747  3.240 0.0000000000
71264  24.633  8.032  3.648 0.0000000000
116036  24.632  6.608  4.225 0.0000000000
70399  24.309  5.751  4.403 0.0000000000
69536  26.685  5.577  4.152 0.0000000000
68758  27.680  4.528  2.568 0.0000000000
56193  25.869  -9.983  6.672 0.0000000000
57875  26.056  -8.151  6.439 0.0000000000
60472  28.454  -5.236  6.196 0.0000000000
60454  29.594  -5.816  7.010 0.0000000000
67994  24.036  3.858  4.661 0.0000000000
107454  23.971  4.801  4.482 0.0000000000
61372  25.745  -4.451  5.656 0.0000000000
109847  26.152  -5.116  5.913 0.0000000000
61371  26.681  -4.199  5.974 0.0000000000
52573  23.798  -14.807  9.214 0.0000000000
52589  24.038  -14.251  8.818 0.0000000000
55323  26.365  -11.480  8.529 0.0000000000
65542  23.735  -0.183  5.074 0.0000000000
65527  25.369  -0.179  5.531 0.0000000000
65541  24.625  0.136  5.421 0.0000000000
68004  28.219  2.688  2.848 0.0000000000
105206  22.291  8.935  3.565 0.0000000000
71266  22.486  7.830  3.921 0.0000000000
71282  26.232  7.484  2.045 0.0000000000
69567  26.856  5.805  0.821 0.0000000000
58718  28.787  -7.850  7.721 0.0000000000
57859  28.309  -8.329  7.220 0.0000000000
55345  24.546  -11.680  7.051 0.0000000000
66352  24.776  1.827  5.310 0.0000000000
108342  23.613  2.347  4.716 0.0000000000
67993  25.619  3.824  4.944 0.0000000000
122839  25.395  3.213  5.081 0.0000000000
67992  26.392  4.010  4.944 0.0000000000
67991  27.131  3.803  4.768 0.0000000000
68737  27.342  4.231  4.281 0.0000000000
72787  22.665  9.770  3.071 0.0000000000
59635  24.524  -6.429  5.808 0.0000000000
108562  25.033  -5.941  5.795 0.0000000000
60474  26.700  -5.826  6.131 0.0000000000
102363  26.384  -6.452  6.204 0.0000000000
117847  27.356  -6.611  6.256 0.0000000000
58745  27.962  -7.414  6.349 0.0000000000
59619  28.359  -6.585  6.397 0.0000000000
53604  24.724  -13.177  8.386 0.0000000000
53587  24.572  -13.843  8.929 0.0000000000
62246  27.665  -3.484  5.901 0.0000000000
61384  23.773  -4.069  4.739 0.0000000000
63902  23.563  -1.857  4.621 0.0000000000
113121  24.097  -2.210  5.055 0.0000000000
63068  24.411  -2.819  5.167 0.0000000000
110629  25.837  -2.205  5.624 0.0000000000
63889  25.944  -1.495  5.657 0.0000000000
64720  27.083  -0.330  5.441 0.0000000000
63888  26.949  -1.152  5.569 0.0000000000
64732  27.876  -0.035  5.136 0.0000000000
66350  27.247  1.672  5.309 0.0000000000
65553  28.366  0.868  4.158 0.0000000000
65552  28.858  -0.090  3.415 0.0000000000
69540  21.259  5.817  4.007 0.0000000000
69539  22.314  5.486  4.274 0.0000000000
72055  25.566  8.836  1.770 0.0000000000
72048  25.572  8.666  2.627 0.0000000000
72041  25.281  8.480  3.206 0.0000000000
70414  25.951  7.118  3.692 0.0000000000
70398  25.471  6.907  3.995 0.0000000000
106499  25.288  6.090  4.395 0.0000000000
69537  25.971  5.522  4.536 0.0000000000
69558  27.333  5.291  2.290 0.0000000000
69547  27.296  5.324  3.419 0.0000000000
68769  27.495  4.567  1.649 0.0000000000
56194  25.086  -10.357  6.588 0.0000000000
58747  26.041  -7.451  6.374 0.0000000000
58748  25.267  -7.814  6.428 0.0000000000
56981  27.983  -8.914  7.678 0.0000000000
57001  27.038  -8.856  6.698 0.0000000000
56982  27.360  -9.293  7.322 0.0000000000
56170  27.033  -10.035  7.710 0.0000000000
61369  29.028  -4.471  5.745 0.0000000000
60471  29.195  -5.026  6.061 0.0000000000
116980  24.095  3.151  4.753 0.0000000000
108922  25.896  4.629  4.799 0.0000000000
60473  27.589  -5.599  6.220 0.0000000000
54515  24.827  -12.373  7.721 0.0000000000
54497  26.132  -12.220  8.870 0.0000000000
54476  27.248  -12.289  10.054 0.0000000000
116869  28.415  -1.765  5.234 0.0000000000
64733  23.843  -1.065  4.897 0.0000000000
63891  24.296  -1.484  5.199 0.0000000000
64722  25.170  -1.060  5.532 0.0000000000
67188  27.793  2.220  4.772 0.0000000000
67201  28.480  1.721  2.969 0.0000000000
111620  22.366  6.977  4.116 0.0000000000
71254  23.174  7.102  4.216 0.0000000000
71283  25.877  8.103  1.342 0.0000000000
72054  25.922  8.305  2.172 0.0000000000
72047  26.068  8.031  2.804 0.0000000000
71273  26.357  7.416  2.924 0.0000000000
70421  26.665  6.714  2.560 0.0000000000
69548  26.773  6.134  3.565 0.0000000000
70429  26.972  5.949  1.882 0.0000000000
58746  27.319  -7.906  6.375 0.0000000000
57874  27.383  -8.334  6.540 0.0000000000
57873  27.927  -8.091  6.596 0.0000000000
52590  23.435  -14.369  8.588 0.0000000000
53619  23.572  -13.182  7.657 0.0000000000
55344  25.255  -11.487  7.411 0.0000000000
109206  23.316  0.687  4.794 0.0000000000
110745  23.761  1.449  4.981 0.0000000000
108343  24.704  2.781  4.992 0.0000000000
106745  27.482  3.036  4.768 0.0000000000
68014  27.963  3.633  2.732 0.0000000000
72043  21.122  9.266  3.386 0.0000000000
72779  23.396  9.189  3.316 0.0000000000
58761  25.030  -7.167  6.241 0.0000000000
59620  27.011  -7.430  6.339 0.0000000000
58729  29.058  -7.214  7.393 0.0000000000
104068  26.728  -3.297  5.805 0.0000000000
62244  29.816  -3.862  5.150 0.0000000000
116354  29.730  -3.067  4.755 0.0000000000
61367  30.164  -4.199  5.642 0.0000000000
61373  24.258  -4.562  5.215 0.0000000000
105654  24.962  -4.228  5.361 0.0000000000
62258  23.993  -3.497  4.810 0.0000000000
62247  24.758  -3.504  5.272 0.0000000000
63066  26.283  -2.742  5.664 0.0000000000
105466  27.693  -1.784  5.562 0.0000000000
63901  28.832  -1.357  4.578 0.0000000000
65540  25.444  0.810  5.547 0.0000000000
66349  28.011  1.525  4.754 0.0000000000
65538  27.823  0.852  5.095 0.0000000000
121005  23.059  4.895  4.336 0.0000000000
72778  24.257  9.220  3.045 0.0000000000
72042  23.996  8.618  3.468 0.0000000000
71253  24.113  7.223  4.085 0.0000000000
71263  25.512  7.707  3.545 0.0000000000
122478  24.899  7.310  3.903 0.0000000000
115288  23.720  6.395  4.295 0.0000000000
69538  25.047  5.190  4.622 0.0000000000
107356  26.502  5.021  4.531 0.0000000000
69535  27.115  4.871  4.207 0.0000000000
68747  27.589  4.390  3.601 0.0000000000
56172  25.570  -10.736  7.080 0.0000000000
56171  26.322  -10.408  7.334 0.0000000000
57876  25.296  -8.561  6.450 0.0000000000
104049  26.808  -8.308  6.427 0.0000000000
57002  26.157  -8.998  6.532 0.0000000000
60464  28.775  -5.762  6.351 0.0000000000
60463  29.409  -5.448  6.470 0.0000000000
59618  29.030  -6.212  6.620 0.0000000000
59607  29.310  -6.529  7.180 0.0000000000
52574  23.051  -15.014  8.936 0.0000000000
54478  25.897  -12.794  9.212 0.0000000000
70413  26.408  6.864  3.412 0.0000000000
115828  25.777  8.168  3.133 0.0000000000
121951  26.792  6.466  3.141 0.0000000000
